0 0.8143229166666667 0.4087740384615385 0.0578125 0.009375
0 0.5484375 0.2467548076923077 0.051041666666666666 0.014663461538461538
0 0.27421875 0.5634615384615385 0.03697916666666667 0.020673076923076922
0 0.20885416666666667 0.38052884615384613 0.0375 0.01826923076923077
0 0.7830729166666667 0.39110576923076923 0.044270833333333336 0.007692307692307693
0 0.5059895833333333 0.2590144230769231 0.0421875 0.026201923076923078
0 0.21223958333333334 0.42908653846153844 0.049479166666666664 0.010096153846153847
0 0.8033854166666666 0.5632211538461539 0.0390625 0.016346153846153847
0 0.5471354166666667 0.5864182692307692 0.04739583333333333 0.011298076923076923
0 0.4505208333333333 0.22295673076923078 0.03854166666666667 0.011778846153846154
0 0.08229166666666667 0.6110576923076924 0.04375 0.022596153846153846
0 0.38958333333333334 0.22007211538461538 0.042708333333333334 0.005528846153846154
0 0.14973958333333334 0.5651442307692308 0.022395833333333334 0.021634615384615384
0 0.2518229166666667 0.4947115384615385 0.04635416666666667 0.01201923076923077
0 0.87578125 0.2544471153846154 0.0328125 0.02283653846153846
0 0.7078125 0.5566105769230769 0.04791666666666667 0.006490384615384616
0 0.9067708333333333 0.28329326923076925 0.03854166666666667 0.01658653846153846
0 0.30026041666666664 0.21586538461538463 0.043229166666666666 0.015865384615384615
0 0.6765625 0.2550480769230769 0.015625 0.02403846153846154
0 0.2890625 0.3445913461538462 0.042708333333333334 0.006490384615384616
0 0.63203125 0.3108173076923077 0.0484375 0.00625
0 0.38619791666666664 0.5889423076923077 0.013020833333333334 0.021634615384615384
0 0.7486979166666666 0.5330528846153846 0.03802083333333333 0.0069711538461538465
0 0.08098958333333334 0.48425480769230766 0.03802083333333333 0.011298076923076923
0 0.9283854166666666 0.3094951923076923 0.0296875 0.019471153846153846
0 0.61796875 0.4433894230769231 0.013020833333333334 0.020913461538461537
0 0.3333333333333333 0.5712740384615385 0.0125 0.018990384615384614
0 0.83828125 0.6368990384615385 0.049479166666666664 0.01610576923076923
0 0.6638020833333333 0.6231971153846154 0.05364583333333333 0.006490384615384616
0 0.9138020833333333 0.42872596153846154 0.0171875 0.019471153846153846
0 0.8109375 0.2308894230769231 0.028125 0.025721153846153845
0 0.89453125 0.6287259615384615 0.0265625 0.018509615384615385
0 0.8046875 0.6384615384615384 0.042708333333333334 0.020192307692307693
0 0.9252604166666667 0.2736778846153846 0.0203125 0.018990384615384614
0 0.7234375 0.6390625 0.04791666666666667 0.010817307692307692
0 0.7020833333333333 0.22235576923076922 0.046875 0.006730769230769231
0 0.9416666666666667 0.4277644230769231 0.014583333333333334 0.01610576923076923
0 0.9302083333333333 0.3992788461538462 0.021875 0.0057692307692307696
0 0.9606770833333333 0.25396634615384617 0.0171875 0.017548076923076923
0 0.6604166666666667 0.21514423076923078 0.040625 0.0057692307692307696
0 0.9682291666666667 0.3110576923076923 0.0125 0.016826923076923076
0 0.61171875 0.22079326923076922 0.03802083333333333 0.005528846153846154
0 0.9453125 0.39302884615384615 0.013541666666666667 0.012980769230769231
0 0.9403645833333333 0.41370192307692305 0.03177083333333333 0.01875
0 0.034375 0.3513221153846154 0.010416666666666666 0.019471153846153846
0 0.9505208333333334 0.6153846153846154 0.013541666666666667 0.016826923076923076
0 0.7135416666666666 0.22271634615384617 0.023958333333333335 0.005528846153846154
0 0.9434895833333333 0.42235576923076923 0.0203125 0.02451923076923077
0 0.7489583333333333 0.21899038461538461 0.0375 0.0057692307692307696
0 0.96953125 0.27944711538461536 0.013020833333333334 0.025240384615384616
0 0.9518229166666666 0.5091346153846154 0.013020833333333334 0.013461538461538462
0 0.9692708333333333 0.30264423076923075 0.013541666666666667 0.03413461538461538
0 0.7328125 0.6399038461538461 0.029166666666666667 0.007211538461538462
0 0.96640625 0.42728365384615385 0.016145833333333335 0.01514423076923077
0 0.5572916666666666 0.24915865384615385 0.034375 0.008894230769230769
0 0.9234218750000001 0.22270432692307693 0.031802083333333335 0.012341346153846154