0 0.4119650205761317 0.1416593886462882 0.025586419753086422 0.04096069868995633
0 0.5396090534979424 0.16866812227074235 0.03806584362139918 0.04475982532751092
0 0.2222222222222222 0.4710698689956332 0.05555555555555555 0.03165938864628821
0 0.4367283950617284 0.2663755458515284 0.03189300411522634 0.08078602620087336
0 0.42901234567901236 0.4088427947598253 0.047325102880658436 0.04694323144104803
0 0.3492798353909465 0.7680131004366813 0.023662551440329218 0.0665938864628821
0 0.6440329218106996 0.24126637554585154 0.03497942386831276 0.05895196506550218
0 0.4984567901234568 0.0824235807860262 0.05452674897119342 0.014192139737991267
0 0.8683127572016461 0.1381004366812227 0.06378600823045268 0.036026200873362446
0 0.4001851851851852 0.911735807860262 0.03699588477366255 0.01997816593886463
0 0.7237654320987654 0.7701965065502183 0.01954732510288066 0.055676855895196505
0 0.3168724279835391 0.5245633187772926 0.051440329218107 0.02074235807860262
0 0.8323045267489712 0.10316593886462883 0.0720164609053498 0.025109170305676855
0 0.5258230452674897 0.7716048034934497 0.01873456790123457 0.01574235807860262
0 0.6877572016460906 0.3324235807860262 0.04835390946502058 0.05131004366812227
0 0.7325102880658436 0.3029475982532751 0.05555555555555555 0.02292576419213974
0 0.7150205761316872 0.21670305676855894 0.018518518518518517 0.03820960698689956
0 0.61059670781893 0.08460698689956332 0.046296296296296294 0.027292576419213975
0 0.37551440329218105 0.851528384279476 0.053497942386831275 0.026200873362445413
0 0.5689300411522634 0.12718340611353712 0.043209876543209874 0.016375545851528384
0 0.6136831275720165 0.7167030567685589 0.040123456790123455 0.014192139737991267
0 0.5097736625514403 0.2920305676855895 0.021604938271604937 0.03165938864628821
0 0.294238683127572 0.1168122270742358 0.04526748971193416 0.03056768558951965
0 0.41975308641975306 0.4519650655021834 0.047325102880658436 0.024017467248908297
0 0.17232510288065844 0.7565502183406113 0.04835390946502058 0.013100436681222707
0 0.1455761316872428 0.8449781659388647 0.04835390946502058 0.013100436681222707
0 0.6100823045267489 0.33624454148471616 0.037037037037037035 0.03056768558951965
0 0.42335390946502055 0.8084061135371179 0.04835390946502058 0.03165938864628821
0 0.3230452674897119 0.0611353711790393 0.043209876543209874 0.034934497816593885
0 0.19032921810699588 0.13537117903930132 0.030864197530864196 0.03056768558951965
0 0.38117283950617287 0.2631004366812227 0.03189300411522634 0.026200873362445413
0 0.7546296296296297 0.49672489082969434 0.03806584362139918 0.05240174672489083
0 0.3369341563786008 0.14792576419213974 0.013374485596707819 0.04694323144104803
0 0.8755144032921811 0.2287117903930131 0.043209876543209874 0.05786026200873363
0 0.4542181069958848 0.8859170305676856 0.06275720164609054 0.025109170305676855
0 0.5113168724279835 0.3455240174672489 0.0411522633744856 0.04694323144104803
0 0.4495884773662551 0.5240174672489083 0.05555555555555555 0.015283842794759825
0 0.5689300411522634 0.25163755458515286 0.012345679012345678 0.05786026200873363
0 0.2808641975308642 0.9617903930131004 0.047325102880658436 0.03275109170305677
0 0.3595679012345679 0.33679039301310043 0.040123456790123455 0.02074235807860262
0 0.5889917695473251 0.6774017467248908 0.044238683127572016 0.016375545851528384
0 0.18055555555555555 0.22161572052401746 0.044238683127572016 0.048034934497816595
0 0.2638888888888889 0.19759825327510916 0.0257201646090535 0.039301310043668124
0 0.8996913580246914 0.3853711790393013 0.023662551440329218 0.0611353711790393
0 0.38940329218106995 0.47707423580786024 0.03806584362139918 0.03711790393013101
0 0.6378600823045267 0.8269650655021834 0.043209876543209874 0.014192139737991267
0 0.1743827160493827 0.6850436681222707 0.029835390946502057 0.04912663755458515
0 0.30606995884773663 0.16866812227074235 0.027777777777777776 0.025109170305676855
0 0.24794238683127573 0.7003275109170306 0.07407407407407407 0.03384279475982533
0 0.8492798353909465 0.20851528384279475 0.013374485596707819 0.043668122270742356
0 0.08950617283950617 0.35152838427947597 0.05555555555555555 0.034934497816593885
0 0.4480452674897119 0.7085152838427947 0.027777777777777776 0.048034934497816595
0 0.3955761316872428 0.1806768558951965 0.01748971193415638 0.0425764192139738
0 0.6141975308641975 0.6086244541484717 0.0205761316872428 0.04912663755458515
0 0.17541152263374485 0.287117903930131 0.050411522633744855 0.048034934497816595
0 0.2088477366255144 0.597707423580786 0.012345679012345678 0.05349344978165939
0 0.09259259259259259 0.8842794759825328 0.0411522633744856 0.03275109170305677
0 0.13561728395061728 0.9293449781659389 0.045946502057613164 0.01232532751091703
0 0.13473251028806585 0.9139082969432314 0.04106995884773663 0.013395196506550218
0 0.8492798353909465 0.5305676855895196 0.05864197530864197 0.05895196506550218
0 0.18621399176954734 0.3433406113537118 0.0411522633744856 0.02292576419213974
0 0.698045267489712 0.6315502183406113 0.0257201646090535 0.05349344978165939
0 0.6301440329218106 0.8853711790393013 0.05246913580246913 0.021834061135371178
0 0.5745884773662552 0.5201965065502183 0.029835390946502057 0.04694323144104803
0 0.4506172839506173 0.5715065502183406 0.05555555555555555 0.02947598253275109
0 0.5570987654320988 0.3400655021834061 0.040123456790123455 0.03820960698689956
0 0.5257201646090535 0.884825327510917 0.043209876543209874 0.027292576419213975
0 0.10905349794238683 0.7150655021834061 0.037037037037037035 0.06768558951965066
0 0.08539094650205761 0.4705240174672489 0.018518518518518517 0.03711790393013101
0 0.5138888888888888 0.7036026200873362 0.029835390946502057 0.04694323144104803
0 0.3045267489711934 0.2816593886462882 0.01440329218106996 0.05021834061135371
0 0.8811728395061729 0.4568777292576419 0.044238683127572016 0.06222707423580786
0 0.7319958847736625 0.8941048034934498 0.033950617283950615 0.04148471615720524
0 0.4161522633744856 0.5584061135371179 0.03806584362139918 0.03165938864628821
0 0.05407407407407407 0.5451200873362445 0.05646090534979424 0.01675764192139738
0 0.2716049382716049 0.6741266375545851 0.0205761316872428 0.06441048034934498
0 0.7962962962962963 0.9175764192139738 0.04938271604938271 0.04912663755458515
0 0.6373456790123457 0.9399563318777293 0.05246913580246913 0.015283842794759825
0 0.44084362139917693 0.030021834061135372 0.040123456790123455 0.02292576419213974
0 0.07131687242798353 0.3158296943231441 0.017119341563786007 0.034279475982532746
0 0.2911522633744856 0.19759825327510916 0.018518518518518517 0.056768558951965066
0 0.073559670781893 0.9268558951965066 0.044238683127572016 0.039301310043668124
0 0.9300411522633745 0.5665938864628821 0.043209876543209874 0.028384279475982533
0 0.1779835390946502 0.3881004366812227 0.03292181069958848 0.02947598253275109
0 0.3065843621399177 0.638646288209607 0.04938271604938271 0.013100436681222707
0 0.4089506172839506 0.23089519650655022 0.013374485596707819 0.03820960698689956
0 0.8338477366255144 0.7046943231441049 0.03806584362139918 0.04475982532751092
0 0.15708847736625514 0.1591593886462882 0.02911522633744856 0.02932314410480349
0 0.07280864197530863 0.6758842794759825 0.026008230452674898 0.0446943231441048
0 0.11162551440329219 0.49399563318777295 0.03806584362139918 0.04475982532751092
0 0.6820987654320988 0.5043668122270742 0.051440329218107 0.021834061135371178
0 0.5679012345679012 0.023471615720524017 0.0411522633744856 0.02947598253275109
0 0.264917695473251 0.6260917030567685 0.040123456790123455 0.012008733624454149
0 0.8580246913580247 0.4923580786026201 0.05555555555555555 0.03275109170305677
0 0.2824074074074074 0.28329694323144106 0.01131687242798354 0.04912663755458515
0 0.20627572016460904 0.9699781659388647 0.044238683127572016 0.025109170305676855
0 0.5205761316872428 0.41320960698689957 0.03909465020576132 0.04912663755458515
0 0.26080246913580246 0.7614628820960698 0.060699588477366256 0.06222707423580786
0 0.48405349794238683 0.007641921397379912 0.03806584362139918 0.010917030567685589
0 0.7582304526748971 0.3411572052401747 0.06995884773662552 0.04912663755458515
0 0.19804526748971193 0.2663755458515284 0.0360082304526749 0.026200873362445413
0 0.6610082304526749 0.4470524017467249 0.05864197530864197 0.036026200873362446
0 0.013034979423868312 0.7381331877729258 0.021954732510288066 0.02155021834061135
0 0.102880658436214 0.5469432314410481 0.043209876543209874 0.056768558951965066
0 0.7597736625514403 0.3487991266375546 0.03189300411522634 0.03384279475982533
0 0.7808641975308642 0.5584061135371179 0.03909465020576132 0.016375545851528384
0 0.5864197530864198 0.9787117903930131 0.01646090534979424 0.04039301310043668
0 0.37294238683127573 0.9787117903930131 0.044238683127572016 0.014192139737991267
0 0.5354938271604939 0.6555676855895196 0.015432098765432098 0.05786026200873363
0 0.9495884773662552 0.6572052401746725 0.05555555555555555 0.024017467248908297
0 0.6332304526748971 0.9879912663755459 0.05452674897119342 0.013100436681222707
0 0.38065843621399176 0.6058951965065502 0.043209876543209874 0.026200873362445413
0 0.6656378600823045 0.5163755458515283 0.04526748971193416 0.034934497816593885
0 0.042695473251028807 0.8122270742358079 0.0360082304526749 0.039301310043668124
0 0.1465534979423868 0.13822052401746726 0.027890946502057614 0.0209825327510917
0 0.9223251028806584 0.4557860262008734 0.033950617283950615 0.04912663755458515
0 0.32407407407407407 0.6097161572052402 0.0411522633744856 0.03384279475982533
0 0.8343621399176955 0.03056768558951965 0.04526748971193416 0.03275109170305677
0 0.9470164609053497 0.3400655021834061 0.015432098765432098 0.04694323144104803
0 0.40843621399176955 0.976528384279476 0.03292181069958848 0.04475982532751092
0 0.0823045267489712 0.15938864628820962 0.012345679012345678 0.05458515283842795
0 0.15843621399176955 0.07368995633187773 0.08847736625514403 0.025109170305676855
0 0.02263374485596708 0.868995633187773 0.030864197530864196 0.03711790393013101
0 0.23508230452674897 0.06495633187772926 0.029835390946502057 0.04475982532751092
0 0.6502057613168725 0.4170305676855895 0.01440329218106996 0.05021834061135371
0 0.7695473251028807 0.9819868995633187 0.047325102880658436 0.03384279475982533
0 0.32664609053497945 0.41866812227074235 0.0360082304526749 0.036026200873362446
0 0.6131687242798354 0.39737991266375544 0.037037037037037035 0.03711790393013101
0 0.6584362139917695 0.9224890829694323 0.053497942386831275 0.024017467248908297
0 0.5102880658436214 0.9705240174672489 0.018518518518518517 0.056768558951965066
0 0.7371399176954733 0.3411572052401747 0.027777777777777776 0.04475982532751092
0 0.30246913580246915 0.9874454148471615 0.06584362139917696 0.02292576419213974
0 0.8796296296296297 0.9541484716157205 0.030864197530864196 0.04148471615720524
0 0.24794238683127573 0.7631004366812227 0.03497942386831276 0.026200873362445413
0 0.9526748971193416 0.6042576419213974 0.037037037037037035 0.03384279475982533
0 0.6929012345679012 0.01910480349344978 0.044238683127572016 0.03384279475982533
0 0.772119341563786 0.32587336244541487 0.04218106995884774 0.016375545851528384
0 0.6676954732510288 0.9061135371179039 0.051440329218107 0.021834061135371178
0 0.8175720164609053 0.5770960698689956 0.05704732510288066 0.016986899563318777
0 0.8725 0.6631441048034935 0.02537037037037037 0.045775109170305674
0 0.9002777777777778 0.7232096069868996 0.015082304526748972 0.026080786026200873
0 0.8938991769547325 0.7928820960698689 0.01741769547325103 0.04778384279475983
0 0.7825925925925925 0.8446506550218341 0.02 0.05960698689956332
0 0.8204423868312758 0.83132096069869 0.022788065843621398 0.03731441048034934
0 0.8476028806584363 0.8579585152838428 0.02771604938271605 0.05789301310043668
0 0.01969135802469136 0.35257641921397376 0.034434156378600825 0.02935589519650655
0 0.050555555555555555 0.21672489082969434 0.027294238683127574 0.0303056768558952
0 0.04117283950617284 0.2976855895196507 0.0262037037037037 0.03831877729257642
0 0.07441358024691358 0.7745305676855896 0.020442386831275722 0.04134279475982532
0 0.02874485596707819 0.910382096069869 0.01961934156378601 0.029497816593886464
0 0.018600823045267487 0.9571288209606987 0.025699588477366257 0.00972707423580786
0 0.015411522633744856 0.9408624454148472 0.02492798353909465 0.016724890829694323
0 0.9449176954732511 0.22548034934497815 0.028672839506172842 0.05706331877729258
0 0.9133641975308642 0.26379912663755456 0.012890946502057613 0.04092794759825328
0 0.9079115226337449 0.20908296943231441 0.02148148148148148 0.0287882096069869
0 0.9292283950617284 0.2029475982532751 0.008281893004115227 0.027914847161572054
0 0.9194547325102881 0.15459606986899566 0.04710905349794239 0.019596069868995633
0 0.921358024691358 0.09938864628820962 0.03315843621399177 0.03694323144104804
0 0.9067695473251028 0.04663755458515284 0.011584362139917695 0.041637554585152836
0 0.7359362139917696 0.0222707423580786 0.03153292181069959 0.02003275109170306
0 0.7818004115226337 0.024344978165938867 0.03279835390946502 0.017543668122270744
0 0.7658127572016461 0.012303493449781659 0.021502057613168722 0.016255458515283844
0 0.7963888888888889 0.011222707423580785 0.014146090534979424 0.01948689956331878
0 0.8344547325102881 0.009672489082969431 0.034434156378600825 0.015043668122270742
0 0.8996604938271605 0.015054585152838426 0.03797325102880658 0.017281659388646287
0 0.92630658436214 0.01849344978165939 0.010061728395061727 0.034039301310043665
0 0.3470267489711934 0.00960698689956332 0.05198559670781893 0.017358078602620088
0 0.24507201646090535 0.033351528384279475 0.042283950617283954 0.018307860262008733
0 0.23030864197530865 0.01480349344978166 0.05389917695473251 0.016899563318777292
0 0.17877572016460908 0.013951965065502182 0.05405349794238683 0.013635371179039301
0 0.17051440329218107 0.03474890829694323 0.03666666666666667 0.017991266375545854
0 0.13491769547325103 0.019465065502183403 0.032705761316872424 0.02932314410480349
0 0.0977880658436214 0.0967467248908297 0.022767489711934156 0.041157205240174674
0 0.06693415637860083 0.08875545851528384 0.034176954732510284 0.02361353711790393
0 0.15902263374485595 0.606670305676856 0.02905349794238683 0.0537882096069869
0 0.12420781893004115 0.6110698689956332 0.029979423868312757 0.03979257641921398
0 0.3947633744855967 0.6674017467248908 0.031162551440329218 0.04177947598253275
0 0.42022633744855964 0.6437772925764192 0.034485596707818936 0.041266375545851525
0 0.5490534979423868 0.47266375545851524 0.02684156378600823 0.04820960698689956
0 0.5127057613168724 0.45556768558951966 0.030843621399176954 0.02705240174672489
0 0.9190020576131687 0.6983406113537117 0.030462962962962963 0.03205240174672489
0 0.8587242798353909 0.6254039301310044 0.03568930041152263 0.029399563318777293
0 0.9378703703703704 0.7574454148471617 0.022181069958847735 0.049344978165938864
0 0.9416975308641976 0.8191375545851529 0.026779835390946503 0.045382096069868996
0 0.9642489711934157 0.8819978165938864 0.025853909465020575 0.04778384279475983
0 0.9470679012345679 0.9525 0.07738683127572016 0.06834061135371179
0 0.7180761316872428 0.9819650655021834 0.051965020576131685 0.032860262008733626
0 0.02021604938271605 0.5021506550218341 0.036748971193415636 0.03356986899563319
0 0.02021604938271605 0.6052183406113537 0.024598765432098765 0.05413755458515284
0 0.5639506172839506 0.7671397379912664 0.043137860082304524 0.015971615720524017
0 0.5662654320987655 0.8815938864628821 0.017088477366255142 0.05516375545851528
0 0.5982921810699589 0.8546615720524018 0.023405349794238684 0.05303493449781659
0 0.449701646090535 0.9162117903930131 0.041923868312757205 0.02124454148471616
0 0.029763374485596707 0.9789192139737992 0.02772633744855967 0.023307860262008734
0 0.06123456790123457 0.9822707423580785 0.010853909465020578 0.029050218340611354
0 0.21744855967078192 0.9913100436681223 0.040884773662551444 0.010731441048034935
0 0.024351851851851854 0.6745305676855895 0.020329218106995887 0.032216157205240174
0 0.05976337448559671 0.6340065502183406 0.01890946502057613 0.033755458515283845
0 0.1001954732510288 0.2844978165938865 0.02872427983539095 0.04210698689956332
0 0.05835390946502057 0.26192139737991266 0.019485596707818933 0.02687772925764192
0 0.42994855967078194 0.17323144104803495 0.040442386831275726 0.015251091703056769