0 0.26979166666666665 0.5747596153846154 0.046875 0.020673076923076922
0 0.87578125 0.49651442307692306 0.0546875 0.023317307692307693
0 0.3848958333333333 0.4659855769230769 0.035416666666666666 0.027644230769230768
0 0.8005208333333333 0.6873798076923077 0.06354166666666666 0.011778846153846154
0 0.7434895833333334 0.5162259615384616 0.0359375 0.01706730769230769
0 0.66015625 0.6741586538461538 0.043229166666666666 0.012259615384615384
0 0.6765625 0.6278846153846154 0.06458333333333334 0.01201923076923077
0 0.52421875 0.5067307692307692 0.04739583333333333 0.01201923076923077
0 0.5359375 0.5905048076923077 0.05625 0.008894230769230769
0 0.80859375 0.6555288461538461 0.0328125 0.022115384615384617
0 0.66640625 0.6472355769230769 0.04635416666666667 0.01706730769230769
0 0.28958333333333336 0.49903846153846154 0.06770833333333333 0.011538461538461539
0 0.24921875 0.6626201923076923 0.018229166666666668 0.026682692307692307
0 0.6828125 0.31646634615384617 0.03125 0.027644230769230768
0 0.9130208333333333 0.5383413461538461 0.04375 0.020432692307692308
0 0.746875 0.5576923076923077 0.03229166666666667 0.023076923076923078
0 0.6635416666666667 0.36790865384615384 0.025 0.026682692307692307
0 0.27291666666666664 0.4645432692307692 0.0625 0.010817307692307692
0 0.60390625 0.35228365384615384 0.05572916666666667 0.010336538461538461
0 0.12604166666666666 0.3435096153846154 0.041666666666666664 0.01875
0 0.35234375 0.70625 0.043229166666666666 0.027884615384615386
0 0.20520833333333333 0.6894230769230769 0.06979166666666667 0.013942307692307693
0 0.9682291666666667 0.31021634615384613 0.0375 0.023798076923076922
0 0.7604166666666666 0.4890625 0.053125 0.0069711538461538465
0 0.27734375 0.5141826923076923 0.05364583333333333 0.013942307692307693
0 0.1359375 0.5522836538461539 0.027083333333333334 0.017548076923076923
0 0.28802083333333334 0.5959134615384616 0.06458333333333334 0.007211538461538462
0 0.7815104166666667 0.3686298076923077 0.0484375 0.010817307692307692
0 0.6768229166666667 0.7008413461538462 0.04635416666666667 0.014663461538461538
0 0.86484375 0.3501201923076923 0.0453125 0.00985576923076923
0 0.9309895833333334 0.5735576923076923 0.024479166666666666 0.026923076923076925
0 0.5091145833333334 0.7110576923076923 0.05260416666666667 0.014423076923076924
0 0.19296875 0.6313701923076923 0.0234375 0.024759615384615383
0 0.9057291666666667 0.684375 0.04583333333333333 0.00625
0 0.8390625 0.5348557692307693 0.014583333333333334 0.023557692307692307
0 0.22291666666666668 0.3825721153846154 0.017708333333333333 0.031009615384615385
0 0.91640625 0.31033653846153847 0.033854166666666664 0.01730769230769231
0 0.44765625 0.6525240384615385 0.028645833333333332 0.02139423076923077
0 0.7984375 0.5743990384615385 0.06145833333333333 0.007451923076923077
0 0.0546875 0.47271634615384617 0.025 0.02235576923076923
0 0.784375 0.43569711538461536 0.013541666666666667 0.02235576923076923
0 0.459375 0.6852163461538462 0.05416666666666667 0.007451923076923077
0 0.03046875 0.45721153846153845 0.018229166666666668 0.02548076923076923
0 0.8263020833333333 0.5664663461538462 0.0453125 0.005528846153846154
0 0.6526041666666667 0.7099759615384615 0.017708333333333333 0.026682692307692307
0 0.8635416666666667 0.30456730769230766 0.05 0.006730769230769231