0 0.4552083333333333 0.6015625 0.035416666666666666 0.024278846153846154
0 0.28828125 0.5707932692307692 0.030729166666666665 0.023798076923076922
0 0.7270833333333333 0.3326923076923077 0.0375 0.01971153846153846
0 0.58359375 0.2837740384615385 0.0453125 0.013221153846153846
0 0.3416666666666667 0.5947115384615385 0.0375 0.016826923076923076
0 0.5424479166666667 0.3174278846153846 0.03802083333333333 0.00985576923076923
0 0.8877604166666667 0.6320913461538461 0.0390625 0.020913461538461537
0 0.48489583333333336 0.33076923076923076 0.05 0.010576923076923078
0 0.265625 0.42584134615384617 0.03229166666666667 0.02283653846153846
0 0.23828125 0.5895432692307693 0.04635416666666667 0.013221153846153846
0 0.8138020833333334 0.6376201923076923 0.03697916666666667 0.012740384615384615
0 0.5697916666666667 0.4735576923076923 0.028125 0.02451923076923077
0 0.31796875 0.6491586538461539 0.0421875 0.014663461538461538
0 0.3484375 0.6326923076923077 0.04791666666666667 0.008653846153846154
0 0.11276041666666667 0.4108173076923077 0.021354166666666667 0.022596153846153846
0 0.29583333333333334 0.3099759615384615 0.04583333333333333 0.007451923076923077
0 0.340625 0.6632211538461539 0.042708333333333334 0.0125
0 0.23671875 0.5719951923076924 0.0421875 0.0069711538461538465
0 0.36276041666666664 0.45252403846153844 0.024479166666666666 0.024759615384615383
0 0.8671875 0.37596153846153846 0.030208333333333334 0.022115384615384617
0 0.6533854166666667 0.31346153846153846 0.0515625 0.0125
0 0.10859375 0.26790865384615387 0.03802083333333333 0.01706730769230769
0 0.5361979166666667 0.41646634615384615 0.0140625 0.020432692307692308
0 0.646875 0.3313701923076923 0.026041666666666668 0.013701923076923077
0 0.6596354166666667 0.2798076923076923 0.0421875 0.0125
0 0.7513020833333334 0.2938701923076923 0.0140625 0.02956730769230769
0 0.6223958333333334 0.6200721153846154 0.03229166666666667 0.010817307692307692
0 0.25286458333333334 0.6147836538461539 0.03177083333333333 0.021875
0 0.06901041666666667 0.6448317307692307 0.0328125 0.019951923076923075
0 0.7151041666666667 0.5561298076923077 0.020833333333333332 0.019471153846153846
0 0.85625 0.3111778846153846 0.03854166666666667 0.020913461538461537
0 0.559375 0.5737980769230769 0.020833333333333332 0.01826923076923077
0 0.13307291666666668 0.28137019230769234 0.0484375 0.007932692307692307
0 0.0703125 0.3697115384615385 0.025 0.023076923076923078
0 0.7885416666666667 0.4655048076923077 0.04375 0.011778846153846154
0 0.7924479166666667 0.3799278846153846 0.0609375 0.009375
0 0.32760416666666664 0.5163461538461539 0.027083333333333334 0.01826923076923077
0 0.7388020833333333 0.5158653846153847 0.0140625 0.023076923076923078
0 0.7442708333333333 0.596514423076923 0.035416666666666666 0.013701923076923077
0 0.08984375 0.6272836538461538 0.0421875 0.007932692307692307
0 0.7958333333333333 0.5788461538461539 0.04895833333333333 0.008653846153846154
0 0.8127604166666667 0.32235576923076925 0.0296875 0.03076923076923077
0 0.9184895833333333 0.45372596153846156 0.0453125 0.009375
0 0.85234375 0.28810096153846154 0.04010416666666667 0.011298076923076923
0 0.6440104166666667 0.4424278846153846 0.0328125 0.019471153846153846
0 0.07942708333333333 0.4533653846153846 0.018229166666666668 0.019230769230769232
0 0.53359375 0.3311298076923077 0.0390625 0.009375
0 0.22239583333333332 0.365625 0.05520833333333333 0.007692307692307693
0 0.43802083333333336 0.6536057692307692 0.040625 0.008653846153846154
0 0.6716145833333333 0.5717548076923077 0.034895833333333334 0.012259615384615384
0 0.18802083333333333 0.2717548076923077 0.041666666666666664 0.006009615384615385
0 0.696875 0.49927884615384616 0.03854166666666667 0.017788461538461538
0 0.5057291666666667 0.26550480769230766 0.03958333333333333 0.011298076923076923
0 0.13489583333333333 0.5290865384615384 0.013541666666666667 0.02451923076923077
0 0.32916666666666666 0.45528846153846153 0.013541666666666667 0.022596153846153846
0 0.061197916666666664 0.28221153846153846 0.024479166666666666 0.023557692307692307
0 0.053125 0.2918269230769231 0.042708333333333334 0.007211538461538462
0 0.5966145833333333 0.4991586538461538 0.0265625 0.026682692307692307
0 0.10572916666666667 0.31850961538461536 0.03854166666666667 0.01730769230769231
0 0.68671875 0.36286057692307694 0.0109375 0.018028846153846152
0 0.5330729166666667 0.2689903846153846 0.043229166666666666 0.010096153846153847
0 0.8596354166666667 0.4969951923076923 0.024479166666666666 0.02283653846153846
0 0.5986979166666667 0.5324519230769231 0.03802083333333333 0.01971153846153846
0 0.21953125 0.5079326923076923 0.018229166666666668 0.022115384615384617
0 0.6669270833333333 0.2644663461538462 0.058854166666666666 0.01610576923076923
0 0.790625 0.27752403846153845 0.046875 0.0069711538461538465
0 0.5893229166666667 0.6526442307692307 0.05364583333333333 0.006730769230769231
0 0.934375 0.3560096153846154 0.013541666666666667 0.021634615384615384
0 0.11223958333333334 0.6799278846153847 0.033854166666666664 0.01514423076923077
0 0.5848958333333333 0.30540865384615384 0.051041666666666666 0.008894230769230769
0 0.6205729166666667 0.6711538461538461 0.04635416666666667 0.011057692307692308
0 0.91796875 0.2983173076923077 0.033854166666666664 0.007692307692307693
0 0.15052083333333333 0.6431490384615385 0.017708333333333333 0.029086538461538462
0 0.22161458333333334 0.6712740384615384 0.049479166666666664 0.007451923076923077
0 0.8268229166666666 0.2685096153846154 0.019270833333333334 0.025
0 0.06822916666666666 0.4780048076923077 0.013541666666666667 0.019951923076923075
0 0.8770833333333333 0.512860576923077 0.028125 0.01658653846153846
0 0.9752604166666666 0.6028846153846154 0.0234375 0.01826923076923077
0 0.8838541666666667 0.31622596153846155 0.011458333333333333 0.018509615384615385
0 0.5184895833333333 0.6731971153846154 0.043229166666666666 0.007451923076923077
0 0.41380208333333335 0.6645432692307692 0.043229166666666666 0.005048076923076923
0 0.7471354166666667 0.2591346153846154 0.024479166666666666 0.005288461538461539
0 0.7520833333333333 0.30084134615384617 0.011458333333333333 0.014663461538461538
0 0.08359375 0.6659855769230769 0.0453125 0.008894230769230769
0 0.8966145833333333 0.5052884615384615 0.025520833333333333 0.01730769230769231
0 0.053385416666666664 0.3856971153846154 0.0140625 0.025240384615384616
0 0.9690104166666667 0.6272836538461538 0.011979166666666667 0.020913461538461537
0 0.8197916666666667 0.325 0.015625 0.016346153846153847
0 0.8971354166666666 0.4735576923076923 0.021354166666666667 0.01875
0 0.14947916666666666 0.6491586538461539 0.014583333333333334 0.015625
0 0.9588541666666667 0.58125 0.015625 0.013461538461538462
0 0.87578125 0.47752403846153846 0.016145833333333335 0.01658653846153846
0 0.13151041666666666 0.6519230769230769 0.027604166666666666 0.013942307692307693
0 0.9619791666666667 0.5765625 0.019791666666666666 0.02235576923076923
0 0.0734375 0.6759615384615385 0.0375 0.010096153846153847
0 0.69296875 0.5743990384615385 0.03697916666666667 0.011298076923076923