0 0.46015625 0.3408653846153846 0.033854166666666664 0.021634615384615384
0 0.43828125 0.49795673076923075 0.0328125 0.02139423076923077
0 0.6106770833333334 0.3378605769230769 0.04739583333333333 0.019471153846153846
0 0.6354166666666666 0.6566105769230769 0.04583333333333333 0.012740384615384615
0 0.2625 0.6074519230769231 0.023958333333333335 0.021634615384615384
0 0.71328125 0.5210336538461539 0.0453125 0.014663461538461538
0 0.7380208333333333 0.630048076923077 0.014583333333333334 0.021153846153846155
0 0.3692708333333333 0.6236778846153846 0.023958333333333335 0.026201923076923078
0 0.6096354166666667 0.6254807692307692 0.050520833333333334 0.010576923076923078
0 0.60546875 0.5459134615384615 0.0171875 0.020673076923076922
0 0.5669270833333333 0.510576923076923 0.04010416666666667 0.010576923076923078
0 0.32473958333333336 0.2901442307692308 0.03177083333333333 0.015865384615384615
0 0.4328125 0.5664663461538462 0.036458333333333336 0.01658653846153846
0 0.18984375 0.609375 0.03802083333333333 0.009615384615384616
0 0.82578125 0.5022836538461538 0.0390625 0.02139423076923077
0 0.5666666666666667 0.2859375 0.0375 0.023798076923076922
0 0.45625 0.6171875 0.03854166666666667 0.01706730769230769
0 0.5255208333333333 0.3 0.03854166666666667 0.01730769230769231
0 0.23098958333333333 0.665625 0.0421875 0.014423076923076924
0 0.64921875 0.28112980769230766 0.04739583333333333 0.011778846153846154
0 0.3578125 0.4924278846153846 0.013541666666666667 0.02139423076923077
0 0.08411458333333334 0.3298076923076923 0.013020833333333334 0.021153846153846155
0 0.48151041666666666 0.5962740384615385 0.043229166666666666 0.007451923076923077
0 0.7739583333333333 0.46862980769230766 0.019791666666666666 0.01610576923076923
0 0.42578125 0.6615384615384615 0.043229166666666666 0.009134615384615385
0 0.5049479166666667 0.6521634615384615 0.0390625 0.014423076923076924
0 0.7002604166666667 0.5665865384615385 0.05572916666666667 0.007211538461538462
0 0.4578125 0.5510817307692307 0.040625 0.011298076923076923
0 0.10807291666666667 0.5585336538461538 0.015104166666666667 0.020913461538461537
0 0.3796875 0.5641826923076924 0.0125 0.023076923076923078
0 0.1640625 0.3211538461538462 0.05416666666666667 0.006730769230769231
0 0.16536458333333334 0.5139423076923076 0.024479166666666666 0.025
0 0.5596354166666667 0.6487980769230769 0.021354166666666667 0.020192307692307693
0 0.6682291666666667 0.3956730769230769 0.029166666666666667 0.020192307692307693
0 0.7984375 0.6314903846153846 0.040625 0.00625
0 0.07552083333333333 0.26634615384615384 0.029166666666666667 0.023076923076923078
0 0.7013020833333333 0.5947115384615385 0.0390625 0.008173076923076924
0 0.7588541666666667 0.27379807692307695 0.04375 0.008173076923076924
0 0.3424479166666667 0.4227163461538462 0.0171875 0.018509615384615385
0 0.8596354166666667 0.3891826923076923 0.015104166666666667 0.022115384615384617
0 0.6010416666666667 0.2787259615384615 0.03333333333333333 0.018509615384615385
0 0.05520833333333333 0.4729567307692308 0.019791666666666666 0.018028846153846152
0 0.30911458333333336 0.6536057692307692 0.0578125 0.008173076923076924
0 0.5158854166666667 0.6597355769230769 0.015104166666666667 0.013221153846153846
0 0.75390625 0.5306490384615384 0.013020833333333334 0.014182692307692308
0 0.8716145833333333 0.45372596153846156 0.0140625 0.023317307692307693
0 0.21354166666666666 0.26875 0.04479166666666667 0.006730769230769231
0 0.9015625 0.6203125 0.022916666666666665 0.015625
0 0.05026041666666667 0.3795673076923077 0.0328125 0.022596153846153846
0 0.8658854166666666 0.2841346153846154 0.03697916666666667 0.01201923076923077
0 0.115625 0.2594951923076923 0.040625 0.006490384615384616
0 0.07213541666666666 0.6764423076923077 0.0390625 0.016346153846153847
0 0.6296875 0.4453125 0.0125 0.011778846153846154
0 0.3377604166666667 0.5716346153846154 0.034895833333333334 0.013461538461538462
0 0.86875 0.3079326923076923 0.026041666666666668 0.017788461538461538
0 0.3028645833333333 0.6628605769230769 0.021354166666666667 0.012259615384615384
0 0.12890625 0.28557692307692306 0.0265625 0.01875
0 0.8447916666666667 0.3057692307692308 0.013541666666666667 0.022596153846153846
0 0.9046875 0.39134615384615384 0.034375 0.013461538461538462
0 0.054427083333333334 0.5063701923076923 0.015104166666666667 0.018990384615384614
0 0.03697916666666667 0.4341346153846154 0.013541666666666667 0.017788461538461538
0 0.03203125 0.2877403846153846 0.013020833333333334 0.020673076923076922
0 0.35598958333333336 0.2631009615384615 0.044270833333333336 0.0069711538461538465
0 0.062239583333333334 0.6143028846153846 0.013020833333333334 0.017548076923076923
0 0.5984375 0.26189903846153845 0.026041666666666668 0.01658653846153846
0 0.06588541666666667 0.6602163461538462 0.0359375 0.018028846153846152
0 0.8669270833333333 0.25048076923076923 0.03802083333333333 0.016346153846153847
0 0.8854166666666666 0.3682692307692308 0.0125 0.01730769230769231
0 0.8895833333333333 0.573076923076923 0.020833333333333332 0.023557692307692307
0 0.9166666666666666 0.46298076923076925 0.014583333333333334 0.019230769230769232
0 0.5393229166666667 0.3997596153846154 0.011979166666666667 0.010096153846153847
0 0.13229166666666667 0.6651442307692308 0.040625 0.00625
0 0.1125 0.6742788461538461 0.028125 0.010576923076923078
0 0.9513020833333333 0.6354567307692308 0.03697916666666667 0.018990384615384614
0 0.9046875 0.31790865384615385 0.015625 0.019471153846153846
0 0.91328125 0.6383413461538462 0.03697916666666667 0.01706730769230769
0 0.6489583333333333 0.39603365384615385 0.03125 0.020432692307692308
0 0.12265625 0.40216346153846155 0.0390625 0.007211538461538462
0 0.046875 0.5927884615384615 0.011458333333333333 0.021634615384615384
0 0.9286458333333333 0.6079326923076923 0.036458333333333336 0.016346153846153847
0 0.915625 0.403125 0.016666666666666666 0.014903846153846155
0 0.043229166666666666 0.528485576923077 0.011458333333333333 0.01610576923076923
0 0.7596354166666667 0.6519230769230769 0.0390625 0.006730769230769231
0 0.8986979166666667 0.646875 0.0390625 0.01201923076923077
0 0.7205729166666667 0.46947115384615384 0.030729166666666665 0.021634615384615384
0 0.25011458333333336 0.26331971153846156 0.03310416666666667 0.01181971153846154
0 0.8940104166666667 0.28329326923076925 0.015104166666666667 0.01706730769230769
0 0.15052083333333333 0.41466346153846156 0.035416666666666666 0.022596153846153846
0 0.8598958333333333 0.3061298076923077 0.04375 0.023798076923076922
0 0.10390625 0.2923076923076923 0.0265625 0.012980769230769231
0 0.5177083333333333 0.38846153846153847 0.020833333333333332 0.01826923076923077
0 0.7125 0.44795673076923076 0.019791666666666666 0.018509615384615385
0 0.8796875 0.2704326923076923 0.030208333333333334 0.014903846153846155
0 0.6080729166666666 0.9960336538461538 0.03697916666666667 0.007451923076923077
0 0.8169270833333333 0.2594951923076923 0.027604166666666666 0.0069711538461538465
0 0.045572916666666664 0.28088942307692305 0.03697916666666667 0.008894230769230769
0 0.9011822916666666 0.5934495192307693 0.024317708333333334 0.019341346153846153
0 0.7956614583333333 0.6561682692307692 0.03608854166666667 0.009173076923076923