0 0.4891826923076923 0.7372395833333333 0.021153846153846155 0.043229166666666666
0 0.46334134615384615 0.11979166666666667 0.012259615384615384 0.04791666666666667
0 0.5341346153846154 0.12317708333333334 0.020192307692307693 0.044270833333333336
0 0.3622596153846154 0.24895833333333334 0.01826923076923077 0.025
0 0.46911057692307695 0.79921875 0.017548076923076923 0.034895833333333334
0 0.4388221153846154 0.1109375 0.023798076923076922 0.03125
0 0.5121394230769231 0.14505208333333333 0.02235576923076923 0.018229166666666668
0 0.35925480769230766 0.37604166666666666 0.015625 0.03229166666666667
0 0.3044471153846154 0.20703125 0.02283653846153846 0.022395833333333334
0 0.3685096153846154 0.4953125 0.025961538461538463 0.05520833333333333
0 0.3298076923076923 0.50546875 0.022115384615384617 0.034895833333333334
0 0.4712740384615385 0.85234375 0.021875 0.034895833333333334
0 0.42764423076923075 0.5671875 0.027403846153846154 0.03125
0 0.35721153846153847 0.5765625 0.013942307692307693 0.03854166666666667
0 0.2747596153846154 0.6598958333333333 0.012980769230769231 0.046875
0 0.40973557692307694 0.14635416666666667 0.020913461538461537 0.025
0 0.28473557692307694 0.44765625 0.02235576923076923 0.024479166666666666
0 0.5882211538461538 0.7580729166666667 0.02451923076923077 0.0671875
0 0.4143028846153846 0.37057291666666664 0.00985576923076923 0.0515625
0 0.43377403846153845 0.4239583333333333 0.02283653846153846 0.035416666666666666
0 0.3177884615384615 0.6223958333333334 0.025 0.03125
0 0.38545673076923076 0.38255208333333335 0.020913461538461537 0.028645833333333332
0 0.3016826923076923 0.5895833333333333 0.025961538461538463 0.03125
0 0.36730769230769234 0.2875 0.025 0.016666666666666666
0 0.2645432692307692 0.6096354166666667 0.025240384615384616 0.028645833333333332
0 0.3876201923076923 0.8520833333333333 0.019951923076923075 0.035416666666666666
0 0.5373798076923076 0.44427083333333334 0.02283653846153846 0.014583333333333334
0 0.5176682692307693 0.05364583333333333 0.020432692307692308 0.015625
0 0.2844951923076923 0.1171875 0.013701923076923077 0.030208333333333334
0 0.6179086538461539 0.3263020833333333 0.010817307692307692 0.0484375
0 0.47620192307692305 0.5630208333333333 0.023076923076923078 0.017708333333333333
0 0.5961538461538461 0.34322916666666664 0.027403846153846154 0.015625
0 0.32632211538461536 0.35 0.009375 0.046875
0 0.6159855769230769 0.13645833333333332 0.01514423076923077 0.04895833333333333
0 0.3498798076923077 0.6385416666666667 0.019951923076923075 0.016666666666666666
0 0.29627403846153844 0.40208333333333335 0.018509615384615385 0.0375
0 0.3138221153846154 0.3450520833333333 0.013221153846153846 0.0421875
0 0.45528846153846153 0.3229166666666667 0.019230769230769232 0.026041666666666668
0 0.5967548076923077 0.2703125 0.01658653846153846 0.046875
0 0.3484375 0.75703125 0.024759615384615383 0.0453125
0 0.25829326923076923 0.55625 0.008413461538461538 0.04583333333333333
0 0.5776442307692308 0.4875 0.017788461538461538 0.028125
0 0.48233173076923075 0.12552083333333333 0.01706730769230769 0.014583333333333334
0 0.5507211538461538 0.8359375 0.03461538461538462 0.026041666666666668
0 0.4127403846153846 0.6872395833333333 0.01730769230769231 0.043229166666666666
0 0.6331730769230769 0.5861979166666667 0.012980769230769231 0.0546875
0 0.5592548076923077 0.25546875 0.019471153846153846 0.027604166666666666
0 0.4342548076923077 0.71328125 0.024759615384615383 0.033854166666666664
0 0.39447115384615383 0.56796875 0.023076923076923078 0.030729166666666665
0 0.37403846153846154 0.21770833333333334 0.021153846153846155 0.020833333333333332
0 0.6170673076923077 0.39088541666666665 0.014903846153846155 0.04114583333333333
0 0.5467548076923077 0.22057291666666667 0.021875 0.049479166666666664
0 0.33978365384615383 0.8864583333333333 0.014182692307692308 0.05416666666666667
0 0.25709134615384616 0.446875 0.020913461538461537 0.034375
0 0.39302884615384615 0.42682291666666666 0.032692307692307694 0.019270833333333334
0 0.36875 0.1328125 0.025 0.013541666666666667
0 0.29423076923076924 0.2869791666666667 0.022115384615384617 0.052083333333333336
0 0.5015625 0.9169270833333333 0.02139423076923077 0.015104166666666667
0 0.49002403846153847 0.6247395833333333 0.024759615384615383 0.0140625
0 0.5859375 0.125 0.02283653846153846 0.029166666666666667
0 0.6087740384615384 0.4752604166666667 0.019471153846153846 0.04114583333333333
0 0.3769230769230769 0.7083333333333334 0.009134615384615385 0.04479166666666667
0 0.2810096153846154 0.34296875 0.020192307692307693 0.016145833333333335
0 0.6092548076923077 0.7635416666666667 0.006490384615384616 0.042708333333333334
0 0.646875 0.7325520833333333 0.017788461538461538 0.0515625
0 0.3150240384615385 0.784375 0.013701923076923077 0.03854166666666667
0 0.28677884615384613 0.9049479166666666 0.01875 0.027604166666666666
0 0.40973557692307694 0.175 0.02139423076923077 0.014583333333333334
0 0.2997596153846154 0.9411458333333333 0.014903846153846155 0.03125
0 0.33822115384615387 0.16822916666666668 0.017788461538461538 0.03333333333333333
0 0.5073317307692308 0.2721354166666667 0.020432692307692308 0.0421875
0 0.3091346153846154 0.44296875 0.009134615384615385 0.03697916666666667
0 0.26153846153846155 0.68984375 0.011057692307692308 0.0515625
0 0.5015625 0.334375 0.014182692307692308 0.036458333333333336
0 0.6372596153846154 0.49296875 0.022115384615384617 0.0234375
0 0.2899038461538462 0.7638020833333333 0.01730769230769231 0.022395833333333334
0 0.45853365384615385 0.21692708333333333 0.01658653846153846 0.0421875
0 0.4548076923076923 0.7606770833333333 0.02451923076923077 0.0328125
0 0.3635817307692308 0.32760416666666664 0.009375 0.053125
0 0.4784855769230769 0.30390625 0.013701923076923077 0.0359375
0 0.2814903846153846 0.5661458333333333 0.023076923076923078 0.051041666666666666
0 0.5662259615384615 0.8796875 0.02283653846153846 0.026041666666666668
0 0.5950721153846154 0.20078125 0.017548076923076923 0.0359375
0 0.2508413461538462 0.7328125 0.019471153846153846 0.021875
0 0.5015625 0.18411458333333333 0.020913461538461537 0.04114583333333333
0 0.38689903846153845 0.6197916666666666 0.02283653846153846 0.05
0 0.5784855769230769 0.28932291666666665 0.020432692307692308 0.011979166666666667
0 0.34747596153846155 0.14817708333333332 0.03389423076923077 0.034895833333333334
0 0.48677884615384615 0.8783854166666667 0.02403846153846154 0.016145833333333335
0 0.575360576923077 0.5286458333333334 0.008894230769230769 0.04791666666666667
0 0.32127403846153846 0.5518229166666667 0.02283653846153846 0.06302083333333333
0 0.5852163461538461 0.8260416666666667 0.017548076923076923 0.01875
0 0.2734375 0.21432291666666667 0.007451923076923077 0.05364583333333333
0 0.44879807692307694 0.46015625 0.007692307692307693 0.0484375
0 0.41225961538461536 0.3026041666666667 0.006730769230769231 0.041666666666666664
0 0.5568509615384616 0.35494791666666664 0.02139423076923077 0.033854166666666664
0 0.3534855769230769 0.9278645833333333 0.026201923076923078 0.0140625
0 0.3792067307692308 0.18229166666666666 0.02860576923076923 0.041666666666666664
0 0.48822115384615383 0.22578125 0.022115384615384617 0.04635416666666667
0 0.4567307692307692 0.39817708333333335 0.01971153846153846 0.0390625
0 0.5485576923076924 0.38385416666666666 0.013461538461538462 0.03854166666666667
0 0.45084134615384613 0.7283854166666667 0.024759615384615383 0.021354166666666667
0 0.5280048076923077 0.2203125 0.007932692307692307 0.052083333333333336
0 0.5800480769230769 0.9239583333333333 0.025961538461538463 0.025
0 0.4425480769230769 0.35989583333333336 0.007211538461538462 0.04791666666666667
0 0.41610576923076925 0.22005208333333334 0.011538461538461539 0.04114583333333333
0 0.4247596153846154 0.07552083333333333 0.023557692307692307 0.030208333333333334
0 0.46814903846153844 0.17447916666666666 0.024278846153846154 0.014583333333333334
0 0.5651442307692308 0.08880208333333334 0.02548076923076923 0.0265625
0 0.5401442307692308 0.2760416666666667 0.014423076923076924 0.03333333333333333
0 0.34134615384615385 0.84453125 0.020192307692307693 0.0171875
0 0.4670673076923077 0.35078125 0.013461538461538462 0.043229166666666666
0 0.33185096153846155 0.6875 0.03245192307692308 0.04895833333333333
0 0.5180288461538461 0.8736979166666666 0.019230769230769232 0.0203125
0 0.40084134615384615 0.47994791666666664 0.005528846153846154 0.044270833333333336
0 0.5604567307692307 0.52890625 0.017548076923076923 0.03697916666666667
0 0.43004807692307695 0.2794270833333333 0.0057692307692307696 0.0359375
0 0.5008413461538461 0.22447916666666667 0.021875 0.042708333333333334
0 0.4596153846153846 0.6151041666666667 0.027884615384615386 0.05
0 0.6006009615384615 0.578125 0.008894230769230769 0.03854166666666667
0 0.6263221153846154 0.4244791666666667 0.0069711538461538465 0.052083333333333336
0 0.3730769230769231 0.5677083333333334 0.01826923076923077 0.0125
0 0.41454326923076923 0.47708333333333336 0.01706730769230769 0.010416666666666666
0 0.36370192307692306 0.09427083333333333 0.019230769230769232 0.013541666666666667
0 0.6389423076923076 0.52421875 0.010096153846153847 0.043229166666666666
0 0.5435096153846154 0.08307291666666666 0.021153846153846155 0.04114583333333333
0 0.284375 0.8346354166666666 0.006730769230769231 0.05677083333333333
0 0.5832932692307692 0.059375 0.018028846153846152 0.014583333333333334
0 0.36622596153846154 0.7705729166666667 0.020432692307692308 0.013020833333333334
0 0.27103365384615385 0.83515625 0.01658653846153846 0.021354166666666667
0 0.5721153846153846 0.21875 0.019230769230769232 0.011458333333333333
0 0.5448317307692307 0.7666666666666667 0.006490384615384616 0.052083333333333336
0 0.619951923076923 0.17057291666666666 0.011538461538461539 0.06302083333333333
0 0.4307692307692308 0.16145833333333334 0.022115384615384617 0.015625
0 0.3618990384615385 0.6901041666666666 0.026682692307692307 0.029166666666666667
0 0.3610576923076923 0.8072916666666666 0.04326923076923077 0.051041666666666666
0 0.29423076923076924 0.2669270833333333 0.022115384615384617 0.013020833333333334
0 0.46694711538461536 0.68984375 0.007932692307692307 0.04114583333333333
0 0.5123798076923077 0.47317708333333336 0.019951923076923075 0.0140625
0 0.4359375 0.21302083333333333 0.019951923076923075 0.0125
0 0.5201923076923077 0.6908854166666667 0.007692307692307693 0.03697916666666667
0 0.5953125 0.08932291666666667 0.020913461538461537 0.03177083333333333
0 0.2485576923076923 0.50625 0.012980769230769231 0.04479166666666667
0 0.41177884615384613 0.196875 0.01826923076923077 0.013541666666666667
0 0.5270432692307693 0.5760416666666667 0.014182692307692308 0.04791666666666667
0 0.4128605769230769 0.62578125 0.026682692307692307 0.016145833333333335
0 0.4210336538461538 0.9411458333333333 0.019951923076923075 0.017708333333333333
0 0.4361778846153846 0.6640625 0.021875 0.023958333333333335
0 0.5204326923076923 0.37005208333333334 0.016826923076923076 0.030729166666666665
0 0.5140625 0.65546875 0.0069711538461538465 0.04739583333333333
0 0.5431490384615385 0.32447916666666665 0.018990384615384614 0.034375
0 0.5277644230769231 0.7557291666666667 0.02139423076923077 0.03125
0 0.6383413461538462 0.21953125 0.026201923076923078 0.06614583333333333
0 0.33533653846153844 0.19088541666666667 0.01730769230769231 0.016145833333333335
0 0.4573317307692308 0.7088541666666667 0.01706730769230769 0.030208333333333334
0 0.5264423076923077 0.6549479166666666 0.013942307692307693 0.04010416666666667
0 0.6013221153846153 0.534375 0.010336538461538461 0.046875
0 0.4622596153846154 0.46380208333333334 0.01875 0.019270833333333334
0 0.6439903846153846 0.684375 0.007211538461538462 0.057291666666666664
0 0.3778846153846154 0.08671875 0.016826923076923076 0.015104166666666667
0 0.24158653846153846 0.8440104166666667 0.01875 0.034895833333333334
0 0.5693509615384615 0.6138020833333333 0.03245192307692308 0.05572916666666667
0 0.4405048076923077 0.25755208333333335 0.00985576923076923 0.03697916666666667
0 0.4342548076923077 0.24921875 0.026682692307692307 0.05364583333333333
0 0.5682692307692307 0.1140625 0.020192307692307693 0.016666666666666666
0 0.4877403846153846 0.45 0.021153846153846155 0.016666666666666666
0 0.44158653846153845 0.07708333333333334 0.023557692307692307 0.035416666666666666
0 0.2467548076923077 0.37161458333333336 0.009375 0.05677083333333333
0 0.5486778846153846 0.08177083333333333 0.010817307692307692 0.0375
0 0.5075721153846153 0.50390625 0.024759615384615383 0.0234375
0 0.5401442307692308 0.054427083333333334 0.015384615384615385 0.013020833333333334
0 0.26346153846153847 0.28229166666666666 0.017788461538461538 0.059375
0 0.4924278846153846 0.40598958333333335 0.010817307692307692 0.044270833333333336
0 0.3426682692307692 0.47369791666666666 0.018990384615384614 0.030729166666666665
0 0.4653846153846154 0.8953125 0.012980769230769231 0.0375
0 0.5108173076923077 0.559375 0.011538461538461539 0.04895833333333333
0 0.6495192307692308 0.6096354166666667 0.0125 0.034895833333333334
0 0.4831730769230769 0.16979166666666667 0.011538461538461539 0.026041666666666668
0 0.659375 0.8463541666666666 0.021634615384615384 0.04479166666666667
0 0.6490384615384616 0.7747395833333334 0.02403846153846154 0.030729166666666665
0 0.4478365384615385 0.9213541666666667 0.01730769230769231 0.04375
0 0.6423076923076924 0.30442708333333335 0.025 0.0421875
0 0.434375 0.234375 0.025961538461538463 0.022916666666666665
0 0.5307692307692308 0.3502604166666667 0.022115384615384617 0.0203125
0 0.5189903846153846 0.42473958333333334 0.006730769230769231 0.043229166666666666
0 0.4795673076923077 0.4791666666666667 0.017788461538461538 0.040625
0 0.6272836538461538 0.04583333333333333 0.02860576923076923 0.028125
0 0.5271634615384615 0.409375 0.01730769230769231 0.017708333333333333
0 0.2566105769230769 0.853125 0.00985576923076923 0.06354166666666666
0 0.6501201923076924 0.9354166666666667 0.027644230769230768 0.025
0 0.3217548076923077 0.065625 0.023798076923076922 0.036458333333333336
0 0.42403846153846153 0.8325520833333333 0.03894230769230769 0.09427083333333333
0 0.4104567307692308 0.6575520833333334 0.024278846153846154 0.028645833333333332
0 0.6159855769230769 0.9236979166666667 0.020432692307692308 0.04739583333333333
0 0.3730769230769231 0.94921875 0.019230769230769232 0.011979166666666667
0 0.4138221153846154 0.853125 0.01610576923076923 0.05
0 0.5858173076923077 0.23359375 0.023076923076923078 0.0140625
0 0.2683894230769231 0.8005208333333333 0.011298076923076923 0.057291666666666664
0 0.4461538461538462 0.07057291666666667 0.014423076923076924 0.024479166666666666
0 0.6307692307692307 0.0703125 0.007211538461538462 0.026041666666666668
0 0.5453125 0.7015625 0.006490384615384616 0.040625
0 0.5432692307692307 0.534375 0.01971153846153846 0.021875
0 0.5259615384615385 0.4979166666666667 0.00625 0.042708333333333334
0 0.6165865384615384 0.43411458333333336 0.008653846153846154 0.04010416666666667
0 0.6338942307692308 0.896875 0.020192307692307693 0.035416666666666666
0 0.2721153846153846 0.2950520833333333 0.009615384615384616 0.04114583333333333
0 0.5384615384615384 0.5934895833333333 0.006730769230769231 0.05572916666666667
0 0.2776442307692308 0.29765625 0.021153846153846155 0.04635416666666667
0 0.6342548076923077 0.20572916666666666 0.01658653846153846 0.036458333333333336
0 0.3953125 0.9041666666666667 0.024759615384615383 0.027083333333333334
0 0.5322115384615385 0.9200520833333333 0.009615384615384616 0.04739583333333333
0 0.5191105769230769 0.19322916666666667 0.012740384615384615 0.0125
0 0.6328125 0.1015625 0.013221153846153846 0.021875
0 0.32067307692307695 0.53515625 0.021634615384615384 0.0296875
0 0.6522836538461538 0.5161458333333333 0.011298076923076923 0.040625
0 0.5949519230769231 0.15572916666666667 0.009134615384615385 0.03958333333333333
0 0.6616586538461539 0.815625 0.011298076923076923 0.046875
0 0.5587740384615385 0.62578125 0.013701923076923077 0.022395833333333334
0 0.43786057692307695 0.8106770833333333 0.011298076923076923 0.049479166666666664
0 0.5592548076923077 0.94375 0.02283653846153846 0.013541666666666667
0 0.5695913461538461 0.6294270833333333 0.031971153846153844 0.024479166666666666
0 0.4894230769230769 0.4669270833333333 0.02451923076923077 0.0515625
0 0.551923076923077 0.6354166666666666 0.00625 0.04895833333333333
0 0.43149038461538464 0.8106770833333333 0.02403846153846154 0.050520833333333334
0 0.32019230769230766 0.6880208333333333 0.008653846153846154 0.046875
0 0.5314903846153847 0.33489583333333334 0.023557692307692307 0.051041666666666666
0 0.6370192307692307 0.07213541666666666 0.01971153846153846 0.027604166666666666
0 0.5204326923076923 0.53671875 0.011538461538461539 0.0390625
0 0.31682692307692306 0.08958333333333333 0.023076923076923078 0.021875
0 0.4596153846153846 0.5984375 0.028365384615384615 0.016666666666666666
0 0.2532451923076923 0.8864583333333333 0.01706730769230769 0.05
0 0.575 0.63203125 0.020673076923076922 0.0171875
0 0.5225961538461539 0.9033854166666667 0.028846153846153848 0.0796875
0 0.6448317307692307 0.3734375 0.008413461538461538 0.07708333333333334
0 0.41971153846153847 0.047135416666666666 0.023076923076923078 0.0265625
0 0.40444711538461536 0.6567708333333333 0.012259615384615384 0.026041666666666668
0 0.6182692307692308 0.08020833333333334 0.01201923076923077 0.03958333333333333
0 0.4957932692307692 0.46770833333333334 0.011778846153846154 0.051041666666666666
0 0.6516826923076923 0.8416666666666667 0.007211538461538462 0.036458333333333336
0 0.5479567307692308 0.5877604166666667 0.009375 0.03802083333333333
0 0.6010817307692308 0.06692708333333333 0.007932692307692307 0.0234375
0 0.31153846153846154 0.38255208333333335 0.010576923076923078 0.011979166666666667
0 0.47896634615384615 0.0640625 0.017548076923076923 0.015625
0 0.6049278846153846 0.06927083333333334 0.014663461538461538 0.027083333333333334
0 0.5257211538461538 0.42265625 0.020192307692307693 0.04635416666666667
0 0.6317307692307692 0.9291666666666667 0.009615384615384616 0.03958333333333333
0 0.5379807692307692 0.32734375 0.009134615384615385 0.03802083333333333
0 0.54375 0.2046875 0.015384615384615385 0.017708333333333333
0 0.5055288461538462 0.4140625 0.008653846153846154 0.020833333333333332
0 0.37151442307692306 0.18203125 0.012740384615384615 0.04010416666666667
0 0.6621394230769231 0.8783854166666667 0.01706730769230769 0.05677083333333333
0 0.4383413461538462 0.08932291666666667 0.017548076923076923 0.0140625
0 0.2717548076923077 0.2869791666666667 0.034375 0.06979166666666667
0 0.5722355769230769 0.6052083333333333 0.007932692307692307 0.03958333333333333
0 0.6540865384615384 0.5809895833333333 0.007211538461538462 0.044270833333333336
0 0.43930288461538464 0.9419270833333333 0.018990384615384614 0.021354166666666667
0 0.5568509615384616 0.6354166666666666 0.01658653846153846 0.05
0 0.2778846153846154 0.31223958333333335 0.021153846153846155 0.016145833333333335
0 0.23737980769230768 0.2703125 0.006009615384615385 0.04479166666666667
0 0.25625 0.11041666666666666 0.012980769230769231 0.015625
0 0.47920673076923076 0.41770833333333335 0.007451923076923077 0.023958333333333335
0 0.47247596153846155 0.16979166666666667 0.03341346153846154 0.028125
0 0.2640625 0.3888020833333333 0.010817307692307692 0.03697916666666667
0 0.3713942307692308 0.8221354166666667 0.022596153846153846 0.0203125
0 0.45240384615384616 0.6216145833333333 0.008653846153846154 0.03697916666666667
0 0.28137019230769234 0.5518229166666667 0.023317307692307693 0.025520833333333333
0 0.3646634615384615 0.7028645833333333 0.032692307692307694 0.05572916666666667
0 0.6638221153846153 0.89140625 0.013221153846153846 0.030729166666666665
0 0.3786057692307692 0.4973958333333333 0.006730769230769231 0.04479166666666667
0 0.6397836538461539 0.08072916666666667 0.014663461538461538 0.0125
0 0.33641826923076923 0.08802083333333334 0.02139423076923077 0.020833333333333332
0 0.6097355769230769 0.4552083333333333 0.021875 0.08229166666666667
0 0.24639423076923078 0.35651041666666666 0.009134615384615385 0.028645833333333332
0 0.6379807692307692 0.10260416666666666 0.023076923076923078 0.027083333333333334
0 0.2796875 0.21953125 0.019951923076923075 0.0640625
0 0.6438701923076923 0.884375 0.019471153846153846 0.010416666666666666
0 0.4338942307692308 0.03802083333333333 0.035576923076923075 0.021875
0 0.2782451923076923 0.5768229166666666 0.007451923076923077 0.030729166666666665
0 0.26911057692307694 0.278125 0.008413461538461538 0.05
0 0.3691105769230769 0.50625 0.018509615384615385 0.03333333333333333
0 0.6429086538461538 0.16901041666666666 0.009375 0.0171875
0 0.2688701923076923 0.67578125 0.025721153846153845 0.0796875
0 0.43004807692307695 0.9421875 0.0375 0.021875
0 0.5413461538461538 0.03411458333333333 0.015384615384615385 0.0234375
0 0.47692307692307695 0.02890625 0.017788461538461538 0.011979166666666667
0 0.4123798076923077 0.215625 0.019471153846153846 0.051041666666666666
0 0.33908173076923076 0.26509895833333336 0.021875 0.027604166666666666
0 0.3502403846153846 0.8044270833333333 0.021153846153846155 0.044270833333333336
0 0.45216346153846154 0.7169270833333333 0.027403846153846154 0.04635416666666667
0 0.27524038461538464 0.8348958333333333 0.025 0.058333333333333334
0 0.6506009615384616 0.59296875 0.014182692307692308 0.06822916666666666
0 0.5756009615384615 0.7825520833333334 0.010336538461538461 0.013020833333333334
0 0.36286057692307694 0.4875 0.014663461538461538 0.03854166666666667
0 0.4403846153846154 0.23203125 0.013942307692307693 0.015104166666666667
0 0.6459134615384615 0.7786458333333334 0.01730769230769231 0.016666666666666666
0 0.5222355769230769 0.6552083333333333 0.02283653846153846 0.04895833333333333
0 0.24242788461538461 0.20651041666666667 0.0069711538461538465 0.03802083333333333
0 0.4269230769230769 0.82109375 0.015865384615384615 0.025520833333333333
0 0.4544471153846154 0.2203125 0.007932692307692307 0.034375
0 0.43377403846153845 0.9270833333333334 0.045432692307692306 0.05416666666666667
0 0.41971153846153847 0.6 0.014423076923076924 0.01875
0 0.3004807692307692 0.42213541666666665 0.027403846153846154 0.07864583333333333
0 0.3252403846153846 0.5364583333333334 0.03125 0.09583333333333334
0 0.5192307692307693 0.21614583333333334 0.012980769230769231 0.057291666666666664
0 0.48233173076923075 0.2265625 0.009375 0.04479166666666667
0 0.505048076923077 0.40729166666666666 0.011538461538461539 0.036458333333333336
0 0.5076923076923077 0.3997395833333333 0.015384615384615385 0.050520833333333334
0 0.6348557692307693 0.04375 0.013461538461538462 0.022916666666666665
0 0.34110576923076924 0.1421875 0.021153846153846155 0.021875
0 0.6520432692307693 0.40520833333333334 0.008413461538461538 0.04375
0 0.5182692307692308 0.3770833333333333 0.022596153846153846 0.052083333333333336
0 0.5115384615384615 0.3815104166666667 0.009134615384615385 0.044270833333333336
0 0.38485576923076925 0.4278645833333333 0.015865384615384615 0.0140625
0 0.28197115384615384 0.5583333333333333 0.022115384615384617 0.014583333333333334
0 0.4277644230769231 0.70703125 0.010817307692307692 0.0203125
0 0.3703125 0.090625 0.03245192307692308 0.022916666666666665
0 0.3016826923076923 0.778125 0.041826923076923074 0.052083333333333336
0 0.36754807692307695 0.31640625 0.02451923076923077 0.07552083333333333
0 0.5546875 0.37005208333333334 0.026201923076923078 0.07447916666666667
0 0.24795673076923078 0.26588541666666665 0.005528846153846154 0.04010416666666667
0 0.46526442307692306 0.5971354166666667 0.01658653846153846 0.011979166666666667
0 0.26935096153846155 0.8778645833333333 0.014663461538461538 0.03697916666666667
0 0.4671875 0.3828125 0.006490384615384616 0.030208333333333334
0 0.6622596153846154 0.5921875 0.008653846153846154 0.06458333333333334
0 0.5104567307692308 0.5231770833333333 0.031490384615384615 0.0640625