0 0.46875 0.36484375 0.027884615384615386 0.024479166666666666
0 0.6105769230769231 0.29140625 0.027884615384615386 0.03802083333333333
0 0.3578125 0.15234375 0.02139423076923077 0.0328125
0 0.36646634615384616 0.18671875 0.026682692307692307 0.021354166666666667
0 0.5692307692307692 0.3763020833333333 0.02403846153846154 0.03697916666666667
0 0.30733173076923076 0.18229166666666666 0.017548076923076923 0.040625
0 0.3346153846153846 0.2109375 0.027403846153846154 0.029166666666666667
0 0.36923076923076925 0.6513020833333333 0.013942307692307693 0.0578125
0 0.4074519230769231 0.12447916666666667 0.03028846153846154 0.03958333333333333
0 0.3216346153846154 0.40598958333333335 0.023076923076923078 0.024479166666666666
0 0.39495192307692306 0.30442708333333335 0.03413461538461538 0.0359375
0 0.47247596153846155 0.4546875 0.019951923076923075 0.04479166666666667
0 0.5038461538461538 0.178125 0.016826923076923076 0.030208333333333334
0 0.4485576923076923 0.47890625 0.015865384615384615 0.03177083333333333
0 0.6032451923076924 0.11796875 0.020913461538461537 0.019270833333333334
0 0.4087740384615385 0.27786458333333336 0.019951923076923075 0.025520833333333333
0 0.2747596153846154 0.2171875 0.020192307692307693 0.03229166666666667
0 0.3995192307692308 0.4296875 0.026442307692307692 0.019791666666666666
0 0.3074519230769231 0.7520833333333333 0.020192307692307693 0.04583333333333333
0 0.5737980769230769 0.10208333333333333 0.027884615384615386 0.014583333333333334
0 0.42235576923076923 0.48802083333333335 0.007692307692307693 0.051041666666666666
0 0.5407451923076924 0.0765625 0.017548076923076923 0.023958333333333335
0 0.4387019230769231 0.2526041666666667 0.010096153846153847 0.053125
0 0.4246394230769231 0.80234375 0.024278846153846154 0.022395833333333334
0 0.33389423076923075 0.4401041666666667 0.012980769230769231 0.051041666666666666
0 0.5823317307692307 0.3072916666666667 0.009375 0.05416666666666667
0 0.30733173076923076 0.23723958333333334 0.013701923076923077 0.03802083333333333
0 0.3158653846153846 0.29791666666666666 0.023557692307692307 0.036458333333333336
0 0.4893028846153846 0.14036458333333332 0.018509615384615385 0.0234375
0 0.5377403846153846 0.12447916666666667 0.014903846153846155 0.046875
0 0.43233173076923076 0.63125 0.023798076923076922 0.03854166666666667
0 0.606610576923077 0.06380208333333333 0.00985576923076923 0.03697916666666667
0 0.5662259615384615 0.13203125 0.02283653846153846 0.018229166666666668
0 0.6146634615384615 0.13723958333333333 0.017788461538461538 0.0390625
0 0.33353365384615385 0.5466145833333333 0.026682692307692307 0.059895833333333336
0 0.40444711538461536 0.7 0.011778846153846154 0.026041666666666668
0 0.39663461538461536 0.7984375 0.021634615384615384 0.030208333333333334
0 0.3091346153846154 0.9192708333333334 0.023076923076923078 0.019791666666666666
0 0.5645432692307693 0.203125 0.026682692307692307 0.052083333333333336
0 0.26947115384615383 0.2669270833333333 0.01875 0.03697916666666667
0 0.4168269230769231 0.15546875 0.016826923076923076 0.019270833333333334
0 0.3897836538461538 0.8596354166666667 0.023317307692307693 0.04010416666666667
0 0.3138221153846154 0.4875 0.010336538461538461 0.04791666666666667
0 0.44459134615384616 0.5653645833333333 0.020913461538461537 0.0234375
0 0.6268028846153846 0.6130208333333333 0.01658653846153846 0.051041666666666666
0 0.47584134615384616 0.5596354166666667 0.013701923076923077 0.0515625
0 0.3361778846153846 0.95234375 0.03341346153846154 0.027604166666666666
0 0.46322115384615387 0.7796875 0.023076923076923078 0.020833333333333332
0 0.4347355769230769 0.6630208333333333 0.018990384615384614 0.030208333333333334
0 0.2953125 0.41744791666666664 0.00985576923076923 0.0515625
0 0.26911057692307694 0.6932291666666667 0.021875 0.03229166666666667
0 0.5949519230769231 0.6317708333333333 0.01826923076923077 0.034375
0 0.2689903846153846 0.33567708333333335 0.008173076923076924 0.04635416666666667
0 0.6096153846153847 0.36380208333333336 0.028846153846153848 0.05572916666666667
0 0.38966346153846154 0.34140625 0.021634615384615384 0.0203125
0 0.5121394230769231 0.47708333333333336 0.012259615384615384 0.052083333333333336
0 0.4186298076923077 0.8421875 0.039663461538461536 0.03229166666666667
0 0.2810096153846154 0.8291666666666667 0.01826923076923077 0.04479166666666667
0 0.3606971153846154 0.2752604166666667 0.013221153846153846 0.024479166666666666
0 0.49771634615384613 0.30625 0.011778846153846154 0.0375
0 0.3487980769230769 0.3411458333333333 0.021634615384615384 0.030208333333333334
0 0.35889423076923077 0.7122395833333334 0.02451923076923077 0.0671875
0 0.2484375 0.6703125 0.019951923076923075 0.030208333333333334
0 0.6497596153846154 0.87421875 0.022596153846153846 0.0359375
0 0.6126201923076923 0.23020833333333332 0.014663461538461538 0.027083333333333334
0 0.3373798076923077 0.7546875 0.023798076923076922 0.017708333333333333
0 0.4873798076923077 0.7721354166666666 0.02716346153846154 0.0203125
0 0.625 0.4015625 0.029326923076923077 0.052083333333333336
0 0.4676682692307692 0.65703125 0.020432692307692308 0.03177083333333333
0 0.6210336538461538 0.10286458333333333 0.015625 0.03802083333333333
0 0.33365384615384613 0.634375 0.019230769230769232 0.011458333333333333
0 0.29314903846153845 0.9541666666666667 0.02283653846153846 0.015625
0 0.6430288461538461 0.4822916666666667 0.020673076923076922 0.03229166666666667
0 0.6151442307692307 0.3580729166666667 0.01730769230769231 0.0453125
0 0.2854567307692308 0.6869791666666667 0.015625 0.042708333333333334
0 0.3841346153846154 0.56484375 0.01875 0.0140625
0 0.4182692307692308 0.37916666666666665 0.013942307692307693 0.03958333333333333
0 0.45877403846153847 0.7223958333333333 0.013701923076923077 0.05416666666666667
0 0.2784855769230769 0.9106770833333333 0.03245192307692308 0.043229166666666666
0 0.5620192307692308 0.2526041666666667 0.0125 0.03854166666666667
0 0.37067307692307694 0.38307291666666665 0.019230769230769232 0.04010416666666667
0 0.3205528846153846 0.8921875 0.01514423076923077 0.0375
0 0.5828125 0.6622395833333333 0.02283653846153846 0.0328125
0 0.2703125 0.5854166666666667 0.020913461538461537 0.04479166666666667
0 0.4307692307692308 0.3971354166666667 0.032692307692307694 0.034895833333333334
0 0.5951923076923077 0.75 0.022596153846153846 0.020833333333333332
0 0.49483173076923076 0.8786458333333333 0.02139423076923077 0.026041666666666668
0 0.5197115384615385 0.175 0.007692307692307693 0.040625
0 0.5685096153846154 0.06536458333333334 0.017788461538461538 0.024479166666666666
0 0.4106971153846154 0.06067708333333333 0.017548076923076923 0.0234375
0 0.4461538461538462 0.30911458333333336 0.006730769230769231 0.043229166666666666
0 0.5643028846153846 0.3255208333333333 0.011298076923076923 0.028125
0 0.3251201923076923 0.8458333333333333 0.023317307692307693 0.03854166666666667
0 0.2893028846153846 0.3151041666666667 0.008894230769230769 0.046875
0 0.5197115384615385 0.13880208333333333 0.016346153846153847 0.0296875
0 0.6147836538461539 0.6638020833333333 0.0069711538461538465 0.0546875
0 0.3030048076923077 0.2635416666666667 0.020432692307692308 0.019791666666666666
0 0.2854567307692308 0.6026041666666667 0.010336538461538461 0.041666666666666664
0 0.5098557692307693 0.71484375 0.017788461538461538 0.043229166666666666
0 0.6094951923076923 0.50390625 0.014182692307692308 0.05260416666666667
0 0.5144230769230769 0.11796875 0.023557692307692307 0.033854166666666664
0 0.35252403846153846 0.41744791666666664 0.007451923076923077 0.0484375
0 0.6252403846153847 0.17005208333333333 0.023076923076923078 0.016145833333333335
0 0.5917067307692307 0.23932291666666666 0.020432692307692308 0.0390625
0 0.3219951923076923 0.17552083333333332 0.006490384615384616 0.04895833333333333
0 0.2905048076923077 0.5348958333333333 0.0069711538461538465 0.051041666666666666
0 0.4689903846153846 0.9231770833333334 0.020192307692307693 0.03177083333333333
0 0.6344951923076924 0.05520833333333333 0.018028846153846152 0.046875
0 0.2628605769230769 0.5075520833333333 0.025721153846153845 0.0171875
0 0.49591346153846155 0.2640625 0.0057692307692307696 0.03854166666666667
0 0.3798076923076923 0.058333333333333334 0.021153846153846155 0.013541666666666667
0 0.37295673076923075 0.45416666666666666 0.019471153846153846 0.06041666666666667
0 0.4419471153846154 0.8966145833333333 0.02139423076923077 0.03802083333333333
0 0.3251201923076923 0.7783854166666667 0.010336538461538461 0.043229166666666666
0 0.5746394230769231 0.5729166666666666 0.018028846153846152 0.035416666666666666
0 0.5552884615384616 0.90703125 0.021634615384615384 0.021354166666666667
0 0.2826923076923077 0.803125 0.022596153846153846 0.025
0 0.5503605769230769 0.52109375 0.014663461538461538 0.033854166666666664
0 0.26334134615384613 0.9286458333333333 0.025240384615384616 0.016666666666666666
0 0.5310096153846153 0.6080729166666666 0.019230769230769232 0.05677083333333333
0 0.45685096153846155 0.8890625 0.023798076923076922 0.014583333333333334
0 0.5497596153846154 0.8669270833333333 0.02403846153846154 0.034895833333333334
0 0.5475961538461539 0.3177083333333333 0.014423076923076924 0.023958333333333335
0 0.24350961538461538 0.6447916666666667 0.0125 0.041666666666666664
0 0.6463942307692307 0.34140625 0.022596153846153846 0.04010416666666667
0 0.5348557692307693 0.5317708333333333 0.019230769230769232 0.019791666666666666
0 0.3609375 0.4861979166666667 0.020913461538461537 0.024479166666666666
0 0.36201923076923076 0.040364583333333336 0.021153846153846155 0.0171875
0 0.5485576923076924 0.284375 0.011538461538461539 0.03125
0 0.4076923076923077 0.8723958333333334 0.013942307692307693 0.051041666666666666
0 0.3931490384615385 0.5966145833333333 0.019951923076923075 0.0421875
0 0.5600961538461539 0.05260416666666667 0.012980769230769231 0.019791666666666666
0 0.5336538461538461 0.7083333333333334 0.02403846153846154 0.034375
0 0.48425480769230766 0.496875 0.015625 0.042708333333333334
0 0.518389423076923 0.040625 0.01706730769230769 0.01875
0 0.27103365384615385 0.17526041666666667 0.017548076923076923 0.0328125
0 0.5883413461538461 0.56875 0.006490384615384616 0.05
0 0.3038461538461538 0.8479166666666667 0.01875 0.013541666666666667
0 0.26514423076923077 0.8473958333333333 0.009615384615384616 0.04583333333333333
0 0.24314903846153846 0.9359375 0.01514423076923077 0.027083333333333334
0 0.4971153846153846 0.6177083333333333 0.00625 0.052083333333333336
0 0.31262019230769234 0.6424479166666667 0.012740384615384615 0.04114583333333333
0 0.5081730769230769 0.31015625 0.00625 0.049479166666666664
0 0.6272836538461538 0.5208333333333334 0.019471153846153846 0.0625
0 0.5643028846153846 0.47317708333333336 0.00985576923076923 0.0515625
0 0.6340144230769231 0.6846354166666667 0.01658653846153846 0.0515625
0 0.6256009615384616 0.50859375 0.015625 0.0390625
0 0.30733173076923076 0.6791666666666667 0.019951923076923075 0.0375
0 0.37319711538461536 0.43671875 0.019471153846153846 0.0265625
0 0.5460336538461539 0.5755208333333334 0.010336538461538461 0.04791666666666667
0 0.5971153846153846 0.90546875 0.01971153846153846 0.0234375
0 0.5347355769230769 0.5484375 0.018990384615384614 0.053125
0 0.5115384615384615 0.55859375 0.007692307692307693 0.0515625
0 0.4854567307692308 0.5942708333333333 0.00985576923076923 0.04479166666666667
0 0.2528846153846154 0.71015625 0.009615384615384616 0.04739583333333333
0 0.6265625 0.75 0.007451923076923077 0.06458333333333334
0 0.446875 0.2828125 0.008653846153846154 0.09583333333333334
0 0.5537259615384615 0.6674479166666667 0.018028846153846152 0.033854166666666664
0 0.6176682692307692 0.7528645833333333 0.007451923076923077 0.044270833333333336
0 0.6431490384615385 0.7861979166666667 0.02235576923076923 0.0171875
0 0.6442307692307693 0.30442708333333335 0.0125 0.044270833333333336
0 0.24266826923076923 0.27291666666666664 0.009375 0.046875
0 0.5205528846153846 0.07630208333333334 0.014182692307692308 0.0140625
0 0.5778846153846153 0.4705729166666667 0.008653846153846154 0.03802083333333333
0 0.5835336538461539 0.028125 0.010336538461538461 0.025
0 0.265625 0.7627604166666667 0.015865384615384615 0.024479166666666666
0 0.5453125 0.39869791666666665 0.006490384615384616 0.044270833333333336
0 0.5111778846153846 0.94609375 0.021875 0.015104166666666667
0 0.4125 0.5609375 0.008653846153846154 0.04895833333333333
0 0.4203125 0.9348958333333334 0.009375 0.03958333333333333
0 0.32379807692307694 0.3145833333333333 0.016826923076923076 0.014583333333333334
0 0.5655048076923077 0.8643229166666667 0.018509615384615385 0.0265625
0 0.3091346153846154 0.08932291666666667 0.007692307692307693 0.059895833333333336
0 0.3403846153846154 0.7875 0.020192307692307693 0.014583333333333334
0 0.5853365384615384 0.91015625 0.007211538461538462 0.0609375
0 0.3717548076923077 0.396875 0.017548076923076923 0.016666666666666666
0 0.4060096153846154 0.5765625 0.022115384615384617 0.07916666666666666
0 0.44603365384615384 0.06432291666666666 0.01706730769230769 0.024479166666666666
0 0.2751201923076923 0.04453125 0.059375 0.03697916666666667
0 0.5508413461538462 0.4661458333333333 0.01658653846153846 0.034375
0 0.32211538461538464 0.08359375 0.007692307692307693 0.04635416666666667
0 0.24110576923076923 0.8645833333333334 0.013942307692307693 0.042708333333333334
0 0.6308894230769231 0.9171875 0.023317307692307693 0.016666666666666666
0 0.5650240384615385 0.7013020833333333 0.024278846153846154 0.024479166666666666
0 0.6503605769230769 0.24140625 0.011778846153846154 0.043229166666666666
0 0.6296875 0.22005208333333334 0.00985576923076923 0.06302083333333333
0 0.4483173076923077 0.25729166666666664 0.00625 0.04375
0 0.5423076923076923 0.71640625 0.020192307692307693 0.0171875
0 0.6240384615384615 0.8486979166666667 0.019230769230769232 0.0265625
0 0.5484375 0.7447916666666666 0.020913461538461537 0.019791666666666666
0 0.5612980769230769 0.21979166666666666 0.020192307692307693 0.020833333333333332
0 0.2549278846153846 0.2796875 0.005528846153846154 0.03229166666666667
0 0.6447115384615385 0.6572916666666667 0.009615384615384616 0.042708333333333334
0 0.5106971153846154 0.8427083333333333 0.010817307692307692 0.053125
0 0.5609375 0.7828125 0.020913461538461537 0.065625
0 0.2670673076923077 0.7393229166666667 0.016826923076923076 0.0171875
0 0.5268028846153846 0.6484375 0.023317307692307693 0.019791666666666666
0 0.25540865384615385 0.49609375 0.040625 0.04114583333333333
0 0.5239182692307692 0.60390625 0.0069711538461538465 0.04739583333333333
0 0.22944711538461537 0.390625 0.008413461538461538 0.042708333333333334
0 0.5263221153846154 0.66796875 0.015625 0.027604166666666666
0 0.6473557692307692 0.41328125 0.013461538461538462 0.050520833333333334
0 0.5616586538461539 0.7338541666666667 0.01514423076923077 0.035416666666666666
0 0.6311298076923076 0.17682291666666666 0.03533653846153846 0.03177083333333333
0 0.6400240384615384 0.9317708333333333 0.04158653846153846 0.046875
0 0.6294471153846154 0.5348958333333333 0.018509615384615385 0.035416666666666666
0 0.6037259615384616 0.38177083333333334 0.01706730769230769 0.019791666666666666
0 0.41478365384615384 0.12083333333333333 0.01610576923076923 0.03229166666666667
0 0.5061298076923076 0.9244791666666666 0.021875 0.014583333333333334
0 0.6475961538461539 0.8390625 0.020192307692307693 0.030208333333333334
0 0.6401442307692308 0.34427083333333336 0.010096153846153847 0.03125
0 0.3313701923076923 0.6786458333333333 0.06947115384615385 0.040625
0 0.3661057692307692 0.7229166666666667 0.010576923076923078 0.04583333333333333
0 0.24735576923076924 0.9466145833333334 0.02403846153846154 0.0484375
0 0.240625 0.47682291666666665 0.017788461538461538 0.0453125
0 0.5265625 0.6604166666666667 0.023317307692307693 0.042708333333333334
0 0.6459134615384615 0.13932291666666666 0.015865384615384615 0.049479166666666664
0 0.6366586538461538 0.19479166666666667 0.023798076923076922 0.046875
0 0.5921875 0.22864583333333333 0.019471153846153846 0.016666666666666666
0 0.5483173076923077 0.7666666666666667 0.021153846153846155 0.06354166666666666
0 0.28689903846153847 0.7447916666666666 0.025721153846153845 0.017708333333333333
0 0.5625 0.8044270833333333 0.017788461538461538 0.022395833333333334
0 0.6360576923076923 0.4356770833333333 0.017788461538461538 0.013020833333333334
0 0.65 0.13802083333333334 0.009134615384615385 0.04479166666666667
0 0.2567307692307692 0.14036458333333332 0.015865384615384615 0.0390625
0 0.478125 0.019791666666666666 0.023557692307692307 0.013541666666666667
0 0.6600961538461538 0.6736979166666667 0.0125 0.030729166666666665
0 0.46526442307692306 0.05520833333333333 0.009375 0.03333333333333333
0 0.25540865384615385 0.08046875 0.021875 0.03802083333333333
0 0.4662259615384615 0.49557291666666664 0.008413461538461538 0.030729166666666665
0 0.25 0.9591145833333333 0.01826923076923077 0.025520833333333333
0 0.4439903846153846 0.04869791666666667 0.015384615384615385 0.025520833333333333
0 0.5485576923076924 0.68046875 0.023076923076923078 0.0234375
0 0.5539663461538461 0.77421875 0.007932692307692307 0.049479166666666664
0 0.2907451923076923 0.9856770833333334 0.018509615384615385 0.013020833333333334
0 0.5217548076923076 0.8151041666666666 0.0069711538461538465 0.05520833333333333
0 0.3707932692307692 0.040364583333333336 0.03822115384615385 0.0203125
0 0.47836538461538464 0.9463541666666667 0.021153846153846155 0.013541666666666667
0 0.23701923076923076 0.8536458333333333 0.015384615384615385 0.029166666666666667
0 0.46935096153846156 0.5216145833333333 0.006490384615384616 0.050520833333333334
0 0.24759615384615385 0.20104166666666667 0.015865384615384615 0.05
0 0.6426682692307693 0.06640625 0.013701923076923077 0.028645833333333332
0 0.5230769230769231 0.88828125 0.010576923076923078 0.04635416666666667
0 0.5872596153846154 0.06588541666666667 0.013461538461538462 0.024479166666666666
0 0.3425480769230769 0.54296875 0.009134615384615385 0.050520833333333334
0 0.24110576923076923 0.8744791666666667 0.011538461538461539 0.023958333333333335
0 0.2644230769230769 0.15677083333333333 0.03125 0.07083333333333333
0 0.6501201923076924 0.9393229166666667 0.020913461538461537 0.03177083333333333
0 0.5449519230769231 0.43645833333333334 0.007211538461538462 0.023958333333333335
0 0.6587740384615385 0.5940104166666667 0.009375 0.07552083333333333
0 0.24290865384615384 0.4875 0.01514423076923077 0.028125
0 0.40444711538461536 0.5958333333333333 0.018990384615384614 0.040625
0 0.5707932692307692 0.4817708333333333 0.02139423076923077 0.07083333333333333
0 0.2344951923076923 0.8625 0.026201923076923078 0.04895833333333333
0 0.2300480769230769 0.27578125 0.00625 0.0546875
0 0.23677884615384615 0.40963541666666664 0.007692307692307693 0.0578125
0 0.5871394230769231 0.24088541666666666 0.010817307692307692 0.0359375
0 0.39603365384615385 0.91171875 0.010817307692307692 0.03177083333333333
0 0.47620192307692305 0.034375 0.027403846153846154 0.019791666666666666
0 0.6526442307692307 0.7518229166666667 0.019230769230769232 0.044270833333333336
0 0.23233173076923078 0.1984375 0.00985576923076923 0.042708333333333334
0 0.4001201923076923 0.9223958333333333 0.019471153846153846 0.053125
0 0.24771634615384616 0.6536458333333334 0.02139423076923077 0.06145833333333333
0 0.3856971153846154 0.5580729166666667 0.02139423076923077 0.0265625
0 0.29459134615384613 0.07682291666666667 0.020913461538461537 0.0171875
0 0.5723557692307693 0.503125 0.008653846153846154 0.027083333333333334
0 0.5556490384615385 0.26614583333333336 0.025721153846153845 0.06666666666666667
0 0.49399038461538464 0.39505208333333336 0.01875 0.0234375
0 0.49627403846153845 0.40338541666666666 0.021875 0.034895833333333334
0 0.2546875 0.37734375 0.014182692307692308 0.027604166666666666
0 0.4671875 0.5138020833333333 0.010336538461538461 0.06614583333333333
0 0.6191105769230769 0.41354166666666664 0.017548076923076923 0.027083333333333334
0 0.5549278846153847 0.3229166666666667 0.030528846153846153 0.035416666666666666
0 0.5561298076923077 0.69140625 0.04014423076923077 0.043229166666666666
0 0.6308894230769231 0.5453125 0.01610576923076923 0.013541666666666667
0 0.6328125 0.39010416666666664 0.013221153846153846 0.030208333333333334
0 0.6296875 0.23098958333333333 0.0069711538461538465 0.04114583333333333
0 0.3036057692307692 0.24557291666666667 0.022115384615384617 0.05364583333333333
0 0.31153846153846154 0.17708333333333334 0.026442307692307692 0.05520833333333333
0 0.6603365384615385 0.6888020833333334 0.0125 0.059895833333333336
0 0.6401442307692308 0.18177083333333333 0.01730769230769231 0.021875
0 0.6299278846153846 0.20416666666666666 0.010336538461538461 0.035416666666666666
0 0.6528846153846154 0.9111979166666667 0.021634615384615384 0.03177083333333333
0 0.27908653846153847 0.7421875 0.04038461538461539 0.023958333333333335
0 0.48088942307692306 0.03854166666666667 0.017548076923076923 0.0125
0 0.49627403846153845 0.3072916666666667 0.023317307692307693 0.041666666666666664
0 0.30516826923076923 0.6442708333333333 0.029086538461538462 0.04583333333333333
0 0.5367788461538462 0.5583333333333333 0.006730769230769231 0.03333333333333333
0 0.35504807692307694 0.6986979166666667 0.016826923076923076 0.0390625
0 0.5787259615384616 0.56796875 0.026201923076923078 0.05260416666666667
0 0.5032451923076923 0.12630208333333334 0.04591346153846154 0.05260416666666667
0 0.23461538461538461 0.47265625 0.006730769230769231 0.03802083333333333
0 0.3496394230769231 0.3190104166666667 0.007932692307692307 0.033854166666666664
0 0.5943509615384616 0.9098958333333333 0.025240384615384616 0.06145833333333333
0 0.5679086538461539 0.19322916666666667 0.019471153846153846 0.03333333333333333