0 0.18098958333333334 0.5873798076923077 0.03802083333333333 0.020432692307692308
0 0.5609375 0.5552884615384616 0.04583333333333333 0.014423076923076924
0 0.3653645833333333 0.2909855769230769 0.0421875 0.010336538461538461
0 0.28619791666666666 0.4425480769230769 0.033854166666666664 0.021153846153846155
0 0.19375 0.61875 0.0625 0.026923076923076925
0 0.5661458333333333 0.44735576923076925 0.03125 0.029326923076923077
0 0.65703125 0.33028846153846153 0.030729166666666665 0.02451923076923077
0 0.84921875 0.3188701923076923 0.033854166666666664 0.025721153846153845
0 0.078125 0.2640625 0.04895833333333333 0.020913461538461537
0 0.22578125 0.3405048076923077 0.06614583333333333 0.024278846153846154
0 0.7682291666666666 0.44627403846153846 0.027083333333333334 0.011778846153846154
0 0.36354166666666665 0.6181490384615385 0.06354166666666666 0.011298076923076923
0 0.7828125 0.4679086538461538 0.0375 0.018990384615384614
0 0.15833333333333333 0.23846153846153847 0.030208333333333334 0.025
0 0.6197916666666666 0.5512019230769231 0.04895833333333333 0.026923076923076925
0 0.26510416666666664 0.6002403846153846 0.04583333333333333 0.011538461538461539
0 0.7080729166666667 0.5764423076923076 0.0171875 0.022115384615384617
0 0.5510416666666667 0.5051682692307692 0.04479166666666667 0.010336538461538461
0 0.4552083333333333 0.6194711538461538 0.040625 0.006730769230769231
0 0.3419270833333333 0.49314903846153846 0.04114583333333333 0.012740384615384615
0 0.19817708333333334 0.2854567307692308 0.05677083333333333 0.013221153846153846
0 0.26067708333333334 0.5175480769230769 0.03697916666666667 0.02548076923076923
0 0.20729166666666668 0.42932692307692305 0.04791666666666667 0.02980769230769231
0 0.5299479166666666 0.6453125 0.033854166666666664 0.01706730769230769
0 0.16484375 0.3060096153846154 0.0421875 0.013461538461538462
0 0.39114583333333336 0.5555288461538461 0.042708333333333334 0.011057692307692308
0 0.47109375 0.44759615384615387 0.0265625 0.012980769230769231
0 0.12734375 0.5225961538461539 0.022395833333333334 0.020673076923076922
0 0.34375 0.3518028846153846 0.04791666666666667 0.008413461538461538
0 0.20989583333333334 0.5663461538461538 0.041666666666666664 0.010576923076923078
0 0.46067708333333335 0.35889423076923077 0.04114583333333333 0.010096153846153847
0 0.5453125 0.6158653846153846 0.023958333333333335 0.015865384615384615
0 0.6158854166666666 0.31850961538461536 0.034895833333333334 0.0125
0 0.3151041666666667 0.3933894230769231 0.057291666666666664 0.018509615384615385
0 0.6856770833333333 0.3306490384615385 0.021354166666666667 0.023317307692307693
0 0.15052083333333333 0.31935096153846154 0.041666666666666664 0.017548076923076923
0 0.38125 0.3992788461538462 0.026041666666666668 0.022596153846153846
0 0.5651041666666666 0.4871394230769231 0.046875 0.019951923076923075
0 0.246875 0.4966346153846154 0.03958333333333333 0.008653846153846154
0 0.32109375 0.5450721153846154 0.05677083333333333 0.017548076923076923
0 0.5184895833333333 0.4594951923076923 0.05260416666666667 0.01514423076923077
0 0.6044270833333333 0.26514423076923077 0.0421875 0.011057692307692308
0 0.28463541666666664 0.35901442307692305 0.033854166666666664 0.018509615384615385
0 0.60703125 0.35564903846153845 0.043229166666666666 0.017548076923076923
0 0.37447916666666664 0.6527644230769231 0.03333333333333333 0.011778846153846154
0 0.81171875 0.4366586538461538 0.033854166666666664 0.013701923076923077
0 0.8283854166666667 0.5009615384615385 0.015104166666666667 0.023557692307692307
0 0.12994791666666666 0.28497596153846155 0.0421875 0.02235576923076923
0 0.2359375 0.39903846153846156 0.019791666666666666 0.029326923076923077
0 0.17057291666666666 0.2597355769230769 0.05364583333333333 0.008413461538461538
0 0.43463541666666666 0.549639423076923 0.028645833333333332 0.02283653846153846
0 0.29375 0.26778846153846153 0.059375 0.01201923076923077
0 0.3921875 0.5777644230769231 0.04479166666666667 0.006009615384615385
0 0.32760416666666664 0.4799278846153846 0.04791666666666667 0.014663461538461538
0 0.24270833333333333 0.32127403846153846 0.05 0.010336538461538461
0 0.08541666666666667 0.4043269230769231 0.07083333333333333 0.026442307692307692
0 0.6166666666666667 0.3387019230769231 0.022916666666666665 0.01730769230769231
0 0.8799479166666667 0.47307692307692306 0.015104166666666667 0.021153846153846155
0 0.09166666666666666 0.35120192307692305 0.022916666666666665 0.027403846153846154
0 0.06953125 0.3155048076923077 0.028645833333333332 0.024759615384615383
0 0.37395833333333334 0.23737980769230768 0.03958333333333333 0.01514423076923077
0 0.4388020833333333 0.2844951923076923 0.044270833333333336 0.00985576923076923
0 0.22239583333333332 0.5378605769230769 0.06145833333333333 0.02716346153846154
0 0.3846354166666667 0.6338942307692308 0.05364583333333333 0.010576923076923078
0 0.9057291666666667 0.46802884615384616 0.021875 0.022596153846153846
0 0.3380208333333333 0.425 0.027083333333333334 0.01971153846153846
0 0.5424479166666667 0.3167067307692308 0.030729166666666665 0.021875
0 0.8174479166666667 0.3479567307692308 0.0171875 0.02235576923076923
0 0.63671875 0.5646634615384616 0.030729166666666665 0.007692307692307693
0 0.6895833333333333 0.4873798076923077 0.051041666666666666 0.012259615384615384
0 0.5885416666666666 0.5270432692307693 0.042708333333333334 0.008413461538461538
0 0.6924479166666667 0.6170673076923077 0.033854166666666664 0.015384615384615385
0 0.44895833333333335 0.5395432692307692 0.030208333333333334 0.02139423076923077
0 0.340625 0.45853365384615385 0.01875 0.01610576923076923
0 0.5166666666666667 0.32271634615384615 0.03333333333333333 0.007451923076923077
0 0.5921875 0.3959134615384615 0.014583333333333334 0.023557692307692307
0 0.06822916666666666 0.4911057692307692 0.028125 0.027403846153846154
0 0.13541666666666666 0.41009615384615383 0.028125 0.021153846153846155
0 0.340625 0.3887019230769231 0.014583333333333334 0.026442307692307692
0 0.20078125 0.5147836538461539 0.049479166666666664 0.0069711538461538465
0 0.3028645833333333 0.5518028846153846 0.04010416666666667 0.008413461538461538
0 0.8575520833333333 0.5877403846153846 0.034895833333333334 0.016346153846153847
0 0.7234375 0.6262019230769231 0.051041666666666666 0.01201923076923077
0 0.25755208333333335 0.6400240384615384 0.058854166666666666 0.0069711538461538465
0 0.7088541666666667 0.3811298076923077 0.027083333333333334 0.008413461538461538
0 0.06171875 0.43533653846153847 0.03802083333333333 0.019230769230769232
0 0.48046875 0.5383413461538461 0.0453125 0.008894230769230769
0 0.83984375 0.45108173076923075 0.04010416666666667 0.024759615384615383
0 0.70546875 0.5257211538461538 0.0296875 0.0125
0 0.7328125 0.5409855769230769 0.015625 0.026682692307692307
0 0.41484375 0.4905048076923077 0.06510416666666667 0.02235576923076923
0 0.5348958333333333 0.5469951923076923 0.041666666666666664 0.0069711538461538465
0 0.18619791666666666 0.3917067307692308 0.06822916666666666 0.037259615384615384
0 0.2643229166666667 0.2421875 0.0484375 0.010336538461538461
0 0.8903645833333333 0.3370192307692308 0.0140625 0.02403846153846154
0 0.48098958333333336 0.4 0.0296875 0.014903846153846155
0 0.15807291666666667 0.5841346153846154 0.0390625 0.02451923076923077
0 0.8138020833333334 0.5742788461538462 0.04635416666666667 0.027403846153846154
0 0.7388020833333333 0.29002403846153846 0.0609375 0.019471153846153846
0 0.17447916666666666 0.5009615384615385 0.051041666666666666 0.006730769230769231
0 0.82734375 0.27548076923076925 0.050520833333333334 0.01875
0 0.07682291666666667 0.5210336538461539 0.016145833333333335 0.029086538461538462
0 0.51484375 0.42199519230769234 0.050520833333333334 0.024278846153846154
0 0.7427083333333333 0.5723557692307693 0.03958333333333333 0.022115384615384617
0 0.04895833333333333 0.4719951923076923 0.04375 0.01514423076923077
0 0.8635416666666667 0.3984375 0.040625 0.019471153846153846
0 0.6979166666666666 0.5389423076923077 0.042708333333333334 0.017788461538461538
0 0.31197916666666664 0.2546875 0.051041666666666666 0.006009615384615385
0 0.3109375 0.30540865384615384 0.057291666666666664 0.011298076923076923
0 0.26328125 0.6569711538461539 0.0546875 0.008173076923076924
0 0.8315104166666667 0.6269230769230769 0.04010416666666667 0.012980769230769231
0 0.56015625 0.5389423076923077 0.04739583333333333 0.006730769230769231
0 0.48671875 0.6040865384615385 0.0171875 0.01826923076923077
0 0.34088541666666666 0.43509615384615385 0.04635416666666667 0.013461538461538462
0 0.8705729166666667 0.5657451923076923 0.016145833333333335 0.023317307692307693
0 0.10833333333333334 0.5444711538461539 0.04791666666666667 0.0057692307692307696
0 0.3 0.23497596153846154 0.052083333333333336 0.015625
0 0.10026041666666667 0.6240384615384615 0.018229166666666668 0.022596153846153846
0 0.89140625 0.42620192307692306 0.019270833333333334 0.015384615384615385
0 0.9184895833333333 0.5866586538461539 0.0765625 0.019471153846153846
0 0.06171875 0.46021634615384616 0.05572916666666667 0.010817307692307692
0 0.11536458333333334 0.5618990384615384 0.044270833333333336 0.013701923076923077
0 0.43697916666666664 0.490625 0.020833333333333332 0.022115384615384617
0 0.6752604166666667 0.5538461538461539 0.013020833333333334 0.03028846153846154
0 0.228125 0.23040865384615383 0.058333333333333334 0.0069711538461538465
0 0.14661458333333333 0.4461538461538462 0.059895833333333336 0.032692307692307694
0 0.5020833333333333 0.3479567307692308 0.046875 0.018990384615384614
0 0.32734375 0.27103365384615385 0.015104166666666667 0.020913461538461537
0 0.058333333333333334 0.6213942307692307 0.06145833333333333 0.01730769230769231
0 0.15625 0.4625 0.041666666666666664 0.015865384615384615
0 0.17552083333333332 0.6389423076923076 0.036458333333333336 0.010576923076923078
0 0.1359375 0.35709134615384613 0.014583333333333334 0.024759615384615383
0 0.09375 0.47644230769230766 0.0125 0.017788461538461538
0 0.21875 0.3144230769230769 0.075 0.022115384615384617
0 0.071875 0.3872596153846154 0.05416666666666667 0.008653846153846154
0 0.19166666666666668 0.3811298076923077 0.057291666666666664 0.015625
0 0.18489583333333334 0.6474759615384615 0.05416666666666667 0.02860576923076923
0 0.77109375 0.5820913461538462 0.016145833333333335 0.01610576923076923
0 0.1640625 0.47620192307692305 0.034375 0.01826923076923077
0 0.17708333333333334 0.48822115384615383 0.021875 0.019230769230769232
0 0.15963541666666667 0.6533653846153846 0.018229166666666668 0.021634615384615384
0 0.8690104166666667 0.44495192307692305 0.06302083333333333 0.01730769230769231
0 0.7783854166666667 0.6334134615384616 0.0296875 0.01826923076923077
0 0.86171875 0.2628605769230769 0.0578125 0.03389423076923077
0 0.2453125 0.3646634615384615 0.046875 0.009615384615384616
0 0.47682291666666665 0.41394230769230766 0.024479166666666666 0.01875
0 0.8958333333333334 0.5832932692307692 0.03229166666666667 0.011298076923076923
0 0.15598958333333332 0.3705528846153846 0.049479166666666664 0.010336538461538461
0 0.86328125 0.43978365384615387 0.04739583333333333 0.007451923076923077
0 0.52109375 0.5995192307692307 0.08385416666666666 0.027884615384615386
0 0.10286458333333333 0.37548076923076923 0.0296875 0.017788461538461538
0 0.5458333333333333 0.5912259615384615 0.036458333333333336 0.00985576923076923
0 0.0453125 0.30264423076923075 0.03958333333333333 0.023557692307692307
0 0.8497395833333333 0.6105769230769231 0.016145833333333335 0.01971153846153846
0 0.33880208333333334 0.4484375 0.028645833333333332 0.008413461538461538
0 0.05703125 0.42391826923076925 0.0484375 0.011778846153846154
0 0.08776041666666666 0.6557692307692308 0.043229166666666666 0.022596153846153846
0 0.04348958333333333 0.49122596153846154 0.018229166666666668 0.02716346153846154
0 0.8354166666666667 0.6170673076923077 0.04791666666666667 0.032692307692307694
0 0.6072916666666667 0.4051682692307692 0.010416666666666666 0.019471153846153846
0 0.05703125 0.41057692307692306 0.0140625 0.019230769230769232
0 0.7221354166666667 0.35420673076923076 0.03697916666666667 0.009375
0 0.89453125 0.38653846153846155 0.019270833333333334 0.017788461538461538
0 0.6958333333333333 0.637860576923077 0.05 0.008413461538461538
0 0.05625 0.21935096153846154 0.017708333333333333 0.01706730769230769
0 0.4328125 0.5109375 0.0375 0.017548076923076923
0 0.30130208333333336 0.2860576923076923 0.0265625 0.015384615384615385
0 0.78203125 0.2890625 0.027604166666666666 0.019951923076923075
0 0.15989583333333332 0.3975961538461538 0.016666666666666666 0.02548076923076923
0 0.8572916666666667 0.6258413461538461 0.0375 0.028125
0 0.0515625 0.6463942307692307 0.042708333333333334 0.026442307692307692
0 0.057291666666666664 0.5995192307692307 0.05 0.02548076923076923
0 0.6721354166666667 0.2698317307692308 0.0609375 0.013701923076923077
0 0.12734375 0.43930288461538464 0.016145833333333335 0.018509615384615385
0 0.7580729166666667 0.6326923076923077 0.021354166666666667 0.01730769230769231
0 0.15494791666666666 0.36009615384615384 0.05260416666666667 0.03076923076923077
0 0.9223958333333333 0.35709134615384613 0.022916666666666665 0.02235576923076923
0 0.675 0.5463942307692308 0.011458333333333333 0.015384615384615385
0 0.9213541666666667 0.5079326923076923 0.020833333333333332 0.01201923076923077
0 0.8174479166666667 0.26045673076923076 0.06927083333333334 0.03341346153846154
0 0.05520833333333333 0.5860576923076923 0.04583333333333333 0.017788461538461538
0 0.4015625 0.4963942307692308 0.03958333333333333 0.0057692307692307696
0 0.3692708333333333 0.33016826923076925 0.042708333333333334 0.007451923076923077
0 0.8098958333333334 0.5818509615384615 0.03854166666666667 0.011778846153846154
0 0.44921875 0.23221153846153847 0.059895833333333336 0.011538461538461539
0 0.10104166666666667 0.5701923076923077 0.07083333333333333 0.03076923076923077
0 0.40208333333333335 0.23461538461538461 0.040625 0.0125
0 0.09244791666666667 0.22007211538461538 0.027604166666666666 0.013701923076923077
0 0.46588541666666666 0.5264423076923077 0.0265625 0.015384615384615385
0 0.19270833333333334 0.4824519230769231 0.052083333333333336 0.028365384615384615
0 0.05182291666666667 0.6375 0.0421875 0.009134615384615385
0 0.7075520833333333 0.5509615384615385 0.043229166666666666 0.010576923076923078
0 0.6286458333333333 0.6475961538461539 0.041666666666666664 0.0057692307692307696
0 0.3059895833333333 0.6481971153846153 0.04114583333333333 0.008413461538461538
0 0.1734375 0.6146634615384615 0.022916666666666665 0.016826923076923076
0 0.2635416666666667 0.36899038461538464 0.08645833333333333 0.017788461538461538
0 0.9263020833333333 0.4467548076923077 0.013020833333333334 0.02235576923076923
0 0.4713541666666667 0.2423076923076923 0.05416666666666667 0.00625
0 0.23723958333333334 0.30985576923076924 0.11302083333333333 0.03125
0 0.6203125 0.23149038461538463 0.0375 0.015384615384615385
0 0.2877604166666667 0.290625 0.059895833333333336 0.025961538461538463
0 0.11640625 0.5756009615384615 0.0140625 0.02139423076923077
0 0.02734375 0.4385817307692308 0.0265625 0.018990384615384614
0 0.75234375 0.6331730769230769 0.07760416666666667 0.021634615384615384
0 0.4890625 0.4777644230769231 0.019791666666666666 0.006009615384615385
0 0.2825520833333333 0.3722355769230769 0.049479166666666664 0.010817307692307692
0 0.81328125 0.5697115384615384 0.016145833333333335 0.01826923076923077
0 0.8369791666666667 0.2667067307692308 0.03125 0.019951923076923075
0 0.48072916666666665 0.4073317307692308 0.03125 0.030528846153846153
0 0.634375 0.23377403846153846 0.065625 0.020432692307692308
0 0.6598958333333333 0.2669471153846154 0.036458333333333336 0.007451923076923077
0 0.026302083333333334 0.33353365384615385 0.018229166666666668 0.01610576923076923
0 0.09557291666666666 0.6588942307692308 0.024479166666666666 0.009134615384615385
0 0.92109375 0.3825721153846154 0.016145833333333335 0.02235576923076923
0 0.9658854166666667 0.6247596153846153 0.0484375 0.025
0 0.8893229166666666 0.2606971153846154 0.04635416666666667 0.013701923076923077
0 0.88515625 0.28557692307692306 0.024479166666666666 0.013461538461538462
0 0.69765625 0.3133413461538462 0.0515625 0.014663461538461538
0 0.44635416666666666 0.51875 0.06458333333333334 0.03317307692307692
0 0.7984375 0.24975961538461539 0.03229166666666667 0.0125
0 0.03854166666666667 0.5960336538461538 0.014583333333333334 0.01658653846153846
0 0.6903645833333333 0.2325721153846154 0.03697916666666667 0.013701923076923077
0 0.054947916666666666 0.37283653846153847 0.04739583333333333 0.013461538461538462
0 0.9276041666666667 0.5147836538461539 0.03229166666666667 0.025721153846153845
0 0.4981770833333333 0.33665865384615384 0.033854166666666664 0.012740384615384615
0 0.075 0.22127403846153845 0.021875 0.014182692307692308
0 0.73046875 0.6387019230769231 0.0359375 0.008173076923076924
0 0.8822916666666667 0.6390625 0.036458333333333336 0.009375
0 0.5549479166666667 0.2342548076923077 0.04114583333333333 0.008413461538461538
0 0.24244791666666668 0.34314903846153844 0.0328125 0.01658653846153846
0 0.7333333333333333 0.29591346153846154 0.05 0.008173076923076924
0 0.9533854166666667 0.4087740384615385 0.015104166666666667 0.02139423076923077
0 0.06510416666666667 0.5762019230769231 0.04895833333333333 0.019230769230769232
0 0.9588541666666667 0.5102163461538461 0.023958333333333335 0.012259615384615384
0 0.93515625 0.5163461538461539 0.018229166666666668 0.020673076923076922
0 0.6401041666666667 0.21778846153846154 0.041666666666666664 0.011057692307692308
0 0.34817708333333336 0.45516826923076925 0.049479166666666664 0.02283653846153846
0 0.27760416666666665 0.2984375 0.040625 0.010817307692307692
0 0.6880208333333333 0.5364182692307692 0.023958333333333335 0.01514423076923077
0 0.30442708333333335 0.21814903846153846 0.059895833333333336 0.01706730769230769
0 0.08151041666666667 0.378125 0.07447916666666667 0.026923076923076925
0 0.23932291666666666 0.5334134615384616 0.028645833333333332 0.017788461538461538
0 0.51171875 0.520673076923077 0.013020833333333334 0.011057692307692308
0 0.934375 0.3152644230769231 0.013541666666666667 0.028125
0 0.0671875 0.35120192307692305 0.071875 0.027884615384615386
0 0.16927083333333334 0.2173076923076923 0.05 0.007211538461538462
0 0.471875 0.23822115384615383 0.05416666666666667 0.013942307692307693
0 0.8325520833333333 0.5735576923076923 0.021354166666666667 0.0057692307692307696
0 0.10234375 0.4049278846153846 0.034895833333333334 0.024759615384615383
0 0.34869791666666666 0.44903846153846155 0.0484375 0.010096153846153847
0 0.0359375 0.6213942307692307 0.019791666666666666 0.019230769230769232
0 0.8700520833333333 0.6402644230769231 0.059895833333333336 0.012740384615384615
0 0.45286458333333335 0.21838942307692308 0.06614583333333333 0.007451923076923077
0 0.7190104166666667 0.5521634615384615 0.024479166666666666 0.006730769230769231
0 0.6528645833333333 0.29002403846153846 0.019270833333333334 0.0045673076923076926
0 0.04895833333333333 0.24699519230769232 0.0125 0.024759615384615383
0 0.07734375 0.22620192307692308 0.059895833333333336 0.03076923076923077
0 0.05416666666666667 0.3078125 0.059375 0.04110576923076923
0 0.17708333333333334 0.4763221153846154 0.084375 0.04350961538461538
0 0.07786458333333333 0.5819711538461538 0.0203125 0.008653846153846154
0 0.07864583333333333 0.6430288461538461 0.05 0.016346153846153847
0 0.93828125 0.25985576923076925 0.04114583333333333 0.04951923076923077
0 0.628125 0.4941105769230769 0.017708333333333333 0.010336538461538461
0 0.022135416666666668 0.3847355769230769 0.025520833333333333 0.03485576923076923
0 0.75546875 0.32127403846153846 0.024479166666666666 0.0069711538461538465
0 0.09166666666666666 0.22752403846153846 0.03125 0.028125
0 0.03229166666666667 0.5515625 0.013541666666666667 0.014182692307692308
0 0.6341145833333334 0.5493990384615385 0.021354166666666667 0.007451923076923077
0 0.01875 0.24290865384615384 0.023958333333333335 0.021875
0 0.21614583333333334 0.5430288461538462 0.01875 0.015865384615384615
0 0.09401041666666667 0.23353365384615385 0.024479166666666666 0.01610576923076923
0 0.06145833333333333 0.35877403846153844 0.057291666666666664 0.010817307692307692
0 0.04088541666666667 0.2921875 0.0140625 0.011298076923076923
0 0.9526041666666667 0.43978365384615387 0.017708333333333333 0.02139423076923077
0 0.14661458333333333 0.4498798076923077 0.05677083333333333 0.0069711538461538465
0 0.06640625 0.22007211538461538 0.03697916666666667 0.018028846153846152
0 0.06588541666666667 0.6443509615384615 0.028645833333333332 0.012259615384615384
0 0.8703125 0.26826923076923076 0.0375 0.021634615384615384
0 0.49947916666666664 0.42115384615384616 0.019791666666666666 0.022596153846153846
0 0.028385416666666666 0.4182692307692308 0.0140625 0.016826923076923076
0 0.7151041666666667 0.5370192307692307 0.05 0.03461538461538462
0 0.4778645833333333 0.5311298076923077 0.050520833333333334 0.023798076923076922
0 0.18463541666666666 0.5795673076923077 0.09322916666666667 0.03798076923076923
0 0.08072916666666667 0.22103365384615384 0.04791666666666667 0.015625
0 0.1578125 0.46971153846153846 0.04583333333333333 0.03028846153846154
0 0.01875 0.37716346153846153 0.019791666666666666 0.020673076923076922
0 0.7986979166666667 0.6353365384615385 0.018229166666666668 0.008653846153846154
0 0.08229166666666667 0.6317307692307692 0.053125 0.038461538461538464
0 0.7119791666666667 0.6206730769230769 0.07395833333333333 0.023557692307692307
0 0.07682291666666667 0.3582932692307692 0.0390625 0.008894230769230769
0 0.6072916666666667 0.24783653846153847 0.040625 0.013461538461538462
0 0.023697916666666666 0.3895432692307692 0.0171875 0.01610576923076923
0 0.7533854166666667 0.28701923076923075 0.030729166666666665 0.013461538461538462
0 0.9036458333333334 0.6352163461538461 0.057291666666666664 0.011778846153846154
0 0.8549479166666667 0.6350961538461538 0.033854166666666664 0.009615384615384616
0 0.9526041666666667 0.3813701923076923 0.019791666666666666 0.023317307692307693
0 0.9104166666666667 0.5713942307692308 0.021875 0.009615384615384616
0 0.04609375 0.3079326923076923 0.033854166666666664 0.01201923076923077
0 0.8510416666666667 0.5453125 0.025 0.01658653846153846
0 0.08828125 0.6491586538461539 0.0421875 0.010817307692307692
0 0.6041666666666666 0.48617788461538464 0.030208333333333334 0.02139423076923077
0 0.83359375 0.23197115384615385 0.06614583333333333 0.01826923076923077
0 0.259375 0.30516826923076923 0.065625 0.02139423076923077
0 0.10572916666666667 0.25721153846153844 0.03125 0.010096153846153847
0 0.9528645833333333 0.3027644230769231 0.0171875 0.018509615384615385
0 0.04244791666666667 0.5266826923076923 0.027604166666666666 0.03894230769230769
0 0.88515625 0.44879807692307694 0.03177083333333333 0.009615384615384616
0 0.615625 0.5450721153846154 0.026041666666666668 0.01514423076923077
0 0.10442708333333334 0.5271634615384615 0.07239583333333334 0.04038461538461539
0 0.9591145833333333 0.520673076923077 0.025520833333333333 0.032692307692307694
0 0.9611979166666667 0.5283653846153846 0.0140625 0.01826923076923077
0 0.60859375 0.49423076923076925 0.018229166666666668 0.010576923076923078
0 0.5515625 0.3526442307692308 0.019791666666666666 0.014423076923076924
0 0.03671875 0.29903846153846153 0.0234375 0.023557692307692307
0 0.6536458333333334 0.23569711538461538 0.030208333333333334 0.01610576923076923
0 0.04505208333333333 0.41370192307692305 0.0390625 0.025961538461538463
0 0.93828125 0.24879807692307693 0.0328125 0.027884615384615386
0 0.4908854166666667 0.6003605769230769 0.024479166666666666 0.024759615384615383
0 0.9411458333333333 0.5191105769230769 0.06041666666666667 0.036778846153846155
0 0.027083333333333334 0.42908653846153844 0.026041666666666668 0.03653846153846154
0 0.6169270833333333 0.3296875 0.033854166666666664 0.03485576923076923
0 0.06953125 0.39639423076923075 0.04010416666666667 0.010576923076923078
0 0.32317708333333334 0.2204326923076923 0.043229166666666666 0.0125
0 0.9799479166666667 0.6201923076923077 0.0203125 0.015865384615384615
0 0.0796875 0.5754807692307692 0.028125 0.017788461538461538
0 0.24453125 0.21466346153846153 0.0921875 0.010576923076923078
0 0.04739583333333333 0.43762019230769234 0.065625 0.02235576923076923
0 0.8341145833333333 0.2376201923076923 0.06822916666666666 0.010336538461538461
0 0.5549479166666667 0.21790865384615385 0.04010416666666667 0.006490384615384616
0 0.6174479166666667 0.49399038461538464 0.03697916666666667 0.01201923076923077
0 0.54921875 0.5430288461538462 0.0703125 0.014423076923076924
0 0.146875 0.4542067307692308 0.058333333333333334 0.013701923076923077
0 0.5020833333333333 0.5913461538461539 0.035416666666666666 0.009134615384615385
0 0.7434895833333334 0.6466346153846154 0.04010416666666667 0.008653846153846154
0 0.4002604166666667 0.2152644230769231 0.0390625 0.006490384615384616
0 0.7653645833333333 0.22355769230769232 0.0453125 0.009134615384615385
0 0.85 0.2545673076923077 0.034375 0.017788461538461538
0 0.43333333333333335 0.2342548076923077 0.11354166666666667 0.018990384615384614
0 0.5 0.5038461538461538 0.04583333333333333 0.0057692307692307696
0 0.90625 0.2837740384615385 0.06458333333333334 0.017548076923076923
0 0.72109375 0.33125 0.028645833333333332 0.016346153846153847
0 0.20390625 0.4731971153846154 0.0296875 0.010817307692307692
0 0.5239583333333333 0.5914663461538462 0.078125 0.010817307692307692
0 0.215625 0.42259615384615384 0.029166666666666667 0.016346153846153847
0 0.8348958333333333 0.4558894230769231 0.015625 0.01514423076923077
0 0.6520833333333333 0.24014423076923078 0.029166666666666667 0.007692307692307693
0 0.3333333333333333 0.5039663461538462 0.014583333333333334 0.011298076923076923
0 0.5981770833333333 0.3995192307692308 0.027604166666666666 0.03076923076923077
0 0.07734375 0.6585336538461538 0.021354166666666667 0.017548076923076923
0 0.3294270833333333 0.43365384615384617 0.022395833333333334 0.009615384615384616
0 0.7934895833333333 0.32415865384615383 0.0171875 0.013221153846153846