0 0.29765625 0.36310096153846155 0.033854166666666664 0.021875
0 0.29609375 0.3454326923076923 0.0296875 0.016826923076923076
0 0.5390625 0.5759615384615384 0.046875 0.01826923076923077
0 0.34869791666666666 0.2854567307692308 0.04739583333333333 0.014182692307692308
0 0.4140625 0.5199519230769231 0.041666666666666664 0.016346153846153847
0 0.23697916666666666 0.5617788461538461 0.027083333333333334 0.022596153846153846
0 0.45703125 0.26213942307692306 0.04739583333333333 0.01514423076923077
0 0.3104166666666667 0.41754807692307694 0.07083333333333333 0.029326923076923077
0 0.5541666666666667 0.3971153846153846 0.035416666666666666 0.019230769230769232
0 0.72734375 0.5140625 0.025520833333333333 0.021875
0 0.21796875 0.28497596153846155 0.04739583333333333 0.02956730769230769
0 0.5744791666666667 0.34158653846153847 0.030208333333333334 0.012980769230769231
0 0.5041666666666667 0.4889423076923077 0.04895833333333333 0.022596153846153846
0 0.59453125 0.44879807692307694 0.04114583333333333 0.01875
0 0.5203125 0.5376201923076923 0.058333333333333334 0.011298076923076923
0 0.3059895833333333 0.5442307692307692 0.0921875 0.025
0 0.4747395833333333 0.32596153846153847 0.028645833333333332 0.015865384615384615
0 0.39140625 0.31454326923076925 0.0265625 0.026201923076923078
0 0.55 0.27692307692307694 0.03958333333333333 0.01875
0 0.34010416666666665 0.3171875 0.03854166666666667 0.02235576923076923
0 0.16796875 0.3479567307692308 0.0296875 0.023317307692307693
0 0.44479166666666664 0.24867788461538462 0.059375 0.008894230769230769
0 0.61015625 0.2527644230769231 0.04635416666666667 0.013221153846153846
0 0.24088541666666666 0.2389423076923077 0.0234375 0.025
0 0.18359375 0.36646634615384616 0.033854166666666664 0.010336538461538461
0 0.39010416666666664 0.4070913461538462 0.06666666666666667 0.029086538461538462
0 0.48385416666666664 0.428125 0.03958333333333333 0.013942307692307693
0 0.16041666666666668 0.4450721153846154 0.065625 0.007451923076923077
0 0.4622395833333333 0.3893028846153846 0.034895833333333334 0.013221153846153846
0 0.7205729166666667 0.4043269230769231 0.0203125 0.025
0 0.37161458333333336 0.5457932692307692 0.0453125 0.02235576923076923
0 0.6033854166666667 0.31598557692307694 0.0359375 0.02716346153846154
0 0.6645833333333333 0.46165865384615384 0.046875 0.017548076923076923
0 0.7997395833333333 0.45048076923076924 0.034895833333333334 0.010096153846153847
0 0.71953125 0.3591346153846154 0.04114583333333333 0.009615384615384616
0 0.6955729166666667 0.30228365384615385 0.019270833333333334 0.025240384615384616
0 0.10989583333333333 0.43930288461538464 0.04479166666666667 0.011298076923076923
0 0.35520833333333335 0.3384615384615385 0.051041666666666666 0.010576923076923078
0 0.4635416666666667 0.4512019230769231 0.019791666666666666 0.021153846153846155
0 0.7700520833333333 0.5955528846153846 0.0296875 0.008413461538461538
0 0.34010416666666665 0.3585336538461538 0.028125 0.01706730769230769
0 0.46927083333333336 0.6038461538461538 0.04375 0.01971153846153846
0 0.6513020833333333 0.2668269230769231 0.05572916666666667 0.009134615384615385
0 0.6234375 0.5649038461538461 0.041666666666666664 0.009134615384615385
0 0.6713541666666667 0.5318509615384616 0.03958333333333333 0.011778846153846154
0 0.6143229166666667 0.38485576923076925 0.0359375 0.013461538461538462
0 0.16953125 0.612139423076923 0.0484375 0.012259615384615384
0 0.27578125 0.39002403846153844 0.049479166666666664 0.013221153846153846
0 0.7348958333333333 0.4478365384615385 0.027083333333333334 0.021153846153846155
0 0.7486979166666666 0.2841346153846154 0.034895833333333334 0.016346153846153847
0 0.17473958333333334 0.5411057692307693 0.033854166666666664 0.01730769230769231
0 0.6565104166666667 0.41165865384615385 0.030729166666666665 0.010817307692307692
0 0.6471354166666666 0.6365384615384615 0.0578125 0.011057692307692308
0 0.6979166666666666 0.6290865384615385 0.05416666666666667 0.02403846153846154
0 0.37916666666666665 0.4909855769230769 0.07708333333333334 0.008894230769230769
0 0.15625 0.4094951923076923 0.03229166666666667 0.02716346153846154
0 0.12942708333333333 0.5765625 0.044270833333333336 0.01706730769230769
0 0.7924479166666667 0.34591346153846153 0.0453125 0.011057692307692308
0 0.25286458333333334 0.46862980769230766 0.03697916666666667 0.023317307692307693
0 0.6755208333333333 0.3609375 0.04895833333333333 0.008413461538461538
0 0.24010416666666667 0.34723557692307694 0.013541666666666667 0.026682692307692307
0 0.7309895833333333 0.24591346153846153 0.0453125 0.016346153846153847
0 0.8466145833333333 0.3545673076923077 0.0390625 0.023557692307692307
0 0.73828125 0.26153846153846155 0.04635416666666667 0.010096153846153847
0 0.90625 0.5689903846153846 0.021875 0.020192307692307693
0 0.03697916666666667 0.39771634615384616 0.06145833333333333 0.025721153846153845
0 0.07421875 0.37235576923076924 0.0515625 0.01826923076923077
0 0.7182291666666667 0.5715144230769231 0.014583333333333334 0.02139423076923077
0 0.50859375 0.2623798076923077 0.05677083333333333 0.006009615384615385
0 0.13828125 0.2550480769230769 0.06822916666666666 0.01826923076923077
0 0.78828125 0.5459134615384615 0.03697916666666667 0.011538461538461539
0 0.5802083333333333 0.6006009615384615 0.014583333333333334 0.020913461538461537
0 0.51640625 0.31177884615384616 0.027604166666666666 0.023076923076923078
0 0.6734375 0.43149038461538464 0.022916666666666665 0.022115384615384617
0 0.045572916666666664 0.5824519230769231 0.0203125 0.02403846153846154
0 0.4869791666666667 0.2342548076923077 0.053125 0.010336538461538461
0 0.8296875 0.5901442307692307 0.015625 0.026442307692307692
0 0.16614583333333333 0.5661057692307693 0.03229166666666667 0.015865384615384615
0 0.6458333333333334 0.47271634615384617 0.034375 0.01610576923076923
0 0.7848958333333333 0.2793269230769231 0.020833333333333332 0.016826923076923076
0 0.23151041666666666 0.6389423076923076 0.06510416666666667 0.007692307692307693
0 0.8635416666666667 0.3758413461538462 0.036458333333333336 0.025240384615384616
0 0.7658854166666667 0.5055288461538462 0.05260416666666667 0.011538461538461539
0 0.11484375 0.334375 0.027604166666666666 0.021634615384615384
0 0.27239583333333334 0.5563701923076924 0.03854166666666667 0.020432692307692308
0 0.09192708333333334 0.4014423076923077 0.0171875 0.02980769230769231
0 0.8760416666666667 0.4433894230769231 0.01875 0.02139423076923077
0 0.7424479166666667 0.33161057692307694 0.043229166666666666 0.012740384615384615
0 0.2794270833333333 0.502764423076923 0.0359375 0.020432692307692308
0 0.19817708333333334 0.32079326923076923 0.0265625 0.024278846153846154
0 0.184375 0.30264423076923075 0.03958333333333333 0.01826923076923077
0 0.39036458333333335 0.4467548076923077 0.0140625 0.023798076923076922
0 0.40260416666666665 0.37512019230769234 0.05520833333333333 0.028125
0 0.6953125 0.4486778846153846 0.04479166666666667 0.008413461538461538
0 0.40625 0.5680288461538462 0.05625 0.007692307692307693
0 0.51328125 0.528485576923077 0.0546875 0.0069711538461538465
0 0.50078125 0.3802884615384615 0.018229166666666668 0.02451923076923077
0 0.815625 0.4829326923076923 0.0375 0.01971153846153846
0 0.80390625 0.6146634615384615 0.0453125 0.010096153846153847
0 0.6440104166666667 0.4417067307692308 0.028645833333333332 0.018028846153846152
0 0.1796875 0.5195913461538462 0.04479166666666667 0.008894230769230769
0 0.12734375 0.3057692307692308 0.016145833333333335 0.021634615384615384
0 0.2109375 0.5293269230769231 0.015625 0.01971153846153846
0 0.365625 0.4252403846153846 0.022916666666666665 0.026923076923076925
0 0.22317708333333333 0.5013221153846154 0.07239583333333334 0.020913461538461537
0 0.4640625 0.6384615384615384 0.04791666666666667 0.009615384615384616
0 0.8361979166666667 0.434375 0.025520833333333333 0.035576923076923075
0 0.6122395833333333 0.4662259615384615 0.034895833333333334 0.021875
0 0.06927083333333334 0.5176682692307693 0.04479166666666667 0.023798076923076922
0 0.14010416666666667 0.23509615384615384 0.06145833333333333 0.011057692307692308
0 0.71484375 0.37848557692307694 0.06302083333333333 0.02283653846153846
0 0.21875 0.4050480769230769 0.053125 0.013461538461538462
0 0.4083333333333333 0.5376201923076923 0.0625 0.007932692307692307
0 0.4942708333333333 0.46923076923076923 0.036458333333333336 0.013942307692307693
0 0.27317708333333335 0.4465144230769231 0.05677083333333333 0.006490384615384616
0 0.34817708333333336 0.5741586538461538 0.04635416666666667 0.008413461538461538
0 0.23515625 0.3270432692307692 0.022395833333333334 0.019471153846153846
0 0.13645833333333332 0.3376201923076923 0.03333333333333333 0.02283653846153846
0 0.10807291666666667 0.6466346153846154 0.0265625 0.01730769230769231
0 0.7729166666666667 0.48473557692307695 0.015625 0.02716346153846154
0 0.36666666666666664 0.512860576923077 0.020833333333333332 0.019951923076923075
0 0.4984375 0.6146634615384615 0.05520833333333333 0.01875
0 0.20859375 0.23209134615384616 0.021354166666666667 0.02716346153846154
0 0.35130208333333335 0.6489182692307692 0.0515625 0.010336538461538461
0 0.353125 0.5103365384615385 0.01875 0.022115384615384617
0 0.8546875 0.48677884615384615 0.06770833333333333 0.03653846153846154
0 0.05963541666666667 0.5414663461538461 0.04635416666666667 0.020432692307692308
0 0.20182291666666666 0.6515625 0.07135416666666666 0.01658653846153846
0 0.49947916666666664 0.34939903846153847 0.015625 0.023798076923076922
0 0.28411458333333334 0.6352163461538461 0.0234375 0.013701923076923077
0 0.6208333333333333 0.22463942307692308 0.041666666666666664 0.020432692307692308
0 0.5674479166666667 0.23040865384615383 0.044270833333333336 0.014182692307692308
0 0.56015625 0.5109375 0.019270833333333334 0.01514423076923077
0 0.3138020833333333 0.5802884615384616 0.015104166666666667 0.022115384615384617
0 0.8705729166666667 0.56875 0.05260416666666667 0.007211538461538462
0 0.86875 0.4639423076923077 0.034375 0.014903846153846155
0 0.9138020833333333 0.5181490384615385 0.034895833333333334 0.013701923076923077
0 0.3177083333333333 0.32740384615384616 0.05520833333333333 0.007211538461538462
0 0.27838541666666666 0.46442307692307694 0.033854166666666664 0.009134615384615385
0 0.4940104166666667 0.22536057692307693 0.027604166666666666 0.00985576923076923
0 0.7231770833333333 0.2485576923076923 0.030729166666666665 0.011057692307692308
0 0.86171875 0.5817307692307693 0.0234375 0.016826923076923076
0 0.771875 0.6193509615384616 0.017708333333333333 0.030528846153846153
0 0.21041666666666667 0.38677884615384617 0.041666666666666664 0.02403846153846154
0 0.45338541666666665 0.3479567307692308 0.0546875 0.0069711538461538465
0 0.6388020833333333 0.4307692307692308 0.050520833333333334 0.0057692307692307696
0 0.09348958333333333 0.2703125 0.043229166666666666 0.02235576923076923
0 0.91953125 0.5384615384615384 0.018229166666666668 0.020673076923076922
0 0.7200520833333334 0.21911057692307692 0.024479166666666666 0.01514423076923077
0 0.06276041666666667 0.3046875 0.0453125 0.00985576923076923
0 0.16901041666666666 0.27860576923076924 0.0234375 0.023076923076923078
0 0.7455729166666667 0.6298076923076923 0.013020833333333334 0.01971153846153846
0 0.5005208333333333 0.36490384615384613 0.019791666666666666 0.055288461538461536
0 0.08671875 0.4751201923076923 0.030729166666666665 0.02235576923076923
0 0.47760416666666666 0.47644230769230766 0.020833333333333332 0.009615384615384616
0 0.7106770833333333 0.2799278846153846 0.0421875 0.011298076923076923
0 0.7989583333333333 0.23954326923076924 0.03958333333333333 0.009375
0 0.8575520833333333 0.615625 0.044270833333333336 0.017788461538461538
0 0.08880208333333334 0.4955528846153846 0.028645833333333332 0.015625
0 0.08255208333333333 0.6493990384615385 0.0203125 0.02235576923076923
0 0.24739583333333334 0.4280048076923077 0.04479166666666667 0.007451923076923077
0 0.9171875 0.5091346153846154 0.040625 0.03173076923076923
0 0.055989583333333336 0.46526442307692306 0.015104166666666667 0.024759615384615383
0 0.11197916666666667 0.5219951923076923 0.053125 0.007932692307692307
0 0.5119791666666667 0.3002403846153846 0.013541666666666667 0.019230769230769232
0 0.04296875 0.2230769230769231 0.022395833333333334 0.03413461538461538
0 0.21510416666666668 0.49459134615384615 0.05625 0.007451923076923077
0 0.04635416666666667 0.5567307692307693 0.05 0.008173076923076924
0 0.6130208333333333 0.4852163461538462 0.04791666666666667 0.007451923076923077
0 0.5033854166666667 0.6052884615384615 0.05677083333333333 0.007692307692307693
0 0.33932291666666664 0.37848557692307694 0.0796875 0.02139423076923077
0 0.38307291666666665 0.6235576923076923 0.033854166666666664 0.016346153846153847
0 0.8786458333333333 0.6133413461538462 0.084375 0.02283653846153846
0 0.7268229166666667 0.38341346153846156 0.04010416666666667 0.0125
0 0.8015625 0.3269230769230769 0.020833333333333332 0.011538461538461539
0 0.32526041666666666 0.3713942307692308 0.0515625 0.007211538461538462
0 0.84453125 0.4919471153846154 0.03802083333333333 0.021875
0 0.41328125 0.2188701923076923 0.044270833333333336 0.006490384615384616
0 0.30078125 0.5570913461538461 0.015104166666666667 0.02235576923076923
0 0.18229166666666666 0.4171875 0.03333333333333333 0.02956730769230769
0 0.4622395833333333 0.22572115384615385 0.04010416666666667 0.007211538461538462
0 0.3223958333333333 0.4908653846153846 0.016666666666666666 0.026923076923076925
0 0.7309895833333333 0.24014423076923078 0.0453125 0.0057692307692307696
0 0.05625 0.3532451923076923 0.030208333333333334 0.019951923076923075
0 0.0203125 0.2455528846153846 0.015625 0.02139423076923077
0 0.9075520833333334 0.3861778846153846 0.021354166666666667 0.018509615384615385
0 0.05 0.5007211538461539 0.03854166666666667 0.011057692307692308
0 0.2565104166666667 0.21141826923076923 0.049479166666666664 0.00985576923076923
0 0.062239583333333334 0.2770432692307692 0.03697916666666667 0.031009615384615385
0 0.0328125 0.6116586538461538 0.0125 0.02283653846153846
0 0.026822916666666665 0.43966346153846153 0.030729166666666665 0.021153846153846155
0 0.68125 0.21778846153846154 0.035416666666666666 0.005288461538461539
0 0.8796875 0.27692307692307694 0.04479166666666667 0.028846153846153848
0 0.22265625 0.6509615384615385 0.0328125 0.013461538461538462
0 0.14114583333333333 0.39795673076923077 0.017708333333333333 0.019471153846153846
0 0.5981770833333333 0.5159855769230769 0.049479166666666664 0.009375
0 0.5395833333333333 0.6465144230769231 0.042708333333333334 0.006009615384615385
0 0.10677083333333333 0.22620192307692308 0.03333333333333333 0.01201923076923077
0 0.8666666666666667 0.2725961538461538 0.020833333333333332 0.017788461538461538
0 0.07109375 0.2685096153846154 0.018229166666666668 0.01875
0 0.021354166666666667 0.31213942307692305 0.027083333333333334 0.026201923076923078
0 0.58671875 0.5121394230769231 0.07239583333333334 0.017548076923076923
0 0.9385416666666667 0.3920673076923077 0.028125 0.03076923076923077
0 0.8765625 0.5611778846153846 0.017708333333333333 0.013221153846153846
0 0.89375 0.5983173076923077 0.053125 0.020673076923076922
0 0.853125 0.32427884615384617 0.013541666666666667 0.019230769230769232
0 0.8341145833333333 0.2563701923076923 0.0390625 0.011298076923076923
0 0.3 0.646875 0.03958333333333333 0.006730769230769231
0 0.8747395833333333 0.31995192307692305 0.015104166666666667 0.017788461538461538
0 0.165625 0.2205528846153846 0.06666666666666667 0.013221153846153846
0 0.15234375 0.2508413461538462 0.04010416666666667 0.00985576923076923
0 0.04869791666666667 0.6421875 0.05260416666666667 0.008894230769230769
0 0.5674479166666667 0.21574519230769232 0.0453125 0.010336538461538461
0 0.13203125 0.25961538461538464 0.05572916666666667 0.009615384615384616
0 0.5010416666666667 0.5163461538461539 0.016666666666666666 0.010096153846153847
0 0.8752604166666667 0.5973557692307693 0.016145833333333335 0.01875
0 0.32473958333333336 0.31826923076923075 0.0703125 0.025
0 0.87578125 0.4774038461538462 0.025520833333333333 0.017788461538461538
0 0.7533854166666667 0.6132211538461538 0.018229166666666668 0.015384615384615385
0 0.19010416666666666 0.6490384615384616 0.05 0.011538461538461539
0 0.33828125 0.5802884615384616 0.06510416666666667 0.022115384615384617
0 0.93203125 0.32548076923076924 0.0140625 0.017788461538461538
0 0.5453125 0.3479567307692308 0.021875 0.008894230769230769
0 0.9260416666666667 0.27524038461538464 0.03125 0.021634615384615384
0 0.56875 0.484375 0.019791666666666666 0.009615384615384616
0 0.87109375 0.5635817307692308 0.05364583333333333 0.018028846153846152
0 0.06822916666666666 0.22175480769230768 0.017708333333333333 0.01610576923076923
0 0.04296875 0.4268028846153846 0.0171875 0.01610576923076923
0 0.82109375 0.4972355769230769 0.013020833333333334 0.020913461538461537
0 0.11796875 0.22175480769230768 0.05677083333333333 0.02139423076923077
0 0.17552083333333332 0.22295673076923078 0.046875 0.007451923076923077
0 0.7216145833333333 0.27908653846153847 0.027604166666666666 0.010576923076923078
0 0.8125 0.3268028846153846 0.040625 0.012259615384615384
0 0.24114583333333334 0.21009615384615385 0.019791666666666666 0.007211538461538462
0 0.027864583333333335 0.490625 0.0296875 0.03076923076923077
0 0.04609375 0.32776442307692305 0.0234375 0.031971153846153844
0 0.14479166666666668 0.5717548076923077 0.075 0.02716346153846154
0 0.027864583333333335 0.4811298076923077 0.028645833333333332 0.010817307692307692
0 0.6122395833333333 0.32415865384615383 0.019270833333333334 0.010336538461538461
0 0.02109375 0.5393028846153847 0.0140625 0.027644230769230768
0 0.6388020833333333 0.28701923076923075 0.0203125 0.004326923076923077
0 0.4908854166666667 0.6453125 0.04010416666666667 0.005048076923076923
0 0.05911458333333333 0.4871394230769231 0.016145833333333335 0.01658653846153846
0 0.4856770833333333 0.4545673076923077 0.019270833333333334 0.006730769230769231
0 0.3377604166666667 0.6174278846153847 0.044270833333333336 0.015625
0 0.8497395833333333 0.48834134615384617 0.022395833333333334 0.013701923076923077
0 0.85625 0.6240384615384615 0.03333333333333333 0.00625
0 0.70625 0.3734375 0.04479166666666667 0.013701923076923077
0 0.6546875 0.22956730769230768 0.03125 0.007211538461538462
0 0.43723958333333335 0.22235576923076922 0.09114583333333333 0.0125
0 0.38333333333333336 0.37091346153846155 0.017708333333333333 0.019230769230769232
0 0.0203125 0.35625 0.019791666666666666 0.03461538461538462
0 0.45546875 0.21454326923076922 0.0484375 0.0069711538461538465
0 0.5809895833333333 0.23221153846153847 0.015104166666666667 0.012980769230769231
0 0.20494791666666667 0.2108173076923077 0.0171875 0.008653846153846154
0 0.8484375 0.5991586538461539 0.023958333333333335 0.008413461538461538
0 0.8927083333333333 0.25372596153846155 0.051041666666666666 0.012740384615384615
0 0.21640625 0.3935096153846154 0.0578125 0.0375
0 0.9200520833333333 0.6294471153846154 0.049479166666666664 0.018028846153846152
0 0.33098958333333334 0.5486778846153846 0.0421875 0.014663461538461538
0 0.7309895833333333 0.5381009615384615 0.0203125 0.011778846153846154
0 0.9276041666666667 0.5016826923076924 0.019791666666666666 0.017788461538461538
0 0.5330729166666667 0.22151442307692307 0.03802083333333333 0.006009615384615385
0 0.9020833333333333 0.49783653846153847 0.014583333333333334 0.025
0 0.8997395833333334 0.6057692307692307 0.043229166666666666 0.007211538461538462
0 0.8309895833333333 0.3234375 0.0546875 0.017548076923076923
0 0.05260416666666667 0.2698317307692308 0.017708333333333333 0.014182692307692308
0 0.9330729166666667 0.31790865384615385 0.015104166666666667 0.03245192307692308
0 0.575 0.21838942307692308 0.035416666666666666 0.007932692307692307
0 0.7502604166666667 0.622235576923077 0.021354166666666667 0.03341346153846154
0 0.47578125 0.2251201923076923 0.0640625 0.00985576923076923
0 0.0296875 0.4495192307692308 0.036458333333333336 0.041826923076923074
0 0.055989583333333336 0.3292067307692308 0.04010416666666667 0.029086538461538462
0 0.4283854166666667 0.3721153846153846 0.0359375 0.008173076923076924
0 0.11848958333333333 0.6475961538461539 0.04635416666666667 0.019230769230769232
0 0.8315104166666667 0.6376201923076923 0.0421875 0.0069711538461538465
0 0.24661458333333333 0.5037259615384615 0.0265625 0.01610576923076923
0 0.6083333333333333 0.4941105769230769 0.03125 0.0069711538461538465
0 0.7325520833333333 0.27728365384615383 0.043229166666666666 0.008894230769230769
0 0.42890625 0.5762019230769231 0.033854166666666664 0.009615384615384616
0 0.1921875 0.6557692307692308 0.036458333333333336 0.008653846153846154
0 0.07890625 0.27271634615384616 0.07135416666666666 0.04014423076923077
0 0.55703125 0.23064903846153847 0.024479166666666666 0.009375
0 0.19427083333333334 0.4012019230769231 0.01875 0.020192307692307693
0 0.8419270833333333 0.6314903846153846 0.06302083333333333 0.020192307692307693
0 0.7919270833333333 0.2264423076923077 0.0390625 0.005288461538461539
0 0.7841145833333333 0.6195913461538461 0.08177083333333333 0.03245192307692308
0 0.13671875 0.22091346153846153 0.022395833333333334 0.013461538461538462
0 0.057291666666666664 0.6486778846153847 0.06979166666666667 0.024278846153846154
0 0.8169270833333333 0.24879807692307693 0.0765625 0.027403846153846154
0 0.8270833333333333 0.33028846153846153 0.06458333333333334 0.03173076923076923
0 0.6953125 0.35997596153846156 0.08854166666666667 0.011298076923076923
0 0.7106770833333333 0.6293269230769231 0.0265625 0.023557692307692307
0 0.5838541666666667 0.22908653846153845 0.019791666666666666 0.017788461538461538
0 0.046875 0.5064903846153846 0.04479166666666667 0.021634615384615384
0 0.26510416666666664 0.46322115384615387 0.059375 0.0125
0 0.7994791666666666 0.5981971153846154 0.021875 0.011778846153846154
0 0.9255208333333333 0.4362980769230769 0.013541666666666667 0.020673076923076922
0 0.06145833333333333 0.2701923076923077 0.035416666666666666 0.015865384615384615
0 0.36276041666666664 0.3813701923076923 0.0328125 0.014663461538461538
0 0.83359375 0.33581730769230766 0.0140625 0.019230769230769232
0 0.28619791666666666 0.5397836538461539 0.0515625 0.015625
0 0.046614583333333334 0.33665865384615384 0.024479166666666666 0.014182692307692308
0 0.5114583333333333 0.6354567307692308 0.06979166666666667 0.010336538461538461
0 0.7575520833333333 0.3186298076923077 0.0546875 0.008894230769230769
0 0.03333333333333333 0.4626201923076923 0.0375 0.020913461538461537
0 0.5955729166666667 0.24435096153846153 0.04114583333333333 0.010336538461538461
0 0.18776041666666668 0.5266826923076923 0.0609375 0.022596153846153846
0 0.63828125 0.43966346153846153 0.049479166666666664 0.022115384615384617
0 0.4752604166666667 0.2342548076923077 0.0296875 0.007451923076923077
0 0.8302083333333333 0.4313701923076923 0.013541666666666667 0.025240384615384616
0 0.8197916666666667 0.2569711538461538 0.065625 0.014423076923076924
0 0.0328125 0.4689903846153846 0.036458333333333336 0.009134615384615385
0 0.023697916666666666 0.29134615384615387 0.018229166666666668 0.022596153846153846
0 0.21875 0.29254807692307694 0.046875 0.013942307692307693
0 0.4984375 0.234375 0.030208333333333334 0.009134615384615385
0 0.8546875 0.23557692307692307 0.042708333333333334 0.010576923076923078
0 0.3736979166666667 0.2552884615384615 0.05260416666666667 0.00625
0 0.32916666666666666 0.6485576923076923 0.096875 0.01201923076923077
0 0.3265625 0.2483173076923077 0.03229166666666667 0.015384615384615385
0 0.4783854166666667 0.46935096153846156 0.0671875 0.01610576923076923
0 0.946875 0.42091346153846154 0.022916666666666665 0.013461538461538462
0 0.8598958333333333 0.6372596153846154 0.09895833333333333 0.008653846153846154