0 0.4854567307692308 0.47942708333333334 0.011298076923076923 0.049479166666666664
0 0.3655048076923077 0.5848958333333333 0.024278846153846154 0.042708333333333334
0 0.505048076923077 0.45364583333333336 0.015384615384615385 0.03958333333333333
0 0.48485576923076923 0.6080729166666666 0.020192307692307693 0.0390625
0 0.4985576923076923 0.8036458333333333 0.021634615384615384 0.04895833333333333
0 0.536298076923077 0.23828125 0.023557692307692307 0.050520833333333334
0 0.3683894230769231 0.5096354166666667 0.031971153846153844 0.0515625
0 0.3445913461538462 0.77109375 0.008894230769230769 0.058854166666666666
0 0.39447115384615383 0.82734375 0.016826923076923076 0.028645833333333332
0 0.32608173076923075 0.446875 0.020432692307692308 0.036458333333333336
0 0.4075721153846154 0.5216145833333333 0.013701923076923077 0.050520833333333334
0 0.5503605769230769 0.38723958333333336 0.025721153846153845 0.024479166666666666
0 0.5709134615384616 0.653125 0.02403846153846154 0.019791666666666666
0 0.41189903846153847 0.6184895833333334 0.01658653846153846 0.04010416666666667
0 0.5706730769230769 0.5807291666666666 0.010096153846153847 0.05520833333333333
0 0.37403846153846154 0.4276041666666667 0.010576923076923078 0.05
0 0.4550480769230769 0.11927083333333334 0.011538461538461539 0.05520833333333333
0 0.42139423076923077 0.32395833333333335 0.023076923076923078 0.03333333333333333
0 0.4896634615384615 0.696875 0.022596153846153846 0.04375
0 0.3256009615384615 0.7255208333333333 0.01610576923076923 0.05
0 0.6221153846153846 0.2903645833333333 0.016826923076923076 0.03177083333333333
0 0.3959134615384615 0.31302083333333336 0.017788461538461538 0.04791666666666667
0 0.5137019230769231 0.28359375 0.019230769230769232 0.03802083333333333
0 0.3300480769230769 0.39453125 0.023076923076923078 0.0359375
0 0.4296875 0.14479166666666668 0.012259615384615384 0.030208333333333334
0 0.4453125 0.5359375 0.024278846153846154 0.03333333333333333
0 0.2873798076923077 0.83125 0.024759615384615383 0.020833333333333332
0 0.40889423076923076 0.2721354166666667 0.01971153846153846 0.027604166666666666
0 0.4873798076923077 0.3567708333333333 0.010336538461538461 0.042708333333333334
0 0.30480769230769234 0.346875 0.027884615384615386 0.021875
0 0.5301682692307692 0.1640625 0.02283653846153846 0.04479166666666667
0 0.4091346153846154 0.13177083333333334 0.017788461538461538 0.020833333333333332
0 0.2848557692307692 0.4734375 0.02403846153846154 0.03333333333333333
0 0.5534855769230769 0.22994791666666667 0.014663461538461538 0.043229166666666666
0 0.46057692307692305 0.22552083333333334 0.025961538461538463 0.035416666666666666
0 0.27355769230769234 0.8619791666666666 0.016826923076923076 0.051041666666666666
0 0.43485576923076924 0.7958333333333333 0.028846153846153848 0.015625
0 0.43040865384615384 0.7221354166666667 0.013701923076923077 0.0484375
0 0.45240384615384616 0.27005208333333336 0.020673076923076922 0.0265625
0 0.6614182692307692 0.45625 0.02956730769230769 0.015625
0 0.3344951923076923 0.8802083333333334 0.023317307692307693 0.06666666666666667
0 0.5526442307692307 0.6940104166666666 0.021634615384615384 0.0234375
0 0.4816105769230769 0.56796875 0.019471153846153846 0.011979166666666667
0 0.47223557692307694 0.81328125 0.0069711538461538465 0.049479166666666664
0 0.40889423076923076 0.18463541666666666 0.023557692307692307 0.0140625
0 0.3269230769230769 0.8065104166666667 0.02980769230769231 0.021354166666666667
0 0.3487980769230769 0.28411458333333334 0.009134615384615385 0.07239583333333334
0 0.45913461538461536 0.047135416666666666 0.019230769230769232 0.03177083333333333
0 0.5576923076923077 0.49557291666666664 0.015865384615384615 0.022395833333333334
0 0.34591346153846153 0.35885416666666664 0.013461538461538462 0.029166666666666667
0 0.3211538461538462 0.3028645833333333 0.02451923076923077 0.0390625
0 0.5070913461538461 0.5580729166666667 0.008894230769230769 0.0390625
0 0.5139423076923076 0.7458333333333333 0.015384615384615385 0.025
0 0.47884615384615387 0.2713541666666667 0.013461538461538462 0.034375
0 0.31021634615384613 0.5658854166666667 0.024278846153846154 0.011979166666666667
0 0.4670673076923077 0.37916666666666665 0.006730769230769231 0.058333333333333334
0 0.4405048076923077 0.440625 0.006009615384615385 0.03125
0 0.5924278846153846 0.6580729166666667 0.011298076923076923 0.033854166666666664
0 0.30685096153846153 0.21588541666666666 0.01658653846153846 0.0328125
0 0.42596153846153845 0.6666666666666666 0.03990384615384615 0.03854166666666667
0 0.47620192307692305 0.6838541666666667 0.01875 0.040625
0 0.3033653846153846 0.13203125 0.023076923076923078 0.0140625
0 0.4045673076923077 0.4192708333333333 0.020192307692307693 0.013541666666666667
0 0.6217548076923077 0.36041666666666666 0.006009615384615385 0.04375
0 0.6026442307692308 0.8213541666666667 0.022596153846153846 0.016666666666666666
0 0.38245192307692305 0.94375 0.02548076923076923 0.023958333333333335
0 0.4436298076923077 0.6236979166666666 0.029086538461538462 0.0171875
0 0.6146634615384615 0.4549479166666667 0.015384615384615385 0.03802083333333333
0 0.5033653846153846 0.3229166666666667 0.027884615384615386 0.019791666666666666
0 0.5429086538461538 0.5518229166666667 0.0069711538461538465 0.044270833333333336
0 0.43004807692307695 0.8958333333333334 0.01730769230769231 0.04791666666666667
0 0.4186298076923077 0.8182291666666667 0.01514423076923077 0.041666666666666664
0 0.5959134615384616 0.24895833333333334 0.01201923076923077 0.052083333333333336
0 0.2902644230769231 0.6471354166666666 0.019951923076923075 0.0171875
0 0.5899038461538462 0.7671875 0.01730769230769231 0.030208333333333334
0 0.6026442307692308 0.8901041666666667 0.022115384615384617 0.057291666666666664
0 0.4813701923076923 0.9213541666666667 0.012740384615384615 0.04895833333333333
0 0.4542067307692308 0.7455729166666667 0.01514423076923077 0.03697916666666667
0 0.5959134615384616 0.93046875 0.023076923076923078 0.016145833333333335
0 0.3010817307692308 0.6635416666666667 0.018509615384615385 0.035416666666666666
0 0.39266826923076925 0.240625 0.020432692307692308 0.020833333333333332
0 0.39891826923076923 0.7015625 0.014663461538461538 0.042708333333333334
0 0.5444711538461539 0.9213541666666667 0.03076923076923077 0.027083333333333334
0 0.5245192307692308 0.38645833333333335 0.01875 0.016666666666666666
0 0.3872596153846154 0.7307291666666667 0.02403846153846154 0.0125
0 0.26658653846153846 0.24348958333333334 0.03990384615384615 0.04114583333333333
0 0.4748798076923077 0.75546875 0.024759615384615383 0.0265625
0 0.5195913461538462 0.53359375 0.01706730769230769 0.0390625
0 0.5790865384615385 0.24479166666666666 0.021153846153846155 0.040625
0 0.35096153846153844 0.6348958333333333 0.026923076923076925 0.013541666666666667
0 0.5729567307692308 0.03723958333333333 0.026682692307692307 0.022395833333333334
0 0.6051682692307693 0.3888020833333333 0.014182692307692308 0.028645833333333332
0 0.3794471153846154 0.89921875 0.006009615384615385 0.03802083333333333
0 0.5697115384615384 0.19947916666666668 0.011057692307692308 0.0375
0 0.43521634615384613 0.5104166666666666 0.018509615384615385 0.0375
0 0.35865384615384616 0.9065104166666667 0.007692307692307693 0.016145833333333335
0 0.45697115384615383 0.6690104166666667 0.007211538461538462 0.04114583333333333
0 0.371875 0.6859375 0.022115384615384617 0.028125
0 0.4876201923076923 0.8846354166666667 0.021875 0.0296875
0 0.6204326923076923 0.5260416666666666 0.006730769230769231 0.05
0 0.32247596153846153 0.6765625 0.011778846153846154 0.04583333333333333
0 0.6280048076923077 0.16197916666666667 0.01658653846153846 0.0375
0 0.3205528846153846 0.9494791666666667 0.05456730769230769 0.0375
0 0.5911057692307692 0.4739583333333333 0.015865384615384615 0.04583333333333333
0 0.2854567307692308 0.9184895833333333 0.026201923076923078 0.03697916666666667
0 0.5371394230769231 0.08203125 0.02139423076923077 0.015104166666666667
0 0.5760817307692307 0.4278645833333333 0.018990384615384614 0.03802083333333333
0 0.4947115384615385 0.05651041666666667 0.025961538461538463 0.0203125
0 0.48641826923076925 0.18255208333333334 0.006009615384615385 0.04114583333333333
0 0.6336538461538461 0.45390625 0.008653846153846154 0.019270833333333334
0 0.2734375 0.39557291666666666 0.025721153846153845 0.033854166666666664
0 0.44579326923076923 0.93828125 0.025240384615384616 0.0328125
0 0.47752403846153846 0.8440104166666667 0.014182692307692308 0.04635416666666667
0 0.3688701923076923 0.2833333333333333 0.027644230769230768 0.015625
0 0.5881009615384616 0.06015625 0.018990384615384614 0.015104166666666667
0 0.25853365384615384 0.9440104166666666 0.020432692307692308 0.04114583333333333
0 0.27752403846153845 0.6359375 0.019471153846153846 0.05
0 0.5558894230769231 0.8078125 0.006490384615384616 0.05
0 0.2669471153846154 0.6044270833333333 0.012259615384615384 0.0359375
0 0.38064903846153847 0.11171875 0.013701923076923077 0.0328125
0 0.42391826923076925 0.42916666666666664 0.017548076923076923 0.014583333333333334
0 0.4227163461538462 0.48125 0.015625 0.0375
0 0.6021634615384616 0.6197916666666666 0.016826923076923076 0.042708333333333334
0 0.49771634615384613 0.08854166666666667 0.031490384615384615 0.027083333333333334
0 0.3657451923076923 0.20911458333333333 0.009375 0.04010416666666667
0 0.6472355769230769 0.7338541666666667 0.043028846153846154 0.03854166666666667
0 0.40276442307692306 0.24609375 0.020432692307692308 0.0171875
0 0.33822115384615387 0.05625 0.023076923076923078 0.04375
0 0.5003605769230769 0.034895833333333334 0.036778846153846155 0.013541666666666667
0 0.5222355769230769 0.5674479166666667 0.010336538461538461 0.0265625
0 0.5697115384615384 0.30078125 0.020673076923076922 0.03697916666666667
0 0.5664663461538462 0.27291666666666664 0.021875 0.016666666666666666
0 0.3844951923076923 0.11770833333333333 0.025721153846153845 0.04479166666666667
0 0.2997596153846154 0.3848958333333333 0.019230769230769232 0.034375
0 0.6502403846153846 0.5369791666666667 0.029326923076923077 0.020833333333333332
0 0.3330528846153846 0.9395833333333333 0.029086538461538462 0.015625
0 0.3534855769230769 0.23489583333333333 0.025240384615384616 0.022916666666666665
0 0.32247596153846153 0.09505208333333333 0.008413461538461538 0.0359375
0 0.6623798076923076 0.41848958333333336 0.01658653846153846 0.049479166666666664
0 0.26971153846153845 0.3385416666666667 0.01201923076923077 0.0375
0 0.27776442307692306 0.6208333333333333 0.019471153846153846 0.019791666666666666
0 0.6788461538461539 0.7518229166666667 0.010096153846153847 0.028645833333333332
0 0.6024038461538461 0.41640625 0.00625 0.030729166666666665
0 0.2984375 0.1875 0.0069711538461538465 0.03958333333333333
0 0.6256009615384616 0.06197916666666667 0.02235576923076923 0.020833333333333332
0 0.6122596153846154 0.03203125 0.021153846153846155 0.015104166666666667
0 0.2841346153846154 0.25859375 0.020673076923076922 0.015104166666666667
0 0.4286057692307692 0.03307291666666667 0.010576923076923078 0.013020833333333334
0 0.6712740384615384 0.7984375 0.01514423076923077 0.042708333333333334
0 0.39014423076923077 0.26614583333333336 0.006730769230769231 0.0375
0 0.3799278846153846 0.5041666666666667 0.008413461538461538 0.040625
0 0.3233173076923077 0.04895833333333333 0.008173076923076924 0.03229166666666667
0 0.6455528846153846 0.9486979166666667 0.018028846153846152 0.0234375
0 0.5311298076923077 0.06901041666666667 0.021875 0.0171875
0 0.40841346153846153 0.07317708333333334 0.013461538461538462 0.018229166666666668
0 0.3018028846153846 0.9481770833333333 0.018028846153846152 0.0265625
0 0.6548076923076923 0.5052083333333334 0.009615384615384616 0.020833333333333332
0 0.4402644230769231 0.9075520833333334 0.007451923076923077 0.0609375
0 0.409375 0.17604166666666668 0.025 0.03229166666666667
0 0.5342548076923077 0.05807291666666667 0.02860576923076923 0.024479166666666666
0 0.30528846153846156 0.28463541666666664 0.007692307692307693 0.07447916666666667
0 0.6084134615384615 0.09166666666666666 0.01971153846153846 0.013541666666666667
0 0.6503605769230769 0.30885416666666665 0.019471153846153846 0.030208333333333334
0 0.6549278846153846 0.28203125 0.018028846153846152 0.03697916666666667
0 0.5329326923076924 0.0484375 0.026923076923076925 0.014583333333333334
0 0.604326923076923 0.19739583333333333 0.012980769230769231 0.029166666666666667
0 0.2594951923076923 0.53984375 0.018028846153846152 0.04739583333333333
0 0.39939903846153846 0.07135416666666666 0.008894230769230769 0.03854166666666667
0 0.25384615384615383 0.25104166666666666 0.014423076923076924 0.027083333333333334
0 0.6725961538461539 0.9171875 0.028846153846153848 0.04791666666666667
0 0.5706730769230769 0.3372395833333333 0.0125 0.0234375
0 0.3066105769230769 0.11380208333333333 0.018990384615384614 0.019270833333333334
0 0.6564903846153847 0.5348958333333333 0.016826923076923076 0.019791666666666666
0 0.38653846153846155 0.06276041666666667 0.058173076923076925 0.05260416666666667
0 0.3855769230769231 0.13203125 0.023557692307692307 0.015104166666666667
0 0.41983173076923075 0.46953125 0.01706730769230769 0.04635416666666667
0 0.3658653846153846 0.303125 0.01826923076923077 0.016666666666666666
0 0.2854567307692308 0.9080729166666667 0.025721153846153845 0.016145833333333335
0 0.41334134615384616 0.3611979166666667 0.012740384615384615 0.034895833333333334
0 0.384375 0.6643229166666667 0.021153846153846155 0.013020833333333334
0 0.6625 0.8395833333333333 0.021634615384615384 0.015625
0 0.37151442307692306 0.09739583333333333 0.013701923076923077 0.014583333333333334
0 0.36502403846153847 0.9341145833333333 0.00985576923076923 0.009895833333333333
0 0.6679086538461538 0.8630208333333333 0.011778846153846154 0.03125
0 0.2776442307692308 0.05416666666666667 0.023557692307692307 0.03958333333333333
0 0.6629807692307692 0.26536458333333335 0.01875 0.025520833333333333
0 0.6574519230769231 0.7234375 0.023076923076923078 0.017708333333333333
0 0.6631009615384615 0.8549479166666667 0.02235576923076923 0.04635416666666667
0 0.4597355769230769 0.9458333333333333 0.018990384615384614 0.0125
0 0.5659855769230769 0.4427083333333333 0.013221153846153846 0.0375
0 0.3699519230769231 0.044270833333333336 0.02403846153846154 0.029166666666666667
0 0.3328125 0.0484375 0.012740384615384615 0.030208333333333334
0 0.6677884615384615 0.3924479166666667 0.013461538461538462 0.016145833333333335
0 0.2375 0.9026041666666667 0.013461538461538462 0.0375
0 0.6373798076923077 0.7403645833333333 0.02283653846153846 0.0234375
0 0.2606971153846154 0.7408854166666666 0.00985576923076923 0.050520833333333334
0 0.28701923076923075 0.2890625 0.007211538461538462 0.04791666666666667
0 0.30709134615384615 0.05416666666666667 0.026682692307692307 0.036458333333333336
0 0.37596153846153846 0.1078125 0.023076923076923078 0.036458333333333336
0 0.36454326923076924 0.5260416666666666 0.023798076923076922 0.01875
0 0.49447115384615387 0.32369791666666664 0.010576923076923078 0.015104166666666667
0 0.3049278846153846 0.07708333333333334 0.019951923076923075 0.014583333333333334
0 0.6647836538461539 0.9364583333333333 0.012259615384615384 0.04895833333333333
0 0.25564903846153847 0.31145833333333334 0.006490384615384616 0.040625
0 0.6570913461538461 0.7369791666666666 0.017548076923076923 0.0125
0 0.5138221153846154 0.9190104166666667 0.01610576923076923 0.0265625
0 0.3114182692307692 0.30052083333333335 0.006009615384615385 0.03854166666666667
0 0.24411057692307692 0.3927083333333333 0.0069711538461538465 0.015625
0 0.3401442307692308 0.8796875 0.012980769230769231 0.013541666666666667
0 0.39242788461538464 0.25703125 0.019951923076923075 0.05364583333333333
0 0.3429086538461538 0.07239583333333334 0.014182692307692308 0.0125
0 0.41478365384615384 0.6661458333333333 0.017548076923076923 0.035416666666666666
0 0.6426682692307693 0.17838541666666666 0.014663461538461538 0.0546875
0 0.3955528846153846 0.06822916666666666 0.01706730769230769 0.035416666666666666
0 0.5703125 0.04973958333333333 0.019471153846153846 0.034895833333333334
0 0.2558894230769231 0.6471354166666666 0.010336538461538461 0.0640625
0 0.2514423076923077 0.8083333333333333 0.013942307692307693 0.04895833333333333
0 0.5087740384615385 0.2825520833333333 0.009375 0.0359375
0 0.5691105769230769 0.7815104166666667 0.011778846153846154 0.025520833333333333
0 0.6731971153846154 0.42526041666666664 0.007451923076923077 0.04114583333333333
0 0.24026442307692308 0.7091145833333333 0.00985576923076923 0.04114583333333333
0 0.2841346153846154 0.28203125 0.021153846153846155 0.06197916666666667
0 0.6789663461538461 0.7395833333333334 0.010817307692307692 0.051041666666666666
0 0.6146634615384615 0.65390625 0.01201923076923077 0.0265625
0 0.3049278846153846 0.2669270833333333 0.006490384615384616 0.03802083333333333
0 0.46129807692307695 0.05364583333333333 0.014903846153846155 0.017708333333333333
0 0.6539663461538462 0.14479166666666668 0.009375 0.053125
0 0.3778846153846154 0.6796875 0.03413461538461538 0.040625
0 0.5413461538461538 0.95546875 0.01971153846153846 0.0109375
0 0.6489182692307692 0.054427083333333334 0.008894230769230769 0.059895833333333336
0 0.6461538461538462 0.92421875 0.02451923076923077 0.013020833333333334
0 0.35564903846153845 0.21796875 0.02956730769230769 0.05677083333333333
0 0.2764423076923077 0.24036458333333333 0.020192307692307693 0.033854166666666664
0 0.45625 0.23515625 0.017788461538461538 0.016145833333333335
0 0.6605769230769231 0.32838541666666665 0.023557692307692307 0.019270833333333334
0 0.6069711538461539 0.054947916666666666 0.016826923076923076 0.021354166666666667
0 0.6549278846153846 0.35260416666666666 0.036778846153846155 0.03125
0 0.37103365384615383 0.07317708333333334 0.026682692307692307 0.018229166666666668
0 0.6501201923076924 0.50859375 0.019471153846153846 0.027604166666666666
0 0.48870192307692306 0.9565104166666667 0.026442307692307692 0.015104166666666667
0 0.24903846153846154 0.6697916666666667 0.021153846153846155 0.028125
0 0.31935096153846154 0.9580729166666667 0.02716346153846154 0.019270833333333334
0 0.41057692307692306 0.7010416666666667 0.008653846153846154 0.036458333333333336
0 0.6643028846153847 0.25546875 0.01706730769230769 0.04010416666666667
0 0.515625 0.54765625 0.02548076923076923 0.0671875
0 0.6692307692307692 0.6119791666666666 0.006730769230769231 0.05520833333333333
0 0.24747596153846155 0.6872395833333333 0.014663461538461538 0.027604166666666666
0 0.2701923076923077 0.3145833333333333 0.012980769230769231 0.08541666666666667
0 0.6757211538461538 0.8221354166666667 0.02403846153846154 0.09114583333333333
0 0.6635817307692308 0.36354166666666665 0.019951923076923075 0.03854166666666667
0 0.4480769230769231 0.37994791666666666 0.010096153846153847 0.034895833333333334
0 0.48341346153846154 0.6947916666666667 0.010096153846153847 0.04479166666666667
0 0.4423076923076923 0.54375 0.01730769230769231 0.015625
0 0.45516826923076925 0.04192708333333333 0.011298076923076923 0.022395833333333334
0 0.39435096153846155 0.7083333333333334 0.037259615384615384 0.05625
0 0.3800480769230769 0.04296875 0.04375 0.030729166666666665
0 0.6647836538461539 0.35130208333333335 0.017548076923076923 0.021354166666666667
0 0.6558894230769231 0.225 0.010336538461538461 0.041666666666666664
0 0.2705528846153846 0.13177083333333334 0.014663461538461538 0.022916666666666665
0 0.23810096153846153 0.9393229166666667 0.018028846153846152 0.03802083333333333
0 0.265625 0.39609375 0.010576923076923078 0.034895833333333334
0 0.6171875 0.034375 0.031971153846153844 0.019791666666666666
0 0.4338942307692308 0.6752604166666667 0.02403846153846154 0.018229166666666668
0 0.6471153846153846 0.35208333333333336 0.021153846153846155 0.025
0 0.5609375 0.4861979166666667 0.02235576923076923 0.04114583333333333
0 0.41057692307692306 0.4166666666666667 0.03221153846153846 0.016666666666666666
0 0.6073317307692307 0.34010416666666665 0.01658653846153846 0.014583333333333334
0 0.6837740384615385 0.8510416666666667 0.007451923076923077 0.03333333333333333
0 0.3294471153846154 0.8940104166666667 0.012259615384615384 0.0390625
0 0.6526442307692307 0.9375 0.03701923076923077 0.04895833333333333
0 0.35925480769230766 0.5841145833333333 0.011298076923076923 0.04114583333333333
0 0.6764423076923077 0.65078125 0.009134615384615385 0.0421875