0 0.3485576923076923 0.48359375 0.019230769230769232 0.034895833333333334
0 0.3063701923076923 0.7479166666666667 0.018509615384615385 0.042708333333333334
0 0.3659855769230769 0.5372395833333333 0.008894230769230769 0.050520833333333334
0 0.3019230769230769 0.35052083333333334 0.01826923076923077 0.03333333333333333
0 0.3610576923076923 0.628125 0.011057692307692308 0.042708333333333334
0 0.37680288461538464 0.18697916666666667 0.026682692307692307 0.022916666666666665
0 0.44591346153846156 0.4828125 0.01971153846153846 0.013541666666666667
0 0.5819711538461538 0.5307291666666667 0.009615384615384616 0.046875
0 0.31646634615384617 0.5971354166666667 0.023798076923076922 0.04635416666666667
0 0.30625 0.4005208333333333 0.022115384615384617 0.04791666666666667
0 0.3661057692307692 0.14427083333333332 0.021634615384615384 0.020833333333333332
0 0.3423076923076923 0.44505208333333335 0.021153846153846155 0.027604166666666666
0 0.43365384615384617 0.79140625 0.01826923076923077 0.025520833333333333
0 0.2780048076923077 0.5294270833333333 0.024759615384615383 0.03177083333333333
0 0.38882211538461536 0.6263020833333334 0.026682692307692307 0.016145833333333335
0 0.4421875 0.44765625 0.014663461538461538 0.028645833333333332
0 0.26778846153846153 0.6372395833333333 0.028846153846153848 0.027604166666666666
0 0.5789663461538461 0.3359375 0.013221153846153846 0.04895833333333333
0 0.48846153846153845 0.35208333333333336 0.023557692307692307 0.027083333333333334
0 0.44290865384615385 0.13854166666666667 0.023798076923076922 0.019791666666666666
0 0.5319711538461539 0.92578125 0.029326923076923077 0.027604166666666666
0 0.583173076923077 0.29375 0.01971153846153846 0.015625
0 0.3669471153846154 0.7546875 0.019951923076923075 0.01875
0 0.3310096153846154 0.4083333333333333 0.027884615384615386 0.014583333333333334
0 0.5943509615384616 0.384375 0.01706730769230769 0.046875
0 0.2721153846153846 0.29192708333333334 0.014903846153846155 0.030729166666666665
0 0.4326923076923077 0.54609375 0.017788461538461538 0.033854166666666664
0 0.5518028846153846 0.3888020833333333 0.018990384615384614 0.016145833333333335
0 0.4294471153846154 0.3338541666666667 0.007932692307692307 0.051041666666666666
0 0.5707932692307692 0.59453125 0.010336538461538461 0.03177083333333333
0 0.5408653846153846 0.5830729166666667 0.015865384615384615 0.04635416666666667
0 0.48810096153846155 0.5981770833333333 0.017548076923076923 0.0234375
0 0.45913461538461536 0.5419270833333333 0.026923076923076925 0.0234375
0 0.5115384615384615 0.75625 0.022115384615384617 0.019791666666666666
0 0.44122596153846155 0.3765625 0.010336538461538461 0.046875
0 0.32908653846153846 0.23307291666666666 0.02548076923076923 0.0171875
0 0.48701923076923076 0.39166666666666666 0.015865384615384615 0.03125
0 0.5197115384615385 0.2140625 0.01730769230769231 0.017708333333333333
0 0.5044471153846154 0.7963541666666667 0.010336538461538461 0.05
0 0.5448317307692307 0.2864583333333333 0.01706730769230769 0.046875
0 0.48497596153846156 0.1625 0.021875 0.014583333333333334
0 0.6155048076923076 0.6916666666666667 0.015625 0.036458333333333336
0 0.6204326923076923 0.74453125 0.026923076923076925 0.015104166666666667
0 0.3498798076923077 0.7861979166666667 0.025240384615384616 0.03177083333333333
0 0.34915865384615385 0.1609375 0.009375 0.041666666666666664
0 0.41959134615384613 0.38203125 0.021875 0.0140625
0 0.3734375 0.7065104166666667 0.017548076923076923 0.021354166666666667
0 0.2746394230769231 0.47734375 0.013701923076923077 0.05677083333333333
0 0.3424278846153846 0.8515625 0.023317307692307693 0.021875
0 0.4087740384615385 0.6580729166666667 0.01514423076923077 0.04010416666666667
0 0.6162259615384615 0.28411458333333334 0.013701923076923077 0.044270833333333336
0 0.5024038461538461 0.3223958333333333 0.011057692307692308 0.040625
0 0.2640625 0.5677083333333334 0.01610576923076923 0.022916666666666665
0 0.4111778846153846 0.5283854166666667 0.0069711538461538465 0.04010416666666667
0 0.6100961538461539 0.17291666666666666 0.020673076923076922 0.01875
0 0.6219951923076923 0.33567708333333335 0.008413461538461538 0.0515625
0 0.35709134615384613 0.9052083333333333 0.027644230769230768 0.040625
0 0.5534855769230769 0.44140625 0.018028846153846152 0.013020833333333334
0 0.2875 0.13255208333333332 0.01875 0.013020833333333334
0 0.5169471153846154 0.5661458333333333 0.013701923076923077 0.036458333333333336
0 0.5108173076923077 0.48776041666666664 0.008653846153846154 0.0453125
0 0.4106971153846154 0.8325520833333333 0.019471153846153846 0.04010416666666667
0 0.5300480769230769 0.4869791666666667 0.01730769230769231 0.036458333333333336
0 0.557451923076923 0.271875 0.006730769230769231 0.04895833333333333
0 0.5004807692307692 0.9036458333333334 0.014423076923076924 0.058333333333333334
0 0.3109375 0.8075520833333333 0.023317307692307693 0.013020833333333334
0 0.4173076923076923 0.26484375 0.021153846153846155 0.0140625
0 0.5836538461538462 0.20520833333333333 0.013942307692307693 0.03125
0 0.6331730769230769 0.21953125 0.014903846153846155 0.034895833333333334
0 0.3424278846153846 0.2625 0.017548076923076923 0.023958333333333335
0 0.3581730769230769 0.34036458333333336 0.01875 0.019270833333333334
0 0.5771634615384615 0.8515625 0.010096153846153847 0.034375
0 0.5332932692307693 0.7346354166666667 0.015625 0.0359375
0 0.3877403846153846 0.24375 0.010576923076923078 0.0375
0 0.4799278846153846 0.475 0.012259615384615384 0.04479166666666667
0 0.5814903846153846 0.6625 0.008653846153846154 0.046875
0 0.35252403846153846 0.2994791666666667 0.014663461538461538 0.034375
0 0.5349759615384615 0.9635416666666666 0.017548076923076923 0.015625
0 0.3891826923076923 0.8734375 0.022115384615384617 0.040625
0 0.2820913461538462 0.8841145833333334 0.02956730769230769 0.03697916666666667
0 0.45384615384615384 0.41432291666666665 0.005288461538461539 0.04010416666666667
0 0.5004807692307692 0.5690104166666666 0.011538461538461539 0.0453125
0 0.48701923076923076 0.8684895833333334 0.020192307692307693 0.013020833333333334
0 0.37103365384615383 0.8200520833333333 0.014663461538461538 0.058854166666666666
0 0.5405048076923077 0.6609375 0.006490384615384616 0.042708333333333334
0 0.5735576923076923 0.9424479166666667 0.007211538461538462 0.0609375
0 0.5570913461538461 0.6973958333333333 0.008894230769230769 0.035416666666666666
0 0.5230769230769231 0.4046875 0.017788461538461538 0.0125
0 0.25060096153846156 0.65703125 0.010817307692307692 0.0453125
0 0.4375 0.6044270833333333 0.0057692307692307696 0.0390625
0 0.5229567307692308 0.09401041666666667 0.02283653846153846 0.015104166666666667
0 0.3016826923076923 0.8390625 0.016826923076923076 0.017708333333333333
0 0.6383413461538462 0.54375 0.012740384615384615 0.04479166666666667
0 0.33557692307692305 0.7153645833333333 0.006730769230769231 0.0515625
0 0.5901442307692307 0.9294270833333333 0.0125 0.013020833333333334
0 0.4733173076923077 0.9325520833333333 0.035096153846153846 0.043229166666666666
0 0.2516826923076923 0.3575520833333333 0.020192307692307693 0.028645833333333332
0 0.5725961538461538 0.6502604166666667 0.008173076923076924 0.05364583333333333
0 0.25264423076923076 0.2950520833333333 0.021153846153846155 0.0140625
0 0.5930288461538461 0.8104166666666667 0.028365384615384615 0.013541666666666667
0 0.25408653846153845 0.7278645833333334 0.011538461538461539 0.033854166666666664
0 0.549639423076923 0.7268229166666667 0.009375 0.03802083333333333
0 0.5057692307692307 0.05286458333333333 0.013942307692307693 0.04010416666666667
0 0.22536057692307693 0.53828125 0.012259615384615384 0.016145833333333335
0 0.5120192307692307 0.7145833333333333 0.00625 0.051041666666666666
0 0.5167067307692308 0.08854166666666667 0.037259615384615384 0.027083333333333334
0 0.5073317307692308 0.9421875 0.006009615384615385 0.04375
0 0.49927884615384616 0.45 0.020673076923076922 0.017708333333333333
0 0.5246394230769231 0.5458333333333333 0.018028846153846152 0.014583333333333334
0 0.4034855769230769 0.37552083333333336 0.007451923076923077 0.065625
0 0.56875 0.061197916666666664 0.01971153846153846 0.013020833333333334
0 0.4098557692307692 0.88828125 0.017788461538461538 0.0453125
0 0.5006009615384616 0.23046875 0.01514423076923077 0.0109375
0 0.2637019230769231 0.3890625 0.013461538461538462 0.028125
0 0.30528846153846156 0.6979166666666666 0.022115384615384617 0.028125
0 0.2329326923076923 0.5729166666666666 0.012980769230769231 0.0375
0 0.4001201923076923 0.9192708333333334 0.024278846153846154 0.020833333333333332
0 0.37463942307692305 0.9489583333333333 0.024759615384615383 0.07083333333333333
0 0.4355769230769231 0.11041666666666666 0.023076923076923078 0.022916666666666665
0 0.4207932692307692 0.9088541666666666 0.014663461538461538 0.03333333333333333
0 0.3256009615384615 0.3380208333333333 0.018028846153846152 0.020833333333333332
0 0.26322115384615385 0.34921875 0.03028846153846154 0.0515625
0 0.32439903846153845 0.9182291666666667 0.008894230769230769 0.04791666666666667
0 0.5075721153846153 0.38385416666666666 0.01514423076923077 0.014583333333333334
0 0.4045673076923077 0.045572916666666664 0.020673076923076922 0.016145833333333335
0 0.6098557692307692 0.4747395833333333 0.0057692307692307696 0.0359375
0 0.49158653846153844 0.4192708333333333 0.010576923076923078 0.03125
0 0.28858173076923077 0.4354166666666667 0.021875 0.06354166666666666
0 0.6397836538461539 0.6052083333333333 0.01514423076923077 0.04791666666666667
0 0.49567307692307694 0.41171875 0.017788461538461538 0.0453125
0 0.271875 0.16484375 0.01730769230769231 0.018229166666666668
0 0.2377403846153846 0.7377604166666667 0.01826923076923077 0.033854166666666664
0 0.28978365384615384 0.44895833333333335 0.018990384615384614 0.035416666666666666
0 0.6471153846153846 0.6911458333333333 0.021634615384615384 0.046875
0 0.5112980769230769 0.61875 0.00625 0.040625
0 0.44759615384615387 0.9268229166666667 0.026442307692307692 0.05260416666666667
0 0.396875 0.2716145833333333 0.016826923076923076 0.013020833333333334
0 0.2407451923076923 0.7791666666666667 0.008894230769230769 0.053125
0 0.5021634615384616 0.6588541666666666 0.01826923076923077 0.014583333333333334
0 0.2979567307692308 0.09947916666666666 0.030528846153846153 0.052083333333333336
0 0.36454326923076924 0.04583333333333333 0.03581730769230769 0.029166666666666667
0 0.4670673076923077 0.9716145833333333 0.01826923076923077 0.0109375
0 0.5177884615384616 0.38619791666666664 0.011538461538461539 0.0296875
0 0.2683894230769231 0.19036458333333334 0.013701923076923077 0.0234375
0 0.6209134615384615 0.8296875 0.006730769230769231 0.06145833333333333
0 0.3010817307692308 0.050520833333333334 0.03918269230769231 0.03333333333333333
0 0.4111778846153846 0.9572916666666667 0.04927884615384615 0.05
0 0.22295673076923078 0.7630208333333334 0.02283653846153846 0.021875
0 0.35733173076923075 0.2942708333333333 0.023798076923076922 0.042708333333333334
0 0.6140625 0.9544270833333334 0.02716346153846154 0.03802083333333333
0 0.3409855769230769 0.06666666666666667 0.01514423076923077 0.01875
0 0.6247596153846153 0.38515625 0.013461538461538462 0.0265625
0 0.35865384615384616 0.12552083333333333 0.016826923076923076 0.0125
0 0.2552884615384615 0.9260416666666667 0.01971153846153846 0.013541666666666667
0 0.33810096153846153 0.9184895833333333 0.007451923076923077 0.018229166666666668
0 0.5266826923076923 0.45625 0.008173076923076924 0.030208333333333334
0 0.43173076923076925 0.88046875 0.00625 0.04010416666666667
0 0.4498798076923077 0.03984375 0.03341346153846154 0.018229166666666668
0 0.35997596153846156 0.2799479166666667 0.018990384615384614 0.0140625
0 0.49567307692307694 0.4791666666666667 0.020192307692307693 0.053125
0 0.42896634615384616 0.08046875 0.019951923076923075 0.013020833333333334
0 0.44543269230769234 0.06041666666666667 0.023557692307692307 0.015625
0 0.25204326923076925 0.7981770833333334 0.007932692307692307 0.0640625
0 0.21983173076923077 0.56796875 0.010336538461538461 0.049479166666666664
0 0.26802884615384615 0.20286458333333332 0.015384615384615385 0.04739583333333333
0 0.6368990384615385 0.14010416666666667 0.017548076923076923 0.06458333333333334
0 0.2675480769230769 0.21380208333333334 0.014423076923076924 0.024479166666666666
0 0.3092548076923077 0.9653645833333333 0.03293269230769231 0.028645833333333332
0 0.5491586538461538 0.6380208333333334 0.008413461538461538 0.025
0 0.5007211538461539 0.40598958333333335 0.009615384615384616 0.03802083333333333
0 0.22451923076923078 0.29609375 0.009134615384615385 0.013020833333333334
0 0.505048076923077 0.08489583333333334 0.014423076923076924 0.01875
0 0.6411057692307692 0.85234375 0.015384615384615385 0.06510416666666667
0 0.5604567307692307 0.9455729166666667 0.021875 0.019270833333333334
0 0.37572115384615384 0.10807291666666667 0.01730769230769231 0.011979166666666667
0 0.3975961538461538 0.9559895833333333 0.022115384615384617 0.0421875
0 0.5219951923076923 0.39114583333333336 0.019951923076923075 0.03854166666666667
0 0.3175480769230769 0.053385416666666664 0.008173076923076924 0.033854166666666664
0 0.49254807692307695 0.4622395833333333 0.014423076923076924 0.0203125
0 0.5078125 0.64609375 0.030048076923076924 0.04010416666666667
0 0.33497596153846154 0.9614583333333333 0.024278846153846154 0.04583333333333333
0 0.6420673076923077 0.78359375 0.0057692307692307696 0.0421875
0 0.5534855769230769 0.04401041666666667 0.023798076923076922 0.016145833333333335
0 0.6081730769230769 0.11015625 0.021153846153846155 0.027604166666666666
0 0.35120192307692305 0.2830729166666667 0.035576923076923075 0.0671875
0 0.3004807692307692 0.96640625 0.015865384615384615 0.025520833333333333
0 0.50625 0.4002604166666667 0.01826923076923077 0.04739583333333333
0 0.6175480769230769 0.7901041666666667 0.015865384615384615 0.04375
0 0.2251201923076923 0.7013020833333333 0.012259615384615384 0.04010416666666667
0 0.5168269230769231 0.6411458333333333 0.0125 0.03229166666666667
0 0.6526442307692307 0.5588541666666667 0.006730769230769231 0.04479166666666667
0 0.5162259615384616 0.05234375 0.03485576923076923 0.03802083333333333
0 0.3705528846153846 0.07708333333333334 0.017548076923076923 0.015625
0 0.23076923076923078 0.6341145833333334 0.008173076923076924 0.0359375
0 0.6414663461538461 0.24791666666666667 0.007932692307692307 0.041666666666666664
0 0.6322115384615384 0.14817708333333332 0.008173076923076924 0.0484375
0 0.6129807692307693 0.10963541666666667 0.010576923076923078 0.027604166666666666
0 0.2329326923076923 0.6143229166666667 0.0125 0.0265625
0 0.6490384615384616 0.25494791666666666 0.007692307692307693 0.0640625
0 0.5615384615384615 0.042708333333333334 0.041826923076923074 0.022916666666666665
0 0.2221153846153846 0.334375 0.008173076923076924 0.016666666666666666
0 0.3618990384615385 0.0390625 0.02956730769230769 0.016666666666666666
0 0.21899038461538461 0.61328125 0.010096153846153847 0.025520833333333333
0 0.6390625 0.49609375 0.0069711538461538465 0.04010416666666667
0 0.3044471153846154 0.09036458333333333 0.01706730769230769 0.033854166666666664
0 0.22247596153846153 0.3575520833333333 0.008894230769230769 0.030729166666666665
0 0.22271634615384617 0.32265625 0.00985576923076923 0.03697916666666667
0 0.4433894230769231 0.048177083333333336 0.046875 0.034895833333333334
0 0.6390625 0.2625 0.012740384615384615 0.071875
0 0.6352163461538461 0.425 0.0069711538461538465 0.05520833333333333
0 0.6501201923076924 0.62109375 0.014182692307692308 0.07239583333333334
0 0.2484375 0.32526041666666666 0.007451923076923077 0.019270833333333334
0 0.21850961538461539 0.6302083333333334 0.010096153846153847 0.058333333333333334
0 0.39411057692307694 0.2515625 0.02283653846153846 0.053125
0 0.22896634615384615 0.3848958333333333 0.0069711538461538465 0.042708333333333334
0 0.23305288461538462 0.525 0.006490384615384616 0.0375
0 0.2924278846153846 0.9763020833333333 0.02956730769230769 0.024479166666666666
0 0.4403846153846154 0.9276041666666667 0.010576923076923078 0.05
0 0.24098557692307693 0.14088541666666668 0.02716346153846154 0.034895833333333334
0 0.5532451923076923 0.7130208333333333 0.01658653846153846 0.065625
0 0.3485576923076923 0.9716145833333333 0.03125 0.027604166666666666
0 0.23497596153846154 0.39296875 0.005528846153846154 0.025520833333333333
0 0.6496394230769231 0.44921875 0.006490384615384616 0.04010416666666667
0 0.22403846153846155 0.5145833333333333 0.007211538461538462 0.020833333333333332
0 0.21574519230769232 0.846875 0.012740384615384615 0.05416666666666667
0 0.6344951923076924 0.9515625 0.015625 0.04895833333333333
0 0.6307692307692307 0.7861979166666667 0.01730769230769231 0.0359375
0 0.24579326923076922 0.19479166666666667 0.02139423076923077 0.021875
0 0.6241586538461539 0.0890625 0.014663461538461538 0.04895833333333333
0 0.6050480769230769 0.9479166666666666 0.009134615384615385 0.017708333333333333
0 0.6471153846153846 0.63984375 0.008653846153846154 0.0390625
0 0.6388221153846154 0.11666666666666667 0.014182692307692308 0.022916666666666665
0 0.40396634615384613 0.06848958333333334 0.018509615384615385 0.018229166666666668
0 0.2915865384615385 0.10677083333333333 0.01730769230769231 0.036458333333333336
0 0.5637019230769231 0.9432291666666667 0.027884615384615386 0.059375
0 0.28185096153846156 0.41770833333333335 0.008413461538461538 0.029166666666666667
0 0.2230769230769231 0.94375 0.021153846153846155 0.07708333333333334
0 0.38341346153846156 0.10833333333333334 0.032692307692307694 0.013541666666666667
0 0.3605769230769231 0.052083333333333336 0.028846153846153848 0.017708333333333333
0 0.3816105769230769 0.9411458333333333 0.011298076923076923 0.05520833333333333
0 0.4643028846153846 0.53515625 0.015625 0.011979166666666667
0 0.6177884615384616 0.31145833333333334 0.01730769230769231 0.09895833333333333
0 0.23545673076923077 0.33151041666666664 0.006490384615384616 0.04739583333333333
0 0.634375 0.4109375 0.00625 0.030208333333333334
0 0.4282451923076923 0.9520833333333333 0.015625 0.034375
0 0.34146634615384613 0.97109375 0.015625 0.0265625
0 0.2456730769230769 0.9786458333333333 0.023557692307692307 0.021875
0 0.22007211538461538 0.7328125 0.01610576923076923 0.0375
0 0.5221153846153846 0.5611979166666666 0.023557692307692307 0.0453125
0 0.6509615384615385 0.60390625 0.012980769230769231 0.0421875
0 0.6282451923076923 0.41041666666666665 0.020432692307692308 0.078125
0 0.3548076923076923 0.9138020833333333 0.022115384615384617 0.022395833333333334
0 0.2609375 0.2916666666666667 0.03774038461538461 0.03125
0 0.5153846153846153 0.6270833333333333 0.014903846153846155 0.058333333333333334
0 0.23954326923076924 0.9078125 0.011298076923076923 0.04479166666666667
0 0.37259615384615385 0.05546875 0.022115384615384617 0.0140625
0 0.43701923076923077 0.55234375 0.010576923076923078 0.0203125
0 0.4622596153846154 0.9442708333333333 0.013461538461538462 0.019791666666666666
0 0.6491586538461539 0.2328125 0.0069711538461538465 0.023958333333333335
0 0.3546875 0.05520833333333333 0.01610576923076923 0.013541666666666667
0 0.228125 0.20208333333333334 0.012980769230769231 0.03125
0 0.41466346153846156 0.8958333333333334 0.027403846153846154 0.06041666666666667
0 0.6256009615384616 0.5260416666666666 0.012259615384615384 0.0125
0 0.29651442307692305 0.05234375 0.029086538461538462 0.021354166666666667
0 0.37872596153846155 0.7138020833333333 0.02860576923076923 0.03697916666666667
0 0.6396634615384615 0.1046875 0.012980769230769231 0.03958333333333333
0 0.23834134615384617 0.95234375 0.015625 0.050520833333333334
0 0.48221153846153847 0.34869791666666666 0.011057692307692308 0.0140625
0 0.39663461538461536 0.07057291666666667 0.023076923076923078 0.022395833333333334
0 0.6091346153846153 0.9463541666666667 0.01730769230769231 0.021875
0 0.6466346153846154 0.37994791666666666 0.010096153846153847 0.04010416666666667
0 0.2700721153846154 0.9489583333333333 0.012259615384615384 0.051041666666666666
0 0.39074519230769234 0.08463541666666667 0.023798076923076922 0.015104166666666667
0 0.2591346153846154 0.33489583333333334 0.021634615384615384 0.021875
0 0.5013221153846154 0.4856770833333333 0.008413461538461538 0.04114583333333333
0 0.23341346153846154 0.9559895833333333 0.007692307692307693 0.043229166666666666
0 0.27283653846153844 0.3606770833333333 0.013942307692307693 0.03697916666666667
0 0.5310096153846153 0.5666666666666667 0.010576923076923078 0.026041666666666668
0 0.521875 0.05572916666666667 0.023557692307692307 0.020833333333333332
0 0.41478365384615384 0.9643229166666667 0.013221153846153846 0.034895833333333334
0 0.5524038461538462 0.8986979166666667 0.014423076923076924 0.0265625
0 0.2326923076923077 0.840625 0.02548076923076923 0.042708333333333334
0 0.23954326923076924 0.5895833333333333 0.008413461538461538 0.041666666666666664