0 0.19973958333333333 0.3792067307692308 0.0484375 0.01514423076923077
0 0.20390625 0.6319711538461539 0.04114583333333333 0.022115384615384617
0 0.6747395833333333 0.31466346153846153 0.0390625 0.01201923076923077
0 0.3078125 0.5810096153846154 0.051041666666666666 0.014423076923076924
0 0.13854166666666667 0.3996394230769231 0.051041666666666666 0.015625
0 0.2046875 0.4033653846153846 0.042708333333333334 0.01971153846153846
0 0.5403645833333334 0.27776442307692306 0.0390625 0.024759615384615383
0 0.6901041666666666 0.3658653846153846 0.040625 0.02451923076923077
0 0.15234375 0.6259615384615385 0.03177083333333333 0.02451923076923077
0 0.7341145833333333 0.3044471153846154 0.025520833333333333 0.020432692307692308
0 0.11666666666666667 0.42932692307692305 0.025 0.020192307692307693
0 0.7578125 0.3371394230769231 0.028125 0.025721153846153845
0 0.5111979166666667 0.32427884615384617 0.028645833333333332 0.01875
0 0.5546875 0.32716346153846154 0.040625 0.01875
0 0.68203125 0.34555288461538464 0.04739583333333333 0.010817307692307692
0 0.18098958333333334 0.3139423076923077 0.05572916666666667 0.027884615384615386
0 0.66484375 0.40564903846153844 0.033854166666666664 0.014182692307692308
0 0.7486979166666666 0.5974759615384615 0.030729166666666665 0.019951923076923075
0 0.20572916666666666 0.4752403846153846 0.04895833333333333 0.009615384615384616
0 0.11822916666666666 0.3503605769230769 0.017708333333333333 0.025240384615384616
0 0.63984375 0.6007211538461539 0.03697916666666667 0.017788461538461538
0 0.5752604166666667 0.5503605769230769 0.0203125 0.01658653846153846
0 0.378125 0.5942307692307692 0.04791666666666667 0.012980769230769231
0 0.7697916666666667 0.3079326923076923 0.025 0.014423076923076924
0 0.79453125 0.2926682692307692 0.0234375 0.01658653846153846
0 0.6463541666666667 0.5545673076923077 0.040625 0.01971153846153846
0 0.30546875 0.5219951923076923 0.0265625 0.018509615384615385
0 0.8010416666666667 0.33798076923076925 0.016666666666666666 0.021153846153846155
0 0.23776041666666667 0.6050480769230769 0.0390625 0.013461538461538462
0 0.09479166666666666 0.38040865384615385 0.015625 0.02716346153846154
0 0.25833333333333336 0.5347355769230769 0.021875 0.02283653846153846
0 0.5723958333333333 0.45697115384615383 0.035416666666666666 0.021634615384615384
0 0.07239583333333334 0.3626201923076923 0.028125 0.017548076923076923
0 0.7125 0.5296875 0.03125 0.020432692307692308
0 0.8520833333333333 0.453125 0.022916666666666665 0.01730769230769231
0 0.075 0.41646634615384615 0.06354166666666666 0.012740384615384615
0 0.5645833333333333 0.6580528846153846 0.015625 0.025721153846153845
0 0.37057291666666664 0.6600961538461538 0.0296875 0.02980769230769231
0 0.6078125 0.63125 0.023958333333333335 0.023557692307692307
0 0.62890625 0.39903846153846156 0.03697916666666667 0.01875
0 0.11744791666666667 0.45709134615384617 0.018229166666666668 0.024759615384615383
0 0.14947916666666666 0.5301682692307692 0.053125 0.034375
0 0.5072916666666667 0.5580528846153846 0.05416666666666667 0.0069711538461538465
0 0.30026041666666664 0.4563701923076923 0.0453125 0.011298076923076923
0 0.2596354166666667 0.6421875 0.044270833333333336 0.011778846153846154
0 0.11510416666666666 0.5688701923076923 0.036458333333333336 0.015625
0 0.8643229166666667 0.6210336538461538 0.024479166666666666 0.02139423076923077
0 0.22005208333333334 0.46045673076923077 0.0421875 0.017548076923076923
0 0.22447916666666667 0.328125 0.04791666666666667 0.011538461538461539
0 0.30052083333333335 0.6078125 0.025 0.021875
0 0.5234375 0.30288461538461536 0.015625 0.023557692307692307
0 0.16640625 0.5569711538461538 0.0515625 0.009615384615384616
0 0.24036458333333333 0.4463942307692308 0.043229166666666666 0.016826923076923076
0 0.12916666666666668 0.3066105769230769 0.034375 0.013701923076923077
0 0.6276041666666666 0.33221153846153845 0.013541666666666667 0.020192307692307693
0 0.48203125 0.2780048076923077 0.04635416666666667 0.0069711538461538465
0 0.2986979166666667 0.5627403846153847 0.0484375 0.006730769230769231
0 0.4466145833333333 0.5527644230769231 0.025520833333333333 0.02235576923076923
0 0.44895833333333335 0.49170673076923077 0.052083333333333336 0.025721153846153845
0 0.5890625 0.2645432692307692 0.05625 0.007932692307692307
0 0.7552083333333334 0.5412259615384616 0.04375 0.019471153846153846
0 0.3458333333333333 0.36658653846153844 0.03854166666666667 0.020192307692307693
0 0.33229166666666665 0.6073317307692307 0.015625 0.023798076923076922
0 0.6994791666666667 0.4284855769230769 0.04479166666666667 0.011298076923076923
0 0.81875 0.39122596153846156 0.025 0.01514423076923077
0 0.23776041666666667 0.4090144230769231 0.059895833333333336 0.011778846153846154
0 0.371875 0.44771634615384615 0.051041666666666666 0.014663461538461538
0 0.5895833333333333 0.2387019230769231 0.07708333333333334 0.016826923076923076
0 0.42291666666666666 0.3730769230769231 0.042708333333333334 0.011538461538461539
0 0.4953125 0.5163461538461539 0.023958333333333335 0.020673076923076922
0 0.65390625 0.6251201923076923 0.049479166666666664 0.006490384615384616
0 0.29348958333333336 0.4427884615384615 0.044270833333333336 0.014903846153846155
0 0.48854166666666665 0.29290865384615383 0.0625 0.019951923076923075
0 0.40989583333333335 0.3426682692307692 0.04895833333333333 0.02283653846153846
0 0.4401041666666667 0.2953125 0.040625 0.01610576923076923
0 0.28880208333333335 0.6227163461538462 0.043229166666666666 0.010817307692307692
0 0.43515625 0.39290865384615387 0.0421875 0.011298076923076923
0 0.46875 0.571875 0.046875 0.0125
0 0.5375 0.6703125 0.03125 0.012259615384615384
0 0.21588541666666666 0.5703125 0.034895833333333334 0.019471153846153846
0 0.14479166666666668 0.3532451923076923 0.013541666666666667 0.02235576923076923
0 0.428125 0.6467548076923076 0.03333333333333333 0.014663461538461538
0 0.1453125 0.2722355769230769 0.036458333333333336 0.007451923076923077
0 0.07083333333333333 0.5358173076923077 0.06041666666666667 0.007692307692307693
0 0.6013020833333333 0.5766826923076923 0.03802083333333333 0.02548076923076923
0 0.47291666666666665 0.6528846153846154 0.026041666666666668 0.023557692307692307
0 0.44869791666666664 0.5995192307692307 0.024479166666666666 0.023557692307692307
0 0.38046875 0.4109375 0.015104166666666667 0.018990384615384614
0 0.7984375 0.4349759615384615 0.036458333333333336 0.012259615384615384
0 0.45416666666666666 0.6203125 0.0625 0.01610576923076923
0 0.7026041666666667 0.2842548076923077 0.05 0.006490384615384616
0 0.41171875 0.4308894230769231 0.07239583333333334 0.011778846153846154
0 0.47291666666666665 0.3830528846153846 0.028125 0.024759615384615383
0 0.56171875 0.35108173076923077 0.034895833333333334 0.020432692307692308
0 0.49973958333333335 0.6212740384615385 0.04114583333333333 0.009375
0 0.39817708333333335 0.390625 0.03697916666666667 0.01971153846153846
0 0.45989583333333334 0.675 0.04479166666666667 0.008173076923076924
0 0.28072916666666664 0.6805288461538461 0.040625 0.007211538461538462
0 0.85078125 0.6441105769230769 0.044270833333333336 0.00985576923076923
0 0.34817708333333336 0.6759615384615385 0.0578125 0.028846153846153848
0 0.3690104166666667 0.5403846153846154 0.015104166666666667 0.02451923076923077
0 0.17447916666666666 0.2924278846153846 0.04375 0.018028846153846152
0 0.68203125 0.48978365384615385 0.0140625 0.023798076923076922
0 0.18385416666666668 0.5081730769230769 0.021875 0.025961538461538463
0 0.21302083333333333 0.5164663461538461 0.03854166666666667 0.01610576923076923
0 0.8463541666666666 0.5840144230769231 0.046875 0.014663461538461538
0 0.315625 0.47475961538461536 0.022916666666666665 0.023076923076923078
0 0.6390625 0.49158653846153844 0.04375 0.01201923076923077
0 0.371875 0.3563701923076923 0.040625 0.0069711538461538465
0 0.0796875 0.6813701923076924 0.036458333333333336 0.019471153846153846
0 0.5979166666666667 0.6737980769230769 0.03229166666666667 0.023557692307692307
0 0.22395833333333334 0.5842548076923076 0.03958333333333333 0.013221153846153846
0 0.19322916666666667 0.6790865384615384 0.03229166666666667 0.023076923076923078
0 0.7559895833333333 0.47391826923076924 0.05260416666666667 0.02283653846153846
0 0.9005208333333333 0.3072115384615385 0.03958333333333333 0.021153846153846155
0 0.059895833333333336 0.3344951923076923 0.06041666666666667 0.012740384615384615
0 0.3729166666666667 0.4774038461538462 0.03125 0.016826923076923076
0 0.7455729166666667 0.64375 0.030729166666666665 0.023076923076923078
0 0.7690104166666667 0.41141826923076924 0.0578125 0.007932692307692307
0 0.4549479166666667 0.45084134615384613 0.0390625 0.011298076923076923
0 0.09791666666666667 0.6580528846153846 0.059375 0.007932692307692307
0 0.058333333333333334 0.27572115384615387 0.052083333333333336 0.0125
0 0.42526041666666664 0.5026442307692308 0.050520833333333334 0.01730769230769231
0 0.6848958333333334 0.6625 0.034375 0.02451923076923077
0 0.7111979166666667 0.4622596153846154 0.027604166666666666 0.01730769230769231
0 0.79765625 0.5557692307692308 0.043229166666666666 0.015384615384615385
0 0.31588541666666664 0.4129807692307692 0.049479166666666664 0.02451923076923077
0 0.5723958333333333 0.3802884615384615 0.075 0.026923076923076925
0 0.6932291666666667 0.6804086538461539 0.041666666666666664 0.012740384615384615
0 0.2643229166666667 0.2627403846153846 0.04739583333333333 0.013461538461538462
0 0.46119791666666665 0.4658653846153846 0.0296875 0.019230769230769232
0 0.21901041666666668 0.36334134615384617 0.043229166666666666 0.007451923076923077
0 0.8088541666666667 0.5638221153846154 0.017708333333333333 0.01706730769230769
0 0.04869791666666667 0.40216346153846155 0.050520833333333334 0.007211538461538462
0 0.5153645833333333 0.4873798076923077 0.034895833333333334 0.018028846153846152
0 0.5059895833333333 0.5919471153846154 0.018229166666666668 0.02139423076923077
0 0.21692708333333333 0.33689903846153846 0.10572916666666667 0.018028846153846152
0 0.38177083333333334 0.526201923076923 0.04583333333333333 0.023076923076923078
0 0.1046875 0.48990384615384613 0.036458333333333336 0.015865384615384615
0 0.68515625 0.5912259615384615 0.03802083333333333 0.03533653846153846
0 0.69140625 0.3861778846153846 0.03697916666666667 0.01610576923076923
0 0.65234375 0.520673076923077 0.0140625 0.022596153846153846
0 0.2825520833333333 0.3802884615384615 0.04739583333333333 0.010576923076923078
0 0.8981770833333333 0.38545673076923076 0.04010416666666667 0.014663461538461538
0 0.7966145833333333 0.3671875 0.015104166666666667 0.021875
0 0.7458333333333333 0.45276442307692305 0.046875 0.008413461538461538
0 0.38619791666666664 0.2671875 0.05260416666666667 0.006490384615384616
0 0.6018229166666667 0.5038461538461538 0.033854166666666664 0.011538461538461539
0 0.18984375 0.33689903846153846 0.0515625 0.01658653846153846
0 0.6341145833333334 0.5832932692307692 0.021354166666666667 0.0069711538461538465
0 0.10859375 0.6516826923076923 0.03697916666666667 0.016346153846153847
0 0.15104166666666666 0.6747596153846154 0.051041666666666666 0.028846153846153848
0 0.15260416666666668 0.42223557692307695 0.027083333333333334 0.020432692307692308
0 0.23489583333333333 0.5524038461538462 0.029166666666666667 0.01875
0 0.6200520833333333 0.25204326923076925 0.03802083333333333 0.010817307692307692
0 0.55 0.42728365384615385 0.078125 0.02235576923076923
0 0.38385416666666666 0.6268028846153846 0.0375 0.015625
0 0.8635416666666667 0.4233173076923077 0.03333333333333333 0.016826923076923076
0 0.7971354166666667 0.4543269230769231 0.0140625 0.02403846153846154
0 0.9294270833333333 0.33161057692307694 0.0640625 0.024278846153846154
0 0.5223958333333333 0.25540865384615385 0.04375 0.006490384615384616
0 0.7513020833333334 0.42920673076923077 0.0359375 0.011778846153846154
0 0.8049479166666667 0.48846153846153845 0.015104166666666667 0.01971153846153846
0 0.8041666666666667 0.4731971153846154 0.042708333333333334 0.006490384615384616
0 0.10677083333333333 0.49627403846153845 0.041666666666666664 0.030048076923076924
0 0.44453125 0.24459134615384615 0.0328125 0.03341346153846154
0 0.8932291666666666 0.34975961538461536 0.030208333333333334 0.014903846153846155
0 0.30026041666666664 0.3469951923076923 0.04635416666666667 0.04447115384615385
0 0.41067708333333336 0.6579326923076924 0.0484375 0.007692307692307693
0 0.8486979166666667 0.6025240384615385 0.049479166666666664 0.027644230769230768
0 0.3963541666666667 0.6256009615384616 0.0625 0.02235576923076923
0 0.3375 0.49399038461538464 0.022916666666666665 0.025961538461538463
0 0.32083333333333336 0.4079326923076923 0.03958333333333333 0.013942307692307693
0 0.6864583333333333 0.5263221153846154 0.016666666666666666 0.020432692307692308
0 0.48385416666666664 0.5364182692307692 0.04479166666666667 0.010817307692307692
0 0.42734375 0.5246394230769231 0.05572916666666667 0.009375
0 0.16015625 0.44122596153846155 0.0140625 0.01658653846153846
0 0.6973958333333333 0.5074519230769231 0.03333333333333333 0.011538461538461539
0 0.5315104166666667 0.47055288461538464 0.022395833333333334 0.020913461538461537
0 0.46588541666666666 0.4108173076923077 0.0265625 0.015865384615384615
0 0.7309895833333333 0.5020432692307693 0.03697916666666667 0.014182692307692308
0 0.49765625 0.3490384615384615 0.044270833333333336 0.013942307692307693
0 0.2799479166666667 0.3507211538461538 0.016145833333333335 0.020673076923076922
0 0.43854166666666666 0.3114182692307692 0.08125 0.023317307692307693
0 0.5572916666666666 0.6789663461538461 0.029166666666666667 0.01610576923076923
0 0.68828125 0.46045673076923077 0.022395833333333334 0.015625
0 0.8638020833333333 0.43064903846153846 0.033854166666666664 0.006009615384615385
0 0.27369791666666665 0.36670673076923077 0.06302083333333333 0.007932692307692307
0 0.70859375 0.6626201923076923 0.0171875 0.025240384615384616
0 0.625 0.6816105769230769 0.020833333333333332 0.010336538461538461
0 0.6614583333333334 0.2753605769230769 0.046875 0.006490384615384616
0 0.121875 0.6736778846153846 0.051041666666666666 0.012259615384615384
0 0.6807291666666667 0.2549278846153846 0.03854166666666667 0.013221153846153846
0 0.3221354166666667 0.3082932692307692 0.013020833333333334 0.019951923076923075
0 0.43828125 0.46322115384615387 0.0421875 0.016826923076923076
0 0.47760416666666666 0.5979567307692307 0.036458333333333336 0.018990384615384614
0 0.5802083333333333 0.5277644230769231 0.03229166666666667 0.018990384615384614
0 0.7950520833333333 0.6695913461538462 0.0234375 0.028125
0 0.6955729166666667 0.26778846153846153 0.03177083333333333 0.015865384615384615
0 0.5963541666666666 0.4790865384615385 0.03958333333333333 0.016826923076923076
0 0.42135416666666664 0.5385817307692308 0.041666666666666664 0.012740384615384615
0 0.7596354166666667 0.6736778846153846 0.034895833333333334 0.013221153846153846
0 0.19244791666666666 0.23161057692307693 0.0453125 0.028125
0 0.71015625 0.48173076923076924 0.0171875 0.01826923076923077
0 0.7791666666666667 0.3878605769230769 0.026041666666666668 0.028125
0 0.37161458333333336 0.5069711538461539 0.0546875 0.01730769230769231
0 0.19921875 0.43533653846153847 0.0484375 0.021634615384615384
0 0.20859375 0.49122596153846154 0.044270833333333336 0.0069711538461538465
0 0.9671875 0.3139423076923077 0.04375 0.007211538461538462
0 0.03828125 0.47596153846153844 0.03697916666666667 0.025
0 0.8484375 0.5527644230769231 0.034375 0.018509615384615385
0 0.5885416666666666 0.3931490384615385 0.017708333333333333 0.017548076923076923
0 0.89296875 0.5219951923076923 0.07135416666666666 0.014663461538461538
0 0.87109375 0.25180288461538464 0.027604166666666666 0.020432692307692308
0 0.28020833333333334 0.27391826923076923 0.051041666666666666 0.006009615384615385
0 0.9481770833333333 0.2826923076923077 0.0328125 0.028846153846153848
0 0.2921875 0.33641826923076923 0.030208333333333334 0.023317307692307693
0 0.18958333333333333 0.3465144230769231 0.019791666666666666 0.011298076923076923
0 0.40286458333333336 0.5758413461538462 0.06302083333333333 0.008413461538461538
0 0.044270833333333336 0.3515625 0.0375 0.01706730769230769
0 0.83984375 0.5197115384615385 0.03802083333333333 0.016346153846153847
0 0.7088541666666667 0.39242788461538464 0.07291666666666667 0.02860576923076923
0 0.9645833333333333 0.36153846153846153 0.022916666666666665 0.01826923076923077
0 0.5041666666666667 0.35709134615384613 0.015625 0.023317307692307693
0 0.8666666666666667 0.29134615384615387 0.04375 0.019230769230769232
0 0.49635416666666665 0.3561298076923077 0.041666666666666664 0.02716346153846154
0 0.6520833333333333 0.6167067307692308 0.06145833333333333 0.00985576923076923
0 0.3106770833333333 0.35925480769230766 0.025520833333333333 0.019951923076923075
0 0.28072916666666664 0.4012019230769231 0.028125 0.013461538461538462
0 0.9190104166666667 0.4310096153846154 0.030729166666666665 0.019230769230769232
0 0.04869791666666667 0.25372596153846155 0.0421875 0.018028846153846152
0 0.6197916666666666 0.6677884615384615 0.030208333333333334 0.014903846153846155
0 0.6158854166666666 0.2987980769230769 0.0171875 0.016346153846153847
0 0.6091145833333333 0.44350961538461536 0.0453125 0.008653846153846154
0 0.5671875 0.4871394230769231 0.034375 0.014663461538461538
0 0.3611979166666667 0.3230769230769231 0.0578125 0.03076923076923077
0 0.5229166666666667 0.5251201923076924 0.03958333333333333 0.019951923076923075
0 0.7299479166666667 0.41923076923076924 0.034895833333333334 0.009134615384615385
0 0.4903645833333333 0.65625 0.019270833333333334 0.014903846153846155
0 0.33541666666666664 0.38509615384615387 0.052083333333333336 0.007211538461538462
0 0.3848958333333333 0.3170673076923077 0.014583333333333334 0.01826923076923077
0 0.5731770833333333 0.40841346153846153 0.06510416666666667 0.015384615384615385
0 0.6346354166666667 0.5094951923076924 0.0359375 0.01610576923076923
0 0.3776041666666667 0.4875 0.04583333333333333 0.006730769230769231
0 0.6734375 0.5480769230769231 0.025 0.01971153846153846
0 0.7606770833333333 0.666826923076923 0.03697916666666667 0.028846153846153848
0 0.7752604166666667 0.38076923076923075 0.018229166666666668 0.013461538461538462
0 0.02890625 0.5804086538461538 0.0453125 0.019471153846153846
0 0.20208333333333334 0.2528846153846154 0.03125 0.026442307692307692
0 0.78671875 0.41923076923076924 0.016145833333333335 0.011057692307692308
0 0.334375 0.22403846153846155 0.015625 0.006730769230769231
0 0.37421875 0.4104567307692308 0.028645833333333332 0.020432692307692308
0 0.3541666666666667 0.39134615384615384 0.028125 0.016346153846153847
0 0.71796875 0.5939903846153847 0.025520833333333333 0.017788461538461538
0 0.471875 0.2436298076923077 0.026041666666666668 0.00985576923076923
0 0.14036458333333332 0.23317307692307693 0.050520833333333334 0.03125
0 0.7796875 0.2605769230769231 0.051041666666666666 0.01971153846153846
0 0.8424479166666666 0.6080528846153846 0.0359375 0.015625
0 0.22109375 0.5757211538461539 0.04635416666666667 0.03028846153846154
0 0.58828125 0.3701923076923077 0.044270833333333336 0.007692307692307693
0 0.08645833333333333 0.24122596153846154 0.03854166666666667 0.02235576923076923
0 0.7026041666666667 0.2376201923076923 0.07916666666666666 0.011778846153846154
0 0.03828125 0.32067307692307695 0.04739583333333333 0.026923076923076925
0 0.6078125 0.5193509615384615 0.016666666666666666 0.020913461538461537
0 0.47213541666666664 0.4332932692307692 0.019270833333333334 0.018028846153846152
0 0.878125 0.5715144230769231 0.025 0.01706730769230769
0 0.7440104166666667 0.5146634615384615 0.030729166666666665 0.01201923076923077
0 0.5645833333333333 0.5173076923076924 0.019791666666666666 0.012980769230769231
0 0.22083333333333333 0.6676682692307693 0.06979166666666667 0.02860576923076923
0 0.3109375 0.4971153846153846 0.023958333333333335 0.022596153846153846
0 0.6083333333333333 0.6674278846153846 0.05416666666666667 0.03774038461538461
0 0.8848958333333333 0.4483173076923077 0.028125 0.015865384615384615
0 0.8828125 0.5412259615384616 0.016666666666666666 0.024759615384615383
0 0.9567708333333333 0.47560096153846154 0.04583333333333333 0.009375
0 0.23828125 0.24447115384615384 0.033854166666666664 0.015384615384615385
0 0.9169270833333333 0.465625 0.034895833333333334 0.011538461538461539
0 0.21302083333333333 0.2420673076923077 0.052083333333333336 0.047115384615384615
0 0.7119791666666667 0.6359375 0.034375 0.017548076923076923
0 0.7411458333333333 0.4248798076923077 0.05625 0.019951923076923075
0 0.5627604166666667 0.47692307692307695 0.034895833333333334 0.007692307692307693
0 0.3580729166666667 0.24927884615384616 0.021354166666666667 0.012980769230769231
0 0.57421875 0.24326923076923077 0.04114583333333333 0.007692307692307693
0 0.6075520833333333 0.4622596153846154 0.04635416666666667 0.013942307692307693
0 0.12135416666666667 0.24326923076923077 0.021875 0.023076923076923078
0 0.50390625 0.4514423076923077 0.016145833333333335 0.019230769230769232
0 0.2375 0.6592548076923077 0.036458333333333336 0.011778846153846154
0 0.70625 0.5985576923076923 0.016666666666666666 0.019230769230769232
0 0.975 0.32295673076923076 0.036458333333333336 0.012259615384615384
0 0.8473958333333333 0.27896634615384613 0.013541666666666667 0.023798076923076922
0 0.03229166666666667 0.4307692307692308 0.035416666666666666 0.007692307692307693
0 0.3078125 0.4189903846153846 0.03333333333333333 0.013461538461538462
0 0.31145833333333334 0.38185096153846154 0.10416666666666667 0.014182692307692308
0 0.8796875 0.5051682692307692 0.03125 0.010817307692307692
0 0.7286458333333333 0.39771634615384616 0.0375 0.018028846153846152
0 0.8859375 0.3663461538461538 0.01875 0.01826923076923077
0 0.8169270833333333 0.5229567307692308 0.03177083333333333 0.02139423076923077
0 0.062239583333333334 0.2907451923076923 0.0546875 0.009375
0 0.3265625 0.24963942307692308 0.035416666666666666 0.007932692307692307
0 0.23307291666666666 0.6742788461538461 0.03802083333333333 0.01730769230769231
0 0.6736979166666667 0.4659855769230769 0.04635416666666667 0.007451923076923077
0 0.9419270833333333 0.6689903846153846 0.0421875 0.023557692307692307
0 0.44427083333333334 0.3841346153846154 0.034375 0.020192307692307693
0 0.4859375 0.4112980769230769 0.015625 0.020673076923076922
0 0.3143229166666667 0.4329326923076923 0.050520833333333334 0.00625
0 0.67578125 0.4609375 0.0484375 0.01658653846153846
0 0.24557291666666667 0.3395432692307692 0.049479166666666664 0.008413461538461538
0 0.4080729166666667 0.5149038461538461 0.0203125 0.011057692307692308
0 0.7708333333333334 0.4436298076923077 0.053125 0.006490384615384616
0 0.5330729166666667 0.4358173076923077 0.0828125 0.021634615384615384
0 0.7885416666666667 0.5584134615384615 0.026041666666666668 0.010576923076923078
0 0.25885416666666666 0.2388221153846154 0.029166666666666667 0.018990384615384614
0 0.44375 0.23197115384615385 0.026041666666666668 0.011538461538461539
0 0.21848958333333332 0.43978365384615387 0.0859375 0.030048076923076924
0 0.5315104166666667 0.3591346153846154 0.033854166666666664 0.015384615384615385
0 0.8434895833333333 0.6653846153846154 0.0484375 0.007692307692307693
0 0.11875 0.5007211538461539 0.017708333333333333 0.022115384615384617
0 0.8893229166666666 0.2844951923076923 0.0890625 0.03389423076923077
0 0.9591145833333333 0.5426682692307693 0.034895833333333334 0.014663461538461538
0 0.98046875 0.5570913461538461 0.018229166666666668 0.021875
0 0.415625 0.6506009615384616 0.058333333333333334 0.02283653846153846
0 0.7416666666666667 0.24579326923076922 0.07083333333333333 0.012740384615384615
0 0.6265625 0.4729567307692308 0.034375 0.011298076923076923
0 0.4317708333333333 0.3813701923076923 0.06041666666666667 0.027644230769230768
0 0.41848958333333336 0.6334134615384616 0.0234375 0.010576923076923078
0 0.2520833333333333 0.36538461538461536 0.109375 0.011057692307692308
0 0.44114583333333335 0.3375 0.016666666666666666 0.02451923076923077
0 0.8734375 0.5211538461538462 0.03333333333333333 0.012980769230769231
0 0.921875 0.541826923076923 0.027083333333333334 0.014903846153846155
0 0.08671875 0.22163461538461537 0.03802083333333333 0.012980769230769231
0 0.9276041666666667 0.4828125 0.027083333333333334 0.014663461538461538
0 0.8002604166666667 0.3792067307692308 0.034895833333333334 0.007932692307692307
0 0.7263020833333333 0.3420673076923077 0.016145833333333335 0.005288461538461539
0 0.9596354166666666 0.5259615384615385 0.0359375 0.006730769230769231
0 0.40078125 0.5305288461538461 0.08177083333333333 0.03076923076923077
0 0.5010416666666667 0.24423076923076922 0.08333333333333333 0.0125
0 0.6127604166666667 0.23569711538461538 0.030729166666666665 0.010817307692307692
0 0.8989583333333333 0.25264423076923076 0.028125 0.01201923076923077
0 0.4666666666666667 0.5992788461538462 0.059375 0.02451923076923077
0 0.03619791666666667 0.4372596153846154 0.043229166666666666 0.021153846153846155
0 0.42682291666666666 0.31310096153846156 0.05260416666666667 0.018028846153846152
0 0.55390625 0.5324519230769231 0.0296875 0.010096153846153847
0 0.7916666666666666 0.3881009615384615 0.051041666666666666 0.02860576923076923
0 0.15963541666666667 0.6712740384615384 0.027604166666666666 0.024278846153846154
0 0.9721354166666667 0.38882211538461536 0.016145833333333335 0.020913461538461537
0 0.6875 0.26153846153846155 0.05520833333333333 0.026923076923076925
0 0.36432291666666666 0.3175480769230769 0.021354166666666667 0.019230769230769232
0 0.3221354166666667 0.3194711538461538 0.0140625 0.04230769230769231
0 0.9677083333333333 0.25396634615384617 0.04791666666666667 0.018509615384615385
0 0.7140625 0.5930288461538461 0.03125 0.03028846153846154
0 0.27265625 0.26610576923076923 0.06510416666666667 0.020673076923076922
0 0.03802083333333333 0.23064903846153847 0.030208333333333334 0.018028846153846152
0 0.043229166666666666 0.6356971153846154 0.04375 0.036298076923076926
0 0.9533854166666667 0.45240384615384616 0.022395833333333334 0.014423076923076924
0 0.9536458333333333 0.34471153846153846 0.016666666666666666 0.01971153846153846
0 0.41875 0.32752403846153844 0.03125 0.02235576923076923
0 0.8643229166666667 0.6778846153846154 0.05260416666666667 0.009615384615384616
0 0.24036458333333333 0.23185096153846155 0.028645833333333332 0.012740384615384615
0 0.21744791666666666 0.23028846153846153 0.049479166666666664 0.025961538461538463
0 0.8604166666666667 0.5617788461538461 0.059375 0.036057692307692304
0 0.13046875 0.22704326923076923 0.030729166666666665 0.018990384615384614
0 0.41875 0.40673076923076923 0.03229166666666667 0.020673076923076922
0 0.40963541666666664 0.5076923076923077 0.034895833333333334 0.011057692307692308
0 0.9739583333333334 0.5111778846153846 0.035416666666666666 0.024759615384615383
0 0.80390625 0.484375 0.04114583333333333 0.027403846153846154
0 0.9557291666666666 0.49230769230769234 0.03229166666666667 0.019230769230769232
0 0.9471354166666667 0.4338942307692308 0.03177083333333333 0.009134615384615385
0 0.8 0.5520432692307692 0.0375 0.008413461538461538
0 0.9072916666666667 0.5091346153846154 0.025 0.013942307692307693
0 0.928125 0.6280048076923077 0.017708333333333333 0.010336538461538461
0 0.9630208333333333 0.4152644230769231 0.027083333333333334 0.01706730769230769
0 0.7421875 0.26334134615384613 0.03958333333333333 0.015625
0 0.41432291666666665 0.6216346153846154 0.022395833333333334 0.014423076923076924
0 0.47369791666666666 0.2590144230769231 0.03802083333333333 0.007451923076923077
0 0.46015625 0.24603365384615383 0.06614583333333333 0.03918269230769231
0 0.7859375 0.2455528846153846 0.03958333333333333 0.01706730769230769
0 0.41380208333333335 0.6258413461538461 0.028645833333333332 0.02283653846153846
0 0.3341145833333333 0.5106971153846154 0.04739583333333333 0.008413461538461538
0 0.4856770833333333 0.4480769230769231 0.034895833333333334 0.008653846153846154
0 0.7244791666666667 0.24771634615384616 0.03958333333333333 0.008894230769230769
0 0.0765625 0.4859375 0.013541666666666667 0.02139423076923077
0 0.55390625 0.37932692307692306 0.03697916666666667 0.010576923076923078
0 0.4869791666666667 0.5948317307692308 0.05520833333333333 0.026682692307692307
0 0.6802083333333333 0.5556490384615385 0.016666666666666666 0.009375
0 0.9716145833333333 0.60625 0.049479166666666664 0.022596153846153846
0 0.9322916666666666 0.5667067307692307 0.027083333333333334 0.01514423076923077
0 0.04114583333333333 0.3872596153846154 0.022916666666666665 0.01826923076923077
0 0.5338541666666666 0.6012019230769231 0.016666666666666666 0.006730769230769231
0 0.5713541666666667 0.42367788461538464 0.0375 0.006009615384615385
0 0.14453125 0.6836538461538462 0.04010416666666667 0.010576923076923078
0 0.8971354166666666 0.41418269230769234 0.0328125 0.011538461538461539
0 0.16458333333333333 0.24735576923076924 0.03854166666666667 0.011057692307692308
0 0.22838541666666667 0.6820913461538461 0.0359375 0.008894230769230769
0 0.9752604166666666 0.6112980769230769 0.04114583333333333 0.0125
0 0.35833333333333334 0.2420673076923077 0.022916666666666665 0.027884615384615386
0 0.7692708333333333 0.4155048076923077 0.058333333333333334 0.015625
0 0.9528645833333333 0.6741586538461538 0.022395833333333334 0.013221153846153846
0 0.24765625 0.6699519230769231 0.0546875 0.007692307692307693
0 0.9067708333333333 0.5256009615384616 0.04479166666666667 0.007451923076923077
0 0.6875 0.44350961538461536 0.028125 0.007211538461538462
0 0.22057291666666667 0.44182692307692306 0.024479166666666666 0.01875
0 0.3390625 0.6719951923076923 0.0375 0.019471153846153846
0 0.5361979166666667 0.38629807692307694 0.0546875 0.010576923076923078
0 0.9328125 0.6030048076923077 0.022916666666666665 0.014663461538461538
0 0.43828125 0.3140625 0.027604166666666666 0.011298076923076923
0 0.057291666666666664 0.6790865384615384 0.08229166666666667 0.02548076923076923
0 0.41458333333333336 0.3498798076923077 0.03958333333333333 0.012259615384615384
0 0.03854166666666667 0.3780048076923077 0.026041666666666668 0.03533653846153846
0 0.20598958333333334 0.6596153846153846 0.0390625 0.009615384615384616
0 0.35234375 0.32884615384615384 0.03802083333333333 0.017788461538461538
0 0.45625 0.3150240384615385 0.046875 0.014663461538461538
0 0.1875 0.6158653846153846 0.01875 0.01730769230769231
0 0.5244791666666667 0.2453125 0.040625 0.006490384615384616
0 0.04114583333333333 0.3691105769230769 0.04479166666666667 0.051682692307692304
0 0.9140625 0.5575721153846154 0.022916666666666665 0.007451923076923077
0 0.5471354166666667 0.35396634615384615 0.0640625 0.026201923076923078
0 0.04739583333333333 0.6438701923076923 0.034375 0.019471153846153846
0 0.42526041666666664 0.6248798076923077 0.1203125 0.026682692307692307
0 0.46328125 0.5596153846153846 0.058854166666666666 0.03701923076923077
0 0.5953125 0.6657451923076924 0.027083333333333334 0.011298076923076923
0 0.9794270833333333 0.43978365384615387 0.027604166666666666 0.020432692307692308
0 0.04583333333333333 0.4388221153846154 0.022916666666666665 0.018509615384615385
0 0.8872395833333333 0.6665865384615385 0.028645833333333332 0.026442307692307692
0 0.9505208333333334 0.6509615384615385 0.08854166666666667 0.058653846153846154
0 0.32734375 0.49771634615384613 0.05677083333333333 0.03341346153846154
0 0.15911458333333334 0.23557692307692307 0.05364583333333333 0.03076923076923077
0 0.027604166666666666 0.6818509615384616 0.04583333333333333 0.024278846153846154
0 0.715625 0.5036057692307693 0.06979166666666667 0.020673076923076922
0 0.9481770833333333 0.5641826923076924 0.05572916666666667 0.01971153846153846
0 0.7953125 0.26189903846153845 0.026041666666666668 0.018509615384615385
0 0.8270833333333333 0.4155048076923077 0.020833333333333332 0.00985576923076923
0 0.74140625 0.6665865384615385 0.018229166666666668 0.022596153846153846
0 0.2520833333333333 0.5152644230769231 0.019791666666666666 0.010817307692307692
0 0.7114583333333333 0.4461538461538462 0.01875 0.0125
0 0.04635416666666667 0.5984375 0.05 0.0069711538461538465
0 0.9591145833333333 0.559375 0.03802083333333333 0.010096153846153847
0 0.22057291666666667 0.6597355769230769 0.06927083333333334 0.012259615384615384
0 0.64375 0.5109375 0.01875 0.014663461538461538
0 0.628125 0.5164663461538461 0.059375 0.030048076923076924
0 0.9208333333333333 0.5911057692307692 0.042708333333333334 0.01730769230769231
0 0.055989583333333336 0.296875 0.06614583333333333 0.020673076923076922
0 0.52109375 0.47836538461538464 0.0484375 0.0375
0 0.4197916666666667 0.3038461538461538 0.042708333333333334 0.008653846153846154
0 0.134375 0.25408653846153845 0.036458333333333336 0.032692307692307694
0 0.96015625 0.5771634615384615 0.025520833333333333 0.01875
0 0.49114583333333334 0.47860576923076925 0.022916666666666665 0.007692307692307693
0 0.7716145833333333 0.25576923076923075 0.033854166666666664 0.010576923076923078
0 0.4609375 0.49963942307692305 0.028125 0.011298076923076923
0 0.47890625 0.29639423076923077 0.04114583333333333 0.012980769230769231
0 0.9192708333333334 0.5979567307692307 0.04895833333333333 0.025240384615384616
0 0.5924479166666666 0.453125 0.07760416666666667 0.028365384615384615
0 0.24947916666666667 0.23798076923076922 0.046875 0.02403846153846154
0 0.9447916666666667 0.48810096153846155 0.06041666666666667 0.02716346153846154
0 0.041666666666666664 0.6734375 0.051041666666666666 0.014663461538461538
0 0.7356770833333334 0.5075721153846153 0.04635416666666667 0.026682692307692307
0 0.03828125 0.49615384615384617 0.0265625 0.021634615384615384
0 0.4466145833333333 0.4596153846153846 0.059895833333333336 0.029326923076923077
0 0.6807291666666667 0.2405048076923077 0.03958333333333333 0.011298076923076923
0 0.2994791666666667 0.44903846153846155 0.051041666666666666 0.02403846153846154
0 0.95859375 0.37115384615384617 0.034895833333333334 0.038461538461538464
0 0.43723958333333335 0.621875 0.030729166666666665 0.013461538461538462
0 0.73984375 0.39639423076923075 0.0171875 0.016346153846153847
0 0.32109375 0.35096153846153844 0.0890625 0.052403846153846155
0 0.03802083333333333 0.47860576923076925 0.03854166666666667 0.05625
0 0.5486979166666667 0.6663461538461538 0.05260416666666667 0.04326923076923077
0 0.6609375 0.47307692307692306 0.0375 0.010576923076923078
0 0.9541666666666667 0.6390625 0.071875 0.03389423076923077
0 0.04088541666666667 0.6254807692307692 0.03802083333333333 0.015865384615384615
0 0.5518229166666667 0.4112980769230769 0.0234375 0.010096153846153847
0 0.69296875 0.6681490384615385 0.0515625 0.037259615384615384
0 0.9559895833333333 0.46466346153846155 0.028645833333333332 0.013461538461538462
0 0.9169270833333333 0.2766826923076923 0.03802083333333333 0.019230769230769232
0 0.42265625 0.39278846153846153 0.09947916666666666 0.05
0 0.13880208333333333 0.5269230769230769 0.030729166666666665 0.027403846153846154
0 0.25104166666666666 0.4048076923076923 0.08645833333333333 0.020192307692307693
0 0.9489583333333333 0.6467548076923076 0.03854166666666667 0.013221153846153846
0 0.5471354166666667 0.6816105769230769 0.049479166666666664 0.013221153846153846
0 0.9390625 0.6364182692307693 0.034375 0.012259615384615384
0 0.76171875 0.6614182692307692 0.0234375 0.019471153846153846
0 0.3966145833333333 0.44014423076923076 0.10260416666666666 0.03076923076923077
0 0.5135416666666667 0.4235576923076923 0.13229166666666667 0.04375
0 0.8791666666666667 0.66875 0.08333333333333333 0.03173076923076923
0 0.8440104166666667 0.6037259615384616 0.0296875 0.008413461538461538
0 0.96328125 0.2801682692307692 0.0640625 0.036298076923076926
0 0.6463541666666667 0.5175480769230769 0.026041666666666668 0.028365384615384615
0 0.215625 0.24086538461538462 0.103125 0.04951923076923077
0 0.77265625 0.6693509615384615 0.0703125 0.03389423076923077
0 0.7864583333333334 0.240625 0.035416666666666666 0.010576923076923078
0 0.7734375 0.4528846153846154 0.06041666666666667 0.025
0 0.9182291666666667 0.6465144230769231 0.03125 0.018028846153846152
0 0.48333333333333334 0.4266826923076923 0.221875 0.05336538461538461
0 0.925 0.5766826923076923 0.04479166666666667 0.03701923076923077
0 0.46822916666666664 0.6602163461538462 0.0625 0.03918269230769231
0 0.9885416666666667 0.5778846153846153 0.019791666666666666 0.014903846153846155
0 0.69140625 0.6037259615384616 0.025520833333333333 0.011778846153846154
0 0.03828125 0.2251201923076923 0.0296875 0.011778846153846154
0 0.96484375 0.4674278846153846 0.0453125 0.017548076923076923
0 0.47708333333333336 0.42536057692307694 0.04583333333333333 0.011298076923076923
0 0.265625 0.6520432692307693 0.036458333333333336 0.006490384615384616
0 0.6950520833333333 0.4453125 0.04635416666666667 0.012259615384615384
0 0.21796875 0.2233173076923077 0.049479166666666664 0.012980769230769231
0 0.5671875 0.4326923076923077 0.04375 0.012980769230769231
0 0.9627604166666667 0.3075721153846154 0.027604166666666666 0.015625
0 0.728125 0.6412259615384616 0.06666666666666667 0.02860576923076923
0 0.9 0.375 0.04895833333333333 0.038461538461538464
0 0.9096354166666667 0.4556490384615385 0.019270833333333334 0.012740384615384615
0 0.03307291666666667 0.2980769230769231 0.025520833333333333 0.020192307692307693
0 0.97265625 0.6322115384615384 0.0328125 0.016826923076923076
0 0.5377604166666666 0.5012019230769231 0.049479166666666664 0.013942307692307693
0 0.7666666666666667 0.25877403846153846 0.08958333333333333 0.030528846153846153
0 0.9450520833333333 0.5067307692307692 0.0203125 0.015384615384615385
0 0.9778645833333334 0.2848557692307692 0.0296875 0.025
0 0.5244791666666667 0.5014423076923077 0.021875 0.010576923076923078
0 0.74921875 0.5375 0.030729166666666665 0.016346153846153847
0 0.4700520833333333 0.5355769230769231 0.019270833333333334 0.010096153846153847
0 0.6458333333333334 0.4013221153846154 0.07291666666666667 0.024278846153846154
0 0.9096354166666667 0.6657451923076924 0.0265625 0.019951923076923075