0 0.503125 0.5668269230769231 0.051041666666666666 0.022115384615384617
0 0.37057291666666664 0.3079326923076923 0.033854166666666664 0.023557692307692307
0 0.10260416666666666 0.28834134615384616 0.019791666666666666 0.020432692307692308
0 0.41354166666666664 0.5765625 0.036458333333333336 0.020432692307692308
0 0.5252604166666667 0.5961538461538461 0.0328125 0.016826923076923076
0 0.3033854166666667 0.6032451923076924 0.0421875 0.013701923076923077
0 0.2875 0.6274038461538461 0.05520833333333333 0.01875
0 0.3802083333333333 0.6272836538461538 0.040625 0.009375
0 0.6869791666666667 0.3015625 0.020833333333333332 0.02235576923076923
0 0.7309895833333333 0.6704326923076923 0.0203125 0.023076923076923078
0 0.16354166666666667 0.38245192307692305 0.03333333333333333 0.019230769230769232
0 0.14479166666666668 0.6467548076923076 0.075 0.028125
0 0.24713541666666666 0.31971153846153844 0.03177083333333333 0.022596153846153846
0 0.18385416666666668 0.5121394230769231 0.03229166666666667 0.017548076923076923
0 0.184375 0.5534855769230769 0.029166666666666667 0.026682692307692307
0 0.85546875 0.33365384615384613 0.034895833333333334 0.020192307692307693
0 0.06015625 0.6104567307692308 0.019270833333333334 0.02283653846153846
0 0.36875 0.25985576923076925 0.035416666666666666 0.020192307692307693
0 0.5502604166666667 0.5789663461538461 0.030729166666666665 0.018509615384615385
0 0.4635416666666667 0.32740384615384616 0.0375 0.027403846153846154
0 0.3294270833333333 0.30240384615384613 0.030729166666666665 0.020673076923076922
0 0.71484375 0.36670673076923077 0.03802083333333333 0.024759615384615383
0 0.7359375 0.3378605769230769 0.06145833333333333 0.017548076923076923
0 0.2953125 0.2721153846153846 0.016666666666666666 0.01201923076923077
0 0.11432291666666666 0.3894230769230769 0.0140625 0.023557692307692307
0 0.8364583333333333 0.6425480769230769 0.025 0.022115384615384617
0 0.059895833333333336 0.29867788461538464 0.05416666666666667 0.02139423076923077
0 0.4114583333333333 0.6705528846153846 0.019791666666666666 0.02235576923076923
0 0.73046875 0.5566105769230769 0.025520833333333333 0.018028846153846152
0 0.5393229166666667 0.3177884615384615 0.04635416666666667 0.01875
0 0.5997395833333333 0.588701923076923 0.050520833333333334 0.029326923076923077
0 0.5559895833333334 0.28497596153846155 0.0546875 0.009375
0 0.7604166666666666 0.3152644230769231 0.03958333333333333 0.020432692307692308
0 0.77265625 0.4098557692307692 0.0421875 0.010096153846153847
0 0.22421875 0.5293269230769231 0.044270833333333336 0.0125
0 0.7700520833333333 0.5419471153846154 0.0453125 0.014663461538461538
0 0.69453125 0.5365384615384615 0.04739583333333333 0.023557692307692307
0 0.5736979166666667 0.321875 0.03697916666666667 0.015865384615384615
0 0.3268229166666667 0.6871394230769231 0.043229166666666666 0.007932692307692307
0 0.24817708333333333 0.39122596153846156 0.015104166666666667 0.025721153846153845
0 0.50625 0.28858173076923077 0.052083333333333336 0.02139423076923077
0 0.5684895833333333 0.6597355769230769 0.015104166666666667 0.02139423076923077
0 0.50625 0.6102163461538461 0.05416666666666667 0.00985576923076923
0 0.3619791666666667 0.5956730769230769 0.051041666666666666 0.008653846153846154
0 0.6494791666666667 0.4347355769230769 0.05625 0.01706730769230769
0 0.34479166666666666 0.6096153846153847 0.041666666666666664 0.015865384615384615
0 0.42473958333333334 0.29915865384615387 0.06510416666666667 0.02860576923076923
0 0.3065104166666667 0.496875 0.05260416666666667 0.019230769230769232
0 0.47890625 0.653125 0.0390625 0.008173076923076924
0 0.2953125 0.4402644230769231 0.03854166666666667 0.018509615384615385
0 0.45755208333333336 0.26213942307692306 0.0296875 0.01658653846153846
0 0.79765625 0.6793269230769231 0.0265625 0.021153846153846155
0 0.6153645833333333 0.27860576923076924 0.028645833333333332 0.022596153846153846
0 0.3463541666666667 0.6498798076923077 0.03854166666666667 0.02716346153846154
0 0.11848958333333333 0.48617788461538464 0.04739583333333333 0.018990384615384614
0 0.22317708333333333 0.5463942307692308 0.022395833333333334 0.021634615384615384
0 0.03697916666666667 0.6858173076923076 0.04375 0.013461538461538462
0 0.5015625 0.3921875 0.025 0.018509615384615385
0 0.32473958333333336 0.46658653846153847 0.058854166666666666 0.026442307692307692
0 0.1609375 0.6038461538461538 0.058333333333333334 0.007692307692307693
0 0.5013020833333334 0.6764423076923077 0.04114583333333333 0.009615384615384616
0 0.6044270833333333 0.6256009615384616 0.015104166666666667 0.019951923076923075
0 0.13854166666666667 0.24951923076923077 0.035416666666666666 0.021634615384615384
0 0.23333333333333334 0.5917067307692307 0.028125 0.008413461538461538
0 0.26145833333333335 0.4157451923076923 0.046875 0.011298076923076923
0 0.653125 0.30516826923076923 0.04583333333333333 0.012740384615384615
0 0.42994791666666665 0.26346153846153847 0.04114583333333333 0.016346153846153847
0 0.6666666666666666 0.6403846153846153 0.03333333333333333 0.015865384615384615
0 0.65859375 0.5540865384615384 0.04739583333333333 0.0125
0 0.22057291666666667 0.32848557692307695 0.04114583333333333 0.015625
0 0.29270833333333335 0.2919471153846154 0.042708333333333334 0.018509615384615385
0 0.18333333333333332 0.2498798076923077 0.042708333333333334 0.018990384615384614
0 0.7205729166666667 0.5963942307692308 0.025520833333333333 0.027884615384615386
0 0.5020833333333333 0.5401442307692308 0.0375 0.01730769230769231
0 0.21614583333333334 0.5832932692307692 0.03125 0.018028846153846152
0 0.8364583333333333 0.6027644230769231 0.014583333333333334 0.024759615384615383
0 0.4953125 0.32271634615384615 0.03125 0.007451923076923077
0 0.035416666666666666 0.6539663461538462 0.05 0.012259615384615384
0 0.34296875 0.43533653846153847 0.025520833333333333 0.016346153846153847
0 0.04010416666666667 0.6399038461538461 0.04791666666666667 0.016346153846153847
0 0.42994791666666665 0.541826923076923 0.0453125 0.041346153846153845
0 0.265625 0.48990384615384613 0.035416666666666666 0.03125
0 0.1578125 0.4 0.015625 0.022596153846153846
0 0.1421875 0.5590144230769231 0.013541666666666667 0.018509615384615385
0 0.22265625 0.4359375 0.0390625 0.02139423076923077
0 0.15364583333333334 0.4908653846153846 0.030208333333333334 0.025
0 0.18489583333333334 0.2823317307692308 0.0375 0.018990384615384614
0 0.5317708333333333 0.33125 0.03125 0.016826923076923076
0 0.38229166666666664 0.44543269230769234 0.07708333333333334 0.025961538461538463
0 0.7471354166666667 0.47920673076923076 0.03802083333333333 0.015625
0 0.45703125 0.4450721153846154 0.04739583333333333 0.008413461538461538
0 0.7802083333333333 0.30673076923076925 0.057291666666666664 0.019230769230769232
0 0.36223958333333334 0.5623798076923077 0.0359375 0.02956730769230769
0 0.42734375 0.4622596153846154 0.034895833333333334 0.016346153846153847
0 0.7408854166666666 0.40865384615384615 0.021354166666666667 0.021153846153846155
0 0.37161458333333336 0.5356971153846154 0.0515625 0.007451923076923077
0 0.8510416666666667 0.5296875 0.05 0.01610576923076923
0 0.56640625 0.3471153846153846 0.018229166666666668 0.025961538461538463
0 0.4783854166666667 0.3722355769230769 0.034895833333333334 0.023317307692307693
0 0.5684895833333333 0.5451923076923076 0.0484375 0.022115384615384617
0 0.2359375 0.6579326923076924 0.036458333333333336 0.023076923076923078
0 0.5265625 0.2549278846153846 0.052083333333333336 0.017548076923076923
0 0.2265625 0.46298076923076925 0.03125 0.019230769230769232
0 0.6473958333333333 0.25180288461538464 0.04375 0.008894230769230769
0 0.44765625 0.3110576923076923 0.05572916666666667 0.01201923076923077
0 0.36692708333333335 0.2378605769230769 0.033854166666666664 0.011298076923076923
0 0.253125 0.43016826923076923 0.029166666666666667 0.014663461538461538
0 0.6598958333333333 0.47620192307692305 0.035416666666666666 0.013461538461538462
0 0.43203125 0.2795673076923077 0.0453125 0.009134615384615385
0 0.29270833333333335 0.40228365384615383 0.014583333333333334 0.023317307692307693
0 0.8223958333333333 0.30540865384615384 0.03229166666666667 0.011298076923076923
0 0.062239583333333334 0.38713942307692306 0.05260416666666667 0.02283653846153846
0 0.3515625 0.26826923076923076 0.04895833333333333 0.006730769230769231
0 0.05546875 0.675 0.0359375 0.013461538461538462
0 0.44869791666666664 0.49771634615384613 0.015104166666666667 0.024278846153846154
0 0.5986979166666667 0.3955528846153846 0.05260416666666667 0.02283653846153846
0 0.65703125 0.5896634615384615 0.04010416666666667 0.023557692307692307
0 0.54375 0.6360576923076923 0.05520833333333333 0.008173076923076924
0 0.21848958333333332 0.6867788461538461 0.06510416666666667 0.017788461538461538
0 0.31484375 0.3967548076923077 0.018229166666666668 0.025721153846153845
0 0.63515625 0.5420673076923077 0.04739583333333333 0.007211538461538462
0 0.18072916666666666 0.4841346153846154 0.029166666666666667 0.025
0 0.25286458333333334 0.5558894230769231 0.04635416666666667 0.006009615384615385
0 0.7203125 0.38653846153846155 0.04583333333333333 0.011057692307692308
0 0.3260416666666667 0.5433894230769231 0.04479166666666667 0.04639423076923077
0 0.5369791666666667 0.4026442307692308 0.014583333333333334 0.02451923076923077
0 0.49192708333333335 0.5424278846153846 0.06927083333333334 0.023317307692307693
0 0.63671875 0.6096153846153847 0.043229166666666666 0.010096153846153847
0 0.49244791666666665 0.3580528846153846 0.06927083333333334 0.020432692307692308
0 0.07682291666666667 0.5455528846153846 0.0171875 0.02139423076923077
0 0.24348958333333334 0.25372596153846155 0.03802083333333333 0.008894230769230769
0 0.6484375 0.34002403846153845 0.03958333333333333 0.012259615384615384
0 0.33229166666666665 0.41814903846153845 0.059375 0.014182692307692308
0 0.26067708333333334 0.5381009615384615 0.0203125 0.019951923076923075
0 0.28984375 0.5181490384615385 0.025520833333333333 0.01514423076923077
0 0.51484375 0.45853365384615385 0.044270833333333336 0.013221153846153846
0 0.37604166666666666 0.5853365384615384 0.022916666666666665 0.014423076923076924
0 0.5924479166666666 0.37427884615384616 0.033854166666666664 0.01730769230769231
0 0.91875 0.31069711538461536 0.07291666666666667 0.01610576923076923
0 0.8877604166666667 0.5653846153846154 0.018229166666666668 0.023557692307692307
0 0.8591145833333333 0.2979567307692308 0.0265625 0.025240384615384616
0 0.34661458333333334 0.5455528846153846 0.033854166666666664 0.00985576923076923
0 0.21302083333333333 0.48125 0.021875 0.015865384615384615
0 0.6934895833333333 0.48473557692307695 0.0203125 0.02235576923076923
0 0.16067708333333333 0.24879807692307693 0.0234375 0.015384615384615385
0 0.4901041666666667 0.4349759615384615 0.052083333333333336 0.01706730769230769
0 0.28541666666666665 0.2588942307692308 0.05416666666666667 0.011538461538461539
0 0.96953125 0.3652644230769231 0.043229166666666666 0.014182692307692308
0 0.05859375 0.25709134615384616 0.06302083333333333 0.02283653846153846
0 0.765625 0.6394230769230769 0.014583333333333334 0.026923076923076925
0 0.27395833333333336 0.6524038461538462 0.020833333333333332 0.022596153846153846
0 0.6609375 0.3891826923076923 0.03229166666666667 0.027403846153846154
0 0.5291666666666667 0.4955528846153846 0.03854166666666667 0.01610576923076923
0 0.5815104166666667 0.3004807692307692 0.04010416666666667 0.0057692307692307696
0 0.5908854166666667 0.4169471153846154 0.0328125 0.026201923076923078
0 0.74140625 0.4974759615384615 0.0453125 0.014663461538461538
0 0.09479166666666666 0.5152644230769231 0.030208333333333334 0.02139423076923077
0 0.15885416666666666 0.43954326923076925 0.10416666666666667 0.036778846153846155
0 0.4505208333333333 0.365625 0.046875 0.025
0 0.33203125 0.36490384615384613 0.050520833333333334 0.006730769230769231
0 0.28489583333333335 0.5445913461538462 0.016666666666666666 0.02139423076923077
0 0.6078125 0.44122596153846155 0.028125 0.01610576923076923
0 0.159375 0.44939903846153845 0.021875 0.02139423076923077
0 0.47239583333333335 0.46923076923076923 0.04479166666666667 0.025
0 0.6921875 0.25576923076923075 0.03125 0.00625
0 0.32864583333333336 0.5112980769230769 0.040625 0.011538461538461539
0 0.41041666666666665 0.36454326923076924 0.017708333333333333 0.02283653846153846
0 0.38958333333333334 0.3306490384615385 0.06666666666666667 0.013221153846153846
0 0.70234375 0.2875 0.0296875 0.023076923076923078
0 0.04453125 0.5566105769230769 0.0203125 0.025240384615384616
0 0.8692708333333333 0.5073317307692308 0.052083333333333336 0.006490384615384616
0 0.07916666666666666 0.44735576923076925 0.03333333333333333 0.02980769230769231
0 0.9578125 0.40612980769230766 0.06041666666666667 0.017548076923076923
0 0.8885416666666667 0.4891826923076923 0.040625 0.008653846153846154
0 0.6588541666666666 0.4070913461538462 0.03333333333333333 0.008413461538461538
0 0.6424479166666667 0.5318509615384616 0.021354166666666667 0.01706730769230769
0 0.7947916666666667 0.4824519230769231 0.04479166666666667 0.015865384615384615
0 0.2794270833333333 0.2856971153846154 0.06927083333333334 0.031490384615384615
0 0.30052083333333335 0.34314903846153844 0.04479166666666667 0.026201923076923078
0 0.09088541666666666 0.5020432692307693 0.0453125 0.014182692307692308
0 0.81484375 0.46274038461538464 0.0328125 0.020192307692307693
0 0.29270833333333335 0.32908653846153846 0.04479166666666667 0.010576923076923078
0 0.40520833333333334 0.35060096153846154 0.04895833333333333 0.007932692307692307
0 0.6247395833333333 0.5051682692307692 0.049479166666666664 0.018990384615384614
0 0.23932291666666666 0.6068509615384615 0.018229166666666668 0.021875
0 0.40729166666666666 0.42415865384615387 0.05 0.008413461538461538
0 0.6088541666666667 0.4826923076923077 0.030208333333333334 0.014423076923076924
0 0.15130208333333334 0.23197115384615385 0.0390625 0.009615384615384616
0 0.37057291666666664 0.3564903846153846 0.033854166666666664 0.009134615384615385
0 0.59765625 0.5596153846153846 0.04114583333333333 0.01201923076923077
0 0.5544270833333333 0.41009615384615383 0.03697916666666667 0.012980769230769231
0 0.5596354166666667 0.5066105769230769 0.0171875 0.021875
0 0.4856770833333333 0.2764423076923077 0.05677083333333333 0.008173076923076924
0 0.7005208333333334 0.676923076923077 0.034375 0.00625
0 0.70859375 0.6109375 0.0140625 0.018990384615384614
0 0.6203125 0.3528846153846154 0.065625 0.01201923076923077
0 0.3885416666666667 0.49290865384615384 0.029166666666666667 0.019951923076923075
0 0.8044270833333333 0.5867788461538461 0.0203125 0.019230769230769232
0 0.6138020833333333 0.5258413461538461 0.033854166666666664 0.008413461538461538
0 0.4122395833333333 0.4433894230769231 0.030729166666666665 0.019471153846153846
0 0.34817708333333336 0.38846153846153847 0.033854166666666664 0.013461538461538462
0 0.8604166666666667 0.2706730769230769 0.040625 0.00625
0 0.11067708333333333 0.4888221153846154 0.0328125 0.013221153846153846
0 0.7296875 0.4338942307692308 0.03854166666666667 0.01971153846153846
0 0.88359375 0.5447115384615384 0.0328125 0.008653846153846154
0 0.22265625 0.40973557692307694 0.0171875 0.02283653846153846
0 0.5692708333333333 0.43173076923076925 0.041666666666666664 0.013461538461538462
0 0.20859375 0.4033653846153846 0.0140625 0.01826923076923077
0 0.4200520833333333 0.5078125 0.0390625 0.006009615384615385
0 0.028645833333333332 0.4453125 0.023958333333333335 0.019471153846153846
0 0.13255208333333332 0.520673076923077 0.043229166666666666 0.020673076923076922
0 0.36276041666666664 0.5885817307692308 0.0515625 0.021875
0 0.37838541666666664 0.33653846153846156 0.0890625 0.02548076923076923
0 0.25885416666666666 0.46478365384615383 0.030208333333333334 0.018990384615384614
0 0.14453125 0.6736778846153846 0.0203125 0.02716346153846154
0 0.44036458333333334 0.24471153846153845 0.06197916666666667 0.016826923076923076
0 0.11119791666666666 0.51875 0.08489583333333334 0.02548076923076923
0 0.0609375 0.42896634615384616 0.03958333333333333 0.020913461538461537
0 0.057291666666666664 0.4347355769230769 0.03229166666666667 0.018509615384615385
0 0.6315104166666666 0.4829326923076923 0.021354166666666667 0.01826923076923077
0 0.38958333333333334 0.6580528846153846 0.04895833333333333 0.008894230769230769
0 0.8 0.5657451923076923 0.034375 0.014663461538461538
0 0.27630208333333334 0.6525240384615385 0.0890625 0.02283653846153846
0 0.7536458333333333 0.2879807692307692 0.052083333333333336 0.028846153846153848
0 0.3846354166666667 0.48401442307692305 0.022395833333333334 0.026201923076923078
0 0.825 0.5100961538461538 0.03333333333333333 0.03125
0 0.05546875 0.6307692307692307 0.049479166666666664 0.0057692307692307696
0 0.7700520833333333 0.5862980769230769 0.019270833333333334 0.022596153846153846
0 0.48723958333333334 0.37451923076923077 0.0171875 0.01730769230769231
0 0.05703125 0.41201923076923075 0.0390625 0.0125
0 0.05182291666666667 0.48125 0.024479166666666666 0.01971153846153846
0 0.8536458333333333 0.3549278846153846 0.04583333333333333 0.01610576923076923
0 0.96875 0.6237980769230769 0.040625 0.020192307692307693
0 0.8234375 0.38822115384615385 0.051041666666666666 0.02403846153846154
0 0.7375 0.4676682692307692 0.03958333333333333 0.008894230769230769
0 0.8393229166666667 0.35216346153846156 0.07447916666666667 0.022115384615384617
0 0.553125 0.3721153846153846 0.05625 0.027403846153846154
0 0.8197916666666667 0.34579326923076925 0.034375 0.00985576923076923
0 0.6010416666666667 0.5403846153846154 0.020833333333333332 0.022115384615384617
0 0.22005208333333334 0.3211538461538462 0.0421875 0.03125
0 0.5390625 0.32884615384615384 0.04791666666666667 0.023076923076923078
0 0.63671875 0.3606971153846154 0.0390625 0.010336538461538461
0 0.8544270833333333 0.31213942307692305 0.016145833333333335 0.019951923076923075
0 0.8385416666666666 0.5520432692307692 0.046875 0.02716346153846154
0 0.7390625 0.26622596153846156 0.03125 0.0069711538461538465
0 0.17552083333333332 0.6170673076923077 0.03125 0.011057692307692308
0 0.30546875 0.42704326923076924 0.0390625 0.0069711538461538465
0 0.6059895833333333 0.3384615384615385 0.0609375 0.020192307692307693
0 0.31536458333333334 0.5022836538461538 0.030729166666666665 0.01706730769230769
0 0.2526041666666667 0.6498798076923077 0.042708333333333334 0.008413461538461538
0 0.8309895833333333 0.4889423076923077 0.024479166666666666 0.021153846153846155
0 0.3846354166666667 0.3623798076923077 0.05364583333333333 0.019471153846153846
0 0.7197916666666667 0.4030048076923077 0.0125 0.019471153846153846
0 0.7078125 0.5073317307692308 0.021875 0.013221153846153846
0 0.6286458333333333 0.3873798076923077 0.04375 0.008894230769230769
0 0.659375 0.40060096153846153 0.034375 0.021875
0 0.6888020833333334 0.2745192307692308 0.0453125 0.011538461538461539
0 0.5125 0.4740384615384615 0.029166666666666667 0.011538461538461539
0 0.9221354166666667 0.4263221153846154 0.05260416666666667 0.02956730769230769
0 0.19583333333333333 0.4480769230769231 0.025 0.019230769230769232
0 0.18203125 0.25997596153846153 0.04010416666666667 0.00985576923076923
0 0.3346354166666667 0.5347355769230769 0.027604166666666666 0.029086538461538462
0 0.24375 0.23846153846153847 0.035416666666666666 0.010576923076923078
0 0.23567708333333334 0.2628605769230769 0.022395833333333334 0.012740384615384615
0 0.13020833333333334 0.6227163461538462 0.058333333333333334 0.030048076923076924
0 0.5028645833333333 0.425 0.04114583333333333 0.008653846153846154
0 0.17838541666666666 0.4263221153846154 0.0578125 0.012740384615384615
0 0.5526041666666667 0.5298076923076923 0.03958333333333333 0.008173076923076924
0 0.9278645833333333 0.6188701923076924 0.0359375 0.02860576923076923
0 0.88515625 0.47259615384615383 0.050520833333333334 0.01730769230769231
0 0.8036458333333333 0.27403846153846156 0.03854166666666667 0.026442307692307692
0 0.359375 0.4009615384615385 0.03333333333333333 0.008653846153846154
0 0.6348958333333333 0.2669471153846154 0.019791666666666666 0.013221153846153846
0 0.4484375 0.46814903846153844 0.016666666666666666 0.021875
0 0.23776041666666667 0.26778846153846153 0.0265625 0.022596153846153846
0 0.73203125 0.3808894230769231 0.021354166666666667 0.01658653846153846
0 0.5580729166666667 0.6907451923076923 0.0328125 0.007932692307692307
0 0.3026041666666667 0.6266826923076924 0.025 0.01730769230769231
0 0.8380208333333333 0.46478365384615383 0.026041666666666668 0.01514423076923077
0 0.21223958333333334 0.49615384615384617 0.021354166666666667 0.017788461538461538
0 0.7588541666666667 0.2800480769230769 0.04375 0.01201923076923077
0 0.3932291666666667 0.2508413461538462 0.0375 0.007451923076923077
0 0.3184895833333333 0.31814903846153847 0.04635416666666667 0.008413461538461538
0 0.8356770833333333 0.6823317307692308 0.04635416666666667 0.012740384615384615
0 0.2903645833333333 0.24591346153846153 0.0421875 0.006730769230769231
0 0.3268229166666667 0.4032451923076923 0.013020833333333334 0.021875
0 0.6325520833333333 0.5674278846153846 0.03697916666666667 0.007932692307692307
0 0.7453125 0.5039663461538462 0.03854166666666667 0.010817307692307692
0 0.9270833333333334 0.6117788461538461 0.034375 0.014423076923076924
0 0.7372395833333333 0.28834134615384616 0.016145833333333335 0.028125
0 0.453125 0.39795673076923077 0.046875 0.013221153846153846
0 0.5591145833333333 0.47608173076923077 0.0296875 0.012259615384615384
0 0.5229166666666667 0.47079326923076925 0.04791666666666667 0.018990384615384614
0 0.5421875 0.6836538461538462 0.040625 0.005288461538461539
0 0.23776041666666667 0.5088942307692308 0.043229166666666666 0.007692307692307693
0 0.36432291666666666 0.3682692307692308 0.1140625 0.03701923076923077
0 0.7171875 0.45492788461538464 0.03958333333333333 0.008894230769230769
0 0.39088541666666665 0.5010817307692308 0.019270833333333334 0.01610576923076923
0 0.9466145833333334 0.5806490384615385 0.025520833333333333 0.009375
0 0.8552083333333333 0.48197115384615385 0.027083333333333334 0.01971153846153846
0 0.7234375 0.2826923076923077 0.025 0.017788461538461538
0 0.46484375 0.6651442307692308 0.018229166666666668 0.011057692307692308
0 0.5114583333333333 0.42920673076923077 0.059375 0.01610576923076923
0 0.7213541666666666 0.2514423076923077 0.01875 0.010096153846153847
0 0.6653645833333334 0.43713942307692305 0.08802083333333334 0.02235576923076923
0 0.55 0.4423076923076923 0.014583333333333334 0.017788461538461538
0 0.47369791666666666 0.5507211538461538 0.033854166666666664 0.0057692307692307696
0 0.20911458333333333 0.3137019230769231 0.015104166666666667 0.016826923076923076
0 0.23046875 0.5001201923076923 0.0578125 0.025721153846153845
0 0.25442708333333336 0.4936298076923077 0.0140625 0.023798076923076922
0 0.9825520833333333 0.37596153846153846 0.018229166666666668 0.014903846153846155
0 0.41041666666666665 0.6896634615384616 0.017708333333333333 0.009615384615384616
0 0.058854166666666666 0.5164663461538461 0.04479166666666667 0.011778846153846154
0 0.5364583333333334 0.503125 0.05520833333333333 0.03125
0 0.8385416666666666 0.42403846153846153 0.07291666666666667 0.03701923076923077
0 0.38255208333333335 0.4597355769230769 0.018229166666666668 0.019471153846153846
0 0.728125 0.5140625 0.03958333333333333 0.0069711538461538465
0 0.6947916666666667 0.5100961538461538 0.04791666666666667 0.019230769230769232
0 0.52578125 0.35252403846153846 0.0203125 0.015625
0 0.0171875 0.6024038461538461 0.014583333333333334 0.022115384615384617
0 0.8354166666666667 0.38221153846153844 0.029166666666666667 0.007692307692307693
0 0.6677083333333333 0.3157451923076923 0.022916666666666665 0.010336538461538461
0 0.4109375 0.2377403846153846 0.11979166666666667 0.01201923076923077
0 0.7213541666666666 0.44627403846153846 0.046875 0.025721153846153845
0 0.06041666666666667 0.4987980769230769 0.014583333333333334 0.020673076923076922
0 0.51875 0.24086538461538462 0.059375 0.008653846153846154
0 0.98125 0.4695913461538462 0.027083333333333334 0.013221153846153846
0 0.55625 0.24579326923076922 0.015625 0.011298076923076923
0 0.6533854166666667 0.32415865384615383 0.021354166666666667 0.024759615384615383
0 0.043229166666666666 0.4037259615384615 0.013541666666666667 0.018028846153846152
0 0.7716145833333333 0.5632211538461539 0.016145833333333335 0.01730769230769231
0 0.6130208333333333 0.4580528846153846 0.04479166666666667 0.026201923076923078
0 0.6606770833333333 0.6157451923076923 0.016145833333333335 0.008894230769230769
0 0.21328125 0.4891826923076923 0.024479166666666666 0.03125
0 0.4513020833333333 0.32295673076923076 0.06302083333333333 0.036298076923076926
0 0.0203125 0.5528846153846154 0.014583333333333334 0.020192307692307693
0 0.02578125 0.5844951923076923 0.04114583333333333 0.00985576923076923
0 0.6846354166666667 0.24302884615384615 0.021354166666666667 0.004807692307692308
0 0.07942708333333333 0.4563701923076923 0.0328125 0.012259615384615384
0 0.47421875 0.40552884615384616 0.018229166666666668 0.02403846153846154
0 0.9299479166666667 0.284375 0.04114583333333333 0.026923076923076925
0 0.90546875 0.46838942307692305 0.0546875 0.012740384615384615
0 0.69140625 0.4400240384615385 0.03802083333333333 0.01706730769230769
0 0.6817708333333333 0.3239182692307692 0.04791666666666667 0.007932692307692307
0 0.34791666666666665 0.2454326923076923 0.0375 0.005288461538461539
0 0.3658854166666667 0.4079326923076923 0.04635416666666667 0.023557692307692307
0 0.284375 0.46129807692307695 0.015625 0.020673076923076922
0 0.9390625 0.42151442307692305 0.01875 0.019471153846153846
0 0.6390625 0.5692307692307692 0.04895833333333333 0.016826923076923076
0 0.7046875 0.5306490384615384 0.019791666666666666 0.012740384615384615
0 0.96015625 0.2915865384615385 0.025520833333333333 0.016346153846153847
0 0.6421875 0.48401442307692305 0.015625 0.01658653846153846
0 0.16328125 0.23353365384615385 0.018229166666666668 0.009375
0 0.9669270833333333 0.546875 0.04010416666666667 0.022115384615384617
0 0.6911458333333333 0.515625 0.041666666666666664 0.010096153846153847
0 0.9466145833333334 0.40396634615384613 0.0390625 0.00985576923076923
0 0.25546875 0.24290865384615384 0.022395833333333334 0.012259615384615384
0 0.3770833333333333 0.5165865384615385 0.051041666666666666 0.010096153846153847
0 0.5825520833333333 0.42247596153846156 0.03802083333333333 0.014663461538461538
0 0.44557291666666665 0.6706730769230769 0.018229166666666668 0.008653846153846154
0 0.4236979166666667 0.24771634615384616 0.028645833333333332 0.012740384615384615
0 0.9671875 0.3105769230769231 0.03854166666666667 0.013461538461538462
0 0.6322916666666667 0.32884615384615384 0.028125 0.014423076923076924
0 0.64375 0.26766826923076925 0.036458333333333336 0.013221153846153846
0 0.384375 0.4308894230769231 0.015625 0.015625
0 0.8625 0.35841346153846154 0.029166666666666667 0.008173076923076924
0 0.04479166666666667 0.38341346153846156 0.017708333333333333 0.015865384615384615
0 0.04453125 0.36177884615384615 0.013020833333333334 0.01730769230769231
0 0.08802083333333334 0.5266826923076923 0.041666666666666664 0.007211538461538462
0 0.9658854166666667 0.6510817307692308 0.04635416666666667 0.025721153846153845
0 0.16380208333333332 0.42415865384615387 0.0296875 0.007932692307692307
0 0.8635416666666667 0.3908653846153846 0.014583333333333334 0.007692307692307693
0 0.65859375 0.5973557692307693 0.03697916666666667 0.008653846153846154
0 0.7341145833333333 0.2824519230769231 0.0484375 0.01875
0 0.5549479166666667 0.2653846153846154 0.0171875 0.019230769230769232
0 0.49635416666666665 0.6873798076923077 0.04791666666666667 0.008894230769230769
0 0.8471354166666667 0.4060096153846154 0.015104166666666667 0.022596153846153846
0 0.6200520833333333 0.4830528846153846 0.0515625 0.019951923076923075
0 0.4046875 0.24927884615384616 0.06145833333333333 0.0125
0 0.34739583333333335 0.3424278846153846 0.028125 0.013221153846153846
0 0.16197916666666667 0.2453125 0.08333333333333333 0.03341346153846154
0 0.9692708333333333 0.2731971153846154 0.023958333333333335 0.013701923076923077
0 0.80078125 0.521875 0.0296875 0.01201923076923077
0 0.14791666666666667 0.6151442307692307 0.08333333333333333 0.017788461538461538
0 0.8177083333333334 0.5456730769230769 0.042708333333333334 0.008653846153846154
0 0.134375 0.6757211538461538 0.041666666666666664 0.021153846153846155
0 0.4546875 0.4252403846153846 0.029166666666666667 0.016346153846153847
0 0.47369791666666666 0.3997596153846154 0.015104166666666667 0.014423076923076924
0 0.01796875 0.5098557692307693 0.0296875 0.03653846153846154
0 0.7403645833333333 0.2527644230769231 0.05572916666666667 0.013701923076923077
0 0.9578125 0.3407451923076923 0.06770833333333333 0.034375
0 0.5221354166666666 0.6858173076923076 0.0796875 0.010096153846153847
0 0.4734375 0.41394230769230766 0.12604166666666666 0.047596153846153844
0 0.40989583333333335 0.30697115384615387 0.035416666666666666 0.013461538461538462
0 0.7770833333333333 0.46862980769230766 0.027083333333333334 0.01610576923076923
0 0.5630208333333333 0.38125 0.12395833333333334 0.05144230769230769
0 0.73125 0.4444711538461538 0.025 0.021153846153846155
0 0.9510416666666667 0.5140625 0.051041666666666666 0.023317307692307693
0 0.9578125 0.5069711538461539 0.0375 0.009134615384615385
0 0.6125 0.3786057692307692 0.07395833333333333 0.026923076923076925
0 0.8239583333333333 0.43713942307692305 0.042708333333333334 0.010817307692307692
0 0.8255208333333334 0.38100961538461536 0.04791666666666667 0.010576923076923078
0 0.9692708333333333 0.5837740384615384 0.03333333333333333 0.010336538461538461
0 0.16770833333333332 0.23341346153846154 0.07083333333333333 0.0125
0 0.3546875 0.39326923076923076 0.04791666666666667 0.023076923076923078
0 0.9143229166666667 0.5524038461538462 0.0421875 0.014903846153846155
0 0.7591145833333334 0.24939903846153846 0.04635416666666667 0.009375
0 0.49557291666666664 0.2905048076923077 0.030729166666666665 0.014182692307692308
0 0.325 0.5056490384615384 0.04791666666666667 0.024759615384615383
0 0.9721354166666667 0.4463942307692308 0.028645833333333332 0.027403846153846154
0 0.08307291666666666 0.6510817307692308 0.0140625 0.008413461538461538
0 0.48723958333333334 0.41959134615384613 0.0890625 0.024278846153846154
0 0.15260416666666668 0.6140625 0.034375 0.013701923076923077
0 0.9151041666666667 0.47091346153846153 0.0375 0.007692307692307693
0 0.4666666666666667 0.46189903846153846 0.029166666666666667 0.009375
0 0.7799479166666666 0.4450721153846154 0.030729166666666665 0.023317307692307693
0 0.13385416666666666 0.6699519230769231 0.041666666666666664 0.008173076923076924
0 0.8270833333333333 0.5198317307692307 0.030208333333333334 0.011778846153846154
0 0.315625 0.40072115384615387 0.013541666666666667 0.015865384615384615
0 0.7127604166666667 0.3466346153846154 0.013020833333333334 0.010096153846153847
0 0.5481770833333334 0.365625 0.018229166666666668 0.014903846153846155
0 0.65546875 0.5699519230769231 0.016145833333333335 0.01826923076923077
0 0.48333333333333334 0.4518028846153846 0.05 0.013701923076923077
0 0.9223958333333333 0.37091346153846155 0.026041666666666668 0.016826923076923076
0 0.8151041666666666 0.275 0.01875 0.023557692307692307
0 0.9731770833333333 0.40564903846153844 0.03177083333333333 0.017548076923076923
0 0.778125 0.2508413461538462 0.08958333333333333 0.01658653846153846
0 0.5354166666666667 0.4704326923076923 0.027083333333333334 0.01826923076923077
0 0.23567708333333334 0.6913461538461538 0.0328125 0.008173076923076924
0 0.36041666666666666 0.40084134615384615 0.058333333333333334 0.03774038461538461
0 0.3111979166666667 0.465625 0.028645833333333332 0.02451923076923077
0 0.5981770833333333 0.4556490384615385 0.016145833333333335 0.02139423076923077
0 0.678125 0.6462740384615384 0.057291666666666664 0.028125
0 0.37395833333333334 0.41033653846153845 0.026041666666666668 0.01971153846153846
0 0.19010416666666666 0.23389423076923077 0.028125 0.008173076923076924
0 0.5776041666666667 0.44759615384615387 0.019791666666666666 0.011538461538461539
0 0.92109375 0.34002403846153845 0.049479166666666664 0.012259615384615384
0 0.8151041666666666 0.5046875 0.014583333333333334 0.019951923076923075
0 0.8161458333333333 0.2515625 0.017708333333333333 0.011778846153846154
0 0.9359375 0.5174278846153846 0.021875 0.015625
0 0.6239583333333333 0.33052884615384615 0.046875 0.01875
0 0.13645833333333332 0.43040865384615384 0.059375 0.018028846153846152
0 0.5817708333333333 0.5431490384615385 0.029166666666666667 0.017548076923076923
0 0.6596354166666667 0.24194711538461539 0.0640625 0.007932692307692307
0 0.4625 0.6379807692307692 0.06979166666666667 0.02980769230769231
0 0.84921875 0.5447115384615384 0.033854166666666664 0.014423076923076924
0 0.8177083333333334 0.26995192307692306 0.014583333333333334 0.013461538461538462
0 0.40390625 0.5512019230769231 0.0296875 0.013942307692307693
0 0.47994791666666664 0.24519230769230768 0.0421875 0.007692307692307693
0 0.05651041666666667 0.40625 0.04010416666666667 0.02451923076923077
0 0.02578125 0.5770432692307692 0.0421875 0.024278846153846154
0 0.24609375 0.2759615384615385 0.013020833333333334 0.012980769230769231
0 0.26901041666666664 0.4796875 0.0296875 0.010817307692307692
0 0.26927083333333335 0.26045673076923076 0.023958333333333335 0.008894230769230769
0 0.6424479166666667 0.5260817307692308 0.025520833333333333 0.031009615384615385
0 0.81953125 0.4129807692307692 0.0265625 0.03125
0 0.265625 0.24254807692307692 0.041666666666666664 0.012980769230769231
0 0.2484375 0.5768028846153846 0.020833333333333332 0.0069711538461538465
0 0.6171875 0.46358173076923076 0.036458333333333336 0.012740384615384615
0 0.7520833333333333 0.44579326923076923 0.030208333333333334 0.020913461538461537
0 0.052083333333333336 0.4989182692307692 0.026041666666666668 0.02235576923076923
0 0.97265625 0.4210336538461538 0.013020833333333334 0.014663461538461538
0 0.92734375 0.3313701923076923 0.019270833333333334 0.015625
0 0.42578125 0.39002403846153844 0.04114583333333333 0.01706730769230769
0 0.971875 0.34975961538461536 0.03125 0.015384615384615385
0 0.028385416666666666 0.29903846153846153 0.015104166666666667 0.023076923076923078
0 0.64921875 0.2722355769230769 0.034895833333333334 0.006009615384615385
0 0.8838541666666667 0.559375 0.03229166666666667 0.03701923076923077
0 0.18151041666666667 0.23413461538461539 0.043229166666666666 0.010096153846153847
0 0.9005208333333333 0.38509615384615387 0.015625 0.026442307692307692
0 0.44140625 0.4112980769230769 0.03697916666666667 0.011538461538461539
0 0.9596354166666666 0.49951923076923077 0.0421875 0.02548076923076923
0 0.76875 0.24711538461538463 0.06666666666666667 0.009134615384615385
0 0.2559895833333333 0.24014423076923078 0.0609375 0.014423076923076924
0 0.31276041666666665 0.5072115384615384 0.07135416666666666 0.038461538461538464
0 0.0484375 0.25204326923076925 0.0375 0.010817307692307692
0 0.86328125 0.41165865384615385 0.0234375 0.012740384615384615
0 0.5979166666666667 0.3471153846153846 0.04375 0.009615384615384616
0 0.7604166666666666 0.5768028846153846 0.014583333333333334 0.019951923076923075
0 0.08046875 0.2282451923076923 0.06614583333333333 0.010336538461538461
0 0.5135416666666667 0.3618990384615385 0.03854166666666667 0.015625
0 0.7223958333333333 0.3933894230769231 0.05 0.045432692307692306
0 0.3265625 0.5229567307692308 0.014583333333333334 0.010336538461538461
0 0.12473958333333333 0.6775240384615384 0.0234375 0.008413461538461538
0 0.8838541666666667 0.4751201923076923 0.09479166666666666 0.037259615384615384
0 0.37057291666666664 0.6497596153846154 0.08697916666666666 0.027403846153846154
0 0.8229166666666666 0.40216346153846155 0.051041666666666666 0.052403846153846155
0 0.40520833333333334 0.42920673076923077 0.05416666666666667 0.018509615384615385
0 0.31197916666666664 0.4919471153846154 0.03958333333333333 0.008894230769230769
0 0.8786458333333333 0.6705528846153846 0.0375 0.010817307692307692
0 0.0203125 0.5747596153846154 0.026041666666666668 0.01875
0 0.7958333333333333 0.2700721153846154 0.021875 0.018509615384615385
0 0.24765625 0.44471153846153844 0.022395833333333334 0.0057692307692307696
0 0.7309895833333333 0.44158653846153845 0.0703125 0.035576923076923075
0 0.8028645833333333 0.5276442307692307 0.033854166666666664 0.023076923076923078
0 0.9609375 0.33245192307692306 0.027083333333333334 0.01826923076923077
0 0.07838541666666667 0.4407451923076923 0.016145833333333335 0.01658653846153846
0 0.6361979166666667 0.2407451923076923 0.021354166666666667 0.005048076923076923
0 0.8098958333333334 0.534375 0.017708333333333333 0.014423076923076924
0 0.81640625 0.5506009615384615 0.0453125 0.018990384615384614
0 0.44088541666666664 0.23990384615384616 0.0609375 0.008653846153846154
0 0.8815104166666666 0.39495192307692306 0.028645833333333332 0.01971153846153846
0 0.24348958333333334 0.6622596153846154 0.022395833333333334 0.014423076923076924
0 0.14947916666666666 0.622235576923077 0.017708333333333333 0.009375
0 0.7127604166666667 0.6705528846153846 0.058854166666666666 0.023798076923076922
0 0.36614583333333334 0.2455528846153846 0.07395833333333333 0.006490384615384616
0 0.803125 0.2528846153846154 0.041666666666666664 0.014903846153846155
0 0.79296875 0.4311298076923077 0.018229166666666668 0.02283653846153846
0 0.6739583333333333 0.32259615384615387 0.06458333333333334 0.023076923076923078
0 0.5497395833333333 0.46646634615384613 0.06927083333333334 0.011298076923076923
0 0.8364583333333333 0.6724759615384616 0.04583333333333333 0.03341346153846154
0 0.9783854166666667 0.2920673076923077 0.027604166666666666 0.016346153846153847
0 0.4244791666666667 0.3856971153846154 0.03958333333333333 0.008894230769230769
0 0.90234375 0.6542067307692307 0.021354166666666667 0.01706730769230769
0 0.4010416666666667 0.3646634615384615 0.03229166666666667 0.02451923076923077
0 0.64609375 0.5883413461538461 0.0171875 0.019951923076923075
0 0.4421875 0.3956730769230769 0.071875 0.028846153846153848
0 0.4434895833333333 0.43365384615384617 0.021354166666666667 0.008173076923076924
0 0.5950520833333334 0.33545673076923077 0.04114583333333333 0.012259615384615384
0 0.8078125 0.5442307692307692 0.029166666666666667 0.03173076923076923
0 0.6640625 0.39579326923076924 0.027083333333333334 0.014182692307692308
0 0.721875 0.3451923076923077 0.027083333333333334 0.01201923076923077
0 0.6033854166666667 0.4659855769230769 0.025520833333333333 0.013221153846153846
0 0.49140625 0.46658653846153847 0.0921875 0.03125
0 0.5205729166666667 0.6813701923076924 0.08802083333333334 0.019951923076923075
0 0.05703125 0.2622596153846154 0.0453125 0.011538461538461539
0 0.0296875 0.4813701923076923 0.013541666666666667 0.018509615384615385
0 0.23567708333333334 0.6032451923076924 0.027604166666666666 0.030048076923076924
0 0.5291666666666667 0.43689903846153844 0.05625 0.02860576923076923
0 0.7541666666666667 0.2525240384615385 0.04583333333333333 0.008894230769230769
0 0.32005208333333335 0.30709134615384615 0.049479166666666664 0.02956730769230769
0 0.65390625 0.5813701923076923 0.04635416666666667 0.040625
0 0.8565104166666667 0.4199519230769231 0.03697916666666667 0.029326923076923077
0 0.31276041666666665 0.34951923076923075 0.021354166666666667 0.015384615384615385
0 0.8302083333333333 0.6667067307692308 0.015625 0.02235576923076923
0 0.47682291666666665 0.3526442307692308 0.0390625 0.009615384615384616
0 0.3768229166666667 0.3701923076923077 0.04114583333333333 0.03076923076923077
0 0.95546875 0.34939903846153847 0.0578125 0.01514423076923077
0 0.8518229166666667 0.2949519230769231 0.0140625 0.01875
0 0.5635416666666667 0.46778846153846154 0.042708333333333334 0.007211538461538462
0 0.24375 0.26382211538461536 0.040625 0.02860576923076923
0 0.19609375 0.4658653846153846 0.03177083333333333 0.009134615384615385
0 0.5375 0.375 0.027083333333333334 0.009615384615384616
0 0.9619791666666667 0.5962740384615385 0.04895833333333333 0.03870192307692308
0 0.5151041666666667 0.6271634615384616 0.017708333333333333 0.007211538461538462
0 0.5075520833333333 0.41346153846153844 0.049479166666666664 0.011057692307692308
0 0.8997395833333334 0.40685096153846156 0.016145833333333335 0.018509615384615385
0 0.72734375 0.6894230769230769 0.0140625 0.010096153846153847
0 0.23072916666666668 0.6759615384615385 0.03229166666666667 0.015865384615384615
0 0.6130208333333333 0.4033653846153846 0.025 0.007211538461538462