0 0.2456730769230769 0.6171875 0.01875 0.036458333333333336
0 0.27283653846153844 0.61484375 0.025961538461538463 0.0171875
0 0.2597355769230769 0.5692708333333333 0.02283653846153846 0.019791666666666666
0 0.275 0.68515625 0.021634615384615384 0.033854166666666664
0 0.33822115384615387 0.15130208333333334 0.023557692307692307 0.0359375
0 0.4444711538461538 0.128125 0.023557692307692307 0.036458333333333336
0 0.6050480769230769 0.73359375 0.01875 0.028645833333333332
0 0.3830528846153846 0.1765625 0.020432692307692308 0.016666666666666666
0 0.5841346153846154 0.8018229166666667 0.013461538461538462 0.034895833333333334
0 0.26526442307692305 0.31953125 0.007451923076923077 0.04739583333333333
0 0.328125 0.8520833333333333 0.0125 0.042708333333333334
0 0.3393028846153846 0.3734375 0.01706730769230769 0.03125
0 0.2639423076923077 0.4080729166666667 0.023557692307692307 0.044270833333333336
0 0.30204326923076924 0.8388020833333333 0.009375 0.04635416666666667
0 0.5252403846153846 0.82890625 0.027884615384615386 0.027604166666666666
0 0.2329326923076923 0.49140625 0.025 0.021354166666666667
0 0.30288461538461536 0.34791666666666665 0.008173076923076924 0.046875
0 0.6019230769230769 0.37447916666666664 0.021153846153846155 0.027083333333333334
0 0.31983173076923077 0.7036458333333333 0.015625 0.042708333333333334
0 0.5746394230769231 0.7143229166666667 0.020913461538461537 0.07447916666666667
0 0.3799278846153846 0.15390625 0.01658653846153846 0.030729166666666665
0 0.5552884615384616 0.7083333333333334 0.021634615384615384 0.041666666666666664
0 0.3429086538461538 0.54921875 0.013221153846153846 0.049479166666666664
0 0.28125 0.228125 0.021153846153846155 0.014583333333333334
0 0.2620192307692308 0.23098958333333333 0.01201923076923077 0.04010416666666667
0 0.2747596153846154 0.9302083333333333 0.029326923076923077 0.03958333333333333
0 0.29723557692307695 0.19401041666666666 0.019951923076923075 0.015104166666666667
0 0.3608173076923077 0.20885416666666667 0.020673076923076922 0.010416666666666666
0 0.3161057692307692 0.7526041666666666 0.015384615384615385 0.046875
0 0.38377403846153846 0.6981770833333333 0.018028846153846152 0.03802083333333333
0 0.3561298076923077 0.16979166666666667 0.013221153846153846 0.046875
0 0.4125 0.9299479166666667 0.007692307692307693 0.0515625
0 0.3691105769230769 0.7080729166666667 0.011778846153846154 0.03177083333333333
0 0.5198317307692307 0.7830729166666667 0.02139423076923077 0.018229166666666668
0 0.5497596153846154 0.14401041666666667 0.03173076923076923 0.04635416666666667
0 0.6145432692307692 0.17135416666666667 0.01658653846153846 0.01875
0 0.31021634615384613 0.26588541666666665 0.00985576923076923 0.0578125
0 0.39158653846153846 0.8234375 0.02548076923076923 0.029166666666666667
0 0.29639423076923077 0.4239583333333333 0.0057692307692307696 0.04583333333333333
0 0.44579326923076923 0.18958333333333333 0.006009615384615385 0.04479166666666667
0 0.3449519230769231 0.7033854166666667 0.007692307692307693 0.05677083333333333
0 0.3169471153846154 0.4315104166666667 0.014663461538461538 0.03697916666666667
0 0.4015625 0.31979166666666664 0.023317307692307693 0.021875
0 0.2905048076923077 0.5059895833333333 0.008894230769230769 0.0453125
0 0.31069711538461536 0.61796875 0.025240384615384616 0.015104166666666667
0 0.39615384615384613 0.0875 0.020673076923076922 0.04791666666666667
0 0.40528846153846154 0.8604166666666667 0.016346153846153847 0.034375
0 0.4455528846153846 0.5572916666666666 0.024278846153846154 0.025
0 0.5313701923076923 0.5484375 0.007451923076923077 0.052083333333333336
0 0.2681490384615385 0.18619791666666666 0.012259615384615384 0.0296875
0 0.4438701923076923 0.25234375 0.025240384615384616 0.025520833333333333
0 0.31201923076923077 0.65234375 0.014903846153846155 0.05260416666666667
0 0.5087740384615385 0.59140625 0.026201923076923078 0.0453125
0 0.6370192307692307 0.3578125 0.021153846153846155 0.034375
0 0.3700721153846154 0.8135416666666667 0.023317307692307693 0.05625
0 0.4628605769230769 0.33697916666666666 0.018028846153846152 0.05625
0 0.27776442307692306 0.83515625 0.01658653846153846 0.049479166666666664
0 0.3203125 0.31171875 0.014182692307692308 0.044270833333333336
0 0.4427884615384615 0.7729166666666667 0.011057692307692308 0.046875
0 0.39290865384615387 0.9453125 0.024759615384615383 0.06354166666666666
0 0.23930288461538463 0.24322916666666666 0.02716346153846154 0.030208333333333334
0 0.3579326923076923 0.6458333333333334 0.02403846153846154 0.0125
0 0.31262019230769234 0.34479166666666666 0.005048076923076923 0.03958333333333333
0 0.4050480769230769 0.14505208333333333 0.019230769230769232 0.013020833333333334
0 0.6269230769230769 0.84765625 0.015384615384615385 0.03177083333333333
0 0.45300480769230766 0.6604166666666667 0.013701923076923077 0.03958333333333333
0 0.5114182692307693 0.25625 0.01706730769230769 0.034375
0 0.5121394230769231 0.65546875 0.012740384615384615 0.03802083333333333
0 0.48004807692307694 0.19427083333333334 0.020192307692307693 0.026041666666666668
0 0.5711538461538461 0.9419270833333333 0.007211538461538462 0.06302083333333333
0 0.4519230769230769 0.96015625 0.023076923076923078 0.024479166666666666
0 0.6014423076923077 0.8098958333333334 0.023076923076923078 0.0125
0 0.21935096153846154 0.5981770833333333 0.018028846153846152 0.07552083333333333
0 0.33209134615384617 0.9515625 0.023798076923076922 0.013541666666666667
0 0.39158653846153846 0.7880208333333333 0.020192307692307693 0.016666666666666666
0 0.40637019230769234 0.20755208333333333 0.020913461538461537 0.0359375
0 0.5075721153846153 0.73359375 0.020432692307692308 0.05677083333333333
0 0.31189903846153844 0.47708333333333336 0.007932692307692307 0.03958333333333333
0 0.5596153846153846 0.68203125 0.02451923076923077 0.024479166666666666
0 0.4668269230769231 0.26328125 0.01730769230769231 0.028645833333333332
0 0.4890625 0.159375 0.015625 0.04583333333333333
0 0.5359375 0.36744791666666665 0.01658653846153846 0.0390625
0 0.5981971153846154 0.59921875 0.010336538461538461 0.04635416666666667
0 0.5752403846153846 0.6114583333333333 0.025961538461538463 0.0375
0 0.5200721153846154 0.8776041666666666 0.018990384615384614 0.05
0 0.39771634615384616 0.3575520833333333 0.01514423076923077 0.0453125
0 0.22247596153846153 0.35625 0.012740384615384615 0.017708333333333333
0 0.3215144230769231 0.5890625 0.012740384615384615 0.030208333333333334
0 0.3545673076923077 0.3111979166666667 0.020192307692307693 0.0453125
0 0.42091346153846154 0.7901041666666667 0.00625 0.042708333333333334
0 0.4621394230769231 0.8044270833333333 0.015625 0.0453125
0 0.4891826923076923 0.5317708333333333 0.016826923076923076 0.04583333333333333
0 0.6211538461538462 0.71875 0.007692307692307693 0.04791666666666667
0 0.3629807692307692 0.35104166666666664 0.022115384615384617 0.017708333333333333
0 0.49014423076923075 0.29765625 0.009134615384615385 0.04114583333333333
0 0.24939903846153846 0.7479166666666667 0.008894230769230769 0.03854166666666667
0 0.2673076923076923 0.12369791666666667 0.013942307692307693 0.0328125
0 0.40685096153846156 0.746875 0.03341346153846154 0.046875
0 0.5449519230769231 0.8453125 0.007211538461538462 0.052083333333333336
0 0.4637019230769231 0.5375 0.02403846153846154 0.013541666666666667
0 0.40384615384615385 0.6419270833333334 0.027403846153846154 0.03177083333333333
0 0.3545673076923077 0.3768229166666667 0.013461538461538462 0.0390625
0 0.5802884615384616 0.0921875 0.01730769230769231 0.03125
0 0.5855769230769231 0.27395833333333336 0.008173076923076924 0.05
0 0.5782451923076923 0.3919270833333333 0.020432692307692308 0.050520833333333334
0 0.34927884615384613 0.7877604166666666 0.01971153846153846 0.044270833333333336
0 0.35588942307692306 0.9255208333333333 0.023798076923076922 0.059375
0 0.240625 0.35651041666666666 0.016826923076923076 0.021354166666666667
0 0.22079326923076922 0.24453125 0.011778846153846154 0.0296875
0 0.3191105769230769 0.1328125 0.019951923076923075 0.04375
0 0.4941105769230769 0.63046875 0.011298076923076923 0.0390625
0 0.5824519230769231 0.53828125 0.03317307692307692 0.04635416666666667
0 0.49399038461538464 0.8059895833333334 0.01971153846153846 0.025520833333333333
0 0.4816105769230769 0.5580729166666667 0.009375 0.04010416666666667
0 0.47283653846153845 0.67734375 0.02403846153846154 0.0171875
0 0.3548076923076923 0.32395833333333335 0.01971153846153846 0.017708333333333333
0 0.4594951923076923 0.8505208333333333 0.018509615384615385 0.03854166666666667
0 0.4 0.27369791666666665 0.00625 0.03697916666666667
0 0.29651442307692305 0.5403645833333334 0.006009615384615385 0.03697916666666667
0 0.3334134615384615 0.58125 0.016826923076923076 0.04791666666666667
0 0.5495192307692308 0.7622395833333333 0.021153846153846155 0.050520833333333334
0 0.5528846153846154 0.40390625 0.01875 0.019270833333333334
0 0.42620192307692306 0.22057291666666667 0.023076923076923078 0.0171875
0 0.42247596153846156 0.15234375 0.006009615384615385 0.044270833333333336
0 0.4698317307692308 0.3 0.025721153846153845 0.025
0 0.3783653846153846 0.653125 0.015865384615384615 0.014583333333333334
0 0.6389423076923076 0.6734375 0.020192307692307693 0.041666666666666664
0 0.5305288461538461 0.8846354166666667 0.03990384615384615 0.0640625
0 0.5007211538461539 0.8635416666666667 0.022115384615384617 0.023958333333333335
0 0.4639423076923077 0.39869791666666665 0.012980769230769231 0.030729166666666665
0 0.3813701923076923 0.28125 0.010817307692307692 0.036458333333333336
0 0.21826923076923077 0.8807291666666667 0.010576923076923078 0.023958333333333335
0 0.4596153846153846 0.7252604166666666 0.010576923076923078 0.04635416666666667
0 0.63125 0.21796875 0.028846153846153848 0.0515625
0 0.4971153846153846 0.7869791666666667 0.016346153846153847 0.040625
0 0.5134615384615384 0.3653645833333333 0.017788461538461538 0.05260416666666667
0 0.4528846153846154 0.9026041666666667 0.007211538461538462 0.040625
0 0.6381009615384615 0.40338541666666666 0.019471153846153846 0.0484375
0 0.33040865384615387 0.50546875 0.006009615384615385 0.050520833333333334
0 0.5903846153846154 0.19114583333333332 0.00625 0.03958333333333333
0 0.43353365384615383 0.28854166666666664 0.01514423076923077 0.03229166666666667
0 0.4203125 0.08932291666666667 0.010336538461538461 0.03177083333333333
0 0.5527644230769231 0.453125 0.031490384615384615 0.05416666666666667
0 0.5268028846153846 0.7375 0.01514423076923077 0.052083333333333336
0 0.4176682692307692 0.65859375 0.020432692307692308 0.021354166666666667
0 0.5104567307692308 0.29921875 0.026201923076923078 0.0421875
0 0.5426682692307693 0.42473958333333334 0.018990384615384614 0.016145833333333335
0 0.4205528846153846 0.35598958333333336 0.01514423076923077 0.0515625
0 0.5247596153846154 0.19557291666666668 0.011057692307692308 0.025520833333333333
0 0.49591346153846155 0.20703125 0.021153846153846155 0.0328125
0 0.43317307692307694 0.09765625 0.01875 0.019270833333333334
0 0.4584134615384615 0.59140625 0.016826923076923076 0.022395833333333334
0 0.46814903846153844 0.7270833333333333 0.014663461538461538 0.04583333333333333
0 0.6225961538461539 0.43802083333333336 0.007211538461538462 0.040625
0 0.20673076923076922 0.8783854166666667 0.009134615384615385 0.0203125
0 0.5504807692307693 0.5596354166666667 0.008173076923076924 0.049479166666666664
0 0.43209134615384615 0.62109375 0.031490384615384615 0.022395833333333334
0 0.41310096153846154 0.7 0.02235576923076923 0.035416666666666666
0 0.43317307692307694 0.31744791666666666 0.010096153846153847 0.03177083333333333
0 0.5967548076923077 0.5388020833333333 0.013701923076923077 0.04114583333333333
0 0.45745192307692306 0.15989583333333332 0.020192307692307693 0.04375
0 0.3931490384615385 0.04192708333333333 0.018028846153846152 0.024479166666666666
0 0.4341346153846154 0.92890625 0.015865384615384615 0.0265625
0 0.5582932692307693 0.06796875 0.018509615384615385 0.043229166666666666
0 0.5739182692307693 0.49375 0.01658653846153846 0.03854166666666667
0 0.45384615384615384 0.39505208333333336 0.007211538461538462 0.04010416666666667
0 0.6314903846153846 0.2526041666666667 0.02451923076923077 0.015625
0 0.5149038461538461 0.4973958333333333 0.026442307692307692 0.04791666666666667
0 0.5950721153846154 0.44947916666666665 0.021875 0.016666666666666666
0 0.4841346153846154 0.9109375 0.01971153846153846 0.036458333333333336
0 0.23305288461538462 0.39348958333333334 0.01514423076923077 0.033854166666666664
0 0.4481971153846154 0.8533854166666667 0.015625 0.050520833333333334
0 0.6365384615384615 0.5908854166666667 0.015384615384615385 0.022395833333333334
0 0.39158653846153846 0.6018229166666667 0.007211538461538462 0.0453125
0 0.4173076923076923 0.24348958333333334 0.020192307692307693 0.015104166666666667
0 0.40420673076923075 0.23723958333333334 0.014663461538461538 0.019270833333333334
0 0.3331730769230769 0.9052083333333333 0.027884615384615386 0.014583333333333334
0 0.5073317307692308 0.14166666666666666 0.02235576923076923 0.013541666666666667
0 0.37427884615384616 0.26640625 0.015384615384615385 0.0140625
0 0.215625 0.49583333333333335 0.010576923076923078 0.028125
0 0.3688701923076923 0.4388020833333333 0.01514423076923077 0.015104166666666667
0 0.46610576923076924 0.23333333333333334 0.019230769230769232 0.022916666666666665
0 0.35925480769230766 0.0546875 0.024278846153846154 0.022916666666666665
0 0.3479567307692308 0.04088541666666667 0.03245192307692308 0.022395833333333334
0 0.5229567307692308 0.59375 0.014663461538461538 0.025
0 0.6417067307692308 0.82109375 0.023798076923076922 0.025520833333333333
0 0.5211538461538462 0.08723958333333333 0.036057692307692304 0.030729166666666665
0 0.5067307692307692 0.5328125 0.01826923076923077 0.03125
0 0.27307692307692305 0.9546875 0.019230769230769232 0.020833333333333332
0 0.5069711538461539 0.953125 0.03461538461538462 0.05625
0 0.48377403846153844 0.35651041666666666 0.02283653846153846 0.059895833333333336
0 0.5293269230769231 0.33645833333333336 0.021153846153846155 0.01875
0 0.40192307692307694 0.74921875 0.021634615384615384 0.0328125
0 0.6385817307692307 0.7713541666666667 0.018990384615384614 0.0375
0 0.36646634615384616 0.5502604166666667 0.019471153846153846 0.024479166666666666
0 0.6174278846153847 0.5265625 0.007451923076923077 0.04479166666666667
0 0.3329326923076923 0.9216145833333333 0.027884615384615386 0.04739583333333333
0 0.4349759615384615 0.8080729166666667 0.0069711538461538465 0.0484375
0 0.4830528846153846 0.9520833333333333 0.014182692307692308 0.036458333333333336
0 0.4424278846153846 0.045572916666666664 0.04350961538461538 0.0328125
0 0.5364182692307692 0.7708333333333334 0.020913461538461537 0.026041666666666668
0 0.5207932692307692 0.23697916666666666 0.024759615384615383 0.059375
0 0.5966346153846154 0.22317708333333333 0.020673076923076922 0.016145833333333335
0 0.38677884615384617 0.47421875 0.02451923076923077 0.0609375
0 0.24375 0.39010416666666664 0.009134615384615385 0.03854166666666667
0 0.3671875 0.8377604166666667 0.030048076923076924 0.015104166666666667
0 0.5639423076923077 0.6427083333333333 0.013942307692307693 0.020833333333333332
0 0.4590144230769231 0.61484375 0.02139423076923077 0.015104166666666667
0 0.2671875 0.0671875 0.017548076923076923 0.023958333333333335
0 0.4653846153846154 0.6638020833333333 0.038461538461538464 0.0453125
0 0.6245192307692308 0.08203125 0.027403846153846154 0.0984375
0 0.3526442307692308 0.61953125 0.020673076923076922 0.013020833333333334
0 0.2248798076923077 0.7479166666666667 0.014663461538461538 0.020833333333333332
0 0.24519230769230768 0.19114583333333332 0.021634615384615384 0.025
0 0.2375 0.18958333333333333 0.03653846153846154 0.036458333333333336
0 0.42367788461538464 0.2786458333333333 0.011298076923076923 0.03229166666666667
0 0.4171875 0.746875 0.012259615384615384 0.04479166666666667
0 0.619951923076923 0.94765625 0.023076923076923078 0.027604166666666666
0 0.44266826923076924 0.5932291666666667 0.01658653846153846 0.0125
0 0.505048076923077 0.39817708333333335 0.011538461538461539 0.059895833333333336
0 0.4699519230769231 0.4278645833333333 0.020192307692307693 0.0265625
0 0.6368990384615385 0.7231770833333333 0.02139423076923077 0.03697916666666667
0 0.34362980769230766 0.3953125 0.012259615384615384 0.016666666666666666
0 0.5954326923076924 0.51171875 0.02548076923076923 0.034895833333333334
0 0.48257211538461536 0.3963541666666667 0.007932692307692307 0.041666666666666664
0 0.20877403846153847 0.84453125 0.009375 0.013020833333333334
0 0.5001201923076923 0.8817708333333333 0.023317307692307693 0.06041666666666667
0 0.6420673076923077 0.30442708333333335 0.01201923076923077 0.0359375
0 0.42007211538461536 0.5252604166666667 0.018990384615384614 0.0296875
0 0.6311298076923076 0.29010416666666666 0.018028846153846152 0.026041666666666668
0 0.5527644230769231 0.28541666666666665 0.017548076923076923 0.03958333333333333
0 0.5525240384615384 0.18932291666666667 0.012740384615384615 0.058854166666666666
0 0.3504807692307692 0.41953125 0.015865384615384615 0.0171875
0 0.2639423076923077 0.9385416666666667 0.051923076923076926 0.057291666666666664
0 0.48846153846153845 0.16666666666666666 0.007211538461538462 0.03229166666666667
0 0.46935096153846156 0.45208333333333334 0.024278846153846154 0.023958333333333335
0 0.4706730769230769 0.10494791666666667 0.02548076923076923 0.0328125
0 0.6254807692307692 0.6380208333333334 0.016346153846153847 0.030208333333333334
0 0.4210336538461538 0.48828125 0.01610576923076923 0.0421875
0 0.3582932692307692 0.5184895833333333 0.011778846153846154 0.06822916666666666
0 0.4935096153846154 0.45546875 0.006730769230769231 0.043229166666666666
0 0.5246394230769231 0.2984375 0.008413461538461538 0.04583333333333333
0 0.4001201923076923 0.7268229166666667 0.018509615384615385 0.0140625
0 0.21129807692307692 0.7442708333333333 0.0125 0.029166666666666667
0 0.5830528846153846 0.47682291666666665 0.02235576923076923 0.0203125
0 0.4372596153846154 0.07786458333333333 0.016826923076923076 0.027604166666666666
0 0.38040865384615385 0.3736979166666667 0.015625 0.016145833333333335
0 0.4442307692307692 0.5127604166666667 0.022115384615384617 0.0140625
0 0.39435096153846155 0.5375 0.02139423076923077 0.027083333333333334
0 0.3192307692307692 0.46328125 0.00625 0.03697916666666667
0 0.63125 0.4953125 0.019230769230769232 0.027083333333333334
0 0.35060096153846154 0.7838541666666666 0.0069711538461538465 0.0375
0 0.5466346153846153 0.2875 0.008653846153846154 0.042708333333333334
0 0.6356971153846154 0.5328125 0.01514423076923077 0.028125
0 0.5951923076923077 0.4270833333333333 0.027884615384615386 0.017708333333333333
0 0.635576923076923 0.5528645833333333 0.022115384615384617 0.0171875
0 0.36899038461538464 0.5940104166666667 0.012980769230769231 0.04739583333333333
0 0.55 0.5247395833333334 0.011057692307692308 0.0515625
0 0.3266826923076923 0.43333333333333335 0.008173076923076924 0.04375
0 0.4533653846153846 0.475 0.021634615384615384 0.015625
0 0.34615384615384615 0.42213541666666665 0.025 0.0234375
0 0.6198317307692308 0.061197916666666664 0.018028846153846152 0.0578125
0 0.6415865384615385 0.6359375 0.007211538461538462 0.03854166666666667
0 0.4580528846153846 0.075 0.018028846153846152 0.026041666666666668
0 0.6235576923076923 0.9755208333333333 0.020673076923076922 0.019791666666666666
0 0.5694711538461539 0.1703125 0.025961538461538463 0.020833333333333332
0 0.5137019230769231 0.4080729166666667 0.028365384615384615 0.07760416666666667
0 0.30264423076923075 0.07864583333333333 0.016826923076923076 0.019791666666666666
0 0.3330528846153846 0.6046875 0.008894230769230769 0.036458333333333336
0 0.5179086538461538 0.4265625 0.019951923076923075 0.041666666666666664
0 0.21634615384615385 0.5703125 0.011057692307692308 0.019791666666666666
0 0.6127403846153846 0.10807291666666667 0.013461538461538462 0.030729166666666665
0 0.5862980769230769 0.54296875 0.020673076923076922 0.0328125
0 0.4829326923076923 0.24713541666666666 0.01730769230769231 0.0296875
0 0.4207932692307692 0.50546875 0.01658653846153846 0.013020833333333334
0 0.5477163461538461 0.2125 0.007451923076923077 0.0375
0 0.6349759615384616 0.4791666666666667 0.026682692307692307 0.06041666666666667
0 0.42536057692307694 0.94140625 0.00985576923076923 0.0390625
0 0.43209134615384615 0.5333333333333333 0.019951923076923075 0.021875
0 0.578125 0.4083333333333333 0.01971153846153846 0.01875
0 0.46129807692307695 0.1671875 0.011057692307692308 0.03125
0 0.5006009615384616 0.72265625 0.007451923076923077 0.0359375
0 0.47860576923076925 0.65703125 0.023557692307692307 0.0203125
0 0.4966346153846154 0.12864583333333332 0.01730769230769231 0.0125
0 0.5604567307692307 0.459375 0.01514423076923077 0.03958333333333333
0 0.5165865384615385 0.96640625 0.014903846153846155 0.018229166666666668
0 0.2186298076923077 0.39765625 0.009375 0.059895833333333336
0 0.5699519230769231 0.35572916666666665 0.011057692307692308 0.035416666666666666
0 0.5508413461538462 0.6393229166666666 0.013701923076923077 0.021354166666666667
0 0.23040865384615383 0.92109375 0.009375 0.04114583333333333
0 0.2485576923076923 0.9401041666666666 0.020192307692307693 0.01875
0 0.3439903846153846 0.9263020833333333 0.04951923076923077 0.06302083333333333
0 0.5794471153846154 0.43854166666666666 0.010336538461538461 0.040625
0 0.49651442307692306 0.42239583333333336 0.024278846153846154 0.03229166666666667
0 0.4129807692307692 0.83671875 0.016826923076923076 0.0546875
0 0.5033653846153846 0.38958333333333334 0.008173076923076924 0.04375
0 0.59375 0.3234375 0.010096153846153847 0.06145833333333333
0 0.48197115384615385 0.23203125 0.022596153846153846 0.0671875
0 0.6425480769230769 0.9296875 0.017788461538461538 0.017708333333333333
0 0.5626201923076923 0.3111979166666667 0.018990384615384614 0.044270833333333336
0 0.640625 0.22057291666666667 0.010576923076923078 0.0390625
0 0.49939903846153844 0.8916666666666667 0.014663461538461538 0.040625
0 0.6388221153846154 0.46979166666666666 0.01706730769230769 0.041666666666666664
0 0.5371394230769231 0.59921875 0.017548076923076923 0.0328125
0 0.4311298076923077 0.93828125 0.02139423076923077 0.0453125
0 0.5801682692307693 0.3375 0.020432692307692308 0.022916666666666665
0 0.33665865384615384 0.29739583333333336 0.017548076923076923 0.014583333333333334
0 0.4168269230769231 0.8234375 0.016346153846153847 0.027083333333333334
0 0.42007211538461536 0.5572916666666666 0.017548076923076923 0.025
0 0.50625 0.29140625 0.01875 0.0203125
0 0.5483173076923077 0.6158854166666666 0.017788461538461538 0.030729166666666665
0 0.25396634615384617 0.08359375 0.014663461538461538 0.0234375
0 0.22692307692307692 0.5924479166666666 0.006730769230769231 0.03177083333333333
0 0.6382211538461539 0.14270833333333333 0.013461538461538462 0.053125
0 0.36310096153846155 0.09114583333333333 0.009375 0.040625
0 0.6180288461538461 0.30703125 0.01730769230769231 0.07552083333333333
0 0.21838942307692308 0.6205729166666667 0.013221153846153846 0.0296875
0 0.5061298076923076 0.6924479166666667 0.015625 0.04635416666666667
0 0.22536057692307693 0.384375 0.008894230769230769 0.04375
0 0.5955528846153846 0.30546875 0.006490384615384616 0.027604166666666666
0 0.5139423076923076 0.35234375 0.01730769230769231 0.027604166666666666
0 0.41754807692307694 0.3919270833333333 0.008173076923076924 0.03697916666666667
0 0.22680288461538461 0.19270833333333334 0.015625 0.027083333333333334
0 0.40841346153846153 0.51484375 0.015865384615384615 0.028645833333333332
0 0.4421875 0.9440104166666666 0.042548076923076925 0.0578125
0 0.35997596153846156 0.13307291666666668 0.008894230769230769 0.0140625
0 0.5990384615384615 0.06276041666666667 0.03028846153846154 0.0203125
0 0.42932692307692305 0.40182291666666664 0.011538461538461539 0.049479166666666664
0 0.3741586538461538 0.5908854166666667 0.026201923076923078 0.05364583333333333
0 0.6099759615384616 0.26979166666666665 0.034375 0.04375
0 0.4326923076923077 0.04479166666666667 0.023557692307692307 0.029166666666666667
0 0.6420673076923077 0.9419270833333333 0.01826923076923077 0.04114583333333333
0 0.528125 0.40989583333333335 0.015865384615384615 0.021875
0 0.29278846153846155 0.5203125 0.013461538461538462 0.07708333333333334
0 0.22944711538461537 0.26979166666666665 0.011298076923076923 0.034375
0 0.5884615384615385 0.0453125 0.022596153846153846 0.014583333333333334
0 0.6264423076923077 0.6591145833333333 0.011538461538461539 0.033854166666666664
0 0.24194711538461539 0.27109375 0.008894230769230769 0.03177083333333333
0 0.48233173076923075 0.67578125 0.031009615384615385 0.0578125
0 0.6233173076923076 0.6260416666666667 0.020673076923076922 0.053125
0 0.23846153846153847 0.11640625 0.026923076923076925 0.0578125
0 0.42403846153846153 0.6010416666666667 0.01730769230769231 0.029166666666666667
0 0.234375 0.8109375 0.006730769230769231 0.053125
0 0.5289663461538462 0.25625 0.008413461538461538 0.021875
0 0.645673076923077 0.9497395833333333 0.009615384615384616 0.025520833333333333
0 0.47475961538461536 0.21692708333333333 0.007692307692307693 0.0390625
0 0.30372596153846154 0.06848958333333334 0.026201923076923078 0.043229166666666666
0 0.4018028846153846 0.49296875 0.020913461538461537 0.025520833333333333
0 0.5104567307692308 0.08697916666666666 0.014182692307692308 0.026041666666666668
0 0.6262019230769231 0.22604166666666667 0.019230769230769232 0.03229166666666667
0 0.4128605769230769 0.5682291666666667 0.014663461538461538 0.025
0 0.45889423076923075 0.8111979166666666 0.009615384615384616 0.0484375
0 0.5774038461538461 0.34921875 0.026442307692307692 0.04739583333333333
0 0.5638221153846154 0.3221354166666667 0.01610576923076923 0.024479166666666666
0 0.5584134615384615 0.19322916666666667 0.046634615384615385 0.07708333333333334
0 0.23125 0.8447916666666667 0.025961538461538463 0.014583333333333334
0 0.5334134615384616 0.2869791666666667 0.014903846153846155 0.015625
0 0.6217548076923077 0.9588541666666667 0.025721153846153845 0.05
0 0.6014423076923077 0.24791666666666667 0.017788461538461538 0.035416666666666666
0 0.6181490384615385 0.28463541666666664 0.05216346153846154 0.11927083333333334
0 0.536298076923077 0.4161458333333333 0.03221153846153846 0.034375
0 0.44579326923076923 0.32916666666666666 0.010336538461538461 0.04583333333333333
0 0.5064903846153846 0.6049479166666667 0.020673076923076922 0.018229166666666668
0 0.23221153846153847 0.38828125 0.036057692307692304 0.0890625
0 0.41875 0.5645833333333333 0.02403846153846154 0.03854166666666667
0 0.49170673076923077 0.6817708333333333 0.011778846153846154 0.046875
0 0.40697115384615384 0.5877604166666667 0.019230769230769232 0.0171875
0 0.4841346153846154 0.9315104166666667 0.01971153846153846 0.0765625
0 0.5331730769230769 0.7479166666666667 0.027884615384615386 0.07291666666666667
0 0.5969951923076923 0.24713541666666666 0.009375 0.034895833333333334
0 0.3485576923076923 0.30807291666666664 0.007692307692307693 0.04010416666666667
0 0.5936298076923077 0.9611979166666667 0.03485576923076923 0.015104166666666667
0 0.34927884615384613 0.8044270833333333 0.019230769230769232 0.0109375
0 0.5449519230769231 0.03411458333333333 0.03413461538461538 0.016145833333333335
0 0.573076923076923 0.44505208333333335 0.007692307692307693 0.0453125
0 0.39326923076923076 0.078125 0.014423076923076924 0.03125
0 0.4423076923076923 0.6177083333333333 0.011538461538461539 0.017708333333333333
0 0.4421875 0.23307291666666666 0.014663461538461538 0.018229166666666668
0 0.6284855769230769 0.11223958333333334 0.018028846153846152 0.03802083333333333
0 0.34639423076923076 0.31614583333333335 0.03701923076923077 0.05520833333333333
0 0.4387019230769231 0.31145833333333334 0.025 0.07916666666666666
0 0.39471153846153845 0.9627604166666667 0.020673076923076922 0.027604166666666666
0 0.3891826923076923 0.92578125 0.016826923076923076 0.0234375
0 0.6366586538461538 0.3846354166666667 0.023317307692307693 0.08697916666666666
0 0.6082932692307692 0.2515625 0.03245192307692308 0.046875
0 0.5061298076923076 0.4979166666666667 0.008894230769230769 0.04791666666666667
0 0.48533653846153846 0.4549479166666667 0.022115384615384617 0.044270833333333336
0 0.36009615384615384 0.46510416666666665 0.010096153846153847 0.03333333333333333
0 0.47728365384615384 0.24401041666666667 0.042067307692307696 0.0453125
0 0.4360576923076923 0.4661458333333333 0.013461538461538462 0.019791666666666666
0 0.4015625 0.06432291666666666 0.014182692307692308 0.030729166666666665
0 0.384375 0.3768229166666667 0.023076923076923078 0.022395833333333334
0 0.6389423076923076 0.65625 0.021153846153846155 0.08229166666666667
0 0.4013221153846154 0.5994791666666667 0.009375 0.0375
0 0.3796875 0.2796875 0.026201923076923078 0.041666666666666664
0 0.5715144230769231 0.33125 0.03870192307692308 0.08541666666666667
0 0.6205528846153846 0.82578125 0.012740384615384615 0.015104166666666667
0 0.5058894230769231 0.2 0.008413461538461538 0.03229166666666667
0 0.36201923076923076 0.9125 0.011538461538461539 0.03333333333333333
0 0.434375 0.4513020833333333 0.015865384615384615 0.0296875
0 0.40192307692307694 0.09791666666666667 0.032692307692307694 0.07083333333333333
0 0.5919471153846154 0.43697916666666664 0.03485576923076923 0.042708333333333334
0 0.5367788461538462 0.0546875 0.021634615384615384 0.015625
0 0.3021634615384615 0.10598958333333333 0.022115384615384617 0.015104166666666667
0 0.5659855769230769 0.30078125 0.009375 0.024479166666666666
0 0.2453125 0.13046875 0.011778846153846154 0.030729166666666665
0 0.6349759615384616 0.2994791666666667 0.026682692307692307 0.046875
0 0.4173076923076923 0.6924479166666667 0.011538461538461539 0.021354166666666667
0 0.3108173076923077 0.64453125 0.02548076923076923 0.06822916666666666
0 0.48834134615384617 0.20260416666666667 0.036778846153846155 0.04375
0 0.4205528846153846 0.37447916666666664 0.01514423076923077 0.023958333333333335
0 0.3376201923076923 0.45625 0.01658653846153846 0.03958333333333333
0 0.5957932692307693 0.09192708333333334 0.012259615384615384 0.021354166666666667
0 0.3861778846153846 0.40572916666666664 0.02716346153846154 0.08125
0 0.3967548076923077 0.8424479166666666 0.036778846153846155 0.0671875
0 0.2231971153846154 0.37734375 0.013701923076923077 0.058854166666666666
0 0.5941105769230769 0.04296875 0.036778846153846155 0.024479166666666666
0 0.5776442307692308 0.24557291666666667 0.01201923076923077 0.0171875
0 0.40685096153846156 0.59453125 0.02139423076923077 0.0328125
0 0.41586538461538464 0.8484375 0.009615384615384616 0.030208333333333334
0 0.5098557692307693 0.7450520833333333 0.015865384615384615 0.0328125
0 0.4835336538461538 0.41171875 0.04927884615384615 0.07864583333333333
0 0.3786057692307692 0.5484375 0.01201923076923077 0.023958333333333335
0 0.6305288461538462 0.37552083333333336 0.011538461538461539 0.03125
0 0.42920673076923077 0.43255208333333334 0.026682692307692307 0.05572916666666667
0 0.5419471153846154 0.15859375 0.015625 0.018229166666666668
0 0.5780048076923077 0.21171875 0.006490384615384616 0.0171875
0 0.36899038461538464 0.6072916666666667 0.011538461538461539 0.022916666666666665
0 0.5018028846153846 0.22213541666666667 0.06370192307692307 0.09114583333333333
0 0.5308894230769231 0.29921875 0.018028846153846152 0.04635416666666667
0 0.4294471153846154 0.09010416666666667 0.028125 0.035416666666666666
0 0.2387019230769231 0.9479166666666666 0.006730769230769231 0.03333333333333333
0 0.3717548076923077 0.4942708333333333 0.017548076923076923 0.034375
0 0.5055288461538462 0.6088541666666667 0.035576923076923075 0.08229166666666667
0 0.4096153846153846 0.26510416666666664 0.012980769230769231 0.027083333333333334
0 0.49771634615384613 0.05078125 0.05793269230769231 0.0390625
0 0.36141826923076925 0.07682291666666667 0.030048076923076924 0.06927083333333334
0 0.5855769230769231 0.053125 0.02980769230769231 0.030208333333333334
0 0.3938701923076923 0.4908854166666667 0.008894230769230769 0.03177083333333333
0 0.39302884615384615 0.3971354166666667 0.009134615384615385 0.04114583333333333
0 0.5415865384615385 0.18723958333333332 0.013461538461538462 0.0140625
0 0.45360576923076923 0.48802083333333335 0.021634615384615384 0.042708333333333334
0 0.40661057692307695 0.4705729166666667 0.01514423076923077 0.016145833333333335
0 0.5106971153846154 0.3065104166666667 0.01658653846153846 0.0265625
0 0.21959134615384615 0.31979166666666664 0.007451923076923077 0.04791666666666667
0 0.36959134615384615 0.56796875 0.023798076923076922 0.019270833333333334
0 0.6358173076923077 0.57265625 0.025 0.058854166666666666
0 0.46862980769230766 0.3260416666666667 0.029086538461538462 0.07916666666666666
0 0.22163461538461537 0.23776041666666667 0.010576923076923078 0.0171875
0 0.5868990384615385 0.52734375 0.043028846153846154 0.07239583333333334
0 0.37896634615384617 0.5841145833333333 0.015625 0.0296875
0 0.48653846153846153 0.07838541666666667 0.03221153846153846 0.034895833333333334
0 0.5550480769230769 0.7721354166666666 0.010096153846153847 0.030729166666666665
0 0.4558894230769231 0.3528645833333333 0.0069711538461538465 0.0390625
0 0.635576923076923 0.5401041666666667 0.022596153846153846 0.042708333333333334
0 0.6122596153846154 0.32890625 0.00625 0.0328125
0 0.3955528846153846 0.4322916666666667 0.008413461538461538 0.03333333333333333
0 0.5332932692307693 0.48333333333333334 0.013221153846153846 0.046875
0 0.5794471153846154 0.48984375 0.02860576923076923 0.0453125
0 0.40588942307692305 0.62421875 0.03389423076923077 0.0859375
0 0.4126201923076923 0.24010416666666667 0.031009615384615385 0.022916666666666665
0 0.45685096153846155 0.14739583333333334 0.018509615384615385 0.01875
0 0.4971153846153846 0.9325520833333333 0.015865384615384615 0.04635416666666667
0 0.3758413461538462 0.49947916666666664 0.046875 0.11354166666666667
0 0.23858173076923078 0.25755208333333335 0.030528846153846153 0.0609375
0 0.41454326923076923 0.59765625 0.036778846153846155 0.03697916666666667
0 0.6051682692307693 0.84609375 0.01706730769230769 0.019270833333333334
0 0.5400240384615385 0.9067708333333333 0.020432692307692308 0.01875
0 0.21875 0.7447916666666666 0.026442307692307692 0.03125
0 0.5551682692307692 0.29270833333333335 0.013701923076923077 0.016666666666666666
0 0.630048076923077 0.80625 0.01201923076923077 0.019791666666666666
0 0.510576923076923 0.690625 0.007211538461538462 0.042708333333333334
0 0.4891826923076923 0.14635416666666667 0.015384615384615385 0.021875
0 0.35 0.96953125 0.026923076923076925 0.021354166666666667
0 0.5573317307692308 0.640625 0.026682692307692307 0.027083333333333334
0 0.4856971153846154 0.07005208333333333 0.024759615384615383 0.021354166666666667
0 0.6217548076923077 0.278125 0.010817307692307692 0.03125
0 0.42908653846153844 0.47161458333333334 0.01875 0.030729166666666665
0 0.580889423076923 0.33229166666666665 0.018990384615384614 0.013541666666666667
0 0.3328125 0.43411458333333336 0.019951923076923075 0.0453125
0 0.6219951923076923 0.6140625 0.014182692307692308 0.030208333333333334
0 0.26213942307692306 0.08802083333333334 0.031009615384615385 0.034375
0 0.3658653846153846 0.6497395833333334 0.04038461538461539 0.021354166666666667
0 0.559735576923077 0.13098958333333333 0.011778846153846154 0.021354166666666667
0 0.2222355769230769 0.33229166666666665 0.012259615384615384 0.06458333333333334
0 0.3623798076923077 0.09192708333333334 0.023317307692307693 0.0421875
0 0.4969951923076923 0.93828125 0.046875 0.0890625
0 0.42572115384615383 0.39817708333333335 0.023076923076923078 0.06197916666666667
0 0.32884615384615384 0.5893229166666667 0.027403846153846154 0.06822916666666666
0 0.6390625 0.7463541666666667 0.026682692307692307 0.084375
0 0.5076923076923077 0.6755208333333333 0.019230769230769232 0.07916666666666666
0 0.5150240384615384 0.0375 0.020432692307692308 0.019791666666666666
0 0.22584134615384616 0.7888020833333333 0.02283653846153846 0.10260416666666666
0 0.42920673076923077 0.3846354166666667 0.03389423076923077 0.11510416666666666
0 0.5247596153846154 0.3893229166666667 0.01201923076923077 0.043229166666666666
0 0.55625 0.6091145833333333 0.013942307692307693 0.0390625
0 0.5275240384615385 0.08541666666666667 0.02283653846153846 0.021875
0 0.35108173076923077 0.59453125 0.011778846153846154 0.0203125
0 0.6296875 0.5736979166666667 0.012259615384615384 0.04635416666666667
0 0.46045673076923077 0.39557291666666666 0.019951923076923075 0.043229166666666666
0 0.3032451923076923 0.058333333333333334 0.018509615384615385 0.022916666666666665
0 0.5729567307692308 0.5315104166666667 0.014182692307692308 0.0328125
0 0.5318509615384616 0.3807291666666667 0.025240384615384616 0.06666666666666667
0 0.6413461538461539 0.05234375 0.013461538461538462 0.05364583333333333
0 0.4421875 0.4125 0.011298076923076923 0.04895833333333333
0 0.4383413461538462 0.5260416666666666 0.03341346153846154 0.0375
0 0.31790865384615385 0.44869791666666664 0.018028846153846152 0.0734375
0 0.4558894230769231 0.49296875 0.008413461538461538 0.033854166666666664