0 0.4 0.26971153846153845 0.04479166666666667 0.0125
0 0.34322916666666664 0.26189903846153845 0.04583333333333333 0.013701923076923077
0 0.4359375 0.29927884615384615 0.065625 0.016826923076923076
0 0.55078125 0.2641826923076923 0.0453125 0.013461538461538462
0 0.18671875 0.2751201923076923 0.019270833333333334 0.020432692307692308
0 0.5356770833333333 0.2924278846153846 0.049479166666666664 0.02283653846153846
0 0.26875 0.24026442307692308 0.05625 0.023798076923076922
0 0.45234375 0.2823317307692308 0.0453125 0.018990384615384614
0 0.08958333333333333 0.6167067307692308 0.05625 0.014663461538461538
0 0.30859375 0.24447115384615384 0.019270833333333334 0.01971153846153846
0 0.19557291666666668 0.3513221153846154 0.04635416666666667 0.01658653846153846
0 0.20833333333333334 0.5197115384615385 0.075 0.02548076923076923
0 0.21822916666666667 0.6143028846153846 0.1125 0.036778846153846155
0 0.440625 0.3526442307692308 0.034375 0.032692307692307694
0 0.35651041666666666 0.6127403846153846 0.04635416666666667 0.016346153846153847
0 0.6427083333333333 0.3157451923076923 0.05 0.031009615384615385
0 0.371875 0.24026442307692308 0.030208333333333334 0.023798076923076922
0 0.19479166666666667 0.24735576923076924 0.04895833333333333 0.008653846153846154
0 0.20390625 0.38461538461538464 0.0609375 0.016346153846153847
0 0.31536458333333334 0.28533653846153845 0.03802083333333333 0.016346153846153847
0 0.3375 0.5935096153846153 0.05416666666666667 0.01826923076923077
0 0.5184895833333333 0.26550480769230766 0.034895833333333334 0.01514423076923077
0 0.6984375 0.30396634615384616 0.019791666666666666 0.019471153846153846
0 0.11145833333333334 0.6532451923076923 0.051041666666666666 0.018990384615384614
0 0.4192708333333333 0.3794471153846154 0.05520833333333333 0.017548076923076923
0 0.04973958333333333 0.6496394230769231 0.04739583333333333 0.023798076923076922
0 0.2825520833333333 0.2609375 0.04635416666666667 0.006490384615384616
0 0.8151041666666666 0.24471153846153845 0.026041666666666668 0.01826923076923077
0 0.309375 0.6425480769230769 0.053125 0.0125
0 0.06875 0.3424278846153846 0.041666666666666664 0.02283653846153846
0 0.4322916666666667 0.2466346153846154 0.03333333333333333 0.015865384615384615
0 0.8721354166666667 0.3278846153846154 0.04114583333333333 0.014903846153846155
0 0.23697916666666666 0.4846153846153846 0.03958333333333333 0.0125
0 0.13932291666666666 0.5259615384615385 0.0609375 0.027403846153846154
0 0.32057291666666665 0.5472355769230769 0.0390625 0.023798076923076922
0 0.115625 0.6009615384615384 0.036458333333333336 0.017788461538461538
0 0.24088541666666666 0.3235576923076923 0.03697916666666667 0.0125
0 0.5434895833333333 0.36490384615384613 0.03802083333333333 0.01826923076923077
0 0.5963541666666666 0.3139423076923077 0.04791666666666667 0.027403846153846154
0 0.6028645833333334 0.2709134615384615 0.03697916666666667 0.01201923076923077
0 0.21067708333333332 0.22632211538461539 0.03802083333333333 0.020432692307692308
0 0.18932291666666667 0.4486778846153846 0.034895833333333334 0.014663461538461538
0 0.16875 0.4723557692307692 0.04375 0.009615384615384616
0 0.12291666666666666 0.46911057692307695 0.06458333333333334 0.03293269230769231
0 0.4427083333333333 0.46081730769230766 0.04375 0.014423076923076924
0 0.2721354166666667 0.5754807692307692 0.05572916666666667 0.02403846153846154
0 0.5046875 0.30685096153846153 0.035416666666666666 0.013221153846153846
0 0.4080729166666667 0.5425480769230769 0.04114583333333333 0.01826923076923077
0 0.14296875 0.3200721153846154 0.03802083333333333 0.018028846153846152
0 0.49661458333333336 0.3736778846153846 0.03697916666666667 0.014182692307692308
0 0.34661458333333334 0.2407451923076923 0.0390625 0.010336538461538461
0 0.7763020833333333 0.5960336538461538 0.05364583333333333 0.019471153846153846
0 0.09401041666666667 0.24242788461538461 0.043229166666666666 0.02956730769230769
0 0.09713541666666667 0.5576923076923077 0.0515625 0.021634615384615384
0 0.4640625 0.40685096153846156 0.07604166666666666 0.019471153846153846
0 0.37864583333333335 0.31237980769230766 0.04895833333333333 0.013221153846153846
0 0.3776041666666667 0.39879807692307695 0.040625 0.015865384615384615
0 0.5791666666666667 0.6471153846153846 0.040625 0.011057692307692308
0 0.39401041666666664 0.6171875 0.04010416666666667 0.020432692307692308
0 0.22083333333333333 0.6401442307692308 0.06666666666666667 0.027403846153846154
0 0.6598958333333333 0.27584134615384615 0.0375 0.017548076923076923
0 0.66171875 0.3191105769230769 0.04114583333333333 0.018990384615384614
0 0.14270833333333333 0.5927884615384615 0.04375 0.014423076923076924
0 0.18463541666666666 0.6245192307692308 0.0453125 0.015384615384615385