0 0.4225581890625 0.4268118765625 0.42872984687500004 0.42927870312499994 0.4338541453125 0.43306897343750006 0.437134128125 0.42558331718750003 0.43706813125000005 0.41365821562500005 0.4332906875 0.41194292812500005 0.43172556718750005 0.41653536406249997 0.4311959640625 0.41458981875 0.4226224765625 0.41230107968749996 0.4164186734375 0.417089653125 0.417117484375 0.42501932187499997 0.4225581890625 0.4268118765625
0 0.4192552890625 0.317195240625 0.4213576265625 0.313618725 0.4249337203125 0.316605284375 0.42783215312499995 0.3124101921875 0.42503100624999995 0.308057040625 0.4252475828125 0.30492651249999997 0.4247044421875 0.3013033265625 0.421844075 0.3008502890625 0.42065881562499996 0.3056890546875 0.416399990625 0.306131521875 0.413158075 0.3089690484375 0.41264031875 0.31223803906250003 0.41391441562500003 0.316535496875 0.4192552890625 0.317195240625
0 0.38066697656250004 0.2928391453125 0.38413139375 0.2894783609375 0.38538940781250003 0.282417121875 0.3886600890625 0.2793979859375 0.38851964687499996 0.2732322515625 0.38608313125 0.27098468124999997 0.382234621875 0.2679549734375 0.37927273437500003 0.2699060203125 0.3785823921875 0.2742646734375 0.37939795 0.2779310078125 0.377504575 0.2793066234375 0.3749073203125 0.28336325156250003 0.3737296765625 0.2872723921875 0.37543354687499997 0.292382584375 0.38066697656250004 0.2928391453125
0 0.3535734453125 0.2937606109375 0.3568136703125 0.2944599796875 0.35890078281250004 0.292742715625 0.3639616265625 0.2942889390625 0.364709496875 0.2895670640625 0.3674624203125 0.28981691718749997 0.3706908 0.28530175 0.369489459375 0.27878181875 0.3669590359375 0.27800870624999996 0.3670969328125 0.2744933859375 0.361855890625 0.2749664515625 0.35631959062499996 0.2781852484375 0.35276295625 0.279483596875 0.3496496359375 0.283272321875 0.34936030156250003 0.288625321875 0.3529592375 0.288823003125 0.3535734453125 0.2937606109375
0 0.3324214578125 0.2986017859375 0.332152421875 0.291484853125 0.336735265625 0.2881150421875 0.33433681875 0.2812193421875 0.33418115 0.276912859375 0.3305339890625 0.272611878125 0.3281939234375 0.27857090625 0.3265095140625 0.27774562343750003 0.3255966703125 0.282627534375 0.3256584328125 0.288408475 0.321969825 0.2958294125 0.322720240625 0.30078859375 0.32539279374999996 0.304190546875 0.32908394687500003 0.306450665625 0.3324214578125 0.2986017859375
0 0.30316470156249997 0.3405095703125 0.3050639984375 0.341741221875 0.30840574374999996 0.34003650625000004 0.31193361249999996 0.3389197671875 0.31344712812500003 0.3372978203125 0.315570615625 0.3344693203125 0.315422559375 0.3292332109375 0.3138608203125 0.326751859375 0.31023312187499996 0.3267357875 0.308238228125 0.3305154875 0.30463929375 0.3303178046875 0.3051130578125 0.329089678125 0.3027036171875 0.33019739062500003 0.3011748765625 0.333678590625 0.30089315625 0.3381019625 0.30316470156249997 0.3405095703125
0 0.295865309375 0.3425182890625 0.2954795265625 0.3396646921875 0.2983508875 0.332114315625 0.29649558125 0.3288418015625 0.2928890328125 0.3295737453125 0.2900616640625 0.3350832578125 0.2870710125 0.337215915625 0.28420134375 0.3412293984375 0.283480546875 0.3493065578125 0.28459897343749996 0.34929753125 0.2886276828125 0.3503079484375 0.2921403265625 0.35105046406249996 0.295675809375 0.3490040984375 0.295865309375 0.3425182890625
0 0.26690973281249997 0.384287609375 0.27040122499999997 0.3842821078125 0.27217530624999997 0.377488771875 0.27069985937499996 0.3744625875 0.2677836546875 0.37083587812499996 0.26569062187500003 0.369945875 0.263190653125 0.3654542578125 0.26094787343750003 0.36286504062499997 0.25709175 0.360764959375 0.254991103125 0.36080458125 0.2522940171875 0.3637284 0.25149030781250004 0.3652766015625 0.252304175 0.3724798296875 0.256494478125 0.3804039984375 0.25870849218749997 0.3831748265625 0.26386324375000003 0.38324659375 0.2644233015625 0.381473634375 0.26690973281249997 0.384287609375
0 0.27006613281249997 0.27532169375 0.271006053125 0.273795065625 0.2728918125 0.27334907343750003 0.2760745109375 0.27441166250000004 0.277653165625 0.27149686875 0.2797614265625 0.2705276203125 0.28252196406249996 0.26984784687499996 0.28213956093750003 0.2599204609375 0.27900677812499997 0.259424278125 0.2773359046875 0.2602766359375 0.2760465796875 0.25783843125 0.27398231093750003 0.256766815625 0.272102475 0.25982007500000004 0.2725457859375 0.2623104515625 0.27117609374999996 0.26302434531249996 0.2692691828125 0.2627223203125 0.2671896875 0.26350995781250003 0.2659062859375 0.263679021875 0.2645653578125 0.2642113046875 0.2631093703125 0.2654700296875 0.261860659375 0.26806475 0.26246894374999996 0.2703950890625 0.26314829375 0.27403985 0.2647464109375 0.27540996406249996 0.2680441671875 0.2757461109375 0.27006613281249997 0.27532169375
0 0.24677962656250002 0.2310492 0.24255718124999998 0.2303804296875 0.241390528125 0.2262861546875 0.237325440625 0.226386975 0.235215490625 0.2308931171875 0.2367543890625 0.2361633484375 0.2374202015625 0.23813046718750003 0.2307519359375 0.2396806453125 0.2290717609375 0.24499952343750003 0.22843894531250003 0.24899495625 0.2300717515625 0.2527907296875 0.23229337968750002 0.2546319328125 0.23403531875 0.25509399374999997 0.2414319953125 0.24453702968750002 0.241420146875 0.2393224953125 0.2431561625 0.2371772890625 0.244961553125 0.2398833984375 0.2478599875 0.23568830468750002 0.24677962656250002 0.2310492
0 0.2375614984375 0.25751415 0.23427304843750002 0.2527114828125 0.22717669687500003 0.249912034375 0.22644997500000003 0.255381925 0.228031178125 0.2621481859375 0.2310091453125 0.2715558375 0.23607760312499998 0.2721724359375 0.2386384796875 0.26922704375 0.24033980625 0.26465618125 0.2388795859375 0.2597707453125 0.2375614984375 0.25751415
0 0.22846435 0.285859928125 0.23019444218750001 0.281107453125 0.229271440625 0.2772379359375 0.2270058203125 0.27743759687499997 0.225563371875 0.2803739640625 0.224991465625 0.2769323875 0.2215651171875 0.27564504218749997 0.22121825468749998 0.2813612640625 0.22101521562499998 0.28616942968750003 0.2181210140625 0.296508684375 0.22229185624999998 0.30014794375 0.2242351453125 0.29933873125 0.227319703125 0.2957316171875 0.2280176578125 0.2904433375 0.22846435 0.285859928125
0 0.1835293453125 0.400309578125 0.1842636796875 0.393910059375 0.180086915625 0.387663534375 0.1773246875 0.3918802015625 0.1747578890625 0.392218325 0.174345884375 0.39922739375 0.177191025 0.40153968281249997 0.17613605000000002 0.40379275468750003 0.17515637343749998 0.41350440781250003 0.1802096046875 0.41598025781250003 0.18324255625000002 0.41534363125 0.18529666875 0.407663815625 0.1847036109375 0.40347422499999996 0.1835293453125 0.400309578125
0 0.17536199531250002 0.47832288125 0.176476190625 0.47216969531249997 0.174283325 0.47014688125 0.17185865625000002 0.473113846875 0.1704466640625 0.472331709375 0.167244503125 0.4669842109375 0.16643910312500002 0.47206930625 0.166552471875 0.4748797578125 0.16504488125 0.47910897343750003 0.16149586093749999 0.4794776953125 0.16083428125000002 0.4836547390625 0.162077925 0.4916707015625 0.165297 0.49162205312499996 0.16712523125 0.49153928437500005 0.16945007031249998 0.48743950937499997 0.17177659843749998 0.479802840625 0.17536199531250002 0.47832288125
0 0.1782011171875 0.3281639390625 0.1827958078125 0.330008665625 0.1849328328125 0.32885780625 0.1866798421875 0.31870918593750003 0.184352459375 0.31312790625 0.1844903578125 0.30961258593749996 0.1839396015625 0.306919025 0.181731509375 0.3067554640625 0.179608021875 0.309583965625 0.17971546562500001 0.30978715 0.1755793125 0.308573546875 0.1738991359375 0.31389242500000003 0.17650062500000002 0.3159799578125 0.17694985937500002 0.321077603125 0.1768542625 0.3260889546875 0.1782011171875 0.3281639390625
0 0.158434903125 0.3436499171875 0.159648928125 0.338629540625 0.15901356875 0.33294391874999996 0.15872930624999998 0.3276862375 0.1589974875 0.321585221875 0.1559146203125 0.32165544218750003 0.1538909625 0.325616753125 0.15128947343750002 0.323529221875 0.1468944421875 0.32395011406249996 0.150583903125 0.3297471265625 0.15149336875 0.331939003125 0.1503944015625 0.3362329359375 0.151352090625 0.3425281109375 0.155135459375 0.346850665625 0.158434903125 0.3436499171875
0 0.15284447343750002 0.3701309421875 0.15009916406249998 0.36895146093750003 0.14917870625000001 0.374763 0.1474731453125 0.3731897 0.1441102484375 0.3741464015625 0.144868278125 0.37817595625 0.1460425453125 0.381340603125 0.1447498421875 0.3859761859375 0.1451973875 0.394610725 0.15283095468750002 0.39842609218749997 0.1545111328125 0.3931072140625 0.157066084375 0.3875545546875 0.1556803109375 0.3769097515625 0.15284447343750002 0.3701309421875
0 0.15395185 0.2882069515625 0.1521219296875 0.291826615625 0.1536786 0.3049186484375 0.1545288453125 0.311010640625 0.15732999375 0.3153637921875 0.162091346875 0.31351158749999997 0.1654711609375 0.307158740625 0.16509975 0.289227940625 0.16208371562499999 0.28446842031249997 0.1570998609375 0.28684388437499997 0.15395185 0.2882069515625
0 0.39579727343750004 0.24802528281249997 0.3967843390625 0.24520056562499998 0.39538805625 0.24282072187499998 0.3919274828125 0.244225725 0.3912421890625 0.24514513437500002 0.389983715625 0.2443290421875 0.3879446484375 0.2450340359375 0.3870454046875 0.24633073906249997 0.3869767359375 0.24919812343749997 0.38722151875 0.2505732265625 0.38718975312500004 0.2507737859375 0.3842355609375 0.25287576093749997 0.3820133796875 0.2557104453125 0.38014715625 0.2592182796875 0.380328409375 0.26099450156250004 0.3845742453125 0.2648536203125 0.3878442265625 0.26465196875 0.3905050546875 0.2634286828125 0.39028969999999996 0.258460415625 0.39097265625 0.2541484015625 0.3927216296875 0.25576174687500003 0.39415995000000004 0.2530085015625 0.39416508906250003 0.250542234375 0.39579727343750004 0.24802528281249997
0 0.3818891265625 0.26720380312500003 0.3775694859375 0.26867833124999996 0.3745526953125 0.26922847031249997 0.374010815625 0.27654388281250003 0.3782033984375 0.2758715859375 0.3802835703125 0.2719864609375 0.3823978453125 0.2712933796875 0.3845882625 0.26865925156250003 0.3818891265625 0.26720380312500003
0 0.2183557546875 0.4286972203125 0.213445021875 0.42551272031250004 0.209233353125 0.43026076562500004 0.2077021703125 0.43423000156249997 0.2079856234375 0.439088325 0.211685078125 0.4394737 0.21280339218750002 0.4428597765625 0.21380231562500002 0.4536476453125 0.2180577359375 0.4543216375 0.220963340625 0.45117176875 0.22076646875 0.44291764687499996 0.2183521125 0.4363179046875 0.2183557546875 0.4286972203125
0 0.21865823125 0.24824154531249998 0.2159959703125 0.243207015625 0.21274311406250002 0.24570020625 0.2128552234375 0.25353978593750004 0.21060493125000002 0.2592001609375 0.2097992390625 0.2642870984375 0.210863778125 0.26706297968750004 0.214400090625 0.26942811093749996 0.2177559328125 0.2615361234375 0.218106825 0.254572115625 0.22062598906250003 0.25196271875 0.22365554531249998 0.2480302453125 0.221284940625 0.2468525390625 0.21865823125 0.24824154531249998
0 0.196067784375 0.26171113125 0.19432788750000002 0.2660484265625 0.1961762546875 0.27717139375 0.197255378125 0.2817546203125 0.201837084375 0.2784691015625 0.2012929609375 0.2695583015625 0.20367358593749998 0.26592416406249997 0.20214604375 0.2622727125 0.19925684375 0.26341958593750003 0.196067784375 0.26171113125
0 0.185377015625 0.5552415140625 0.1829070671875 0.5518419203125 0.18090832031249998 0.548316396875 0.178459334375 0.54953299375 0.1779343578125 0.549048725 0.172907875 0.545645334375 0.16948367343749998 0.5511197812499999 0.1706247734375 0.5553117046875 0.1706703453125 0.556923396875 0.17295436718749999 0.5614969015625 0.17590554375 0.5599587265625 0.182170653125 0.5735862734375 0.186928265625 0.5739386859375 0.1911463140625 0.5719994859375 0.191590171875 0.5644485234375 0.188580659375 0.5587573156250001 0.185377015625 0.5552415140625
0 0.15452635625 0.5439373453125 0.15000844687499998 0.5430212203125 0.144934571875 0.5418164765625 0.14352552031250002 0.5488134484375 0.141839396875 0.5537609406249999 0.145948078125 0.5544116921875 0.1458824625 0.5624236812500001 0.1509235296875 0.56763441875 0.1579068265625 0.5653309515625 0.1585265890625 0.5614179218750001 0.15737090468749998 0.555418653125 0.1554961109375 0.5511105234375 0.15452635625 0.5439373453125
0 0.1222174125 0.5133490515625 0.1174616203125 0.5091862953125 0.114971625 0.5154103828125 0.1119356875 0.5165340140625 0.1082818046875 0.51776033125 0.1107663375 0.5229672734374999 0.11338484687499999 0.5225797640625001 0.11393079218749999 0.5276802218750001 0.1193090875 0.5383594781250001 0.1228700046875 0.537720115625 0.1261164796875 0.5324180796875 0.12645096718749999 0.52745706875 0.1245697921875 0.5203400953124999 0.1222174125 0.5133490515625
0 0.10488587187500001 0.544899684375 0.1011928 0.547323153125 0.0988577453125 0.5525689828125 0.09907102031250001 0.5588201078125 0.10124567343749999 0.5659835625 0.1043253640625 0.5702819703124999 0.10547466718750001 0.5734723953125 0.11269128749999999 0.5677963703125 0.11149184999999999 0.5563750640625 0.1098239515625 0.5555092171875 0.1093937578125 0.5506276515625 0.10764109687500001 0.5493472609375 0.10488587187500001 0.544899684375
0 0.13267780625 0.5565216390625001 0.13187575468749999 0.553987890625 0.1282318953125 0.5504023671875 0.12506380156250002 0.5533101031250001 0.12313979531250001 0.555010965625 0.12133974218750002 0.5559292218749999 0.1223778546875 0.565519940625 0.12578839375 0.5724780234375 0.128783321875 0.576361884375 0.1316005234375 0.5804181578125001 0.13595893125 0.5756933531249999 0.13716746875000002 0.5680629453125 0.1325812015625 0.564729278125 0.1315786375 0.56156209375 0.132097234375 0.5592375171875 0.13267780625 0.5565216390625001
0 0.13443230781249998 0.5862817765624999 0.134489725 0.5792712843750001 0.1300501953125 0.5759608593750001 0.1271919828125 0.5769120796875 0.12453884374999999 0.5851159234375001 0.12364018750000001 0.5907898171875 0.123104165625 0.5967964078125 0.129188009375 0.6022981609375 0.13324655624999998 0.59471803125 0.13443230781249998 0.5862817765624999
0 0.096908253125 0.6076146453125 0.0946661625 0.6122735234375 0.09827721406249999 0.6198650406249999 0.104322665625 0.6244326171875 0.10973740937500001 0.6234851921875 0.1136164109375 0.6198878156250001 0.11258467968750001 0.6131059421875 0.1081679375 0.6106013609375001 0.10585930937500002 0.609032353125 0.10267025 0.6073239 0.096908253125 0.6076146453125
0 0.11493705781250001 0.6200969859375001 0.11895823750000001 0.6099036640625 0.11973658125 0.5973916890625001 0.1131087359375 0.599350334375 0.10953141562499999 0.6019926953125 0.110222278125 0.6109267375 0.11493705781250001 0.6200969859375001
0 0.11076460156250001 0.65593796875 0.1079246125 0.6510758484375 0.105250509375 0.654663503125 0.1041905296875 0.6585068093750001 0.105559490625 0.670757203125 0.109850459375 0.67785473125 0.1113388125 0.6827033328125001 0.11374860625000001 0.6826838875 0.118745921875 0.6824725875000001 0.12156220312499999 0.6722889859375 0.11721745937500001 0.6645812624999999 0.1172502671875 0.6605752687499999 0.11426354218749998 0.655689909375 0.11076460156250001 0.65593796875
0 0.0839424421875 0.68377928125 0.08648075 0.68959641875 0.095076353125 0.6913589453125 0.10177255468749999 0.6918178421875 0.10337847656250002 0.69307499375 0.10838763437500001 0.6842415078124999 0.10724015312499999 0.6772407406250001 0.099671721875 0.6756408984375 0.09346950937500001 0.6758619218749999 0.0869346296875 0.6772336140624999 0.0839424421875 0.68377928125
0 0.0983547359375 0.7001011328125 0.099723696875 0.7123515265625 0.1044402984375 0.7177114328124999 0.11148374999999999 0.71882700625 0.11125315 0.7003390046875 0.11070720625 0.695238546875 0.1043746609375 0.6934333328125 0.099592440625 0.6960854140625 0.0983547359375 0.7001011328125
0 0.12090509062499999 0.7058789125 0.11710354999999999 0.692842115625 0.111690625 0.689979196875 0.10866745 0.6967205171875 0.11403754375 0.7084012703125 0.12090509062499999 0.7058789125
0 0.0889725859375 0.711852075 0.0849240609375 0.7146203640625 0.085269490625 0.7190873843750001 0.089746390625 0.725011003125 0.0942169078125 0.728125778125 0.10252267343749999 0.7222211390625 0.09847960781250001 0.7135583999999999 0.095166596875 0.71263255 0.094095675 0.707047825 0.090264065625 0.708446553125 0.0889725859375 0.711852075
0 0.07204663125 0.7512887687500001 0.0751882984375 0.7551958734374999 0.0824614328125 0.760559575 0.0863696015625 0.7605768890625 0.08836742812500001 0.7498625390625 0.083634421875 0.74650563125 0.08145794843750001 0.74315251875 0.07733468437499999 0.7406944203125 0.074429078125 0.743844290625 0.07204663125 0.7512887687500001
0 0.089999778125 0.7443048515624999 0.08561402343749999 0.7416046203125 0.08470260156250001 0.7416608250000001 0.0848766890625 0.7491091 0.08648899374999999 0.753175096875 0.095522990625 0.758817690625 0.10244249218749998 0.7607158703125 0.1085389765625 0.7554641125 0.10338397968749999 0.7462241406250001 0.09840945 0.7472412890625 0.0953443453125 0.744750228125 0.0924259765625 0.7422824078125 0.089999778125 0.7443048515624999
0 0.0758117234375 0.7759522453125001 0.0772153125 0.780386303125 0.08401906406250001 0.782065590625 0.08677518906250001 0.76846295 0.08643978125 0.7591840875 0.080338734375 0.7578166578125 0.07703028437500001 0.763509996875 0.0758117234375 0.7759522453125001
0 0.09465532343750001 0.7642959328125001 0.090284153125 0.7634030484375 0.0879099078125 0.769846028125 0.0880493640625 0.7851106406249999 0.09065146874999999 0.78672613125 0.0901037046875 0.785436015625 0.0955066078125 0.7931107749999999 0.103124253125 0.7887016265625 0.10154657656249999 0.7768192921875 0.0981961953125 0.773280253125 0.1003781296875 0.7652023359375 0.09465532343750001 0.7642959328125001
0 0.0592355515625 0.7924013515625 0.057359965624999995 0.7906712109375 0.055767970312500005 0.7939366140625 0.05586743281249999 0.7957762828125 0.052170135937499994 0.795060409375 0.050633201562499994 0.79859509375 0.05045618281249999 0.8015634875 0.0551871828125 0.8019219640624999 0.056866803125 0.804272465625 0.059632225000000004 0.8022351515624999 0.061022929687500005 0.8002406640625 0.06353614375 0.8010295562499999 0.0673583625 0.802807453125 0.0706003765625 0.8008456234375 0.0719253625 0.7998829656249999 0.071341015625 0.79431866875 0.069762040625 0.7913327109375 0.0641518609375 0.793440578125 0.060649346874999996 0.7945794703125 0.0596411015625 0.7941592203125001 0.0592355515625 0.7924013515625
0 0.08086874375 0.8149788203125 0.078019840625 0.813224803125 0.075831659375 0.8147021437499999 0.0768227390625 0.8195491828125 0.07537164843750001 0.8219249468750001 0.0751999578125 0.8242427875 0.0788919265625 0.8256092140625 0.081058796875 0.826734090625 0.08395704375 0.8284353640625 0.088259790625 0.823835946875 0.0854641671875 0.8155763859375 0.08086874375 0.8149788203125
0 0.053302134375 0.819992834375 0.048861235937500004 0.82150421875 0.047462840625 0.8290995140625 0.052759240625 0.832674253125 0.053575667187499995 0.835539434375 0.0564849578125 0.8369121796875 0.060093446875 0.8344872750000001 0.062188090625000005 0.8397696609375 0.0668077890625 0.8420647046875 0.07135347812500001 0.841742434375 0.07466002656250001 0.8412239046875 0.07294487656250001 0.8292270828125 0.0627215109375 0.825914225 0.062537384375 0.82275835 0.061088659375 0.8201838609375001 0.05722914375 0.8229598453125 0.053302134375 0.819992834375
0 0.06259660312500001 0.845827228125 0.0629755125 0.8508378671875001 0.060902776562500004 0.8522032140625001 0.058783275 0.8569484234375 0.060793256250000004 0.8609146046875 0.06822810625 0.8620921687499999 0.0798350671875 0.85728626875 0.0790600828125 0.851691778125 0.069969884375 0.8498611921875 0.0670404640625 0.8486155406250001 0.067242940625 0.8448695 0.06435377812500001 0.8433696640624999 0.06259660312500001 0.845827228125
0 0.09683846093750001 0.8590583859375001 0.0960357375 0.8578751 0.0934083890625 0.8590431890625 0.0931900125 0.86208903125 0.09093103125 0.8655157703125 0.0890528109375 0.8665384749999999 0.0891328046875 0.8693675359374999 0.0902710984375 0.870515959375 0.09578056874999999 0.8669879593750001 0.095938553125 0.8697413624999999 0.09696165625 0.8707835296875001 0.0990058609375 0.8699631390624999 0.0994710140625 0.8682765671875 0.113219690625 0.8585724875 0.1117590265625 0.8511241359374999 0.10770581406249999 0.8500421093750001 0.1029146765625 0.8540359296875 0.0995302015625 0.8579004953125 0.0972004265625 0.8605239125 0.09683846093750001 0.8590583859375001
0 0.135555734375 0.86312695625 0.1371273875 0.8608674125 0.1391553875 0.86224055625 0.13894541875 0.8647157703125 0.140786615625 0.8657356515625001 0.142760190625 0.863620684375 0.14295765625 0.8612244078125 0.1423854765625 0.8587062328125 0.14466683593750002 0.85809654375 0.1465701734375 0.852976471875 0.1463697625 0.84849421875 0.147365190625 0.8456579 0.1418007828125 0.8432391359375 0.13810258749999998 0.8547102359375 0.13604149375000002 0.857377771875 0.1336843828125 0.8599984218750001 0.133592821875 0.8624923890625 0.135555734375 0.86312695625
0 0.14715045 0.86463970625 0.1544291875 0.8661971375 0.1568727109375 0.8588159890625 0.15416405 0.8536937140624999 0.14986130625 0.8521221234375 0.145686534375 0.8566396812500001 0.14406009375 0.8626937109374999 0.14715045 0.86463970625
0 0.2168598015625 0.5253722234375 0.21309590156249997 0.526770353125 0.2115891 0.5248523109375001 0.208642753125 0.5240707703124999 0.207678290625 0.5291661000000001 0.20685119843750002 0.5343881515625 0.20686885 0.5397439937499999 0.2091631578125 0.5431512671875 0.21250206249999998 0.5429453640624999 0.2153301140625 0.5375154265625001 0.21394541875 0.5338323765624999 0.213910596875 0.5305730484375 0.2141333484375 0.5296636734375 0.21615481875000003 0.5288292640625001 0.2168598015625 0.5253722234375
0 0.1594464171875 0.6159924734375 0.15860406093749999 0.6193227953125 0.16133194687500002 0.62048958125 0.16315451406249998 0.62140801875 0.1632942734375 0.6249988515625 0.1623307625 0.6281000609375 0.1655604375 0.6280867828125001 0.167231321875 0.6249926484375 0.16771689218750002 0.6239149765625001 0.1703937390625 0.6219248281249999 0.1738623859375 0.6208997828125 0.1793024125 0.61388926875 0.17586237968750001 0.6057871765625 0.17087310312499998 0.6084606890625001 0.165562815625 0.6146520578125 0.16336629375 0.6180827859375 0.162247759375 0.61570143125 0.1594464171875 0.6159924734375
0 0.1454454453125 0.6392806359375001 0.146675115625 0.637481125 0.14984850624999999 0.6368291625 0.15091505 0.6380477015625 0.15223773125 0.6361579609375 0.150856378125 0.6339449015625 0.15079770625 0.6298421015625 0.152109415625 0.6255365015625001 0.151367221875 0.6222700984375 0.150118946875 0.620707890625 0.14402210625 0.62341590625 0.1421957296875 0.63047395625 0.1441938296875 0.636248434375 0.14206217968749998 0.6392695890625 0.14309628593749998 0.6406929156250001 0.1454454453125 0.6392806359375001
0 0.35621809843749996 0.58194340625 0.3559740828125 0.587721896875 0.3575757953125 0.589616315625 0.3601040953125 0.587779396875 0.36363151562499996 0.5866973546875001 0.37529084375 0.5773572046875 0.37005054375 0.5687710375 0.3604538484375 0.577095459375 0.3581838 0.5794207515625 0.3569847203125 0.5763968453125 0.35282556249999997 0.5772296734375 0.35621809843749996 0.58194340625
0 0.337916128125 0.7165677984375 0.334187390625 0.7182145859375 0.333115071875 0.7263975625 0.3357098015625 0.7297916765625 0.3348360890625 0.7430774625 0.3426812828125 0.7458115921874999 0.346520503125 0.7413483140625 0.3473433765625 0.7262645875 0.3434743265625 0.7210279093749999 0.337916128125 0.7165677984375
0 0.2970186734375 0.7628920046875 0.2982150484375 0.7715834640625 0.302677196875 0.7737817734375 0.306422878125 0.7727343 0.31152896406249997 0.77369218125 0.3181120375 0.7730941062500001 0.317513509375 0.763453234375 0.3083865421875 0.7624551375 0.30682956875 0.76310348125 0.30665875468750003 0.759944121875 0.3020230828125 0.7602540046875 0.2970186734375 0.7628920046875
0 0.327804340625 0.8171390796875 0.331514775 0.8177267562500001 0.33448840625 0.8095466015625 0.32746541875 0.8051528078124999 0.3223545875 0.8021059703125 0.3192297953125 0.8020585234375 0.31979917812499997 0.8125897249999999 0.327804340625 0.8171390796875
0 0.2758894421875 0.8397921546875 0.2733441953125 0.8410297578125 0.2739223859375 0.8451485859375 0.27257012187499996 0.8501549171875 0.27584268125 0.8535072296875 0.2850957234375 0.8551219265625001 0.2947757953125 0.8526278484375001 0.29394884375 0.8521985578125 0.295563425 0.8391792718750001 0.2913364828125 0.8376148453125 0.2872464640625 0.8380111515625 0.2826846765625 0.83997346875 0.2799842078125 0.841484803125 0.2758894421875 0.8397921546875
0 0.2642429828125 0.8342186015624999 0.26157776093749996 0.8340947859375 0.258457715625 0.8361362953125001 0.257535871875 0.8419565859375 0.259140975 0.8487737375 0.26509570312499997 0.852849178125 0.26839605624999996 0.8581449390625 0.271559484375 0.86147996875 0.2767679171875 0.852609671875 0.27109719375 0.8432095437499999 0.2689728765625 0.8410831968749999 0.269181646875 0.8369398562500001 0.2664072921875 0.8367987546875 0.2642429828125 0.8342186015624999
0 0.26520551875 0.8634567484375 0.2656549265625 0.8726265296875001 0.2758345578125 0.8705098890625 0.28081321406250004 0.87368495 0.284403671875 0.8729112062500001 0.28811546093749996 0.8706651046875 0.28565696875 0.8586414390625 0.27829168125 0.8613529859375 0.2735007875 0.8619365984374999 0.272979534375 0.8588708921875 0.2695673453125 0.8592253984375 0.26520551875 0.8634567484375
0 0.2646842828125 0.8844053890625 0.2666709921875 0.87398071875 0.257854471875 0.8724351609375001 0.2543656875 0.8768047875 0.2570803953125 0.8815603187500001 0.262776871875 0.8851473859375 0.2646842828125 0.8844053890625
0 0.2214984359375 0.8632463109374999 0.22285205624999999 0.8554062015625 0.217102034375 0.8556887468750001 0.21079280625000002 0.8602082875000001 0.21196138750000001 0.8669563 0.21836009218750002 0.8675222828125 0.2214984359375 0.8632463109374999
0 0.1917804046875 0.8947846890625 0.1932377390625 0.898296971875 0.19463813593749998 0.900756134375 0.19831603281250001 0.8973114046875 0.1994208921875 0.89316083125 0.20448698593749998 0.8936649078125001 0.2077683515625 0.8906048468750001 0.2087627265625 0.8892707671875 0.2085214203125 0.8893817046875 0.20484283749999999 0.882236146875 0.19790187343750001 0.8865064734375 0.19523529687500002 0.8892164359375 0.19408230625 0.8859015140625001 0.19049659375 0.8887642140625 0.1917804046875 0.8947846890625
0 0.218186584375 0.8940448218749999 0.22098127500000003 0.8997079671874999 0.2237617296875 0.8991042468750001 0.225343103125 0.8954766187500001 0.23070269375 0.8948339203125 0.23638493125 0.8921541203125001 0.23551188750000002 0.89201584375 0.2329246109375 0.8850431328124999 0.2271684890625 0.8860704984375 0.22330757812500002 0.8878455093750001 0.2219532734375 0.8850953328125 0.21983845 0.8871468953124999 0.218186584375 0.8940448218749999
0 0.2248808109375 0.87720619375 0.2268959984375 0.87931525625 0.22491809687500003 0.8833275531250001 0.22683635156249998 0.8839296890625 0.23007772656249997 0.880415821875 0.23465510625000002 0.881886596875 0.2381825265625 0.8808045515625 0.24037733593750002 0.8796606015625 0.24014619218750002 0.8705253890625 0.23293748124999997 0.870129428125 0.22835264687499998 0.872237253125 0.22682617500000002 0.8691614921875 0.2242917734375 0.8717432328125 0.2248808109375 0.87720619375
0 0.26510868906249996 0.902611584375 0.26563083593750003 0.9050260343750001 0.2638024171875 0.9081938624999999 0.264278159375 0.9105205578125 0.2661979296875 0.910583403125 0.26814473437499997 0.9059066265625001 0.2715410546875 0.9069269828125 0.27374583124999996 0.9067133484375001 0.278402390625 0.9077724953124999 0.2796505640625 0.9006533156250001 0.27267887968750004 0.8974585749999999 0.26766460625 0.89980019375 0.26484414375 0.89895145 0.2638773171875 0.9004868281249999 0.26510868906249996 0.902611584375
0 0.2666060609375 0.8923960703124999 0.2655456953125 0.8952835218749999 0.2675509671875 0.8978524718750001 0.268497334375 0.90025370625 0.28224557968749997 0.9002602749999999 0.2815009046875 0.8904937078125 0.27698940781250003 0.8904223984374999 0.2713430046875 0.893709165625 0.2694846203125 0.894781715625 0.2691696515625 0.8929629140625 0.2666060609375 0.8923960703124999
0 0.3126242703125 0.8852730281250001 0.3108802 0.8841420390625 0.3095112484375 0.88526840625 0.308654475 0.8872085437499999 0.3074930546875 0.8870245921875 0.30716622031249996 0.8919792546875 0.309338121875 0.893300115625 0.3108757671875 0.8934215453125001 0.31180579218750004 0.8956446843749999 0.3134943703125 0.89481315625 0.3146191625 0.8929154703125001 0.3261212546875 0.8931498187500001 0.326031915625 0.89313566875 0.3269436203125 0.8844882890625 0.3224916078125 0.8819515390625 0.316368775 0.882447075 0.31463746875 0.884126590625 0.313376721875 0.8851479890625 0.3126242703125 0.8852730281250001
0 0.3130032875 0.9088999093749999 0.311131034375 0.9103128859374999 0.3120510703125 0.913755521875 0.31476400781249997 0.9145515328125 0.312377359375 0.9197904937500001 0.31237625 0.9221103703125 0.31372023437499996 0.92403275 0.31721059218750003 0.921654975 0.3199773515625 0.9180636203124999 0.323175828125 0.9163722671875 0.32700356875000003 0.9164900890625001 0.3305693953125 0.9136358359375001 0.3326669390625 0.913113296875 0.331646465625 0.9131958859375 0.3295444765625 0.9033385375 0.325242290625 0.90216870625 0.3202181734375 0.9061351765625 0.3188758578125 0.9105626812500001 0.316059709375 0.909261890625 0.3130032875 0.9088999093749999
0 0.3332057546875 0.9172282031250001 0.33444153125 0.9192555515624999 0.335144046875 0.9252280031250001 0.33691586406249996 0.9273402515625 0.3403834671875 0.9233714687499999 0.34160259375 0.920878184375 0.3522362578125 0.9179222859375 0.3489112546875 0.90884809375 0.3412774140625 0.9125233343750001 0.337471315625 0.916316396875 0.3366872328125 0.91375005 0.3338938359375 0.9140402671875 0.3332057546875 0.9172282031250001
0 0.35824478125 0.920461346875 0.358323025 0.924014871875 0.3593473828125 0.9256424109375001 0.36085895 0.9311324640624999 0.36332661875 0.9334770328124999 0.36589583124999997 0.9299765000000001 0.36652231875 0.9277556718750001 0.370303446875 0.9270113562500001 0.3775782578125 0.916929634375 0.37268565 0.9113925078125 0.36691906875 0.9142645203124999 0.3632944265625 0.9221158890625001 0.361747903125 0.9208940796875 0.36016863906249996 0.919300759375 0.35824478125 0.920461346875
0 0.3754496421875 0.9234305453125 0.3759457328125 0.9283934390624999 0.377341321875 0.93056820625 0.3807473328125 0.9275665328124999 0.3829303328125 0.92534801875 0.3936960625 0.9215582812499999 0.39216784374999997 0.9115475921874999 0.38136438125 0.9155755687499999 0.3781509234375 0.9190961734374999 0.3755839265625 0.9179569515624999 0.373899234375 0.9204986078124999 0.3754496421875 0.9234305453125
0 0.3883572890625 0.885301371875 0.38678968125 0.8888384359374999 0.388246865625 0.890046096875 0.3905758046875 0.8874843703125 0.4016323046875 0.8853280921875 0.401453625 0.885299790625 0.4003193921875 0.8774273421875 0.39154799375 0.8801897625 0.3901246578125 0.8770337343750001 0.3877729671875 0.8780044515625001 0.38773801093750004 0.8822726953125001 0.3883572890625 0.885301371875
0 0.3978850359375 0.9037834359374999 0.399374959375 0.90536260625 0.398522071875 0.90901286875 0.3990669890625 0.9101981484375001 0.4032809453125 0.909033953125 0.41330199375000004 0.9087895093749999 0.414397371875 0.8995606828125 0.40992759999999995 0.8948231765625 0.40443791874999996 0.8988380171875001 0.40028555624999995 0.8990351046875 0.397882259375 0.89975343125 0.3978850359375 0.9037834359374999
0 0.394703221875 0.9296548203125001 0.3948758 0.9326127468750001 0.3974577765625 0.9319227187499999 0.3997073640625 0.928127346875 0.41002528437499997 0.9265867359375 0.40993594375000003 0.9265725859374999 0.40954528437500004 0.9174747171875 0.398940478125 0.919091996875 0.394942934375 0.920046253125 0.3931172953125 0.9223213687499999 0.3950200703125 0.92591965625 0.394703221875 0.9296548203125001
0 0.4245961421875 0.8270178906250001 0.42373797343749997 0.8222910234375 0.4184519765625 0.821606834375 0.4181480765625 0.828598153125 0.41670852812500003 0.8318898765625 0.418651575 0.8355643203125 0.4202775015625 0.8368930609375 0.41865992343749997 0.8427581249999999 0.4198699859375 0.8510604515625 0.4218853546875 0.8513796546875 0.42872425312500007 0.845882471875 0.4260774234375 0.8350571109375 0.424640653125 0.8325340765625 0.42666853906249996 0.8313249468749999 0.4265530953125 0.8262566203124999 0.4245961421875 0.8270178906250001
0 0.4249326921875 0.764022196875 0.4242595140625 0.7668231750000001 0.419574371875 0.7666932484375 0.41782257500000003 0.7697824843750001 0.41881148437500004 0.7722345859375 0.4216516390625 0.7731435156249999 0.4220271765625 0.7765696890625 0.42387216250000004 0.7757906859375 0.4254932203125 0.774976215625 0.4292624765625 0.780164153125 0.4375131109375 0.780246671875 0.437889334375 0.7699001156249999 0.4316492 0.7679935859375 0.426798546875 0.7689086640625 0.42711218593750006 0.766203771875 0.42672413125 0.7643059328125 0.4249326921875 0.764022196875
0 0.40274825937500003 0.64466364375 0.40679290312500005 0.6408663359375 0.4090349796875 0.6354062484375 0.41821818125 0.6201802859375001 0.41690728281249995 0.613239271875 0.4136603 0.612725 0.4064931546875 0.614497434375 0.4017502984375 0.6241523859375 0.3996883421875 0.6349971062499999 0.39725710625 0.6416514890625 0.4016772875 0.64128035625 0.40274825937500003 0.64466364375
0 0.4561713515625 0.55756300625 0.4568070046875 0.5549679937499999 0.4590801046875 0.55338113125 0.46118510781250005 0.5535647703125 0.462749734375 0.5500685703125 0.45975726874999995 0.548396525 0.45743924687500004 0.5474303468749999 0.4561026078125 0.544522953125 0.4549109265625 0.5399911546875 0.4528365484375 0.536068353125 0.449537146875 0.537043384375 0.4474478015625 0.5403067171875 0.44718578437499995 0.5455068359374999 0.45167550624999997 0.5519088375 0.45417728281249997 0.5545514875 0.45207092031249996 0.5572130828125 0.45389212656250005 0.559897703125 0.4561713515625 0.55756300625
0 0.43499870312500005 0.35368025 0.4351566015625 0.3611932859375 0.43963543281249995 0.3662457171875 0.4424489078125 0.36833869375 0.445214059375 0.362935990625 0.4423862859375 0.354550809375 0.44106801874999996 0.34939991875 0.43980828125000004 0.342461171875 0.435973271875 0.341853765625 0.43442089375000004 0.3438543015625 0.43499870312500005 0.35368025
0 0.48021637031250003 0.266043615625 0.47257289687500004 0.26962534531250004 0.47226936718749996 0.2772150578125 0.479439165625 0.275205671875 0.485610571875 0.274535759375 0.4889405953125 0.2698215671875 0.4872936140625 0.2646186140625 0.48021637031250003 0.266043615625
0 0.49803300000000006 0.2634741140625 0.49610698906249995 0.26286954375 0.493667146875 0.26338167343749996 0.4916227203125 0.26919805 0.4873432984375 0.2692690578125 0.482976084375 0.27202185 0.484911628125 0.27682122656249997 0.48758014375 0.280538609375 0.495218853125 0.274859478125 0.49845496093749997 0.27357490156250003 0.4983127203125 0.2695088375 0.5019700984375 0.26769194218750003 0.501412709375 0.26341036562500003 0.49803300000000006 0.2634741140625
0 0.507257446875 0.2704762625 0.5041091296875 0.26907905468750004 0.502953525 0.2735386015625 0.49911715624999997 0.2757764296875 0.49286884999999997 0.2804776953125 0.492693265625 0.2858412640625 0.49544344999999995 0.2876246953125 0.5020898890625001 0.28253720625 0.5053491359375 0.28110653281250003 0.5069927109375 0.28136685 0.5091623640625 0.27901480156249997 0.5073241453125 0.2757284453125 0.5062747062499999 0.275262709375 0.507257446875 0.2704762625
0 0.477188578125 0.36245911875000003 0.47372243750000004 0.36235941718750003 0.46859094062500006 0.3593002609375 0.465539946875 0.359416071875 0.46249372031249997 0.3616292859375 0.46347102187500006 0.368223778125 0.46840174843750004 0.369004728125 0.4738803359375 0.3698724515625 0.4769265625 0.3676592359375 0.4754218234375 0.36652234687499996 0.477188578125 0.36245911875000003
0 0.48087864375 0.38880237812499996 0.48558069687499994 0.3853538140625 0.48760062499999995 0.38252876874999997 0.48311090468750006 0.37612676562499997 0.4758778125 0.3778266078125 0.4690135875 0.3800341515625 0.46574209218749996 0.3829604890625 0.4657625125 0.3885048625 0.4672706578125 0.39458439218749997 0.47125675312500004 0.392819559375 0.47276897656249994 0.39036338125 0.48087864375 0.38880237812499996
0 0.527113784375 0.33232732187499997 0.5295502187500001 0.3268725546875 0.5319022703125 0.329042209375 0.53461978125 0.32677693125 0.5311720140625 0.3244337328125 0.53126593125 0.321004115625 0.5319369703125 0.31676734375 0.529793175 0.313282828125 0.526614234375 0.3156247828125 0.5261160609375 0.32018845625000003 0.5155402703124999 0.3257571328125 0.5155087125 0.33468255468749997 0.5187482265625001 0.3383406125 0.527113784375 0.33232732187499997
0 0.5790718703125 0.3326193671875 0.5784437015624999 0.3316213125 0.5808216109375001 0.3279544015625 0.5775541921875 0.3223450359375 0.575811934375 0.3234169328125 0.5767592859375 0.3202722484375 0.5729644296874999 0.3201204828125 0.5717856875 0.32472612500000003 0.5581375468750001 0.330052496875 0.5585241171875001 0.3417950453125 0.5636678640625 0.3433585359375 0.57096696875 0.3362777734375 0.5749762031250001 0.3343668453125 0.5778761109375 0.3366232703125 0.5790718703125 0.3326193671875
0 0.56082509375 0.2939365953125 0.5607862984375 0.29063572031249996 0.5579653390625 0.29213581093749996 0.5571765562500001 0.289315190625 0.5556779406250001 0.28743046875 0.5539819625 0.2882101734375 0.5545516 0.2909960859375 0.551164409375 0.294652903125 0.5492697062499999 0.300942271875 0.5500475984375 0.302413325 0.5540847375 0.3024537015625 0.5559379265625 0.2985539234375 0.5575719703125 0.2946194375 0.56082509375 0.2939365953125
0 0.6138251484375 0.322398890625 0.6167032781249999 0.321956178125 0.6182753890625 0.3148669109375 0.613073115625 0.315091275 0.6119835218749999 0.314169896875 0.6132473390625 0.312572940625 0.6135311359375 0.3100719609375 0.6097362796875 0.309920196875 0.606649896875 0.31167776875 0.5995583578125 0.3068105671875 0.5949427375 0.31042257812499996 0.5930773 0.3158180234375 0.5973710171875 0.3220392203125 0.6023956609375001 0.3193905515625 0.60707798125 0.3210307234375 0.609314334375 0.32393085625 0.6100826953125 0.3212071015625 0.6138251484375 0.322398890625
0 0.6318098625 0.293947440625 0.6323128015624999 0.29148116874999996 0.6374824046875001 0.28720809687500004 0.6340530125 0.28262139999999997 0.6316009218749999 0.2846291953125 0.6290453828125 0.285871803125 0.6288275999999999 0.282991859375 0.6263074515625 0.28259270625 0.62470879375 0.2848854328125 0.6244712765625 0.287094221875 0.6110422796874999 0.2924553046875 0.6106741 0.30258070625 0.6181773796875001 0.30272078593749996 0.6253546625 0.29711833125 0.6279455875 0.2942339625 0.6293114937500001 0.2962474265625 0.6318098625 0.293947440625
0 0.604346890625 0.3758597921875 0.606538325 0.37620688125 0.6082220546875 0.376922840625 0.6091061125 0.37346860937500004 0.6067649515625 0.3726485234375 0.6061088812500001 0.3696991625 0.6065036078125 0.3643703015625 0.6046885265624999 0.36093785 0.6030449515625 0.3606775328125 0.5989615328125 0.3609293484375 0.5983925812499999 0.3687765421875 0.60007971875 0.3744351359375 0.6005969531249999 0.378261071875 0.6018532859375 0.38025718125 0.6033131078125 0.378841028125 0.604346890625 0.3758597921875
0 0.5698945703125 0.298716428125 0.5683100875 0.298232328125 0.567257471875 0.2932861453125 0.566603759375 0.28968543750000003 0.564003221875 0.2923044328125 0.5634581125 0.2962981265625 0.5541594203125 0.29925510625 0.5545286593750001 0.3063079265625 0.5581648593749999 0.3065341265625 0.5636027375 0.3036650875 0.5666334328125 0.302746234375 0.5696100953125 0.3021685421875 0.5698945703125 0.298716428125
0 0.55961486875 0.438140771875 0.5614133703124999 0.4416896515625 0.5625030671875 0.44419368906249995 0.5629321671875 0.44810853906250003 0.5648890609375 0.4490013421875 0.56679880625 0.445223784375 0.5774080984375 0.4428241 0.5753871 0.43515994999999996 0.5674217875 0.43797839843749997 0.5647407249999999 0.4400017796875 0.5635297171875 0.437711671875 0.5616040765625 0.4371735375 0.55961486875 0.438140771875
0 0.6080435015625001 0.4227297984375 0.6042319546875 0.42305868750000003 0.6038690734375 0.421485771875 0.6040995140625001 0.41837481875 0.60386748125 0.415423759375 0.60166319375 0.415540925 0.6015805546874999 0.41937472187499997 0.6013501156250001 0.42248567656249997 0.5941381078125 0.427172021875 0.5933037578125 0.43519993437500004 0.59814355 0.43445104375000004 0.6031020015624999 0.4296409125 0.6052808609375 0.42637226874999995 0.6077675046875 0.4272324046875 0.6080435015625001 0.4227297984375
0 0.6171779625 0.40645756562499996 0.6137605500000001 0.408714034375 0.60817858125 0.4124928296875 0.6058037140625 0.41258297656250004 0.6055033453124999 0.411719396875 0.6094033703124999 0.4235280421875 0.6159378249999999 0.41815152187500004 0.6184520171875 0.4177337234375 0.6186739796875 0.4135722765625 0.619443703125 0.409264440625 0.6171779625 0.40645756562499996
0 0.661712384375 0.357672990625 0.6635839906250001 0.3585522859375 0.6651875421875 0.3567079609375 0.6669929265625 0.3552453203125 0.6711731796875 0.35369253437500003 0.670563965625 0.35091488125 0.6648410796875 0.34895931406249997 0.6663868875000001 0.34582354843749996 0.66448879375 0.34400748124999997 0.6622617265625 0.344820471875 0.6617261515624999 0.347649953125 0.6584936203125 0.348187121875 0.648559228125 0.34742967343750003 0.6471591046875 0.35571769531249997 0.65220338125 0.3591977921875 0.6568773609375 0.3578397765625 0.6598948124999999 0.35645253593750004 0.6613002390625 0.355859128125 0.661712384375 0.357672990625
0 0.5516893125 0.47990066875000004 0.553293921875 0.47584163906250004 0.5550442140625 0.4769348640625 0.5566790203124999 0.47544520781250005 0.5561010625 0.473022221875 0.553515884375 0.471680190625 0.5520945625 0.46795790625 0.546812428125 0.4643235625 0.5455214328125 0.469714559375 0.5489091828125 0.47316543437499997 0.550649940625 0.4754228734375 0.5498680312500001 0.477047615625 0.550014775 0.47998516406249997 0.5516893125 0.47990066875000004
0 0.5025068046875 0.4288626 0.50017749375 0.4275610953125 0.496308203125 0.42659854218750004 0.494182321875 0.43174073437500005 0.5000689031250001 0.43873483750000003 0.504589790625 0.44772750937500005 0.5095980453125 0.4514350453125 0.5124798828125 0.45200805624999996 0.51659603125 0.44368392187500005 0.5137295546875 0.4391498859375 0.508963925 0.43501448906249995 0.5067209640625 0.43151178593750006 0.5050702625 0.42868575 0.5025068046875 0.4288626
0 0.552947571875 0.6167444890625 0.5526824578125 0.612622903125 0.54977735625 0.6097150250000001 0.5470066625000001 0.6049926140624999 0.5428260609375 0.6082060874999999 0.5451555234375001 0.6157143296875 0.5466627671875 0.6177888703125001 0.5453492625 0.6212524671875 0.5479178765625 0.621455315625 0.5500637921875 0.6185315203124999 0.552947571875 0.6167444890625
0 0.5034366703125001 0.6627533859375 0.5011581984375 0.663616390625 0.5002692421875 0.6663313093750001 0.49934413125 0.6625131515625 0.49691177656249996 0.65662045 0.4932104171875 0.659705846875 0.4933958140625 0.6662625640625001 0.4923344421875 0.6681342578125 0.491405628125 0.6720667421875001 0.49255135625 0.674491984375 0.49471210625 0.6734063546875 0.49508660156250006 0.6787691437500001 0.49721213124999997 0.6856331453125 0.4999726328125 0.69524945625 0.50578005 0.690457828125 0.505211815625 0.6795569015625 0.502466146875 0.6717787578125 0.5034895109375 0.667249309375 0.5034366703125001 0.6627533859375
0 0.4986579421875 0.7789796203125 0.4985001546875 0.7843799046875 0.49759146093749995 0.78718113125 0.49582337968749995 0.789536228125 0.4967419390625 0.7910767843750001 0.50001324375 0.7909748750000001 0.505163228125 0.7944256859375 0.5109950828125001 0.795039346875 0.512661025 0.79406314375 0.5128984078125 0.7844902546875 0.5064100359375 0.7836176046875 0.502148321875 0.7826326 0.5012297640625001 0.78109204375 0.5009740578125 0.7790364421875 0.4986579421875 0.7789796203125
0 0.5149454312499999 0.773033875 0.5152124062500001 0.77648633125 0.5184167937499999 0.779008959375 0.5180385265624999 0.7835992828125 0.5197861828125 0.7865112171875001 0.523423078125 0.78336705625 0.528373003125 0.780740875 0.5340048015625001 0.77527754375 0.5375311 0.7662255671875 0.5365470296875 0.7643646203125 0.5294690609375 0.7606084453124999 0.523819653125 0.7654489578125 0.5208970374999999 0.7728914625 0.51876618125 0.772398959375 0.517417928125 0.7706353375 0.5149454312499999 0.773033875
0 0.451713671875 0.9175617687500001 0.45267097500000003 0.9254637828125001 0.45651426875 0.927622578125 0.46136839375000005 0.92560125625 0.4656667375 0.9248869750000001 0.471743025 0.9261593796875 0.4747600328125 0.9210569453125 0.47331386249999996 0.9118374390625 0.4636901390625 0.913878371875 0.46038220625 0.9156795640625001 0.459703146875 0.9126268625 0.45556611562500005 0.9130566765625 0.451713671875 0.9175617687500001
0 0.440731846875 0.9384535625 0.44201318125 0.9428417187499999 0.44356430468749997 0.944792478125 0.441508825 0.9489621500000001 0.4415729265625 0.9522274671875 0.4445040015625 0.9520716734375 0.44732306875 0.9489529890625 0.4522011453125 0.9467804515625 0.45923895937500003 0.9471200921875 0.4598165734375 0.9376010921875 0.4548215625 0.9346398499999999 0.44853465625 0.936899265625 0.44558456562500004 0.939377165625 0.44425392343750003 0.938236365625 0.440731846875 0.9384535625
0 0.49962025781249997 0.913833853125 0.49182872031249997 0.9167850062499999 0.4882284546875 0.9182298828125001 0.48678792812499994 0.9221869375 0.4888405953125 0.9239071187500001 0.4876811296875 0.926823634375 0.488748321875 0.9296277937499999 0.496448990625 0.929452390625 0.5059710203125001 0.9267189531250001 0.5057148687499999 0.9267347484374999 0.50845363125 0.916783 0.49962025781249997 0.913833853125
0 0.516020446875 0.8969004 0.5174454828124999 0.90038126875 0.5185831171874999 0.9056767109375 0.5200560515625 0.90885515 0.52315970625 0.90981174375 0.5246847625 0.9038529750000001 0.5303630546875 0.901032140625 0.5395535578125 0.893652325 0.5355038671875 0.886190571875 0.5297854234375 0.885594875 0.5243741078124999 0.89186816875 0.52111900625 0.8955378218750001 0.5182421734375 0.894617153125 0.516020446875 0.8969004
0 0.4973295140625 0.9356371578125 0.5010593937500001 0.937777990625 0.5001922609375 0.941050821875 0.5001971937499999 0.9432217125 0.50291905625 0.9436528140625 0.5056550015625 0.9395909187499999 0.5165177875 0.930460865625 0.5133880640624999 0.9215947421875 0.5033494453125 0.9299252828125001 0.50121718125 0.9323777062499999 0.49902715156250005 0.930790778125 0.49670469375000004 0.931507990625 0.4973295140625 0.9356371578125
0 0.5015553109375 0.9493271171875 0.5024788015625 0.9530385625 0.5023146765625001 0.95921288125 0.5070025593749999 0.9553051343750001 0.5118292078125 0.948319209375 0.5208217734375 0.942923146875 0.5174891781250001 0.9338698828125 0.506682040625 0.9389785453125 0.5029542765625 0.9448984546875 0.500471915625 0.9429552093750001 0.498584084375 0.946066378125 0.5015553109375 0.9493271171875
0 0.502199859375 0.9621398453125 0.5066820562500001 0.9639348109375 0.5129527578124999 0.9581076484375 0.5157415359375 0.9559142140624999 0.5144151156250001 0.9459386343749999 0.5059783343750001 0.9500276546875 0.5034593453125 0.9497836921875 0.499315975 0.9509875421875 0.4995273046875 0.958461390625 0.502199859375 0.9621398453125
0 0.5186183718749999 0.9568348828125 0.5213867249999999 0.95990848125 0.5213310796874999 0.9639298703125 0.5234013578125001 0.966272871875 0.5255047390625001 0.9618007734375 0.5292726562500001 0.9592973953125 0.5334110953125 0.9559226546874999 0.5361759234375 0.9538804359374999 0.536116753125 0.9527860078125 0.5330638109375 0.9456371328125 0.52654374375 0.9486346593749999 0.5220826828125 0.9525783328124999 0.5200891875 0.951952578125 0.5175399078125 0.9526338671874999 0.5186183718749999 0.9568348828125
0 0.5377397265625 0.9542831250000001 0.5384779562500001 0.958430253125 0.5387498640625 0.9640536015625001 0.543316590625 0.9638468515625 0.5448881375 0.9605305812499999 0.5512468953125 0.9578175203124999 0.5558741984375 0.9557602734374999 0.5542906671875001 0.9466740187499999 0.545932075 0.949535359375 0.5419373359375 0.9520028125 0.5406369843750001 0.9499367624999999 0.5385652999999999 0.9505386859374999 0.5377397265625 0.9542831250000001
0 0.5653823765625 0.9206843687499999 0.565316865625 0.920363978125 0.562335775 0.9127614578125 0.552932534375 0.91561235 0.5489124375000001 0.92117594375 0.55106443125 0.927407084375 0.56176943125 0.9236773156250001 0.5653823765625 0.9206843687499999
0 0.5581614171875 0.928841153125 0.5570195640625 0.9323804890625 0.551770965625 0.9354243890625 0.5521020437499999 0.9421421640625001 0.554459725 0.9426705906249999 0.5587404546875 0.941333490625 0.5607579031250001 0.9418080312500001 0.5631698203125 0.9412599937499999 0.5640545640625 0.93860998125 0.576676278125 0.9337887203124999 0.5738642421875 0.9221827734374999 0.5685628125 0.9233582109375 0.5627218046875 0.9294084390625 0.5607332406250001 0.930953575 0.5600302312500001 0.9280520875 0.5581614171875 0.928841153125
0 0.595706021875 0.8730945109375 0.5945528953125 0.8752369921875 0.596258990625 0.8776773203125 0.5939654156249999 0.8804142109375 0.5909801046875 0.8816464703125 0.5925601109375 0.8856169062499999 0.5949656890624999 0.8858429062500001 0.5962258890625 0.8844924234375 0.5973297078125 0.8855972984375 0.5996937250000001 0.8853516890625001 0.6005784703125 0.882701678125 0.6073077484375 0.87911725625 0.613704540625 0.8717599843749999 0.61405251875 0.8680949124999999 0.6079536875 0.8640287953125 0.6036236484375 0.8686132515624999 0.5999853468749999 0.8747023359374999 0.5983673046875 0.8753761109375 0.597496646875 0.8735331265624999 0.595706021875 0.8730945109375
0 0.5886492046875 0.9000332406249999 0.592128315625 0.902289365625 0.5928855625 0.9041143875 0.6003016453125001 0.8998637046875 0.6038504875 0.8936054406249999 0.599631740625 0.890147115625 0.5943753953125 0.8969099765624999 0.5918852875 0.8986856921875 0.5912111624999999 0.8978038828124999 0.5892416171875 0.8970269140625 0.5886492046875 0.9000332406249999
0 0.580538571875 0.9086691437500001 0.58543144375 0.9130092796874999 0.5834957109375 0.9164228796874999 0.5855836015625 0.9193887015625 0.589602290625 0.916770034375 0.607454990625 0.9082820515625001 0.6027389203125 0.896219528125 0.590700465625 0.9046983484375 0.5864373453125 0.90665826875 0.5857822374999999 0.9034543546875 0.5808576671875 0.9029843953125001 0.580538571875 0.9086691437500001
0 0.5774236609375001 0.9312719609375 0.5756893937500001 0.9378176234375 0.5784640875 0.9401171875 0.583063915625 0.9330953359375 0.5897741765625 0.9318330187500001 0.59610264375 0.930045209375 0.599846609375 0.9276930468750001 0.5985927515625 0.92826949375 0.597355790625 0.9184630921875 0.584454425 0.9213799671875 0.5802807640625 0.923509065625 0.5776962640625001 0.9229447140625 0.5749236890625 0.9287058937499999 0.5774236609375001 0.9312719609375
0 0.5825454734375 0.9437087640625 0.5934836328124999 0.9392408859374999 0.6025804546875 0.9405266718749999 0.601731628125 0.9304717296874999 0.5875792171875001 0.9280751984375 0.5827793296875 0.9290200578125001 0.5830688484375 0.9352662265625 0.5814191109375 0.939810178125 0.5825454734375 0.9437087640625
0 0.5807041359375 0.9494624296874999 0.579436190625 0.954531875 0.583059 0.9558807093749999 0.5884512984375 0.9519295234375 0.6003545109374999 0.951644696875 0.5963365171875 0.9403127687499999 0.58785958125 0.9409852546874999 0.5823602125 0.9441444453125 0.579119196875 0.943321103125 0.5785796171875 0.9481958921875 0.5807041359375 0.9494624296874999
0 0.6048895390625 0.955308125 0.60608634375 0.9616979921875 0.6101177125 0.95753125625 0.6144174609374999 0.95387205 0.6160566234375 0.9339806484375 0.608790578125 0.9365500078125001 0.604535915625 0.9457966375 0.601138521875 0.9474286515625 0.601816171875 0.95342628125 0.6048895390625 0.955308125
0 0.63233145 0.9545392359375 0.63053236875 0.9468139140625 0.6290481625 0.9422386203125 0.6320954609375 0.9362109343749999 0.632709703125 0.9249926484375001 0.62537955625 0.9242966906250001 0.6229958234375 0.940815 0.6197393156250001 0.9474295796875 0.6202859453125 0.952786425 0.624184884375 0.9509238312500001 0.628588890625 0.9539464734375 0.63233145 0.9545392359375
0 0.6516063562500001 0.9304657093750001 0.64995590625 0.924003990625 0.6527024140625 0.91033328125 0.642816646875 0.911092646875 0.643514028125 0.9257738375000001 0.6419840390625 0.929561715625 0.6426743703125 0.9340112734374999 0.6469262203125 0.930654496875 0.6500045171875 0.93470723125 0.6516063562500001 0.9304657093750001
0 0.6465141515624999 0.9560105171875 0.6485780906249999 0.9591275546875 0.651156253125 0.9604659421875 0.65157608125 0.956347225 0.6505567906249999 0.9532406359375001 0.65441205 0.9428456921875 0.65290389375 0.9384216109375 0.6471967203125 0.9392227703125 0.6460372546875 0.9421392859375001 0.6452440890625 0.9530192187500001 0.6433640046875 0.952411425 0.6416980624999999 0.9533876296875 0.6420608375 0.956235228125 0.6449376703125 0.9571558984375 0.6465141515624999 0.9560105171875
0 0.6520959484375 0.9677451359375 0.6543817765625 0.9687272078125 0.657588978125 0.9653599828124999 0.66080604375 0.9663345390625 0.6622310796875001 0.9698154062500001 0.6645521296875 0.9720431187499999 0.6661715781249999 0.96842441875 0.665045215625 0.9645258312499999 0.662598075 0.9638282265625 0.6686701265624999 0.948979146875 0.669731675 0.9386067453125 0.6600614578124999 0.9380051796875 0.6573015609375 0.9422182906250001 0.655577159375 0.9531057359374999 0.65568141875 0.9597875874999999 0.65516085625 0.962340271875 0.6525812875 0.9639468093750001 0.6520959484375 0.9677451359375
0 0.6715188046875 0.9838420734375 0.6737327828125 0.9852777890625 0.676483528125 0.9877285656250001 0.6778824953125 0.9832999046875001 0.6763327765625 0.9784042171875 0.6781184703124999 0.9766719421875001 0.6781163515624999 0.9686111984375 0.6772231484375 0.9639745015625 0.6707826781249999 0.9627994234375 0.6691392796875 0.9665693375 0.6690392578125001 0.9760089750000001 0.6695619374999999 0.9815170343749999 0.66728738125 0.98193181875 0.66652731875 0.9859966484375 0.6691054796875 0.9873350359374999 0.6715188046875 0.9838420734375
0 0.681442590625 0.95348223125 0.6845314484375 0.9479261515624999 0.68013378125 0.9441294734375001 0.6821941953125 0.94213069375 0.6812833828125 0.936871175 0.6775457546875 0.9384493031250001 0.6771555046875 0.9306371015625 0.6742145671875 0.9264511140625 0.665360771875 0.9287689984374999 0.669051209375 0.9384989703125 0.67169488125 0.9401577484375 0.671805478125 0.9460655640625 0.674818265625 0.9497979078125001 0.6771646734375001 0.9489294796875001 0.681442590625 0.95348223125
0 0.6881873625 0.9424598859375 0.6928195984375 0.9425735281250001 0.6949377765625 0.9446141000000001 0.6963078609375 0.9381657640625001 0.6926611 0.9369681421875 0.6931013546875 0.9275823937500001 0.6884014890625 0.9190876156250001 0.6863615000000001 0.9158193640625001 0.681667278125 0.920501146875 0.681506678125 0.9317912828124999 0.6851569625 0.938104721875 0.6835311765625 0.9424974578124999 0.6833078796875001 0.9475773500000001 0.6864002625000001 0.9471370875 0.6881873625 0.9424598859375
0 0.69588098125 0.932052846875 0.698335865625 0.929031490625 0.6997735796875 0.9309642874999999 0.701726921875 0.9281735109374999 0.7014437421874999 0.9211533062499999 0.7025376984375 0.9179163984375001 0.7010647624999999 0.9147379609374999 0.6981400296875 0.91411971875 0.6968678484375 0.9030676765625 0.6970686015625 0.895194071875 0.6961627218750001 0.892105446875 0.6898835609375 0.8906459015625 0.6885029171875 0.906703053125 0.69135791875 0.9158356812499999 0.691826359375 0.922420203125 0.6938853671875 0.9233663484375001 0.6950582234375 0.929907434375 0.69588098125 0.932052846875
0 0.6531433453125 0.8620406703124999 0.655751796875 0.8624538078124999 0.657471978125 0.8604011406250001 0.6605629546875 0.86290580625 0.661307525 0.8662788984375001 0.66360603125 0.8657128984375 0.664282971875 0.8607048562499999 0.6630065703125 0.8584875937499999 0.6671703640625 0.8520167109375001 0.670088046875 0.8424033171875 0.668675690625 0.8373743796875001 0.6631601171875 0.836965821875 0.660114228125 0.8400485796874999 0.6583799609375001 0.8465942453125 0.6569957921875 0.8575355796874999 0.6550917562499999 0.8570790015625 0.6530855828125001 0.8580013171875001 0.6531433453125 0.8620406703124999
0 0.665162103125 0.894790815625 0.6677001109375 0.8927126703124999 0.6700803343749999 0.8960348109374999 0.6725154890625 0.8843298890625 0.6730388656249999 0.8758873515625 0.67587201875 0.868275671875 0.6701725921875 0.86535786875 0.666229278125 0.8726387093750001 0.663625759375 0.8743964625 0.6645302328125 0.8804300156249999 0.665636171875 0.8895956343750001 0.6642498828125001 0.892476225 0.665162103125 0.894790815625
0 0.6795673890625 0.8801765343750001 0.682582990625 0.8780190250000001 0.6850251984375 0.8765457375000001 0.6872567875 0.8786042734375 0.6889565453125 0.8818186375 0.690874665625 0.8777822171875 0.6883282000000001 0.8725736562499999 0.6932267000000001 0.8651340843750001 0.6934351999999999 0.85354151875 0.691772071875 0.8486278703125001 0.6856880375000001 0.8510744265625 0.6838403609375 0.857602128125 0.68318455625 0.8683488078125 0.683009159375 0.8731262718749999 0.6802330578125 0.8737716359375 0.678870721875 0.8765010125 0.6795673890625 0.8801765343750001
0 0.7099918171875 0.9090215046875001 0.7121543703125 0.9056438328124999 0.715329875 0.9061467828125 0.7182419296875 0.90831309375 0.7186983875 0.902495090625 0.7156841921875 0.9017076734374999 0.7165414625000001 0.894093059375 0.7151784125 0.885816765625 0.7140231671875 0.879898503125 0.7086033953124999 0.8788850859374999 0.7081455296875 0.8876480156250001 0.7060245375 0.8914972953125 0.70820048125 0.8975772203125001 0.710591975 0.902296215625 0.7085604421875 0.9063146718749999 0.7099918171875 0.9090215046875001
0 0.7031490953125 0.8626754343749999 0.7061393390624999 0.863614065625 0.708867540625 0.8632711328125 0.708434321875 0.85793225 0.7065380328125 0.8537567109375 0.7017564515625 0.8413737953125 0.69557661875 0.8444252078125001 0.6957992187500001 0.8532959124999999 0.6995755921875 0.8580792421875 0.7002962109374999 0.8616035500000001 0.6993156671875 0.8648584203125 0.7021622109375001 0.8667043390625 0.7031490953125 0.8626754343749999
0 0.7093423046875 0.8441253546875 0.710438378125 0.8489491906250001 0.7137589890625 0.8455999265624999 0.7141245796875 0.8425576734375 0.7171260953124999 0.8448931625 0.7211384437499999 0.8430485296875 0.7199592499999999 0.83728148125 0.7161575171875 0.835594290625 0.714597225 0.8153511531250001 0.7159384265625001 0.8068831390625 0.7082919953125 0.8059820796875 0.70601955625 0.8144576078125001 0.7037020328125 0.8173457125000001 0.70255243125 0.8246040109375 0.7045367734375 0.831893653125 0.7084075421875 0.83901705 0.7093423046875 0.8441253546875
0 0.73311911875 0.805574090625 0.7350745796875 0.8108440546875 0.739439840625 0.8075052421875 0.7408465515625 0.79935761875 0.7382923406249999 0.797868015625 0.7356768390624999 0.78722324375 0.7345342718750001 0.7797569109375 0.7277486359374999 0.776357053125 0.723971565625 0.7855243187500001 0.728061409375 0.796402603125 0.7303331531249999 0.801877671875 0.7280219671875 0.803991740625 0.7278578437500001 0.810166059375 0.7309023265625 0.810028228125 0.73311911875 0.805574090625
0 0.7401554953125 0.7589461265625 0.7428069125000001 0.7568859453125001 0.7459936890625001 0.7587857515625 0.748407015625 0.7552927890625 0.74691013125 0.7522655640625 0.744462990625 0.751567959375 0.7436458609375001 0.737642840625 0.7403583499999999 0.7341770000000001 0.7340496125 0.7446483749999999 0.735283046875 0.7493389609375 0.7375273140624999 0.7498494234375 0.737966871875 0.754414271875 0.7361987921875001 0.75676936875 0.7366925890625 0.76025775 0.7401554953125 0.7589461265625
0 0.749325559375 0.7318770781249999 0.749877815625 0.72545421875 0.750039821875 0.71121915625 0.745923215625 0.7063819375 0.7403773515625 0.7068986296875 0.7394404875 0.7186858484374999 0.742253928125 0.7273468703125 0.7402766359374999 0.7302888609375 0.7415706484375 0.733128946875 0.7447123390625 0.7294413296875 0.749325559375 0.7318770781249999
0 0.7248774 0.7137441484375 0.721532125 0.70623895625 0.718166428125 0.7040007953125 0.7160778265625 0.6900293046875 0.7077685406249999 0.6896432906250001 0.70546088125 0.6968731765625 0.712054221875 0.7154333453125 0.711359671875 0.7198185671874999 0.7151726734375 0.7229026125 0.7212327593750001 0.720607271875 0.7248774 0.7137441484375
0 0.671627378125 0.7898612593750001 0.6734555453125 0.7826501359375 0.676709509375 0.7846290609375 0.6769672265625 0.7760715421875 0.6764900203125 0.7721541515625 0.6801164281250001 0.7613860328125 0.6747790609375001 0.7552353218750001 0.669033503125 0.7629236500000001 0.6680840906250001 0.7741157624999999 0.66537716875 0.77734589375 0.6654021140624999 0.784118746875 0.6677399140625 0.7866843390625 0.671627378125 0.7898612593750001
0 0.6148385249999999 0.8278832171875001 0.6187334703125 0.8301466062499999 0.618538928125 0.8244445515625 0.619620528125 0.8167492968750001 0.6228944375000001 0.806474178125 0.6218610484375 0.8017369234375 0.6175986390625 0.8017935984375001 0.61668995625 0.8014667328125 0.61117635 0.8102894578125 0.610149621875 0.8211034406250001 0.6071051640625 0.8229995062500001 0.6073695421875 0.8299932265625 0.6114889578125 0.8343045437500001 0.6148385249999999 0.8278832171875001
0 0.62276303125 0.7276048015625001 0.620426071875 0.7380283171875 0.6246776765625001 0.7458364953125 0.629965153125 0.7384415 0.6336048625 0.729321978125 0.6335724359375 0.72346265625 0.6263919390625 0.72635013125 0.62276303125 0.7276048015625001
0 0.6154004921875 0.772357459375 0.624281128125 0.7647997921874999 0.6194883015625 0.7543446874999999 0.6106226296874999 0.7600752921875 0.604942746875 0.7630174953125 0.5998814 0.7689847609375 0.604168753125 0.7757009390625 0.6154004921875 0.772357459375
0 0.6467296609375001 0.7893937703125 0.6488130625 0.7935655578125 0.6522100187500001 0.7911764906250001 0.6524170265625 0.7855380359375 0.6487839578125 0.7807549171875 0.6503627078124999 0.7647230125 0.6431797125000001 0.7580970390624999 0.6390819203125 0.76750989375 0.6391334703125 0.7775799390625 0.6423500265625 0.784126521875 0.640762953125 0.78808285 0.6438963703125 0.791689171875 0.6467296609375001 0.7893937703125
0 0.6597014078125001 0.7274181359375 0.6614580796875 0.722391009375 0.6558230843749999 0.719852025 0.6538411046875 0.709842115625 0.6508905890625 0.70681359375 0.6476066984375 0.7084887953125001 0.6458201015625 0.717170046875 0.650586321875 0.7243279593749999 0.6521401453125 0.7309770765625 0.6553882890625 0.7303938703124999 0.659550934375 0.7326996593749999 0.6597014078125001 0.7274181359375
0 0.6579696453125 0.680310365625 0.660639159375 0.6816478906250001 0.66414751875 0.6820206171875001 0.6647070234375 0.6758891625000001 0.662552125 0.6739013703125 0.6670531265624999 0.661076453125 0.6677389984375 0.6558797296875001 0.6629145859375 0.6525544125 0.65798126875 0.655980746875 0.65586295625 0.6658900640625001 0.6565987203125 0.674239046875 0.653659846875 0.67633478125 0.6539317078125 0.6824149687500001 0.6579696453125 0.680310365625
0 0.6996468140625 0.7004491859375 0.6949545921875 0.7006207265625 0.6938122984375 0.702635125 0.6947043546875 0.7082647125 0.6994822171874999 0.7205468796875001 0.7042891671875 0.7161858140625 0.704164459375 0.711775421875 0.7022165671875 0.704149175 0.70374710625 0.700549778125 0.7020577718750001 0.6973551203125 0.6996468140625 0.7004491859375
0 0.6830419437499999 0.6692800765625 0.68097018125 0.6702325453125 0.6802635234375 0.674694203125 0.6832007375 0.676074128125 0.6835349515625 0.6843595125 0.6878331078125 0.6832108406249999 0.6895540312499999 0.6792757125 0.6925419546875 0.6777365765625001 0.690522565625 0.6722943234375001 0.69253529375 0.662185340625 0.692443175 0.6569495953125 0.6865852109375 0.6555716968749999 0.684285659375 0.6614275578125001 0.6830419437499999 0.6692800765625
0 0.6785417609375 0.665640225 0.680315896875 0.6682994843750001 0.682943840625 0.668166878125 0.6831375453125 0.6608798265625 0.68251900625 0.6578547671874999 0.6851427906249999 0.651684375 0.68632249375 0.6451023171875 0.6862618 0.6394214625 0.6856997953125 0.6360394703125001 0.6789998234375 0.6358930171875 0.6757824484375 0.6458112015624999 0.67574171875 0.6573301796875 0.6725068796875 0.65956198125 0.671517559375 0.6658083031250001 0.6761682125 0.66416663125 0.6785417609375 0.665640225
0 0.6770826984375 0.6376017484375 0.679746390625 0.636377146875 0.6792841484375 0.6306326921875 0.6777211796875 0.6283727671875 0.6788102640625 0.61976398125 0.6792716671875 0.612519328125 0.676159034375 0.6096480718749999 0.6701025453125 0.61929953125 0.6704425828125 0.6301470421875 0.670524059375 0.6365629625 0.673370653125 0.635916159375 0.67538588125 0.6353206250000001 0.6770826984375 0.6376017484375
0 0.6256361546875 0.6124396890625 0.6264093265625 0.6162210140625 0.6330585859375 0.6192865296875001 0.6437831921875 0.6156797843749999 0.6406797015625 0.6084193375 0.631372571875 0.609140553125 0.629477890625 0.6081086921875001 0.627449359375 0.60705563125 0.6249760484375 0.6079445 0.6256361546875 0.6124396890625
0 0.6561489218750001 0.62770020625 0.657960465625 0.6257918078125 0.659284 0.6278308671875 0.6617481671875 0.6313311875000001 0.663335240625 0.6273748593749999 0.6606881718750001 0.6232967406250001 0.663417540625 0.6173260140625 0.6639354749999999 0.609724428125 0.663028453125 0.6059219046875 0.657244646875 0.6051887828125 0.655284290625 0.6089030453125 0.654743909375 0.619245225 0.655347484375 0.6240973484375 0.652776071875 0.62387301875 0.652569065625 0.6295114749999999 0.6561489218750001 0.62770020625
0 0.7208648953125001 0.67563653125 0.7236566171875001 0.671871 0.7274534609375001 0.673021190625 0.7304546890625 0.6731306515625 0.7303449453125 0.666893196875 0.7261673359375 0.666414471875 0.7263760031250001 0.6573003578125001 0.7248146953125 0.6515647718750001 0.7235759609375 0.6489903109374999 0.71688929375 0.650492453125 0.7180889578125 0.66111023125 0.719627821875 0.6695864125 0.7188662921875 0.6709293421875 0.7187665296875 0.6732918046874999 0.71891368125 0.6749616015625 0.7208648953125001 0.67563653125
0 0.7288759359375 0.68916255625 0.7294695296875 0.6854147625 0.7277818546875 0.6787444453125 0.7264524984375 0.6741432578125 0.7197999187499999 0.6780290609375 0.7215158609375 0.6845209109375 0.720415134375 0.688005440625 0.72105445625 0.6917655640625 0.724430628125 0.6886414328125 0.7268681906250001 0.6888445609375 0.7288759359375 0.68916255625
0 0.6843978484375 0.5888168328125001 0.68652448125 0.5909830921875 0.68954649375 0.5918276171875 0.6897684625 0.5843620984375 0.6899430421875 0.5728643203125 0.6888963484375 0.56647846875 0.68107486875 0.5690814765625001 0.6799367359375 0.5771336640625 0.681017515625 0.5859031781249999 0.6783538234375001 0.5871277796875 0.67852758125 0.5920947703125 0.68224876875 0.58939116875 0.6843978484375 0.5888168328125001
0 0.6978518390625 0.6086932359375 0.700036665625 0.607026903125 0.6992144421875001 0.6026889796875 0.7016910734375 0.594848790625 0.7045409890625 0.5872506671875 0.697969046875 0.5845632843749999 0.6935619859375 0.592463609375 0.6928536671875001 0.600400928125 0.6901334421875001 0.6019824640625 0.6907237140625 0.6051859890625 0.6962190359375 0.6051416453125 0.6978518390625 0.6086932359375
0 0.69151929375 0.54731896875 0.69194495 0.5411663140625 0.6855708703125 0.537229665625 0.6809667671875 0.5299144874999999 0.6757166984375 0.5327418265625 0.6754174125 0.5398292109375 0.6813957609375 0.5462643890625001 0.6886577359375 0.5497928359375 0.6931296515625001 0.5536111546875 0.6941813265625 0.549570025 0.69151929375 0.54731896875
0 0.7126550953125 0.5620090359375001 0.71808058125 0.560673028125 0.7216754015625 0.5570346953125 0.723307365625 0.547597178125 0.718697440625 0.537719871875 0.71081360625 0.5381176859375 0.71081610625 0.547631134375 0.7106864171875 0.553647721875 0.7096571875000001 0.5549482546875 0.7077533640625 0.558305584375 0.7086038546875 0.5624650421874999 0.7126550953125 0.5620090359375001
0 0.739159046875 0.621638671875 0.7420488703125 0.6189863375 0.7388755437500001 0.610434228125 0.742236753125 0.60913715625 0.739597165625 0.6041455046875 0.7350670578125 0.6041597796875 0.7331490921875 0.5928794046875 0.73034156875 0.5854828921874999 0.722808571875 0.5888633640625 0.7211275578125 0.5977442843749999 0.723899334375 0.6062327953125 0.7305618968750001 0.6109469078124999 0.7326793875 0.6175023578125 0.7360613796875 0.6169403531250001 0.739159046875 0.621638671875
0 0.74280791875 0.6375838328125 0.74088663125 0.6332547796875 0.7421569531250001 0.6286994515625 0.7383601093750001 0.6275492609375 0.734853409375 0.623700875 0.7300215156250001 0.6212890875 0.7278990421875 0.6251606171875 0.7302277 0.6321153984375 0.7347918953125 0.6344847859375 0.7346563859375 0.6379392484374999 0.7374314828124999 0.6394764390625001 0.7411435281250001 0.6411620296875 0.74280791875 0.6375838328125
0 0.7244870484375 0.5115612484375001 0.721911475 0.5052991312499999 0.718819628125 0.503162940625 0.71484404375 0.507472740625 0.7193500453125 0.51367471875 0.72107346875 0.5192530390625001 0.7239258828125 0.5211683625 0.7279413765625 0.5218043531250001 0.7276354281249999 0.5133405046874999 0.7244870484375 0.5115612484375001
0 0.751661109375 0.6137398640625 0.7541103140625001 0.61906725 0.7589438687500001 0.6180033765624999 0.757395865625 0.6139163875 0.7572994234375 0.60932753125 0.75979351875 0.6091737265625 0.759112628125 0.603943471875 0.7567108124999999 0.6026483453125 0.7540055515625 0.6024028171875 0.7549175546875 0.5957783609375 0.7526055203124999 0.5835208546875 0.7466745609375 0.5811179390625 0.7428153625 0.5777625515625 0.7405232921875 0.5827048796875001 0.74311216875 0.5906155921875 0.7479673484375 0.6032758921875 0.7498528859375 0.6086969437499999 0.7467385953125001 0.60930135 0.7473421671875 0.6141534703125 0.7506036140625 0.6152188640625 0.751661109375 0.6137398640625
0 0.7413363734375 0.59143199375 0.7401949 0.5769816249999999 0.738192134375 0.5662366484375 0.7364462671875 0.5633989234375 0.7306874046875 0.5694386546875 0.7338249828125 0.579082765625 0.7353031515625 0.581878090625 0.7325338765625 0.582903025 0.73327878125 0.5868628171875 0.7381672078125 0.588917671875 0.7413363734375 0.59143199375
0 0.678004859375 0.37285339375 0.67615601875 0.3795277515625 0.6728881609374999 0.378165665625 0.669577128125 0.3820749125 0.6692231015625 0.3913084203125 0.6737267203124999 0.39286622968749996 0.6755237562499999 0.392517471875 0.6781449453125 0.38596544375 0.680439928125 0.381473015625 0.682726275 0.3780348546875 0.684135690625 0.37213540625 0.68128326875 0.36915010625 0.678004859375 0.37285339375
0 0.693774290625 0.449245409375 0.6940371734374999 0.44358662187500003 0.6912893328124999 0.44294028125 0.689968175 0.43428595625 0.6851968703125 0.43141898906250004 0.680928315625 0.431376296875 0.677836996875 0.43489808906249994 0.68021545625 0.44287536406249994 0.684782403125 0.4480323609375 0.6841453375000001 0.4540541375 0.6875264125 0.45670091562500004 0.6891296359375 0.45357681093749996 0.693774290625 0.449245409375
0 0.703425315625 0.44929609375 0.7048740703124999 0.44614752500000004 0.7041928625 0.44245047812499994 0.70125793125 0.44198562968750005 0.69934288125 0.43408175 0.6956615015625001 0.43033177343749995 0.6912778140625 0.43301549531249994 0.6935670453125 0.4405563859375 0.697759809375 0.446076371875 0.6962784328125 0.4494309 0.6971793515625 0.4527404921875 0.7004251406249999 0.449243165625 0.703425315625 0.44929609375
0 0.7121735250000001 0.4840397109375 0.7132855203124999 0.48801611562499997 0.7159940234375 0.48591157812499997 0.718343696875 0.48607260312499995 0.720408415625 0.487033003125 0.722116221875 0.48624785781249996 0.7219962890625 0.48200632812500005 0.7197771000000001 0.48102146250000005 0.7197310421875 0.47531374375 0.720239540625 0.4661047015625 0.7143370546875001 0.465380965625 0.71257744375 0.472491709375 0.71151150625 0.474223021875 0.7126148671875 0.47925369531250006 0.71491465 0.4817292125 0.7147429109375001 0.4838132796875 0.7121735250000001 0.4840397109375
0 0.760765009375 0.5722307484375 0.762241425 0.5658310515625 0.7645892562500001 0.5634260828125 0.763658953125 0.5583421515625 0.7618530359375 0.558056121875 0.762878665625 0.537700884375 0.7546868421874999 0.5360948890625 0.7503410078125 0.54234865 0.7512243468750001 0.5586867296875 0.7552196624999999 0.5648731828125 0.7563041968750001 0.570444346875 0.7575843265625 0.5769720984375 0.760765009375 0.5722307484375
0 0.7533870765625 0.520925003125 0.7556683078125 0.521132046875 0.7550114171875 0.5157828828125 0.7534438578125 0.5139919234375 0.753190065625 0.4980620921875 0.7544119984375001 0.4896166046875 0.74874958125 0.49103378906249995 0.746752978125 0.4919517046875 0.74367605625 0.5033430265625001 0.7475094296875 0.5127434656250001 0.74672285 0.5177097374999999 0.7453845375 0.521045940625 0.7498053875 0.5194321093750001 0.7533870765625 0.520925003125
0 0.7739700046875 0.4640203859375 0.7760016609375 0.46434216875 0.7755894359375 0.45671773125000004 0.7700237624999999 0.45460206875000003 0.7713796 0.451885715625 0.769052096875 0.44904878125 0.7648331500000001 0.450848859375 0.7556395171875 0.44461041406249996 0.74996588125 0.44463740781250005 0.7479713875 0.4535776078125 0.7535405703125 0.46078468125 0.7601409984374999 0.4607502078125 0.7627419125 0.46332190781250004 0.7651409234375001 0.4657073625 0.7673408312500001 0.4620448171875 0.7739700046875 0.4640203859375
0 0.7609808515625 0.443759446875 0.7634590796875 0.441992203125 0.7627720421874999 0.43756387500000005 0.7584241015625001 0.4357953515625 0.7585860421875 0.43258136562500005 0.754730940625 0.4313537046875 0.74928935625 0.43064611093750005 0.7424659874999999 0.42478307812500005 0.7375032234375001 0.42908790625000004 0.7386340296875 0.437288959375 0.7478529015625 0.4404460375 0.7522611312499999 0.44037289062499996 0.7544519296875001 0.44334244062500006 0.7578443328125 0.443108403125 0.7609808515625 0.443759446875
0 0.7459053531250001 0.41329489375 0.741028115625 0.4126766828125 0.734971 0.4070892828125 0.7310030296875001 0.40584374375000004 0.7258334546875 0.4078017921875 0.73326604375 0.419314975 0.7399428890624999 0.42098955625 0.743209803125 0.4222783265625 0.7434432531249999 0.4186128625 0.74568943125 0.41758020625 0.7459053531250001 0.41329489375
0 0.767374453125 0.41654099687499996 0.7679878734375001 0.41339851875000005 0.7646606671875 0.41395141874999997 0.7582460156249999 0.4106214125 0.7517234046875 0.4094340640625 0.7518636187500001 0.4143928578125 0.7520893578125001 0.4144286109375 0.75750430625 0.42114845 0.7620191000000001 0.4218635234375 0.7625582125 0.4250342765625 0.7647041390625 0.42244305937500004 0.7666593796875001 0.4210557890625 0.767374453125 0.41654099687499996
0 0.79882371875 0.3465476828125 0.7989681328125 0.34271384843749997 0.797007984375 0.34194058437499997 0.79419885625 0.33995298125 0.7935945453125 0.3364633640625 0.7910349937500001 0.3343610203125 0.78886523125 0.337102728125 0.7884775515625 0.34028096093750004 0.790277159375 0.3413373328125 0.7876559171874999 0.344007534375 0.7822339656249999 0.351942075 0.7799260984374999 0.35774727500000003 0.7840994796875 0.36427046875 0.7899301484375 0.35886895625 0.7926544421874999 0.3518955640625 0.79463491875 0.3474269234375 0.79882371875 0.3465476828125
0 0.7695385984375 0.40068559375 0.7657802421875 0.3959250828125 0.7613418640625 0.396919065625 0.7536856453125 0.393392415625 0.74956344375 0.39165964375 0.7456101984375 0.3968957078125 0.7501936984375 0.4030210515625 0.7577798109375 0.40406830625 0.758984925 0.405956128125 0.7619721203125 0.40828047187500005 0.7645344734374999 0.404521065625 0.7695385984375 0.40068559375
0 0.7602825656250001 0.3882665328125 0.7606415015625 0.38307826093749997 0.7574811484375 0.382577709375 0.7522204296874999 0.37634510468750004 0.747462371875 0.374974428125 0.7459908640624999 0.38353465625 0.7529207921875 0.39018590937500003 0.7513153796875 0.39301700156249997 0.75289415625 0.396198153125 0.7555742875 0.39461715625 0.759174903125 0.393799021875 0.7602825656250001 0.3882665328125
0 0.7874042343750001 0.3360999890625 0.792852128125 0.336037240625 0.791595834375 0.32935899375 0.788239884375 0.3279018546875 0.789672140625 0.3268945546875 0.7903921203125 0.324540296875 0.789371384375 0.322218871875 0.7872857468750001 0.32296841718749997 0.7863161890625 0.325437415625 0.7831081640625001 0.32523785156249996 0.7749240484375 0.31993063906249997 0.7697797078125 0.31880731875 0.767856721875 0.32729603906250004 0.7713767203125 0.3335614796875 0.7794206203125 0.3339098984375 0.7821533328125 0.33418844999999997 0.7822346578125 0.3380580375 0.7856445875 0.3384438484375 0.7874042343750001 0.3360999890625
0 0.7603238812499999 0.31422429687500003 0.761484125 0.31055135312500004 0.7587465046874999 0.30811226875000003 0.7564638718750001 0.31083610156249997 0.753937971875 0.31290433125 0.7478128578125001 0.31285981875 0.740012225 0.3131670015625 0.7373468187500001 0.3212296 0.7407139875000001 0.32407693125 0.748667453125 0.32718785625 0.7538748843749999 0.3206077546875 0.7603238812499999 0.31422429687500003
0 0.7709988734375 0.365897975 0.773228925 0.361314596875 0.770538975 0.358574525 0.765927440625 0.3613923015625 0.7631961296875 0.358182875 0.7541679453125 0.35382185312500003 0.7490972218749999 0.3602693375 0.7485013265625 0.364031665625 0.7605945234375 0.3694952109375 0.7649473734375001 0.37342426875 0.7677088296875 0.375712859375 0.7687274578125 0.370012 0.7671185359375 0.3677516828125 0.7709988734375 0.365897975
0 0.7757008421875 0.36031769375 0.7775347953125 0.35166060312499997 0.771889196875 0.34274447656249996 0.765835684375 0.343782028125 0.7721156453125 0.3537333921875 0.7733368859375 0.3591719390625 0.7757008421875 0.36031769375