0 0.88428121875 0.6123976609375 0.8822711906249999 0.602895140625 0.8739563078125 0.5994399375 0.87354934375 0.610457015625 0.876400528125 0.6223675515625 0.8780672390625 0.6269604109375 0.8855948187499999 0.6239671999999999 0.8916203093749999 0.62354585625 0.88428121875 0.6123976609375
0 0.883280028125 0.6317538234375 0.879993425 0.6232376000000001 0.8734912078124999 0.612030884375 0.8717195437499999 0.6083423921875 0.8657338296875 0.6141431359375 0.8672573375000001 0.623903934375 0.86973399375 0.6304584765625 0.8719270015625 0.6401724609375 0.8773793796874999 0.6339604953125 0.883280028125 0.6317538234375
0 0.8750036968750001 0.6504974234375 0.86762054375 0.63150329375 0.8615779171875 0.622058503125 0.8625396328124999 0.6237853140625 0.8587297921875001 0.6294339046874999 0.8613710687499999 0.6431531796875001 0.8656506 0.653842546875 0.8714634296874999 0.6624063765625 0.8750590796875001 0.656099990625 0.8750036968750001 0.6504974234375
0 0.8800549265625 0.667412040625 0.8795867671875 0.6607170499999999 0.87444068125 0.6592828390625 0.8690562328125001 0.6520345984375 0.8595541203125 0.6484381578125 0.8650095562500001 0.6615121312500001 0.8678436062499999 0.6635565296875 0.874660684375 0.6720501359375 0.8756138328124999 0.6688438796875 0.8800549265625 0.667412040625
0 0.8738628046875 0.684172753125 0.8786077609375 0.6823647765625 0.874775890625 0.679286728125 0.8703103656250001 0.6766466343750001 0.8661454875000001 0.67408393125 0.8607026921875001 0.670134409375 0.8605900343749999 0.670634346875 0.8581482015624999 0.675824096875 0.8603081859374999 0.6813809375 0.8636209406249999 0.6854794046875 0.8685340109374999 0.6881866125 0.8717558609375 0.6899295546875 0.8738628046875 0.684172753125
0 0.869292678125 0.6789812687500001 0.8726862687500001 0.6757916125000001 0.87751836875 0.6741743671875 0.8783381328125 0.6732313375000001 0.871293140625 0.6695906765624999 0.8662655328125 0.6663010078125 0.8638155078124999 0.66292950625 0.8624603828125 0.6593830296875 0.86057190625 0.6640420265625 0.8601349687500001 0.6662376390625 0.8630138734375 0.67046485625 0.8649958062499999 0.6734754421875 0.8678983421875 0.6759295937500001 0.869292678125 0.6789812687500001
0 0.8583069171875 0.6749272921875 0.8596937328124999 0.673649375 0.8619657046875 0.674474621875 0.8637670343750001 0.6696248953125 0.8626391046874999 0.66616094375 0.8641279718750001 0.6621203625 0.8640588203125 0.656909375 0.8620407671875 0.6523267265625 0.859500509375 0.6508313578125 0.8581030859375 0.6498465453125 0.8558162093749999 0.6519746953125 0.8557970078125001 0.660144215625 0.8557398046875001 0.665659271875 0.8554311015625 0.6686332109374999 0.854123375 0.6731531875 0.8583069171875 0.6749272921875
0 0.8513567249999999 0.68741953125 0.852928978125 0.6814048828125 0.8579764609374999 0.68075669375 0.8556764250000001 0.67530805625 0.85454030625 0.66328285625 0.8538082265625 0.6570356953125 0.8501045921875001 0.6547359734375 0.8484476093750001 0.6542613703125 0.8479334625 0.654297321875 0.8426245421875 0.6543733234375 0.8414226250000001 0.658295428125 0.8420302296875001 0.6659290578125 0.84392071875 0.6739650375 0.8474258921875 0.685037284375 0.8513567249999999 0.68741953125
0 0.848664734375 0.6985314796875 0.85291420625 0.69597085625 0.8474726218749999 0.6888720765625 0.8466272109374999 0.6788931921875 0.8464043125 0.6735945453125 0.8455477578125 0.668733853125 0.8383166578125 0.665598265625 0.8376556109375001 0.665644490625 0.8363970296875 0.667700734375 0.8367270828125 0.68086483125 0.837757928125 0.68610698125 0.8402478312499999 0.693215340625 0.84330975625 0.699004346875 0.848664734375 0.6985314796875
0 0.841934221875 0.65294541875 0.8445080484374999 0.6506987921875 0.8423294015625 0.64593055 0.8425502874999999 0.638534221875 0.84097038125 0.6286067 0.8362863875000001 0.6270644140625 0.8329102546874999 0.63261473125 0.8309888796875 0.6452473796875 0.8330654765625001 0.6527782875 0.8379093953125001 0.650274509375 0.841934221875 0.65294541875
0 0.8301535375 0.6987433796875 0.8343321109374999 0.7015019484375 0.83472608125 0.6976363421875 0.834304584375 0.6894976390625 0.8354940140625 0.6822304078125 0.8364817578125001 0.6741899859375 0.8360323328125 0.673040471875 0.8360136671875 0.6738290703125001 0.8311716296875 0.677415246875 0.8287571890625 0.6829967265625 0.8272751703125 0.6871352421875 0.8253717890625 0.6947476328125 0.8270979234375 0.7004332234375 0.8301535375 0.6987433796875
0 0.8183392859374999 0.6944521 0.8236444468749999 0.692211303125 0.82687623125 0.6919853140625001 0.8262331796875 0.68701128125 0.828836815625 0.6788578656250001 0.827026625 0.6709146828125 0.8253627937499999 0.670342146875 0.824018275 0.6690583984375 0.8201136265625 0.67021714375 0.817905840625 0.6755873515624999 0.8171720140625001 0.6798703703125 0.8167475640624999 0.6854111109375001 0.8142820984375 0.6923739234374999 0.8183392859374999 0.6944521
0 0.827677196875 0.68021830625 0.829511559375 0.67900750625 0.8327520734375 0.6799618484375001 0.833873690625 0.675946946875 0.834513521875 0.6713752656249999 0.83577385 0.658788840625 0.8342413437499999 0.6569277687499999 0.8305072265625 0.656303178125 0.8278568609375 0.660621803125 0.826913965625 0.67141461875 0.8268256109375001 0.67437315 0.8255913328125001 0.6788879890625 0.827677196875 0.68021830625
0 0.8211333281250001 0.6805774859375 0.8226334734374999 0.6830312921874999 0.82449146875 0.680047428125 0.8268331296874999 0.6787027421875 0.8288125125000001 0.6763992703125 0.8294809437499999 0.669070059375 0.82711430625 0.6637244921875001 0.8237418 0.6598270265624999 0.8215806078125001 0.6574194453125 0.8190559265624999 0.6572023421875001 0.816488946875 0.6595469015625001 0.817893890625 0.66486130625 0.8188699515625 0.6693199921875 0.8200937546875 0.67415500625 0.8203502234375 0.675711659375 0.8211333281250001 0.6805774859375
0 0.814915084375 0.6338730765625 0.81570006875 0.6398213015625 0.817784053125 0.6400692218749999 0.81998875 0.6367658781250001 0.822762384375 0.63421004375 0.827000040625 0.6325359546875 0.8279816062500001 0.6286292578125 0.8261005156250001 0.6260052671875 0.822455425 0.6266538046875 0.8180708687499999 0.6283381671875 0.813387546875 0.6310275375 0.814915084375 0.6338730765625
0 0.8131532343749999 0.607621925 0.8107985484375 0.6130024046875 0.8105240859375 0.6164660078125 0.8103953125000001 0.6230686000000001 0.8091161874999999 0.6248310453125 0.815600303125 0.6246728671875 0.8178330656250001 0.6259929140625 0.817384846875 0.6216941390625 0.8169727515625 0.618967425 0.81914515625 0.613214428125 0.8196087484374999 0.610221275 0.8167995343750001 0.6038241281250001 0.8131532343749999 0.607621925
0 0.85788435 0.6277191953125 0.8598008890625 0.6276835890625 0.859597325 0.625828 0.8595935656249999 0.6236632046875 0.8575568484374999 0.6198691562499999 0.8571135984374999 0.6145859171875 0.8560161515625 0.6094468328125 0.8506182046875 0.6082497078125 0.8479329281249999 0.607847009375 0.847055290625 0.6100734375 0.84825049375 0.617665978125 0.8508592328125 0.620140675 0.8528069234375 0.6226615984375 0.854213075 0.624826740625 0.8553185796875 0.62691449375 0.85788435 0.6277191953125
0 0.8622412453124999 0.60241794375 0.8596355953125 0.5978763859375 0.8584932999999999 0.589984909375 0.858951990625 0.584933834375 0.8569719390625 0.583005646875 0.8551612093750001 0.5824433828125 0.8499469546875 0.58703970625 0.8512529343749999 0.5930499109375 0.8527388468750001 0.6026887703125 0.8545160046875001 0.6069930296875 0.8583092046875 0.6031849593749999 0.8622412453124999 0.60241794375
0 0.8749430703125001 0.6025138640625001 0.876657925 0.6017050687500001 0.8767462796875 0.5987465375000001 0.8744798156250001 0.58955590625 0.8741716484375001 0.5851489265625001 0.8704455890625 0.58147300625 0.8684194796875 0.5799416875000001 0.8651640609375001 0.581940740625 0.86773238125 0.5880594968749999 0.8686897796874999 0.5933067859375 0.870300165625 0.601559175 0.8719372734374999 0.6059716390625 0.8729400546875 0.6065903984375 0.8749430703125001 0.6025138640625001
0 0.8678533640625 0.6077333890625 0.8687166328125 0.6010794359375 0.8690626671875 0.5965282984375 0.86945475625 0.5915802921875 0.8680921109374999 0.5837042265625 0.8649574078125 0.5821520140625001 0.8632238875 0.583749409375 0.8620793093750001 0.593769034375 0.8621614859375001 0.5949442296874999 0.8624833484375 0.5995470734375 0.8633448703125 0.6034233 0.864940890625 0.6072481671875 0.8678533640625 0.6077333890625
0 0.8753050828125 0.5802474921874999 0.8791450109375001 0.5802742140625 0.8804465609375001 0.5798879640625 0.8782013109375001 0.5752227921874999 0.8767602468750001 0.568336325 0.8762815484375001 0.56571268125 0.8736397765625 0.5595990609375 0.871270053125 0.55632035625 0.8676093843749999 0.5556906296874999 0.8660059796875 0.5591487500000001 0.866790965625 0.565096975 0.868532675 0.57206083125 0.870639753125 0.57791660625 0.8716325984375001 0.5805042968749999 0.8753050828125 0.5802474921874999
0 0.862039965625 0.5826512562499999 0.864902621875 0.58136855 0.8617946406250001 0.5759764109375001 0.86053780625 0.5675024734375 0.8595903453125 0.5602862578125001 0.8582389812500001 0.5589045765625 0.85547649375 0.55634221875 0.8509469187500001 0.559119253125 0.8514916796875 0.5690207468749999 0.8541683625 0.57985569375 0.8555166406250001 0.583304234375 0.8602193 0.584057921875 0.862039965625 0.5826512562499999
0 0.7605568203125 0.699870409375 0.764322090625 0.7030515265624999 0.7678738578125001 0.7063459859375001 0.7726792375 0.708568665625 0.772908853125 0.7023526703125 0.777070509375 0.6953696578125 0.7794008906250001 0.6875305843749999 0.77489051875 0.6821380984375 0.7693650078125 0.684394303125 0.7666860421874999 0.691470459375 0.766322553125 0.6936609359375 0.7605568203125 0.699870409375
0 0.7301615499999999 0.6863483828125 0.7332539546875 0.6904622578125 0.7383512546875 0.691581996875 0.7397866796875 0.69522126875 0.7432879578125 0.6925161421875 0.7416576984375001 0.6882016109375 0.74419849375 0.682316059375 0.7458734671875 0.6777704046874999 0.7432149124999999 0.6735277796875 0.7398206515625 0.6724857765625 0.736730796875 0.6736859578125001 0.7336945203125 0.6788188625 0.7343581171875 0.6840866953125 0.7301615499999999 0.6863483828125
0 0.727351934375 0.6451135 0.7257435609375 0.649556084375 0.7263554625 0.651973590625 0.7308663734375 0.6499851578125 0.730323625 0.6527786390625 0.7336463156249999 0.654908175 0.7358217421875 0.650130703125 0.739567675 0.6498687624999999 0.7445379484375 0.6470609125 0.7426014015625 0.6394218 0.7407906734374999 0.6388595359375 0.734660109375 0.63879616875 0.7297377734375 0.6422895468750001 0.727351934375 0.6451135
0 0.7376597328125001 0.5856408875 0.7380469890625 0.593289925 0.7407315953125 0.5894609640625 0.7406867453125 0.5867085703125 0.743815809375 0.5850135890625 0.7492454453125 0.5813863234375 0.7478747421875 0.5765615859375 0.7429087671875 0.5741533109375 0.7378768609375 0.5760797625 0.7350160828125001 0.5784448671875 0.73306664375 0.5864541265625001 0.7376597328125001 0.5856408875
0 0.7145656484375 0.6617534843749999 0.7185288421875 0.6635429984375001 0.720266121875 0.6641103984375001 0.72372080625 0.6691830578125 0.72525385 0.6636632109375 0.7236136546874999 0.661317609375 0.7254896421875 0.6533134875 0.7239907046875 0.647710421875 0.7207227984375 0.6463643484375 0.7169445046875 0.647219021875 0.7161459578125 0.652687509375 0.7157862296874999 0.65704278125 0.7145656484375 0.6617534843749999
0 0.7020054859375 0.693237834375 0.709685340625 0.6932912765625 0.7104453484375 0.6925492515625 0.7100568843749999 0.6880494734375 0.7080954968750001 0.6853326859375 0.7020433515625 0.684279715625 0.6986896421875 0.6912062296875 0.7020054859375 0.693237834375
0 0.6865147234375 0.6638134078125 0.6806188765625001 0.66816215625 0.680243571875 0.6712391640625001 0.6840487203125 0.6781571421875 0.688491821875 0.6794210374999999 0.6919514734375001 0.6835092328125 0.6940428437499999 0.6764741671875 0.695791940625 0.6761550359374999 0.7024161046875 0.6758886515625 0.7053808140625 0.6718432812499999 0.7047446078124999 0.66696718125 0.7020225390625 0.6607607609375 0.69744126875 0.6606874687500001 0.6926707984375 0.6631861109375 0.6865147234375 0.6638134078125
0 0.6885658078125 0.6720349828125001 0.69086946875 0.6680358359375 0.6929135718749999 0.6645468984375 0.6968928796875 0.66023375625 0.696040084375 0.657537859375 0.6948710671875 0.6534863125 0.6908089109375 0.6523926015625 0.6872441171875 0.653133934375 0.683391165625 0.65714300625 0.6848627109375001 0.6623543390625 0.6851011859375 0.6689312515625 0.6885658078125 0.6720349828125001
0 0.6820044828125 0.6700335 0.6821041171875 0.6735693578124999 0.6799081453125 0.6780530312499999 0.678791496875 0.6810834671875 0.6846712296875 0.6828373765625 0.6873975953125 0.683827671875 0.69067046875 0.6841892796875 0.6909038437499999 0.6801380781249999 0.69022655 0.67467438125 0.6899663203124999 0.67095293125 0.688511559375 0.6638705984375 0.6828852078125001 0.665740209375 0.6820044828125 0.6700335
0 0.663275353125 0.7177935203125 0.6671582484374999 0.7194902359375 0.6684498624999999 0.72107291875 0.6734494062499999 0.7197391984375 0.6726887265625 0.7162495671875 0.6750042046875 0.7113638875 0.6797933375 0.708076646875 0.6786878328125 0.7059888921875 0.6780006015625 0.7024941250000001 0.675116728125 0.6992513734375 0.6690055015625 0.702631065625 0.6683177328125 0.7065172171875 0.6644709578125 0.7063925640625001 0.6627293812499999 0.7110412859374999 0.663275353125 0.7177935203125
0 0.6342634078125 0.67022270625 0.6361450359374999 0.6654657765625 0.6418715578125 0.6597511046875 0.6395297640625001 0.6494832125000001 0.636014115625 0.647760815625 0.63259689375 0.652723534375 0.628992890625 0.65395966875 0.6291187078125 0.6610365171875 0.630255365625 0.6656807984374999 0.6342634078125 0.67022270625
0 0.630907690625 0.556791778125 0.6333253531249999 0.5607560125 0.63349346875 0.5652711984375001 0.64087764375 0.5642627859375 0.6430929515625 0.563222171875 0.6477974890625 0.5650582562500001 0.6496597796875 0.55685826875 0.64642235625 0.5538370640625 0.641841084375 0.55376376875 0.6360385609375 0.554169521875 0.630907690625 0.556791778125
0 0.5942423421874999 0.5359336703124999 0.59538651875 0.5449075437500001 0.5990179140625 0.5440631406249999 0.60122449375 0.5418421953125 0.6077851453124999 0.5396120171875001 0.61094845 0.5384067 0.611911353125 0.5352886031249999 0.6086813140625 0.5249844109375 0.6069371859375 0.524319078125 0.6016232968749999 0.52537954375 0.5972904375 0.52991423125 0.5933546359374999 0.5285164515624999 0.590780809375 0.5307630765625 0.5935210046875 0.543561815625 0.5942423421874999 0.5359336703124999
0 0.5657499078125 0.6298426375 0.5691073765625 0.6250809203125 0.571086759375 0.62277745 0.5704113453125 0.6183961499999999 0.5624084203125 0.6168891234375 0.5624426609375 0.6173787859375001 0.561270015625 0.622775021875 0.5582162828125 0.6255472640625 0.5568195296875 0.6287941125 0.5580806609375 0.6320519250000001 0.5635246656249999 0.6328521828125 0.5657499078125 0.6298426375
0 0.5184150187500001 0.6601174390625 0.5220881734375 0.66409229375 0.52266959375 0.6681849296875 0.5218094140625 0.6727720203125 0.525745215625 0.6741698015625001 0.526723021875 0.668098309375 0.5308137796875 0.6664344921875001 0.534805575 0.665466475 0.5379339671875 0.6595398343750001 0.53956664375 0.65755584375 0.5373636921875 0.65032900625 0.531760971875 0.6504255515625 0.5268896625 0.6525375984374999 0.5243725 0.6566500859375 0.5221553140624999 0.6566083046875 0.5184150187500001 0.6601174390625
0 0.534560246875 0.7126228640625001 0.5313085875 0.7167867125 0.533194646875 0.7184262375 0.5365154578125 0.7194733765625 0.538059109375 0.716216259375 0.5400080109375 0.71558791875 0.5433642703125 0.7139754625 0.5448736828125 0.710228678125 0.54416590625 0.7064401124999999 0.5413554828125 0.7031922234375 0.5378043875 0.7041294234375 0.5362458296875 0.7103399375 0.534560246875 0.7126228640625001
0 0.5347869078125 0.7200863078124999 0.5310241890625 0.7222192453125 0.5321726625000001 0.7259769953124999 0.5359596828125001 0.7263026515625 0.5356006265625 0.7348895828125 0.5387807140625 0.7318132687500001 0.5385273328125 0.7281897515625 0.5416034921875 0.7267937046874999 0.545202525 0.7265420359375 0.545888415625 0.7215734859375 0.5441747671875 0.7192330203124999 0.5428812749999999 0.716567940625 0.53956234375 0.7166032 0.53775349375 0.717123334375 0.5347869078125 0.7200863078124999
0 0.5000576999999999 0.7258608109375 0.5000515234375 0.7299945359375 0.499782028125 0.7324736749999999 0.5052596031250001 0.729531940625 0.5091175234375 0.7245384031250001 0.510977396875 0.7226369359375 0.5098133484375 0.7176009234375 0.5055632046875 0.7159298875 0.5035838218750001 0.7182333578125 0.5017905500000001 0.72003175625 0.49859300468749995 0.7207474078125 0.49741284218750004 0.72181405 0.5000576999999999 0.7258608109375
0 0.4782553703125 0.7075062015625 0.48079065937500004 0.709986034375 0.48087350781250005 0.7153928890625 0.4837144125 0.7169656437499999 0.48704945625 0.7108277296875001 0.49101573906249996 0.7105503796875 0.49682323124999994 0.7091601625 0.4980849 0.70503705625 0.49707271875 0.69900630625 0.492161528125 0.6973814953125 0.483676278125 0.70269860625 0.47934959531250004 0.70309956875 0.4782553703125 0.7075062015625
0 0.473013321875 0.6768730578125 0.478134925 0.680451390625 0.47775465156249997 0.6845128640625 0.47987354687500006 0.6894821078125 0.4827180765625 0.6816070828125 0.4845368625 0.6791180171875 0.4895911921875 0.6785677609375 0.49160105468750004 0.674589159375 0.49252340781250004 0.6635025453125001 0.4870258265625 0.6587695609375 0.48050626249999995 0.6615873359375 0.47894394531250006 0.6656330546875 0.478483375 0.66960173125 0.47255758437499995 0.668244690625 0.46980261875 0.6700119250000001 0.473013321875 0.6768730578125
0 0.4688068125 0.7349349078125 0.47057215625 0.7401256984375 0.474793028125 0.7403226046875 0.4739414421875 0.7344774484375 0.4781018890625 0.7306436984375 0.48127137031249995 0.7253046546874999 0.48067934218749997 0.7189492890625 0.47653500937500004 0.716680384375 0.471025075 0.7202148515625 0.4703360984375 0.7272502640625 0.46445206875 0.73071248125 0.4688068125 0.7349349078125
0 0.446216275 0.701086359375 0.44857418437499996 0.7052515953125 0.44764431406250005 0.71200861875 0.45217012968750003 0.7070667890625 0.45428459375 0.7056395796875 0.45914596875 0.7054964625 0.46374899375 0.7027142921875 0.4653840890625 0.6944317796874999 0.46381170312500003 0.68883385 0.45090953593750005 0.6964280578125 0.445608671875 0.6934527296875 0.443619353125 0.69772513125 0.446216275 0.701086359375
0 0.3994538125 0.7110483078125001 0.4011332171875 0.7128991078125 0.401362965625 0.718295690625 0.4057574578125 0.714642396875 0.4068485953125 0.7123026265625 0.41301460937499995 0.7097063984374999 0.41640135 0.7064188109375 0.416385103125 0.7009088875 0.4160894234375 0.6998470343750001 0.41230361093749995 0.6963721171875 0.405835071875 0.6978085593750001 0.40230519062500003 0.7032712140624999 0.39757205 0.7041926593750001 0.395732721875 0.706387925 0.3994538125 0.7110483078125001
0 0.3815217546875 0.6794327124999999 0.38610490625 0.6805884046874999 0.38418098125 0.6879069953125 0.38804709375 0.691474709375 0.390365659375 0.6845221687499999 0.39160060625000004 0.6842389890625 0.398364825 0.6838644 0.4008290828125 0.6800508468750001 0.399051921875 0.675746590625 0.3964219671875 0.6687464359375 0.39543852031250004 0.671570734375 0.39226528125 0.67474498125 0.38842911406249997 0.67688305625 0.38389201875 0.675330496875 0.3815217546875 0.6794327124999999
0 0.3903392078125 0.65775601875 0.3895747671875 0.6521015921875 0.3866347671875 0.639612059375 0.38373223125 0.6371579078125 0.380133196875 0.6374095765625001 0.3803143375 0.63788896875 0.3783611390625 0.64373343125 0.3816110515625 0.6500997640625 0.382656803125 0.65238851875 0.3843661515625 0.6599451078125 0.3870495484375 0.6592654078125 0.3903392078125 0.65775601875
0 0.40894050625 0.644055409375 0.40854465624999997 0.64683861875 0.4105794921875 0.64955026875 0.413851696875 0.6456802203125 0.4204914390625 0.6466921 0.42372631250000004 0.6443992484375001 0.4223194890625 0.6380024468750001 0.418260421875 0.6348418734375 0.410850734375 0.63654095 0.4067531296875 0.638106834375 0.40894050625 0.644055409375
0 0.42013385937500003 0.62152369375 0.4240205171875 0.62538520625 0.4228509609375 0.628714578125 0.4236440015625 0.6316114749999999 0.42686330000000006 0.6280403609375 0.4315572296875 0.6276137171875 0.43634327500000003 0.6263933374999999 0.43705655625000006 0.6218165203125 0.43565725312500003 0.6197493109375001 0.43238437812499997 0.6193877015625 0.4269627984375 0.6199636390625 0.4217304171875 0.617967640625 0.42013385937500003 0.62152369375
0 0.42615982187499996 0.6190356703125001 0.424844575 0.619226053125 0.4266498 0.6281537015625 0.4315522625 0.62859818125 0.43520916875 0.6270631140625 0.4366401625 0.62430593125 0.43961977656249995 0.6173071640625001 0.4432131703125 0.6138083015625 0.4418984609375 0.6066177640625 0.438184890625 0.6062869734375 0.4340412265625 0.6082497265625 0.43158260937500004 0.6153104734375 0.429174346875 0.6167582281249999 0.42615982187499996 0.6190356703125001
0 0.334051246875 0.716212171875 0.329608815625 0.7191799359375 0.33451195 0.723856075 0.334030834375 0.7275309515624999 0.33805069374999996 0.731186325 0.34003437187499996 0.7236667328124999 0.34210089843749997 0.721553990625 0.34790342343749997 0.7211482390625 0.35245045468749997 0.72073186875 0.35289733125 0.7165673265625 0.352775271875 0.711655271875 0.351184221875 0.706845940625 0.34407329999999997 0.707540009375 0.3367408203125 0.711398746875 0.334051246875 0.716212171875
0 0.270993296875 0.7063519078125 0.2720838953125 0.7113930578125001 0.2698399890625 0.7151912015625 0.2722763140625 0.7183668375 0.2755093078125 0.7149915874999999 0.2790467109375 0.713858521875 0.28994035625 0.7187062359375 0.2911540890625 0.7138975984375 0.28697484218749997 0.7069073703125001 0.2808274953125 0.7087149984375001 0.2770945875 0.704941146875 0.2736585671875 0.6990798875 0.270993296875 0.7063519078125
0 0.292988184375 0.689461640625 0.29650450156249997 0.6954156984375001 0.2936599703125 0.703290725 0.29848522499999997 0.70157554375 0.3031349796875 0.7026281671875 0.309455409375 0.7043512578125 0.3108521625 0.7011044109375 0.31123431562500004 0.6981253359374999 0.30803234062499996 0.6924445328125 0.30142495937499997 0.6908399203125 0.292988184375 0.689461640625
0 0.3012503984375 0.6672333046875 0.2964008421875 0.6664898890625001 0.2974553203125 0.669958975 0.29446818750000003 0.67262815 0.294091675 0.6788544187500001 0.2976739234375 0.680473746875 0.301920309375 0.6799799875 0.3079327078125 0.688908678125 0.312011646875 0.688131390625 0.31316307499999996 0.6782097 0.3113703390625 0.6726271781250001 0.3096703890625 0.6704825796875 0.3057296203125 0.6700692625 0.3012503984375 0.6672333046875
0 0.2604599171875 0.6897680046875 0.25678179375 0.686777615625 0.24988061250000002 0.685193546875 0.2501937484375 0.6886160609374999 0.25126380312499996 0.6933634109375 0.2500980078125 0.6988575796875 0.25404750468750004 0.7004512265625 0.2564215265625 0.6985138078124999 0.2586767125 0.70121005 0.26447615 0.7028711609375 0.2674651609375 0.7012843859375 0.269293884375 0.696826390625 0.269220434375 0.6968315265625 0.27013043125 0.6940123640625 0.2689359 0.6906514828125 0.26622819999999997 0.6888725890625 0.2604599171875 0.6897680046875
0 0.27051741875 0.6784362453125 0.269706384375 0.6805596046875 0.26853803906249996 0.680739715625 0.268084315625 0.6848063265625 0.26803705 0.688352453125 0.2712246578125 0.68960573125 0.2727004984375 0.6896009421875 0.2741869484375 0.6918588812500001 0.2760356765625 0.69507560625 0.27891270156250003 0.6982204234375 0.2842658 0.6966651578125 0.283595353125 0.6912993921874999 0.2805079171875 0.686201053125 0.2779825640625 0.6817522890625 0.2754317 0.67799419375 0.27051741875 0.6784362453125
0 0.2696066171875 0.6654111703125001 0.26877691718749996 0.6683231296875001 0.2695749265625 0.6702355640625 0.2679783703125 0.673791615625 0.2661203765625 0.67677548125 0.27077321875 0.675761240625 0.27279556875 0.675127765625 0.275489571875 0.67671079375 0.28012939062500003 0.6797323453125 0.282832659375 0.6751147859375 0.284005975 0.6739502109375 0.28232965781249997 0.670032546875 0.27911653593749997 0.6694699359375 0.27299966875 0.669602434375 0.2696066171875 0.6654111703125001
0 0.267347 0.6563184734374999 0.263615971875 0.6536270187500001 0.2596036328125 0.6543012375 0.26020183750000003 0.6565228765625 0.25946371562500004 0.6660220203125 0.2621782640625 0.667898846875 0.2649637109375 0.66445648125 0.266726503125 0.6643332140625 0.2715300046875 0.6654734984374999 0.2765625828125 0.667778703125 0.2779269734375 0.665124590625 0.27909465 0.660712821875 0.2757681984375 0.6564184875 0.2735373171875 0.6561808390625 0.267347 0.6563184734374999
0 0.256705796875 0.6276374625 0.25691379062499997 0.6358895046875 0.255124278125 0.6398526984374999 0.253596203125 0.6443880828124999 0.2587532546875 0.6453068187500001 0.26085966250000003 0.6469309359375 0.2633694390625 0.6501014359374999 0.2665551671875 0.6502723140625 0.2700751125 0.6467785890625 0.2701448015625 0.6446086546875 0.27127326875 0.6406916859375 0.26654442500000003 0.6363970078125 0.2633051203125 0.6322934046875 0.256705796875 0.6276374625
0 0.27800821249999996 0.63884296875 0.280434603125 0.643987534375 0.276557346875 0.6455380125 0.2780494359375 0.65104314375 0.2830185015625 0.65138455625 0.2861258109375 0.6525450375 0.290811684375 0.655169721875 0.2945321046875 0.6555984453125 0.29705114843749997 0.65256835625 0.2965911140625 0.6491561140625 0.2932852078125 0.6451555812499999 0.2861138609375 0.641818990625 0.2807426359375 0.6367819359375 0.27800821249999996 0.63884296875
0 0.260347665625 0.6174432109375 0.25401045 0.617591115625 0.2518761125 0.6229561875 0.2518562390625 0.626894046875 0.2551378421875 0.6284359875 0.2582040625 0.62900886875 0.2613170125 0.63341654375 0.262724371875 0.632432425 0.2686582203125 0.6307381375000001 0.26929993125 0.627248853125 0.26522031875 0.6237944796875 0.260347665625 0.6174432109375
0 0.2653086734375 0.6208359484375 0.26625358125 0.622738109375 0.2637158765625 0.6265567984375 0.2649514953125 0.630505278125 0.26903231562499996 0.630810390625 0.27272601406249997 0.63507904375 0.276489403125 0.6371777625 0.2812754484375 0.6359573843749999 0.28521433906250004 0.6352883031250001 0.285070528125 0.6332317125 0.2842382765625 0.630829615625 0.2777790046875 0.62606546875 0.2716751609375 0.6221621734375 0.2653086734375 0.6208359484375
0 0.2557313484375 0.601036015625 0.250539515625 0.607008534375 0.2509759171875 0.612193840625 0.25672553593749997 0.612087025 0.26144752968749996 0.6162837703124999 0.2687620171875 0.6174452921875 0.2708609046875 0.6147398171875 0.2701188875 0.6104615875 0.261474790625 0.605062925 0.257926109375 0.5997016015625001 0.2557313484375 0.601036015625
0 0.2433338 0.53773846875 0.239112928125 0.5375415609374999 0.237820778125 0.5433398 0.23421489687500002 0.5434935359375 0.2278994328125 0.5407859796875 0.2342790796875 0.5496889890625 0.2362983421875 0.5511223765625 0.2379921140625 0.5574007015625 0.242115365625 0.566756728125 0.24834985937499998 0.565139828125 0.250481109375 0.5618416203125001 0.25007518906250004 0.55498118125 0.246324825 0.54884666875 0.2438112890625 0.5435113734375 0.2433338 0.53773846875
0 0.27436715624999997 0.5572189921875 0.2657155375 0.5474907390625 0.258607034375 0.5418862828125001 0.2603331671875 0.5475718734374999 0.2577879421875 0.5470609718749999 0.25690036875 0.5512563312500001 0.260648853125 0.5563084453125 0.26270544375 0.556164634375 0.2640643296875 0.56187590625 0.2663568453125 0.5629949515625 0.26946003281249997 0.562600321875 0.2692468953125 0.5621039765625 0.26956947656249997 0.5623708656249999 0.2716620046875 0.5607541546875 0.27436715624999997 0.5572189921875
0 0.25980935 0.5728019140625 0.2615031234375 0.5790802375 0.26500010625 0.581591234375 0.27111697343749996 0.5814587359375001 0.274425296875 0.57916075 0.2766604765625 0.5741822734375 0.275614725 0.5718935187499999 0.2729842328125 0.5722742843749999 0.2673746671875 0.5722728953125 0.263385959375 0.5711740484375001 0.25980935 0.5728019140625
0 0.2536801328125 0.5273706296875 0.249453621875 0.5239265296875 0.2487197953125 0.5282095484375 0.2458129609375 0.5309715203125001 0.2451780984375 0.5345587390625 0.24939400156249997 0.535740109375 0.2524602234375 0.5363129921875001 0.2555165078125 0.53885480625 0.260134571875 0.5447318203125 0.269491953125 0.545553665625 0.2699139859375 0.5463114484375 0.26814676249999997 0.5400382593749999 0.26590648125 0.534388621875 0.259797671875 0.5314697921875 0.2536801328125 0.5273706296875
0 0.25963009375 0.5195736859375 0.2565072078125 0.51713494375 0.25230056875 0.5097529828125 0.2476919046875 0.5092879578125 0.24768948750000003 0.5155864796875 0.24423614374999997 0.5189771375000001 0.246477634375 0.5214775125 0.2506045125 0.5213857578125001 0.2527501296875 0.522515075 0.2549287765625 0.5272833171875 0.25469970000000003 0.52611839375 0.2571695953125 0.525552034375 0.2631395640625 0.5254298109375 0.2635011734375 0.522156934375 0.25963009375 0.5195736859375
0 0.26019016562499997 0.5075282875 0.25593760312499997 0.512155775 0.25361648593749997 0.5137942578125 0.2529181109375 0.5154176828125 0.2553376515625 0.5204643140625 0.262823340625 0.5240741578125 0.26341160937499997 0.528264728125 0.264936059375 0.533177128125 0.26691423125 0.5340229171875001 0.2682306859375 0.5306832734375 0.2672428078125 0.5271111187499999 0.266048278125 0.5237502359375 0.2645101328125 0.5186419703125 0.26268006875 0.5146366484375 0.26266194062500003 0.5080443265625 0.26019016562499997 0.5075282875
0 0.25400280625 0.44015524843750004 0.25080835 0.4388040375 0.2493419078125 0.44422081718750006 0.24490565625 0.44305485312500004 0.250335425 0.451040165625 0.2510188953125 0.4523701375 0.2526883640625 0.45618986875 0.2558997390625 0.4672826578125 0.2619736390625 0.465480165625 0.2621479296875 0.46586162499999995 0.2628992109375 0.4639392671875 0.2611780453125 0.45726921093749995 0.2574338578125 0.447000971875 0.25400280625 0.44015524843750004
0 0.24699299843750003 0.410629834375 0.24673961718749998 0.40700631718749997 0.24587997343749998 0.4042124875 0.2436117609375 0.40555203906250004 0.24418633281250002 0.40954674375 0.24188388125000002 0.410396628125 0.2371332859375 0.40895741093750004 0.2377371296875 0.41442624375000003 0.2405761546875 0.414916603125 0.2418559515625 0.41738581718749995 0.2439462453125 0.42511258906249993 0.2488668359375 0.4321493890625 0.2492203890625 0.43192784375000004 0.254991759375 0.42896556406249997 0.25619931406249996 0.42829065312500003 0.2539670890625 0.4195896875 0.25091389375 0.4149810125 0.24699299843750003 0.410629834375
0 0.2576525984375 0.41529709062500003 0.25910359843749997 0.420214625 0.25911420625 0.422477353125 0.25655286718750003 0.42806910781249996 0.2594298921875 0.43121392500000005 0.26275003125 0.42802940625 0.264687115625 0.4282875984375 0.2711818390625 0.43039215000000003 0.2751138796875 0.42962513593749996 0.2745324609375 0.4255324984375 0.2740743046875 0.423202653125 0.2717407015625 0.4214960109375 0.2669372 0.420355728125 0.2630269125 0.41826728125 0.2576525984375 0.41529709062500003
0 0.2717997828125 0.41706335 0.271346059375 0.4211299609375 0.269424553125 0.42215003281249996 0.263497553125 0.4239422515625 0.2663714890625 0.42915393437500005 0.2697981125 0.429603203125 0.2708924703125 0.4368091484375 0.272737440625 0.4378610765625 0.27930749375 0.4410428890625 0.28206245937499996 0.43927565468749996 0.2818806484375 0.434564603125 0.2764166375 0.4260896265625 0.27583830625 0.41993012656250006 0.2746997703125 0.41420344687500005 0.2717997828125 0.41706335
0 0.2510305828125 0.38603979375 0.24855880625000001 0.3855237546875 0.24462246875 0.3915068921875 0.240610128125 0.3921811109375 0.241510859375 0.3955625359375 0.246591375 0.3985532734375 0.2479975265625 0.400718415625 0.251361978125 0.4076672078125 0.2546137703125 0.4151159375 0.2593263640625 0.41390069531250007 0.2598641453125 0.4120916796875 0.25729582500000003 0.40597292031250004 0.253550428125 0.398853940625 0.2502955484375 0.393472075 0.2510305828125 0.38603979375
0 0.225824590625 0.36123119375 0.2243935984375 0.36398837500000003 0.227366496875 0.36850425468750003 0.226490740625 0.37181308125 0.22641796093750002 0.3760498765625 0.23029965 0.3808958546875 0.23556747968749997 0.38023225625 0.235746740625 0.37962925 0.2340286625 0.3708923328125 0.233484571875 0.365222496875 0.2321275671875 0.3605936234375 0.229990678125 0.3606446375 0.22836485 0.3627265609375 0.225824590625 0.36123119375
0 0.24910263124999998 0.367968434375 0.24731002812499997 0.373998490625 0.2462512515625 0.375745528125 0.2434894375 0.3774148296875 0.2417441015625 0.37989875781250004 0.2464318546875 0.3836058390625 0.24969788125 0.383869515625 0.25125093125000003 0.3860243859375 0.25349618125 0.390689559375 0.25570222187499997 0.3958495328125 0.257840990625 0.39688091718749996 0.259104540625 0.3938402078125 0.26031827343749997 0.38903157187500004 0.2562342296875 0.37918074375 0.250836821875 0.37060269687499997 0.24910263124999998 0.367968434375
0 0.2360252328125 0.34772436562500003 0.2371812265625 0.3558117078125 0.2330543484375 0.3559034640625 0.23314901406250002 0.360423784375 0.23698773125 0.3635997671875 0.24083947656250002 0.36273995625 0.245204159375 0.3649934546875 0.2494424859375 0.3675510234375 0.251656584375 0.3696596671875 0.2558575828125 0.3737944359375 0.2587245375 0.3672956046875 0.25810887656250003 0.362713303125 0.25632177968750003 0.36037797656250004 0.253639590625 0.3579084140625 0.2500573421875 0.35628908593749997 0.24624292812499998 0.35557169843750003 0.24431578125 0.35334457656249996 0.2414182125 0.349905959375 0.2360252328125 0.34772436562500003
0 0.22147309218750003 0.2819996921875 0.21702665781250002 0.28164321875 0.21711043437500002 0.2864203765625 0.213461859375 0.289122634375 0.21419218125 0.2924085515625 0.21777397656250003 0.2947164453125 0.2197573203125 0.2980259765625 0.2215823671875 0.3014578109375 0.22321466406249998 0.3069053140625 0.22558699531249998 0.30384736874999996 0.23044989062500001 0.3006152671875 0.23050892968749997 0.295494425 0.2244069765625 0.2893583734375 0.22147309218750003 0.2819996921875
0 0.2336782125 0.2775867734375 0.23089776875 0.276001475 0.23135095625000002 0.28486841875 0.231625359375 0.286406490625 0.22908622968749998 0.284693084375 0.2329973671875 0.2940968546875 0.23268153125 0.2991244203125 0.23599393281249997 0.30712403125 0.240996153125 0.30588437812499997 0.244190934375 0.3026576875 0.24450676875 0.29763012187500004 0.2405456984375 0.2898983375 0.24050836250000002 0.28578532968750003 0.240393625 0.2805654078125 0.23585081406250002 0.28121676875 0.2336782125 0.2775867734375
0 0.2282877625 0.289976865625 0.2318393546875 0.2966249546875 0.23711461093750003 0.300482921875 0.239631884375 0.29830470625 0.240165815625 0.2928169578125 0.2385644796875 0.28781221874999996 0.2345358703125 0.28030762343750004 0.2327917203125 0.27564657187499997 0.2339890421875 0.26532941875 0.22791668281250002 0.2631956828125 0.22442640625000002 0.2657756375 0.22105708906250002 0.264120284375 0.2193721265625 0.2674638625 0.21744159999999998 0.268488721875 0.22308065156249998 0.277549196875 0.22470520781249997 0.2828860109375 0.2282877625 0.289976865625
0 0.2061178171875 0.193642178125 0.2023264265625 0.1966881203125 0.19795390468750002 0.1997747015625 0.19354617031250002 0.1999716859375 0.19738202968750002 0.209491953125 0.2003327609375 0.21351246875 0.20281497499999998 0.22157012968749998 0.208010096875 0.2314402796875 0.21131536562500003 0.2309866859375 0.215280534375 0.22803982656250002 0.2156737734375 0.224119175 0.2136109015625 0.2184793140625 0.207949996875 0.20552721406250002 0.2092556828125 0.1967597453125 0.2061178171875 0.193642178125
0 0.2266396859375 0.1972126296875 0.22415200781250003 0.2033931625 0.221404646875 0.2034740453125 0.216828753125 0.20245922656249998 0.2191991109375 0.211303340625 0.2257308796875 0.21284878749999997 0.229616065625 0.2290395796875 0.2297377859375 0.22958723281250001 0.2332696484375 0.23356711093750002 0.2344185546875 0.23448786875 0.24016157031250002 0.229525728125 0.237431665625 0.21792593437500002 0.23417693593750002 0.2083650296875 0.23044807500000003 0.20395399531249997 0.22881577812499998 0.198506490625 0.2266396859375 0.1972126296875
0 0.23177409999999998 0.189512225 0.2289979046875 0.190373753125 0.23002023437500002 0.1966425421875 0.23211194062499999 0.20150175625000002 0.23188474062500003 0.20541079375 0.23311742343750003 0.21110870781250002 0.23526194843749998 0.2203023140625 0.238045275 0.22789398749999998 0.23985833125 0.228768303125 0.2420611359375 0.22805810312500002 0.240406984375 0.21871897499999998 0.23852699843749997 0.2097293375 0.2366168078125 0.2050798953125 0.2358203140625 0.1984616171875 0.235479740625 0.1935911859375 0.23177409999999998 0.189512225
0 0.2395581296875 0.1862983234375 0.235533771875 0.1812405546875 0.23368064687499998 0.18337232812499998 0.234232334375 0.19245485 0.23460811874999998 0.20021487656249998 0.237461109375 0.20880277500000002 0.23836945781250002 0.21463460156249997 0.2400425828125 0.221858978125 0.24314174687499998 0.2244230859375 0.2453966078125 0.2232643140625 0.246873946875 0.21337251249999997 0.24678804531249998 0.2073719421875 0.2451634890625 0.20203512968749998 0.2426932640625 0.19653498593750002 0.2411981671875 0.19185651875 0.2395581296875 0.1862983234375
0 0.261762225 0.25448869531249996 0.258713753125 0.2550355640625 0.2565285546875 0.2571905609375 0.251697228125 0.25252291875 0.2492440015625 0.2568100828125 0.2512358421875 0.26501326718749996 0.250997409375 0.2711477515625 0.25382293125 0.2769567484375 0.2561840328125 0.276124246875 0.25901440937500003 0.2760375609375 0.26031873125 0.27082964062500003 0.259705878125 0.265644546875 0.2611994578125 0.26075709062499997 0.2625446046875 0.2573260421875 0.261762225 0.25448869531249996
0 0.258952184375 0.24890108125000002 0.2544184828125 0.2461035875 0.25603180625 0.25366584375 0.25793850625000003 0.260651421875 0.2595363515625 0.26799229375 0.263004165625 0.26986322500000004 0.2658324203125 0.26855312656249997 0.26566638125 0.26856473593749997 0.267553959375 0.2645395921875 0.266614646875 0.2582649984375 0.264084625 0.2531027359375 0.267709221875 0.2452854421875 0.2625965109375 0.2437519984375 0.258952184375 0.24890108125000002
0 0.2810482234375 0.2201039125 0.2801884421875 0.21615964999999998 0.2783684046875 0.21995760468749997 0.275246778125 0.22184438437499998 0.27087212968749996 0.22370755 0.2751687671875 0.229079978125 0.27618123125 0.2340146609375 0.2800459265625 0.24275428125 0.28009024375 0.24219501875 0.282298665625 0.240372096875 0.2837458015625 0.2348204890625 0.28214795625 0.22747961718749998 0.2810482234375 0.2201039125
0 0.23532159843749997 0.14599455781249998 0.2347011578125 0.15382424687500001 0.23544695937500001 0.1573315484375 0.23449444531250002 0.16518445937499998 0.23575596562499998 0.1701017265625 0.23997868906250003 0.172031103125 0.24376234062500002 0.16887446718750002 0.24402960937499998 0.16195933906249999 0.2432816828125 0.1572286234375 0.240352046875 0.1523167703125 0.2403189609375 0.1506505890625 0.2381316375 0.1515821734375 0.23532159843749997 0.14599455781249998
0 0.20947848750000003 0.11643400468750001 0.2072989046875 0.11747627812500001 0.20352223593750002 0.115960640625 0.207836478125 0.12277786718749999 0.20941595781250003 0.12389098125 0.21232737968749998 0.13570054843749998 0.215876090625 0.1363422625 0.22021977656249997 0.1340363296875 0.2184390484375 0.1300452328125 0.21710998906249998 0.1253551546875 0.213850403125 0.121689934375 0.21416547968750002 0.11187940625 0.20947848750000003 0.11643400468750001
0 0.22815998125 0.12947671249999998 0.22699058593750002 0.12110478281249999 0.22711078750000002 0.11208651249999999 0.22716906875 0.10218270781250001 0.2218502546875 0.1036669640625 0.2185970421875 0.103671984375 0.21693530156250002 0.1073476390625 0.21857882968750003 0.1105696984375 0.2200415984375 0.1183649484375 0.2218132203125 0.12580490312499998 0.221761921875 0.1310364375 0.2221137265625 0.13368142656249998 0.2245895671875 0.138068846875 0.228134028125 0.136263734375 0.22815998125 0.12947671249999998
0 0.2353065734375 0.124305190625 0.2345333 0.11801898749999999 0.23532827812499998 0.11507134062499999 0.23633497499999997 0.10799327343750001 0.23796362968749998 0.102651440625 0.23476384218750002 0.098648340625 0.23284105624999998 0.09978389062500001 0.230593175 0.0962703921875 0.227612240625 0.096590071875 0.2296139484375 0.10612736250000002 0.2273745671875 0.1075075171875 0.2266443953125 0.117347071875 0.228257721875 0.124909328125 0.23090265781250002 0.13280655937500002 0.230950290625 0.132396115625 0.23396006093750002 0.1312957890625 0.2353065734375 0.124305190625
0 0.2288022796875 0.0646942453125 0.231332909375 0.061513996875 0.2274112984375 0.0591186328125 0.223625521875 0.061051853125 0.22081199062499998 0.057800375 0.218016825 0.0607766546875 0.22113784218750002 0.0672323859375 0.2225878640625 0.0676871546875 0.22451216875000002 0.07611752968749999 0.22731871718750002 0.084041278125 0.2306915234375 0.083360496875 0.2324285421875 0.079568346875 0.2313829921875 0.072967484375 0.2289359890625 0.067799415625 0.2288022796875 0.0646942453125
0 0.2489155796875 0.0850894359375 0.24785879687499998 0.0807140171875 0.2448391625 0.0804802375 0.2420509765625 0.07878424687499999 0.238030865625 0.0761733046875 0.2371515046875 0.08268630625 0.2350669296875 0.08628029375 0.23476308281249997 0.093865378125 0.2361639296875 0.1007750953125 0.236614234375 0.1036356625 0.2372594125 0.105703971875 0.2405224890625 0.10703305781250001 0.2430883296875 0.10674240312500001 0.24365671249999998 0.0993612859375 0.2443046234375 0.0943104984375 0.2451030921875 0.0890267171875 0.2489155796875 0.0850894359375
0 0.24999133125 0.0873501015625 0.24518322656249997 0.0830145359375 0.24261602031249999 0.0868647390625 0.2470858265625 0.100678759375 0.243549865625 0.10737752656249999 0.2426528984375 0.1124457296875 0.2451660734375 0.1209461578125 0.254061828125 0.1276654796875 0.253568571875 0.121804625 0.2562743453125 0.1151639109375 0.2563424921875 0.10659421093749999 0.25704033437499996 0.099871440625 0.25784866875 0.0959217640625 0.2545981890625 0.0888076875 0.24999133125 0.0873501015625
0 0.2664927875 0.062058667187500006 0.263179778125 0.06240156718749999 0.2607997046875 0.06534882187499999 0.2583836640625 0.0606235203125 0.2547828953125 0.060430378124999996 0.2542025234375 0.06525397656250001 0.25618799062500003 0.06978692187499999 0.2565616515625 0.07632353593749999 0.2568840109375 0.0880916828125 0.25725767187500004 0.0946282953125 0.25941828437500003 0.095700771875 0.2665635109375 0.0940888 0.2677826875 0.087663271875 0.267503278125 0.078895409375 0.2662551125 0.0729761125 0.26619668281250003 0.06975444374999999 0.2664927875 0.062058667187500006
0 0.26712840312499997 0.0890438171875 0.2645316 0.08889170468749999 0.26191081875 0.08362455625000001 0.2590086546875 0.081491603125 0.2598980328125 0.0894381828125 0.261051946875 0.097588728125 0.2596723484375 0.1029131453125 0.25830048906249997 0.108348253125 0.2574766765625 0.11207654687499999 0.2573346171875 0.11720319531250001 0.25956489375 0.11927189687499999 0.261105671875 0.119831553125 0.265929865625 0.11604599062500001 0.26836897656250003 0.10797789531249999 0.26988926874999997 0.1010863796875 0.27033668906249997 0.09794057187500001 0.2708642453125 0.08878258125 0.26712840312499997 0.0890438171875
0 0.2783995265625 0.0509926390625 0.27754475312500004 0.054278165625 0.27390391875 0.057091114062500004 0.273932146875 0.06465297812500001 0.279690034375 0.06825473125 0.2840302296875 0.068284934375 0.2854162046875 0.0666307578125 0.2869308796875 0.0608519625 0.2873086359375 0.05670992968750001 0.290767953125 0.053687207812500005 0.2849713640625 0.0495319953125 0.28201850624999997 0.0442880671875 0.2783995265625 0.0509926390625
0 0.294202378125 0.088485415625 0.29645860625 0.083767096875 0.30008183437499997 0.07950935 0.2976721671875 0.0784542890625 0.2959189078125 0.07724209374999999 0.29013567500000004 0.0720848515625 0.28876943125 0.0764072390625 0.2875417546875 0.07793911406250001 0.284883790625 0.08168443125 0.28074651875 0.0889407609375 0.285115390625 0.09334769062500001 0.29146564218750004 0.0946833640625 0.294202378125 0.088485415625
0 0.304699009375 0.12167745781249999 0.301675125 0.11899685156249999 0.3002166046875 0.113648428125 0.29582784375000004 0.11173066250000001 0.2934386640625 0.1181267734375 0.28933219375 0.1309832453125 0.286938765625 0.134932528125 0.28911136875 0.1385625234375 0.29353883125 0.14103375 0.2985621484375 0.1389027578125 0.3004897921875 0.1318715234375 0.302302090625 0.1279628765625 0.304523865625 0.125137925 0.304699009375 0.12167745781249999
0 0.30330757343750003 0.13756982812500002 0.304590796875 0.133253246875 0.3039744546875 0.130404290625 0.30272841562499997 0.12570840625 0.30031874687500004 0.12465334531250001 0.29771557187500003 0.12083099374999999 0.29577866875000003 0.11818561093749999 0.29139415625 0.118714671875 0.2912492140625 0.11783494375 0.2912633296875 0.121615875 0.29162499999999997 0.1255949703125 0.2961151453125 0.1337346890625 0.30330757343750003 0.13756982812500002
0 0.312669721875 0.07818418906249999 0.30835760625 0.0725903765625 0.30482574218749997 0.06861049687500001 0.3045429921875 0.07530424531249999 0.302450678125 0.078787540625 0.29745482968750003 0.083697434375 0.3003993390625 0.09717318124999999 0.30482391875000003 0.0936380296875 0.3062886625 0.0895312203125 0.313741984375 0.082780990625 0.312669721875 0.07818418906249999
0 0.2920495046875 0.08752363125 0.28849730625 0.0892180515625 0.2866759 0.09657555625 0.28506621718749997 0.0998026390625 0.283554425 0.11158780937499999 0.2844353046875 0.1146407328125 0.29042039375 0.114333446875 0.2910077484375 0.10483757812500001 0.29108014375 0.09871470624999999 0.2937127640625 0.0934139015625 0.29441485625 0.08913795468749999 0.2920495046875 0.08752363125
0 0.3210060453125 0.1365546984375 0.31614375781250004 0.1314442890625 0.3129495859375 0.12632846874999998 0.3120048109375 0.13429207031249998 0.3071525390625 0.143641240625 0.3088932 0.15063842656249998 0.3106732125 0.15137810000000002 0.3138412390625 0.14862393125 0.31596588125 0.1420238546875 0.3210060453125 0.1365546984375
0 0.342044996875 0.13797556718749998 0.34288778125 0.132132521875 0.340839025 0.1302735921875 0.334113140625 0.134303365625 0.32948943750000004 0.136183946875 0.3238062203125 0.1408082078125 0.3240581578125 0.1467971671875 0.3275365984375 0.154785165625 0.3356815421875 0.1507673953125 0.33993583437499997 0.144797028125 0.3481779109375 0.1445543859375 0.3445552890625 0.14046961875 0.342044996875 0.13797556718749998
0 0.3303407203125 0.13523455625 0.32421281562500004 0.1358855265625 0.32414330156250004 0.148014775 0.321882825 0.1502862671875 0.31985592343749997 0.1523189609375 0.320209853125 0.1561873640625 0.32705821562500004 0.15748820624999998 0.32903791718750003 0.1500084015625 0.33049704375 0.1470143140625 0.33376922656249997 0.144894540625 0.3317183453125 0.14181219843749998 0.3303407203125 0.13523455625
0 0.3356511875 0.14198211875 0.340191871875 0.14010734062500002 0.34182963437499997 0.1313166515625 0.3394079765625 0.127704071875 0.341592415625 0.1207661125 0.33490098437500004 0.1229025171875 0.33114753750000003 0.1217189546875 0.3263570359375 0.1188281859375 0.3211276140625 0.1239768765625 0.3203227734375 0.1255904171875 0.3209497390625 0.1345564421875 0.3247960703125 0.137068303125 0.3306805359375 0.1353220265625 0.3356511875 0.14198211875
0 0.33179074375 0.0748449234375 0.325923884375 0.078035996875 0.31962857499999997 0.0822581265625 0.31523707968750003 0.0874594578125 0.31689123124999996 0.0967985859375 0.3163023609375 0.0967285296875 0.3236995265625 0.10110551875 0.3286411921875 0.095420784375 0.335131375 0.09040639687499999 0.3364244640625 0.08742391875 0.33134544843749997 0.07921414375 0.33179074375 0.0748449234375
0 0.362556546875 0.1008354953125 0.357842084375 0.10261119062499999 0.3500714078125 0.1048230625 0.3477321625 0.1095471875 0.34775750781250003 0.11110267656249999 0.350150328125 0.115495903125 0.35466991875 0.11451246562499999 0.359861396875 0.113593278125 0.363588740625 0.10843838750000001 0.36353805 0.1053274109375 0.362556546875 0.1008354953125
0 0.34890914687499996 0.10490433437499999 0.3459359515625 0.10533470781250001 0.343003584375 0.10754195 0.345209271875 0.1128381265625 0.34513399375 0.1129546234375 0.3488452515625 0.1159208625 0.3503937703125 0.116591209375 0.3555022296875 0.1156778265625 0.3556794984375 0.11344077187499998 0.35378615625 0.10545316406250001 0.34890914687499996 0.10490433437499999
0 0.37132602812500004 0.0783093890625 0.36899300625000003 0.07357828281249999 0.36896902656249997 0.0684632453125 0.3609127171875 0.0713624890625 0.3549396171875 0.07422729375 0.350634025 0.08542919375 0.350617178125 0.088767359375 0.3522951578125 0.0900960515625 0.3518413625 0.08957161875 0.355191709375 0.0933417265625 0.35731149375000004 0.09263733125 0.3649829109375 0.08542691875 0.366714315625 0.0827474890625 0.3700428046875 0.08262597187500001 0.37132602812500004 0.0783093890625
0 0.381039678125 0.05616219375 0.37518405 0.0571278234375 0.37036410468750003 0.0633602125 0.3664664734375 0.066079884375 0.36676485625 0.07273299375 0.36813823125 0.07686380781249999 0.37423942499999996 0.0782168984375 0.3750421421875 0.07537994375 0.37886798593750004 0.0704406328125 0.3828507609375 0.0689385671875 0.384555453125 0.0682632 0.3828035609375 0.0634914546875 0.38040724843749996 0.0614343640625 0.381039678125 0.05616219375
0 0.3846308828125 0.081272175 0.379886825 0.07904555468749999 0.3736337078125 0.081485009375 0.369676278125 0.0845425625 0.36915145312500003 0.086581453125 0.370586753125 0.0915978015625 0.37412210625000003 0.0932415453125 0.3792650171875 0.0904347921875 0.38276167031249997 0.091525078125 0.382615971875 0.0858623890625 0.3846308828125 0.081272175
0 0.39674767499999997 0.043384328124999996 0.390690796875 0.041471975 0.3850497734375 0.0443135578125 0.37941512187500004 0.05082538125 0.38017853125 0.055777478125 0.3821463921875 0.058865626562499995 0.3819205578125 0.0592151171875 0.3866435203125 0.0623330765625 0.3891066109375 0.0593800171875 0.3911025515625 0.05690455625 0.399703415625 0.05463463281249999 0.3976426671875 0.050218184374999995 0.39674767499999997 0.043384328124999996
0 0.40348539531250005 0.089631003125 0.4035923921875 0.094740234375 0.40349252656249995 0.09808420625 0.4031710765625 0.1042244921875 0.40678595624999997 0.10819856718750001 0.4091702796875 0.1076981390625 0.41138643906250005 0.105985909375 0.41238752187500005 0.1000205640625 0.40993626875 0.0924056671875 0.40909970781249994 0.0887934796875 0.40873940312499996 0.0812548375 0.40388 0.0821508046875 0.40348539531250005 0.089631003125
0 0.4257972484375 0.10686916718749999 0.42613418125 0.1009502640625 0.42152383281250005 0.1018288140625 0.41551279062499996 0.108923121875 0.41025028125 0.112405634375 0.41150269531249994 0.120771759375 0.41201279687500003 0.12329444375000001 0.41300765625 0.1267843296875 0.4179289828125 0.12677389687500001 0.420743121875 0.121682865625 0.4256447171875 0.11900422031249999 0.430310615625 0.1153409625 0.42570937343750004 0.1127706578125 0.4257972484375 0.10686916718749999
0 0.4309923734375 0.055894915625 0.434677525 0.052522701562499996 0.4315474 0.049515828125 0.42978776874999997 0.04463339375 0.4291770421875 0.040671714062499996 0.4253842828125 0.047277204687500005 0.42386885 0.0482730375 0.41884841718750004 0.056410404687500006 0.42028371406250004 0.061426753125 0.42398859531250005 0.060722750000000006 0.428133159375 0.056762248437499996 0.4309923734375 0.055894915625
0 0.442419665625 0.0773424234375 0.44282277031249995 0.0747558796875 0.43966942343750004 0.07141692968749999 0.43513086406249996 0.07451511875 0.43141399218750004 0.072661603125 0.4268669328125 0.07086613750000001 0.4245839921875 0.07758851875 0.42493792187499996 0.0814569203125 0.4294737515625 0.08547782968749999 0.43380620625 0.0853973390625 0.437283128125 0.0838194140625 0.44217349375000004 0.08336621562499999 0.44459575781250005 0.078636284375 0.442419665625 0.0773424234375
0 0.44963774531249995 0.0481395953125 0.4465068625 0.0403497578125 0.44446235468750006 0.040937656249999996 0.44298076562500005 0.04838263125 0.43871023437499995 0.049348653125 0.434492515625 0.05464906562500001 0.43594754375000005 0.0623336234375 0.4392591875 0.065550271875 0.4431055203125 0.0680621328125 0.44448026250000006 0.0686333984375 0.4479508109375 0.0633852328125 0.449063746875 0.056633432812499995 0.45097879374999994 0.0553871921875 0.45417569843749994 0.053383915625 0.451823703125 0.0507675609375 0.44963774531249995 0.0481395953125
0 0.45886207656250005 0.178860634375 0.4623776984375 0.1778361671875 0.46282299531250004 0.1734669453125 0.4638248375 0.1722845609375 0.4649398984375 0.166756175 0.46268291093749997 0.1666915328125 0.45982217968750005 0.15799294375 0.4523891953125 0.15906887187500002 0.4518390265625 0.159552275 0.451234065625 0.167603346875 0.45446269062500005 0.1708258 0.4578861890625 0.17325599687499998 0.45886207656250005 0.178860634375
0 0.481753703125 0.07792890625 0.4773185 0.075346990625 0.47866501250000004 0.06835639375 0.475085340625 0.0672719125 0.47209742343750005 0.0722638640625 0.46852761875000004 0.0725134890625 0.46365910781249997 0.0768583125 0.46494384999999994 0.0821076546875 0.46651771562500005 0.084333490625 0.46797410937499995 0.0884585 0.47312825312499995 0.0834263046875 0.4784569328125 0.083276153125 0.481753703125 0.07792890625
0 0.4942605453125 0.064707490625 0.48913038125 0.074854721875 0.48422104375 0.077422675 0.48372369062500004 0.08224046874999999 0.4842183125 0.084541771875 0.488835034375 0.0873334609375 0.49397931249999993 0.0809671609375 0.4980683265625 0.079791365625 0.49911235937500004 0.0768263046875 0.4942732921875 0.0720479703125 0.4942605453125 0.064707490625
0 0.5048757125 0.0661898640625 0.500786090625 0.07570816875 0.49547365 0.0808626671875 0.498102171875 0.0862405078125 0.49937492343749995 0.08893233125 0.503844578125 0.089620878125 0.5083647765625 0.0802949296875 0.5111135 0.0766545 0.5099793171875 0.0711721640625 0.5089204109375001 0.06557333125 0.5048757125 0.0661898640625
0 0.5120931843750001 0.045329545312500004 0.5074251640624999 0.047769390625000005 0.5030892171875 0.050186015625000004 0.50483761875 0.057293893750000005 0.509633734375 0.059071942187500004 0.510675034375 0.063225978125 0.5149722796875 0.060255896875000006 0.5167085390625 0.051680782812500006 0.522863915625 0.0538087140625 0.5179840234374999 0.047253509375 0.518505965625 0.0392082421875 0.5120931843750001 0.045329545312500004
0 0.5458245921875 0.0839045265625 0.552131890625 0.082239915625 0.5559408875 0.0806387703125 0.5528043890625 0.0739616546875 0.555365221875 0.0664412125 0.5517433578125 0.067139409375 0.5496200828125 0.0701799375 0.5459651328125 0.0692119546875 0.539377815625 0.070451215625 0.53613659375 0.07301375624999999 0.5359241140625 0.07236121718750001 0.536285784375 0.076340309375 0.535352240625 0.08207846875 0.5397797046874999 0.0845496921875 0.5458245921875 0.0839045265625
0 0.55854998125 0.10959934687499999 0.553910796875 0.11125854531249998 0.5532009640625 0.11542379843749999 0.5546130421875 0.12010807187500001 0.5563374640625 0.12210091406250001 0.5621487765625 0.121694546875 0.5657418015625 0.12177699687500002 0.5666710953125 0.11359201249999999 0.568766903125 0.10777258125 0.5629654546875 0.109513053125 0.55854998125 0.10959934687499999
0 0.57696966875 0.1153189890625 0.582512953125 0.1170447921875 0.58624530625 0.11911969062500001 0.5922212890624999 0.1222612625 0.5924717109375 0.11868429843749999 0.59145150625 0.1136389234375 0.593149825 0.109293315625 0.5936204671875001 0.10647958125000001 0.5878788171875 0.10788217343749999 0.5846093671875 0.10288285 0.5821166796874999 0.10183359375 0.5811492921875 0.1011226078125 0.5798885312500001 0.1009883046875 0.574410053125 0.10615441249999999 0.5728123593750001 0.1119390125 0.57696966875 0.1153189890625
0 0.5649658 0.0617654890625 0.5689795375 0.060706190625 0.5728286015624999 0.0560989546875 0.5757497375 0.056117154687500004 0.5785104515625 0.05503424375 0.57398585625 0.04878789375 0.57519516875 0.041028259375 0.57215731875 0.04769219375 0.5697884765625 0.0484140046875 0.562330146875 0.047934445312500004 0.5557189421875 0.0510620765625 0.5577712484374999 0.0567069359375 0.5609809015625 0.062044140625 0.5649658 0.0617654890625
0 0.58600596875 0.0465013359375 0.584091528125 0.03940506875 0.5789331359375 0.0419904359375 0.5785948375000001 0.0514688890625 0.5731719078124999 0.053850290625 0.5705181921875 0.060042432812500005 0.574063409375 0.0630202828125 0.575324171875 0.0631545859375 0.5801793265625 0.059811793749999995 0.58247425625 0.05564693125 0.5880632234375 0.0532539203125 0.58894546875 0.0527472953125 0.5862571484375 0.047707334375 0.58600596875 0.0465013359375
0 0.6032295484375 0.045853110937500004 0.6037458734375 0.038920565625 0.5981808859375 0.0464286140625 0.5910652546875 0.0520429015625 0.5911863671875001 0.060933065625000005 0.5941638109375 0.06294952031249999 0.5945324609375 0.06225634375 0.599761884375 0.05710765156249999 0.6001980734375 0.0561872875 0.602196140625 0.054935239062499995 0.6073291875 0.050794382812500004 0.605309265625 0.0481548078125 0.6032295484375 0.045853110937500004
0 0.6255999859375 0.0794384171875 0.62906704375 0.0765263875 0.6330476921875 0.073800909375 0.6286842765625 0.07343863125 0.6272089109375 0.071428375 0.6258742374999999 0.0678510171875 0.62403659375 0.0702041765625 0.6227723421875 0.07240600625 0.6163665421875 0.0738550390625 0.6132315609375001 0.0767438484375 0.6131231953125 0.075194165625 0.6131682703125 0.0794178640625 0.6157292546875001 0.08502289375 0.6189515046875 0.08457510625 0.6255999859375 0.0794384171875
0 0.6431943437500001 0.079320428125 0.6390103203125 0.0779445109375 0.6324990390624999 0.08385023593749999 0.625444571875 0.08556709375 0.6253609453125 0.0939154109375 0.626608353125 0.0950517453125 0.6361069406250001 0.0924965796875 0.6379600640625 0.0903648046875 0.6416206296875 0.090220065625 0.6449216484375 0.0873196453125 0.6409901734375001 0.0835901765625 0.6431943437500001 0.079320428125
0 0.6344805578125 0.173031703125 0.6392815296875 0.1689140671875 0.636933025 0.16396157656250002 0.6331718375000001 0.1626673234375 0.6290209 0.1629575859375 0.625943590625 0.16428510000000002 0.6212565984375 0.1688396984375 0.622995134375 0.17461347031250002 0.6284975921875 0.1745624 0.6344805578125 0.173031703125
0 0.6727514421875 0.1047281234375 0.6686096125 0.101569528125 0.6702094296875 0.09700834375 0.6718711703125 0.0933326890625 0.6684145859374999 0.0892363125 0.663084540625 0.0929460140625 0.655595246875 0.09202368749999999 0.6494948109375 0.0954535609375 0.6480941171875 0.10166931718750001 0.6487526515625001 0.102735596875 0.6503075453125 0.107076184375 0.6561885203125 0.10766604375 0.6625710984375 0.10588493437499999 0.6652066015625 0.1065905046875 0.6707907109375 0.110093178125 0.6727514421875 0.1047281234375
0 0.661312615625 0.0592551140625 0.66437444375 0.057706215625 0.6674440125000001 0.0562680078125 0.6716694703125 0.0510782875 0.6694159734375 0.0486775109375 0.6690887562500001 0.042805046875 0.6663026953125 0.042332470312499995 0.6654655265625 0.04706279375 0.66159673125 0.0490018203125 0.6552029312500001 0.053717856249999994 0.657182015625 0.053871075000000004 0.6586581406249999 0.06066429375 0.661312615625 0.0592551140625
0 0.673462946875 0.062409865625000005 0.6770960421875001 0.059486225000000004 0.679075134375 0.0603489296875 0.681634603125 0.05638803437499999 0.678375015625 0.052722815624999995 0.6800114125000001 0.0474916734375 0.6767272390625 0.047053928125 0.6737062359375 0.050379698437499995 0.6700632765625001 0.0519692328125 0.6654649187499999 0.055405304687500004 0.6625325515625 0.057612546875000004 0.6625122125 0.063286846875 0.6626705109375 0.063164546875 0.6652006687500001 0.0636875734375 0.669760190625 0.0643372796875 0.6709667687499999 0.06369674374999999 0.673462946875 0.062409865625000005
0 0.69221334375 0.0716658375 0.6904523453125 0.07034295 0.6914224640625 0.0639348359375 0.6889487484375 0.060770826562500005 0.68326553125 0.0653950875 0.6782611875 0.06541132656250001 0.6727221531249999 0.0661323515625 0.6720467703125 0.06840423749999999 0.6717330609375 0.07465521875 0.6725872265625 0.0797122015625 0.678369703125 0.0800864828125 0.6820414984375 0.0777163015625 0.6861516078125 0.0756491671875 0.6888469109375001 0.0760168578125 0.69221334375 0.0716658375
0 0.6976925796875 0.071282690625 0.6957817828125 0.07497575937499999 0.694646990625 0.077835934375 0.69442753125 0.08185566562499999 0.7000573234374999 0.081239525 0.7032513453125 0.073229875 0.7076449640625 0.0692519578125 0.705879715625 0.06548224375 0.7013868390625 0.0644616203125 0.6976925796875 0.071282690625
0 0.7299296546875 0.0491177640625 0.7331708765625 0.046555225 0.728585115625 0.0442063015625 0.7272229718750001 0.03785004375 0.7269957687499999 0.0417590828125 0.723217734375 0.043802996875 0.720302971875 0.0474550359375 0.7191660546875001 0.0490917984375 0.7194025125 0.054859373437500004 0.721499078125 0.05382290468749999 0.7255704875 0.0512023140625 0.7299296546875 0.0491177640625
0 0.7365682703124999 0.04264696875 0.7353342203125 0.0405086046875 0.731542828125 0.043554546875 0.727968165625 0.04969985625 0.72421335 0.052075843749999996 0.723379671875 0.054470031249999995 0.723632978125 0.0568994421875 0.7251259484375 0.060354496875 0.7309239046875 0.0609501609375 0.734060253125 0.054501801562499994 0.73665068125 0.05098367499999999 0.741424940625 0.048870098437499995 0.73650710625 0.0465443984375 0.7365682703124999 0.04264696875
0 0.7513422624999999 0.1179196484375 0.7537097390625 0.1207573859375 0.759995940625 0.1199841125 0.758647153125 0.112625825 0.7580596468749999 0.1089962203125 0.7610088625 0.10345081249999999 0.7556647015625 0.1033795796875 0.7515447265625 0.104112609375 0.750198821875 0.102760696875 0.74640879375 0.102247090625 0.7407178375 0.10676065781249999 0.7430249078125 0.11827878750000001 0.7513422624999999 0.1179196484375
0 0.72895679375 0.18433377812500001 0.73260961875 0.18407834843749998 0.7359599625000001 0.1878484546875 0.7371855140625 0.185093165625 0.738328046875 0.1823436828125 0.7429763375 0.177235625 0.7375195625 0.173167884375 0.7347665890624999 0.1743614875 0.7317947609375001 0.1712323109375 0.7231523125 0.1669424015625 0.722729478125 0.1668607375 0.719666284375 0.1719691828125 0.720766015625 0.17934488906249998 0.72324185625 0.183732309375 0.72895679375 0.18433377812500001
0 0.701463778125 0.20872532656249998 0.7008348390625 0.2116613609375 0.702760509375 0.2165321859375 0.7027879796875001 0.2193110875 0.700056859375 0.2243963140625 0.7055417125 0.222900446875 0.70782404375 0.22452057656250002 0.71379926875 0.22287918593749997 0.7165360046875 0.2166812375 0.7161145359375001 0.21304002500000002 0.71599843125 0.21137964999999997 0.71576273125 0.21039503437499998 0.70919301875 0.2130790921875 0.7052214765625 0.21235571250000002 0.701463778125 0.20872532656249998
0 0.6934036765625 0.187709759375 0.6906598093749999 0.185454503125 0.6879490265625 0.1848654296875 0.6842518859375 0.1856801234375 0.6934036765625 0.187709759375
0 0.6802346578125 0.18907555625 0.6837574140625 0.1965042921875 0.6915963875 0.19884819375 0.6950818078125 0.20216392187499999 0.6963185890625 0.197183190625 0.6969067015625 0.192470284375 0.6980647156249999 0.1899421828125 0.698176571875 0.18915573125000001 0.698934971875 0.186878040625 0.6964676296875 0.1873842734375 0.69393275 0.18811769375 0.6911058625 0.18586824531249999 0.6841026953125 0.18235356875 0.6802346578125 0.18907555625
0 0.775952846875 0.03321895625 0.772145975 0.036043515625 0.7681751890624999 0.0401031 0.7619298125 0.0426532453125 0.7613550546875001 0.046364121875 0.761875021875 0.0502209140625 0.766277140625 0.05113664999999999 0.7717852140625 0.049972856249999996 0.7760360171875 0.046338625 0.7806997875 0.0414519515625 0.7767394765625 0.0385031296875 0.775952846875 0.03321895625
0 0.787297121875 0.05467227031250001 0.7838244484375 0.058697021875 0.7867794296875 0.06516436406250001 0.7864291421875 0.0720852984375 0.7893798734375 0.0761058140625 0.792648565625 0.0763221765625 0.795799028125 0.07365475 0.7940562421874999 0.06543415 0.7916810265625001 0.06248572031250001 0.79430590625 0.0570742234375 0.789480953125 0.056076821875 0.787297121875 0.05467227031250001
0 0.8107682046875 0.0526973125 0.8058637234375 0.0493695828125 0.806946609375 0.0600834515625 0.8031741890624999 0.0610146421875 0.8016250625 0.06868680625 0.8037808171874999 0.075654965625 0.8075553624999999 0.0759471890625 0.8069819718750001 0.0760985171875 0.8119919328125 0.0749695578125 0.8122085109375 0.06494345 0.8138603874999999 0.0599336921875 0.818394696875 0.054388675 0.8137026953125 0.0517134828125 0.8107682046875 0.0526973125
0 0.8216594390624999 0.13925355781249998 0.8228962203125001 0.13427282499999998 0.82617826875 0.1334871578125 0.8290220015624999 0.13239844218750002 0.8300217171875 0.12999264375 0.8250940171875 0.1263328375 0.8236685828124999 0.1226505953125 0.8206791499999999 0.11807662187500001 0.814570215625 0.11661284062499999 0.8142944468750001 0.118634315625 0.8130872609375001 0.1276173625 0.8179164609375 0.1310615921875 0.8183408125 0.14070918125 0.8216594390624999 0.13925355781249998
0 0.8291250546875 0.1004673890625 0.8258141718750001 0.10203370468749999 0.820983603125 0.102149025 0.8196518125000001 0.10457804531249999 0.8190017781250001 0.10840541875000001 0.8239681796875 0.11261868281250001 0.829835040625 0.109427609375 0.8330720125 0.1044182421875 0.8340421328125001 0.0980101296875 0.831562803125 0.0959588421875 0.8291250546875 0.1004673890625
0 0.8405468890625001 0.075308690625 0.8387915046875 0.07287308125 0.835022575 0.0714681390625 0.832369465625 0.0693177703125 0.8239226515625001 0.069018565625 0.824404675 0.07710486093749999 0.8270810046875001 0.0795873046875 0.83084006875 0.07965814375 0.8386825328124999 0.079665909375 0.8405468890625001 0.075308690625
0 0.84959608125 0.08780139375 0.8497086968750001 0.091797903125 0.8540320453125 0.095166271875 0.8577411749999999 0.0969090953125 0.8582998453125 0.1013193453125 0.8612920109375001 0.0987742234375 0.8607122453124999 0.0952553109375 0.8631366343750001 0.0917487921875 0.8683625671874999 0.0889362359375 0.8629001765625001 0.0859812171875 0.85935845 0.0806672328125 0.8580512453125 0.079868778125 0.8560798921874999 0.079116765625 0.8538461265624999 0.0793842 0.849637515625 0.0812357546875 0.84959608125 0.08780139375
0 0.8589782593749999 0.11817930937500001 0.861857203125 0.1199801859375 0.8668340796875 0.11718504375000001 0.8653678203125 0.11172592968749999 0.8654444640625 0.1080498859375 0.8672300500000001 0.10614529843750001 0.867086475 0.1017060203125 0.865101765625 0.10195603906249999 0.8605899171875 0.1030501671875 0.8587923406250001 0.1023972375 0.854434540625 0.10092223593750001 0.85025051875 0.09954631875 0.8465765968750001 0.10069308749999999 0.8457823796874999 0.1084236953125 0.8483110343750001 0.1171455078125 0.8524408765624999 0.117746584375 0.8560184218750001 0.11760765 0.8589782593749999 0.11817930937500001
0 0.8724286625 0.11367931093750001 0.8699148796875 0.11352139375 0.865727365625 0.1144816109375 0.8619338484375 0.11630414062500001 0.8585399468749999 0.11787625937499999 0.8564300250000001 0.119914759375 0.8562781015625 0.12370730156250001 0.8594567937500001 0.12860174062500002 0.8617679624999999 0.1294412234375 0.8631504453125001 0.1301231828125 0.8674420734374999 0.128265821875 0.8714058765624999 0.128878509375 0.8729522703124999 0.1283254421875 0.8700359921875 0.12241155781249999 0.8710955046875 0.11966787968749999 0.8724286625 0.11367931093750001
0 0.8411872062500001 0.1441170859375 0.8444024750000001 0.14834156874999999 0.8447718859375 0.1524313546875 0.84841696875 0.152065234375 0.8511024046875001 0.15109881875 0.8535852265624999 0.1508139703125 0.8562298359374999 0.14807068437499998 0.8510917812500001 0.14498175156249998 0.8496620984375 0.13885268281250002 0.8481072046874999 0.1345120953125 0.84568418125 0.13445906406250002 0.84428621875 0.133555721875 0.8412940531249999 0.136100846875 0.840854371875 0.1393573453125 0.8411872062500001 0.1441170859375
0 0.8546315359375001 0.1621977953125 0.859906034375 0.16127280156249998 0.8577179515625 0.1574214234375 0.8581210546875001 0.15483487812500002 0.8589082921875001 0.15177654062499998 0.8586416296875001 0.15034915937499999 0.8555974078125 0.1533428546875 0.85124173125 0.15309126875 0.8480040000000001 0.1533176734375 0.8429574625 0.1551165890625 0.8432839218750001 0.156206090625 0.8439023875 0.1602784609375 0.84595326875 0.1633608046875 0.8495540374999999 0.16355394375 0.8546315359375001 0.1621977953125
0 0.8507556078125 0.15568361875 0.8474503390624999 0.1561372125 0.84467414375 0.1569987390625 0.8422623515625001 0.15472026562500002 0.83755699375 0.153047103125 0.8350122499999999 0.15244641718750002 0.8340308984375 0.161079975 0.8342631078125 0.164400725 0.8426797203125 0.1690401234375 0.84659708125 0.1689886625 0.8482849281249999 0.17165145937499998 0.8503849828125001 0.16827885468749998 0.8488399531249999 0.165272371875 0.8507296546875001 0.162470640625 0.85138743125 0.158753959375 0.8507556078125 0.15568361875
0 0.8644145421875 0.17564028125 0.8639431421875001 0.1736710515625 0.8656660468749999 0.16609796875 0.861019121875 0.1676464765625 0.857204509375 0.17036034375 0.8509394015625 0.17024227812499998 0.8496751484375 0.1724441078125 0.85043855625 0.17739620625000002 0.8515762328125 0.18054240625 0.8560149265625 0.1807881875 0.860478209375 0.17780649531249998 0.8621604390625001 0.18158201406250002 0.8642436484375 0.18154757500000002 0.8644145421875 0.17564028125
0 0.8591438374999999 0.200480084375 0.86593801875 0.20100608593749997 0.864222703125 0.1955643859375 0.8659773281250001 0.1932170328125 0.8674068593750001 0.1862206296875 0.865090075 0.1864938671875 0.8603932171875 0.189714359375 0.8577942890625 0.1883388328125 0.8520462671875 0.1860711859375 0.847044046875 0.1873108375 0.8455264890624999 0.18708325625 0.8446724718749999 0.19515174531249999 0.8472911296875001 0.19919548125 0.8523419156250001 0.1998433921875 0.8591438374999999 0.200480084375
0 0.8501284890624999 0.194436525 0.8478243015625001 0.18892476875 0.8441707171875 0.1843972390625 0.8418763968749999 0.1802195890625 0.8383276859375 0.1795778765625 0.8348993296874999 0.1830433640625 0.8342549109374999 0.1857580171875 0.839154534375 0.19498143125 0.8415684515624999 0.1984833203125 0.8444340390624999 0.2012862265625 0.846714246875 0.20168294531250003 0.84732345625 0.1960786984375 0.8501284890624999 0.194436525
0 0.8464878046875001 0.21037494531249998 0.8462766921875 0.20616285781250002 0.8484864765625 0.2007803875 0.8464145000000001 0.198589384375 0.8434645265625 0.19935183125 0.8403421421875 0.19645564843750002 0.8380787796875 0.192720765625 0.8354355375000001 0.19190450312500001 0.8309799953124999 0.1949968859375 0.82975019375 0.1953053484375 0.8320389015625 0.20059571874999998 0.8356305624999999 0.2042377171875 0.8377335015625 0.2068714890625 0.839336203125 0.20831667656250002 0.8427927875 0.212413053125 0.8464878046875001 0.21037494531249998
0 0.8606950281250001 0.202381659375 0.8559319984375 0.202269790625 0.8527759203124999 0.2060499390625 0.8514096765625 0.2103723265625 0.8512881703125 0.21459982187499999 0.8563755343749999 0.21457777656250002 0.8594528421875 0.2132502609375 0.86401325625 0.2140436953125 0.864402246875 0.20767621875 0.8649866562499999 0.20052429843750003 0.8606950281250001 0.202381659375
0 0.8506593203125 0.2390116546875 0.8509554250000001 0.23131587812499999 0.8534129015625 0.22947554062500003 0.857434378125 0.228526934375 0.85647048125 0.22547981562500002 0.8513802328125 0.21949548437500002 0.84607963125 0.2140820265625 0.84062923125 0.21368452656249998 0.8356790671875001 0.2144756078125 0.8368012625000001 0.2174004234375 0.8382808765625 0.221857509375 0.8407778140625 0.2253535921875 0.8451462375000001 0.23294565781249998 0.8506593203125 0.2390116546875
0 0.80012965 0.281135 0.804555746875 0.287165771875 0.8065418234375 0.2833562078125 0.80784614375 0.2781482859375 0.8138403390625 0.2743921453125 0.8147837484375 0.269988090625 0.813663678125 0.2682866875 0.812580184375 0.2659153296875 0.8088830437500001 0.266730021875 0.8008992796875001 0.2766318671875 0.80012965 0.281135
0 0.8638914046874999 0.231847528125 0.863488853125 0.237142015625 0.8629349359375 0.2402718625 0.8592629265625 0.2417879765625 0.857176753125 0.2438801109375 0.8572811015624999 0.250284009375 0.8590284562500001 0.254397790625 0.8605867984375 0.2570364765625 0.8604376203124999 0.2561310234375 0.8670986921875 0.24456012968750002 0.8671978843750001 0.243522821875 0.8704781203125 0.24008784843750003 0.867910353125 0.2377487203125 0.8666438109374999 0.23314337499999999 0.8638914046874999 0.231847528125
0 0.8697197171875001 0.3446662640625 0.87246775 0.3434437328125 0.8750644140625001 0.3400565578125 0.8783055984375 0.34097476875 0.8820471203125001 0.3392248234375 0.8782353046875 0.3362857734375 0.875878265625 0.3345043390625 0.8752178140625 0.329971096875 0.8740743625 0.32467022968750003 0.8697954812500001 0.3211914125 0.8670894703125 0.324242775 0.8648584906250001 0.3279478359375 0.865975853125 0.331647728125 0.8704321890625 0.3388921625 0.8697197171875001 0.3446662640625
0 0.86005224375 0.369727721875 0.8636533343749999 0.372109078125 0.8654984765625 0.3788491921875 0.8700719687499999 0.3730340703125 0.8734478046874999 0.37096623906250004 0.8757106515625 0.3677168921875 0.8699371593749999 0.3625108203125 0.8690283359375 0.35810943125 0.8680565578125 0.35771944218749996 0.8647871015625 0.353941065625 0.8562910390624999 0.360144965625 0.8569218125000001 0.36548168125 0.86005224375 0.369727721875
0 0.84914775 0.3758710625 0.8472012281250001 0.3689090671875 0.8478246593750001 0.3655453890625 0.8493951875000001 0.3573070875 0.8473654046875 0.3516102546875 0.844145934375 0.3497746421875 0.8412182625 0.3459723671875 0.8411726500000001 0.346547984375 0.8374687734374999 0.347608384375 0.837798375 0.358461471875 0.83877311875 0.36503347812500003 0.841890584375 0.3752336765625 0.8442569984375 0.37346540156249997 0.84914775 0.3758710625
0 0.8396777265625 0.3804257828125 0.8430796484374999 0.379958925 0.8424988625 0.37656497031249997 0.8397000640625001 0.3709219125 0.8363226671874999 0.3631440890625 0.8331770828125 0.3635930203125 0.832307465625 0.36834774062500003 0.8341932218749999 0.380580325 0.83654885625 0.3860253984375 0.8396777265625 0.3804257828125
0 0.8715122125000001 0.43292383125 0.8761958328125001 0.43236735 0.8787432921875 0.43196024375000003 0.8819996281250001 0.42818348281249996 0.8786027046875 0.42258225156250007 0.8788763812499999 0.41912854531250004 0.8763353281249999 0.409803925 0.8736430640625 0.41182395625 0.8691209656250001 0.4159182 0.8700616546875001 0.420775303125 0.8711515265625 0.42653785781250003 0.8715122125000001 0.43292383125
0 0.8764168671875 0.4478074546875 0.8815769250000001 0.4442410296875 0.8811431328125 0.44049333749999997 0.8770612312500001 0.4386035453125 0.8730299421875 0.43007004687499994 0.8684650406250001 0.4274126296875 0.8664758734375001 0.42720826875 0.8651463765624999 0.426614321875 0.8650146921875 0.43578238125 0.8695919328124999 0.44107210625000004 0.870977196875 0.4424635515625 0.8729294984375 0.4482802875 0.8747166859375 0.4529637109375 0.8764168671875 0.4478074546875
0 0.8685137781250001 0.44652832187499997 0.8649698609375 0.4412808265625 0.8652435390625 0.43782712031250004 0.865026253125 0.433491859375 0.86329264375 0.42834674531249994 0.8577378453125 0.42381229375 0.85547375 0.44423457187500004 0.8585665328125 0.44917015625 0.8621385687500001 0.44376852343750006 0.8685137781250001 0.44652832187499997
0 0.8554949921875 0.46541292968750003 0.8560446921875 0.473274 0.8588506765625 0.47410815624999997 0.8606088109375 0.4710085890625 0.86414398125 0.471219328125 0.8657290359375001 0.46687252343749996 0.8622155781249999 0.46574437968750004 0.8619447125 0.46187080937499997 0.8615326328125 0.45720571249999997 0.860574603125 0.455784390625 0.8587917875000001 0.4536193453125 0.8535622171874999 0.45741960312499996 0.8534514640624999 0.4607474296875 0.8554949921875 0.46541292968750003
0 0.8627429390625 0.4831093203125 0.862167934375 0.4785701015625 0.86443078125 0.47532075625000003 0.8602713984375001 0.47355086718750006 0.85680355625 0.47184710625 0.8515485234375 0.46545992187499996 0.8505391015624999 0.46575947968750003 0.8468027328125001 0.47495063125000003 0.8516305328125 0.48136769062500007 0.858099153125 0.48423544375 0.8627429390625 0.4831093203125
0 0.8087765796875 0.4493317265625 0.815024321875 0.45026867031249995 0.8178346812499999 0.4536212046875 0.8204176000000001 0.45126536249999993 0.817565221875 0.44608399531250004 0.8204204125000001 0.44393808437500004 0.821963446875 0.437762446875 0.81853465625 0.4317055015625 0.8172290609375 0.43145334062499996 0.8128437999999999 0.43382072968749996 0.8125288828125001 0.44036843125 0.8119749625000001 0.44349827656249996 0.8087765796875 0.4493317265625
0 0.798838084375 0.4570103171875 0.8006947859375 0.461459909375 0.8028150125 0.46108267812500003 0.8065065484374999 0.4573899703125 0.8112061 0.45706134687500005 0.8089598140625001 0.4519520828125 0.806012615625 0.45032639999999996 0.8061769468750001 0.44653688437500005 0.8044947312499999 0.4396708921875 0.8042383921875 0.4396888171875 0.7999979374999999 0.44044328125 0.79548380625 0.4446514515625 0.7974600078125 0.45080997187499994 0.798838084375 0.4570103171875
0 0.714254571875 0.44094373124999997 0.7109691796875001 0.4369375 0.7092718125 0.43476647812499997 0.7073666843749999 0.43821978125000005 0.7062841546875 0.44115762031249994 0.7035665843750001 0.4464995046875 0.7026796265625 0.45469000625 0.7065711109375 0.458768340625 0.7101084656250001 0.46023827031250003 0.7121801125 0.45425463906249997 0.713105496875 0.45029741874999996 0.7138781062499999 0.44783919375 0.71784988125 0.4444703484375 0.7158643062500001 0.4418615390625 0.714254571875 0.44094373124999997
0 0.7703561296875 0.40279033281250004 0.7732927984375 0.40258497968749996 0.776682734375 0.3998184828125 0.7779662328125 0.4031013328125 0.7803855875 0.401526903125 0.780038925 0.39958379375 0.7774577421875 0.39582958437500004 0.778310978125 0.39295942031250003 0.7783642828125 0.390707290625 0.7775927265625 0.38570234062500003 0.77394854375 0.38483296562499997 0.7710172453124999 0.3881294921875 0.7710226125 0.39122067031249996 0.771296415625 0.39513622656249997 0.770521409375 0.3991251234375 0.7703561296875 0.40279033281250004
0 0.7858129484374999 0.2651190984375 0.7815981515625 0.265132775 0.780336128125 0.27421463125 0.7768928875000001 0.27923325781249997 0.7732931875 0.28201442656250003 0.7727724265625 0.289639196875 0.7733537765625 0.294938496875 0.780499871875 0.291628290625 0.7810988625 0.2851222515625 0.7869330828125001 0.2841521828125 0.790225234375 0.279987271875 0.7872387140625 0.2734509046875 0.7858129484374999 0.2651190984375
0 0.60370664375 0.24698610312499997 0.6089412249999999 0.240844996875 0.605752046875 0.2357371734375 0.603796353125 0.2292103875 0.6033593296875 0.2205783421875 0.5989633359375001 0.214888553125 0.5955944375 0.21912225468750002 0.590128009375 0.221947803125 0.59085021875 0.22989354999999997 0.59933035 0.243960353125 0.60370664375 0.24698610312499997
0 0.5472057718750001 0.2418301890625 0.544707890625 0.2442260375 0.54365988125 0.24829744687500002 0.5512983953124999 0.25509320625 0.5546912359375 0.2559665453125 0.560983825 0.260191003125 0.5589493359375 0.2430080609375 0.5523251890624999 0.2388067875 0.5472057718750001 0.2418301890625
0 0.580002821875 0.3368244984375 0.5796318671875 0.331519603125 0.5821452046875 0.3293447921875 0.5856532125 0.3271004265625 0.5801586000000001 0.3223759328125 0.5780259125 0.31808270156249996 0.5729865078125 0.315103321875 0.5674385531249999 0.3143806828125 0.5668696953125 0.3253042453125 0.57394480625 0.3288076296875 0.580002821875 0.3368244984375
0 0.564510921875 0.32968942968750004 0.563047103125 0.337343803125 0.5623882359375 0.3398331734375 0.5610635265624999 0.34947688125 0.55795314375 0.3550252140625 0.5573070046875 0.364843590625 0.5613405296875 0.370114490625 0.5682595593750001 0.36185653281249996 0.571580575 0.3474087515625 0.57140206875 0.3400913375 0.570710771875 0.3325876640625 0.564510921875 0.32968942968750004
0 0.6261275687500001 0.38179875625 0.6255402234375 0.37339934218750004 0.619722540625 0.3735840359375 0.6114927421874999 0.38215576875 0.6083514484375 0.38726202656250003 0.6068524765625 0.3920313234375 0.6114718296875 0.3961506671875 0.61476071875 0.3979197484375 0.6235033062500001 0.38953427500000004 0.6327714125 0.3886640671875 0.62824055625 0.38342794687500004 0.6261275687500001 0.38179875625
0 0.48381434843750004 0.40019075156249995 0.48192199531249996 0.40409908437500003 0.4843019828125 0.411928909375 0.4862955609375 0.4142328015625 0.493304603125 0.4144090359375 0.499442628125 0.416423121875 0.5037401265625 0.408792715625 0.503450696875 0.40703601093749997 0.5016607796875 0.4004976328125 0.49777060781250004 0.3996590703125 0.49207233125 0.3991690609375 0.48381434843750004 0.40019075156249995
0 0.4542389078125 0.32029731093749997 0.4601747859375 0.33609685 0.463733403125 0.336958596875 0.46595731249999994 0.33302708124999997 0.4668859125 0.329630375 0.46792695 0.33022393437500003 0.47143495468749996 0.3279795671875 0.4714728390625 0.323756675 0.4670810890625 0.3205098875 0.46616643125 0.314576659375 0.46524055937500003 0.3108653953125 0.46261478437500003 0.3090499453125 0.45459561718749997 0.308722228125 0.4546532 0.307163375 0.4539549328125 0.30432466874999997 0.45423314843749996 0.30830333906249996 0.45308543125 0.315713490625 0.4542389078125 0.32029731093749997
0 0.4345822484375 0.379866765625 0.43248471874999994 0.3784586125 0.43176826718749994 0.3825068359375 0.43528900156250006 0.387591475 0.43574845156249997 0.391779590625 0.44077240156249997 0.3945379328125 0.44228682968750005 0.3899896734375 0.44154219218749996 0.3864878546875 0.44017232812499996 0.37880951406249996 0.4392507 0.37754125156249996 0.4345822484375 0.379866765625
0 0.518642246875 0.562344815625 0.5180015640625 0.5579472562500001 0.51391045625 0.554235209375 0.50792548125 0.5448805265625001 0.4996871953125 0.5485662546875 0.4987543546875 0.5495199578125 0.5008337 0.557815040625 0.5091001687500001 0.5616793546875 0.516935371875 0.5689055953125 0.518642246875 0.562344815625
0 0.45923465625000004 0.5585027499999999 0.45498625625000005 0.5596883 0.45568179531249997 0.5696349734374999 0.45201649687499995 0.5767769359375 0.4529466109375 0.5829312015625 0.4568170859375 0.581105725 0.4601396140625 0.5762089125000001 0.4639973609375 0.5670544296875 0.4682681890625 0.5614249515624999 0.46318665625 0.5602254609374999 0.45923465625000004 0.5585027499999999
0 0.32814856875 0.627863171875 0.3312028828125 0.6334246625 0.3373718203125 0.6358808218750001 0.3434171078125 0.636568684375 0.34530521875 0.63021735 0.341063790625 0.62673793125 0.3347712 0.622513475 0.33045673125 0.6203718734375 0.3297866484375 0.625083209375 0.32814856875 0.627863171875
0 0.33466573125 0.613858246875 0.33344073281250003 0.6201632109374999 0.3392275046875 0.61953644375 0.345369771875 0.62399353125 0.35011550625 0.6227732046875001 0.3540899328125 0.6200519875 0.3529631296875 0.6134672390625 0.34407567499999997 0.6078694046875001 0.34065192187500004 0.6065539921875 0.3366380953125 0.60394713125 0.3373448484375 0.611671840625 0.33466573125 0.613858246875
0 0.30934353593749997 0.5876420734375001 0.3103509328125 0.5949015234374999 0.31321552656249996 0.5953675671875 0.3143156609375 0.603953240625 0.31708751562500004 0.6030930609375 0.3186483140625 0.5992079125 0.3215086640625 0.597230953125 0.31898956875 0.5874117921875001 0.3142326203125 0.590854084375 0.30934353593749997 0.5876420734375001
0 0.3124025390625 0.5344631843750001 0.310850803125 0.5380229578125 0.313989490625 0.539454084375 0.3212121578125 0.54134990625 0.3266429265625 0.5433710296875 0.33227864218750003 0.5402759515625 0.332817728125 0.5399381453125 0.32737365 0.5361172921875 0.32009590781249997 0.5318244421875 0.31573859843749996 0.532279190625 0.3124025390625 0.5344631843750001
0 0.3298919734375 0.4852226078125 0.332978453125 0.485907109375 0.33359718125 0.47866120468749995 0.3311437640625 0.47898281875000004 0.32759129374999996 0.47968139687500005 0.3251245671875 0.47820328281249996 0.3226218078125 0.479428678125 0.32359658125 0.48371210937500003 0.32145641875000003 0.48851346875 0.320524434375 0.49127962968750005 0.319715909375 0.5006395765625 0.3227008375 0.501481234375 0.32423742187500004 0.500923621875 0.328886078125 0.4981976765625 0.3297212203125 0.49243718750000004 0.3294184078125 0.4881067671875 0.3298919734375 0.4852226078125
0 0.3011495375 0.4926344546875 0.2994980921875 0.49154949375 0.29619049375 0.49253105937499997 0.2918018578125 0.4925378328125 0.289572428125 0.49284378437500004 0.28879420625 0.4961994140625 0.29083670625 0.4996579078125 0.2901135578125 0.5054105640625 0.2894768125 0.5140082234375 0.292761684375 0.5175298984375 0.2986451375 0.5163682109375001 0.300350634375 0.51339790625 0.299099665625 0.5083835140625 0.2980356234375 0.4996046734375 0.29917071093750003 0.4965242015625 0.3011495375 0.4926344546875
0 0.2908401890625 0.4723476546875 0.29224103125 0.46984881874999995 0.291605103125 0.46719229687499997 0.288602159375 0.46770239374999995 0.286708709375 0.4679848515625 0.283293825 0.4658227640625 0.27884540625 0.46658399375000004 0.2790704171875 0.4730206234375 0.282250871875 0.47504905 0.2817175203125 0.47868766406249996 0.2795384546875 0.4845421296875 0.280826484375 0.49330530625 0.2848373703125 0.4927247265625 0.2912048328125 0.4888282046875 0.2918862125 0.4824782484375 0.2898664375 0.4745165171875 0.2908401890625 0.4723476546875
0 0.302641903125 0.44316200625 0.30327680468749996 0.439366234375 0.300442775 0.437463640625 0.2969918546875 0.4380050609375 0.29237636718750004 0.43637709375 0.29037665625 0.43996819218749994 0.29475587187499996 0.44626438593750006 0.29504824375 0.45044548124999995 0.2959585234375 0.45863485156249995 0.2977115203125 0.45956265625 0.3015401875 0.459595040625 0.3032827421875 0.46037351718749997 0.30575131093749996 0.45704974375 0.3058547046875 0.45209069843750005 0.3042184109375 0.4480035796875 0.302641903125 0.44316200625
0 0.295562553125 0.4417063265625 0.2962943 0.440904884375 0.30067249375 0.4407487859375 0.299366446875 0.4333373625 0.298720078125 0.4305315171875 0.2984561671875 0.4251479921875 0.2975155859375 0.4229629390625 0.2947802390625 0.41925278437499996 0.29216834999999997 0.4221364140625 0.29130188437500004 0.427448928125 0.29284809218749996 0.438294821875 0.2932628984375 0.44261740937500005 0.295562553125 0.4417063265625
0 0.358629090625 0.42784282031250004 0.3618427140625 0.42551733281250004 0.3647934484375 0.4242606125 0.3633840078125 0.421808234375 0.3616072609375 0.41893137812500003 0.35780705468749996 0.417696565625 0.351345615625 0.42024916093750003 0.3485126078125 0.42479886093749997 0.3486969078125 0.4304973671875 0.3516523171875 0.432682278125 0.3561187546875 0.4305692953125 0.358629090625 0.42784282031250004
0 0.3358096234375 0.4040792203125 0.332124275 0.4044869796875 0.33006191406249996 0.407182128125 0.32548061875 0.407652540625 0.3265389265625 0.4131305703125 0.33014647343750003 0.41482902031249996 0.330019328125 0.4178390109375 0.3288946828125 0.421068809375 0.3318435734375 0.4246139765625 0.33352634375 0.42614691093749996 0.3359949140625 0.4228231375 0.338598203125 0.41498829375 0.333567909375 0.40903773593750004 0.3358096234375 0.4040792203125
0 0.3276955140625 0.381388090625 0.32272131718749997 0.3842868546875 0.32744122343750004 0.38740807187500004 0.3292284125 0.39043425468750004 0.331849921875 0.3989541296875 0.3369342703125 0.400849421875 0.33951483125 0.3975178171875 0.33746188906249996 0.39390999843749996 0.3337964015625 0.3881641140625 0.3338371453125 0.38230912031250003 0.33128401875 0.3779860046875 0.3276955140625 0.381388090625
0 0.3242927109375 0.356866965625 0.3214928703125 0.35706275 0.318312415625 0.3550343234375 0.318435875 0.361628109375 0.3206321359375 0.365676071875 0.3217872859375 0.3741484296875 0.32766889843749997 0.3777886328125 0.331729128125 0.3763042734375 0.33384840625 0.3712042640625 0.332712296875 0.36783244375 0.328622584375 0.3640669390625 0.32747603125 0.36054579531250003 0.3262877125 0.35642735000000003 0.3242927109375 0.356866965625
0 0.32157006093749996 0.30183711406249997 0.324905096875 0.2932008265625 0.3212140171875 0.2903077765625 0.31738821562499997 0.2919257984375 0.3137825125 0.28542545937499997 0.308818759375 0.2884735484375 0.3118673609375 0.29666344843750003 0.3084383484375 0.30395581250000003 0.31114625937499996 0.3153206921875 0.312639234375 0.3189676671875 0.3134493765625 0.3194999125 0.32101787187499997 0.31808166718750003 0.3210975171875 0.3111735671875 0.32157006093749996 0.30183711406249997
0 0.3425804328125 0.315823590625 0.34668529531250003 0.31658693437499996 0.342715153125 0.3113125203125 0.340868178125 0.30904079375000004 0.341070259375 0.3022741875 0.3383216046875 0.296764303125 0.3334641125 0.29650375156250003 0.33222460468750004 0.2980909765625 0.332754271875 0.3040561375 0.333192828125 0.31032778125 0.335196428125 0.31483937968750003 0.3387384578125 0.313991478125 0.3425804328125 0.315823590625
0 0.3464066453125 0.2675384390625 0.34241090937499996 0.2651168578125 0.3384939984375 0.2670413609375 0.333608046875 0.2679832390625 0.3314859 0.27143284375 0.3297054671875 0.2781597640625 0.32967987499999996 0.2810125984375 0.3309830546875 0.286773615625 0.33734580625 0.286028578125 0.3390721875 0.2833569234375 0.3407957015625 0.2790348625 0.341826371875 0.2744611421875 0.3434350265625 0.26849650937499997 0.3464066453125 0.2675384390625
0 0.343752990625 0.26982477031249996 0.34055738281250003 0.270798503125 0.3398047546875 0.27130129687500004 0.339925346875 0.2762446796875 0.344564584375 0.2798217015625 0.3457557703125 0.28559055 0.348810921875 0.2858270796875 0.352136540625 0.283493759375 0.3524848046875 0.278817703125 0.3497807859375 0.2755555203125 0.348631365625 0.27038397187499996 0.3477192421875 0.2669964890625 0.343752990625 0.26982477031249996