0 0.8765247687500001 0.591079234375 0.88144208125 0.58571953125 0.8816321953124999 0.5800044203125 0.8772559484375 0.583194021875 0.874700828125 0.5865083953125 0.872569271875 0.5856476515625 0.8723713453125 0.5790125765624999 0.86806958125 0.5774460968749999 0.8687334671875 0.5856791375 0.864941309375 0.5934597359375 0.8605678765624999 0.6010954046875 0.8611535281249999 0.6081564375 0.8629762187500001 0.610751246875 0.8705331328125 0.613129328125 0.8713048359375 0.6080531515625001 0.8738156828125 0.5960016515625 0.8765247687500001 0.591079234375
0 0.8315760015624999 0.5851408296875 0.8308005484375001 0.5842889140625 0.8287067015625 0.5817911421875 0.825996990625 0.58572554375 0.827006515625 0.5891054687499999 0.8260019906249999 0.5936296640625 0.8248036000000001 0.59794088125 0.8258520875 0.6016598046875 0.830927115625 0.600620146875 0.8324353125 0.5960568875 0.83313003125 0.5917847328125 0.832702409375 0.5895377546875 0.835683590625 0.5860003234375 0.8330474234375 0.5836966218749999 0.8315760015624999 0.5851408296875
0 0.80986603125 0.50432135 0.80742810625 0.50914673125 0.8068053687500001 0.5047107421875 0.80537009375 0.5020478828125 0.8028932062499999 0.5065342640625 0.8000641156249999 0.5054996078125 0.797510559375 0.5112840171874999 0.7981348578125 0.51819004375 0.7978668250000001 0.5232271546875 0.79550744375 0.5297185515625 0.7952789953125 0.5360826765625 0.7982255921875 0.53912235 0.8023718265625 0.5398268359375 0.8063603468749999 0.5362112781249999 0.8083310625 0.5278119 0.8081733484375 0.5234918546875 0.80762759375 0.51825184375 0.807779996875 0.5141737640625 0.811885084375 0.5110811953125001 0.80986603125 0.50432135
0 0.7910676515625 0.554954496875 0.790718259375 0.5538795234375 0.7928055453125 0.546003140625 0.7919892578125001 0.5418481796875 0.78830741875 0.5402716234375 0.7843173375 0.54141714375 0.7821109828125 0.544818475 0.779443671875 0.554525959375 0.7782889281250001 0.5665862890625 0.7814325125 0.574779015625 0.786624109375 0.5742623515624999 0.790882225 0.56807971875 0.792466778125 0.5617244218749999 0.7917673734374999 0.5585864625 0.7910676515625 0.554954496875
0 0.7493076796875 0.56742796875 0.7505403421875 0.5560456390625 0.7449591437499999 0.5531723015625001 0.7415490890624999 0.5524867234374999 0.737015125 0.5513562796875 0.7353146296874999 0.558176596875 0.73241418125 0.5668380953125001 0.733388809375 0.576301115625 0.734631159375 0.58023301875 0.73819768125 0.5832626140625 0.740325175 0.577701259375 0.7433827156249999 0.5723717921875 0.7493076796875 0.56742796875
0 0.707005803125 0.64200145 0.705256971875 0.6336625453125 0.7001778812499999 0.62828010625 0.6938620640625001 0.6278578984375 0.692198653125 0.632053171875 0.6904227374999999 0.64214755 0.6911645421875 0.651058590625 0.694577721875 0.6566842453125 0.7012426171875 0.6576874171875 0.7051513421875 0.6504298125 0.707005803125 0.64200145
0 0.6834843953124999 0.5763714281250001 0.6885210875000001 0.5759807859375 0.689094553125 0.5637755296875 0.6853712546875 0.5579079109375 0.6843607921875 0.553045965625 0.6823822609375 0.5490951546875 0.6777329812499999 0.5494177484375 0.6714620640625 0.5587206828125 0.6716543640625 0.5564636234375 0.6702677359375 0.5694539953125 0.6712386140625 0.5729889265625 0.673294440625 0.5766297234375 0.6757383031249999 0.5811904828125 0.6805403 0.577283815625 0.6834843953124999 0.5763714281250001
0 0.69148560625 0.484849028125 0.688774021875 0.48581938593749996 0.6865692296875 0.491690753125 0.68715550625 0.49973980156250003 0.6896760421875 0.5030025328125001 0.6891381 0.5101127078125 0.6898375062500001 0.51325066875 0.6959204999999999 0.5131208968750001 0.6984662453125 0.49498629843749997 0.6990830453125 0.4900361453125 0.6996228624999999 0.4858900140625 0.6949352453125 0.48686162343749995 0.6942000046875 0.48832473906249996 0.69148560625 0.484849028125
0 0.6705879625 0.46317434375 0.6660159796875 0.46318692187500005 0.6626860328124999 0.46663739531250004 0.66025091875 0.47590884375 0.66269665625 0.48343364843750003 0.662857184375 0.49219976093750006 0.6651081234375 0.498029565625 0.6721217828125 0.4991196953125 0.6761109296875001 0.49649215 0.6773077562500001 0.48971089531249995 0.677458284375 0.48266876875 0.6754404828125 0.47788495312499996 0.6743143875000001 0.4739820359375 0.672840465625 0.471474184375 0.6718680234375001 0.46546921562500004 0.6705879625 0.46317434375
0 0.6646552890625 0.5171799125 0.661825571875 0.515157240625 0.6577591328125 0.5180947984375 0.6521090765625 0.5288696765625 0.6535484140625 0.5379546328125 0.6584311421875 0.539172034375 0.6638932734375 0.53757031875 0.6656305421875001 0.5276309484375 0.6646552890625 0.5171799125
0 0.6509450609375 0.5875217140625 0.6536968562500001 0.5888663875 0.6594295203125 0.5861796218750001 0.66438610625 0.581652925 0.66519645625 0.57642174375 0.6632556375 0.5708339046875001 0.6573259859375 0.5683676171875 0.653451534375 0.5685541093750001 0.6481835796875 0.5708628109375 0.6443103765625 0.573025334375 0.6382716562499999 0.5818922328125 0.63664814375 0.5879085296875 0.6421520468749999 0.59109188125 0.6441660984375 0.589947609375 0.6478071015625 0.588221121875 0.6509450609375 0.5875217140625
0 0.618265934375 0.5001805234375001 0.617642571875 0.49475652031250006 0.612100334375 0.49222218125 0.6113616546875 0.4882512140625 0.60938125 0.4813363609375 0.6042317374999999 0.4871321 0.6034996203125 0.493535290625 0.601834021875 0.4942725109375 0.59869825 0.498429971875 0.5943992984375 0.501309559375 0.59405553125 0.509126721875 0.5983647953125 0.5225493796875 0.6024324859375 0.52158785 0.6068411296875 0.5083630921875 0.610867984375 0.5040985171875 0.618265934375 0.5001805234375001
0 0.56817015625 0.5039899171875 0.5669642671874999 0.49644495468749994 0.5601796796875 0.48997871562500006 0.5573864234375 0.4843429828125 0.5510316468750001 0.48358177500000005 0.5463078859375 0.48866044999999997 0.547555546875 0.5009904796875 0.5504625562500001 0.5027031375 0.5546885890625 0.50704966875 0.5572483953125 0.5111454078125 0.565188975 0.5075273484375 0.56817015625 0.5039899171875
0 0.5131342515624999 0.47709647187500004 0.510540171875 0.48007184374999995 0.50957366875 0.48345301718749994 0.50503908125 0.481334559375 0.501942271875 0.48583101875 0.503884340625 0.49339488749999993 0.5072557484375 0.494235475 0.5077229562500001 0.49780947031249995 0.5081898546875 0.50088945625 0.5114072953125001 0.5033380875 0.5161728296875 0.5030444796875 0.5175273734375 0.500583271875 0.5181821953125 0.4944900953125 0.51810115 0.4888720203125 0.51573676875 0.4874592984375 0.5141852390625 0.4847674546875 0.5173213234375 0.481104003125 0.5131342515624999 0.47709647187500004
0 0.46420248124999997 0.605995615625 0.4628071046875 0.6051537796875001 0.46195341718750005 0.6031298578125 0.4574577921875 0.6013504000000001 0.4554827 0.602833671875 0.45637784375 0.609148653125 0.454596615625 0.61084490625 0.45638159375000004 0.61507674375 0.459830609375 0.616101321875 0.46285356406249994 0.6173489609375 0.46483209218750005 0.6212997687499999 0.4677774390625 0.6223634125 0.47180679375 0.6220508984374999 0.47579593906250006 0.6194233546875 0.47788603749999997 0.6159930375 0.47838501874999995 0.6085438625 0.47559301249999997 0.604884159375 0.471446465625 0.603685665625 0.4677661890625 0.60457914375 0.46420248124999997 0.605995615625
0 0.6365950109375 0.68766905 0.6377937140625 0.683851840625 0.64325646875 0.683238140625 0.6442198484375 0.6749168921875001 0.6380554968750001 0.6689345796875 0.63441574375 0.6726370984375001 0.633446428125 0.671572203125 0.6314283125 0.6662943796875 0.6270096703125 0.6637108984375 0.621431596875 0.665777634375 0.6200405921875001 0.6718519046875 0.6195793218750001 0.67766405 0.6231857390625 0.68251466875 0.630585253125 0.6810667109375 0.6310518359375 0.6836526890625 0.633766546875 0.68762240625 0.6365950109375 0.68766905
0 0.6500233468750001 0.7229578859375 0.6506049359375 0.723596821875 0.65397759375 0.7264134390625 0.6569216890625 0.725501053125 0.658314565625 0.7223908296875 0.6576151593749999 0.7192528703125001 0.656993671875 0.7167929109375 0.6583868625 0.7141766953124999 0.6592364859375001 0.7097785203125 0.6573757734375001 0.708326734375 0.6560196671875 0.70831790625 0.6524964828125001 0.712543415625 0.6495517625 0.7124677875 0.642812696875 0.7167147046875 0.6420783921875 0.719659840625 0.6425851859375 0.7245608515625 0.64615108125 0.72660243125 0.6484353546875 0.7238791015625 0.6500233468750001 0.7229578859375
0 0.6645103781249999 0.7168559609375 0.66505238125 0.7161678828125 0.6684624375 0.7168534609375 0.6708991140625 0.71005205 0.668069709375 0.7085233843750001 0.664892478125 0.708389784375 0.66341886875 0.706375940625 0.6624470515625 0.7013589875 0.6581097671875 0.7048875890625 0.657609221875 0.7098667296875 0.6542412515625 0.7144602250000001 0.6520352125 0.7183555625 0.6495614484375001 0.7277820187499999 0.652894834375 0.729765628125 0.65735025 0.7292300546875 0.6602164265625 0.72763966875 0.661842440625 0.72557543125 0.6645103781249999 0.7168559609375
0 0.6275861500000001 0.778775571875 0.628864959375 0.7790944140625 0.629680621875 0.782261359375 0.634833571875 0.7818997015625 0.6352951546875001 0.7765815640625 0.63230835 0.7712268609375 0.6324233546875 0.769279815625 0.6348248203125 0.76806749375 0.634548975 0.7607544171875 0.6304806609375 0.76072793125 0.6268412203125 0.7649244546875 0.6246345546875001 0.7678317796874999 0.62354929375 0.7672319078125 0.6207585390625 0.765548234375 0.61843530625 0.7679325640625 0.6146786718749999 0.7706180812500001 0.6116214453125 0.77644155625 0.61143101875 0.7816626578125 0.6132153734375 0.7849064828125 0.6195305640625001 0.7843406749999999 0.6231332328125 0.783263203125 0.6275861500000001 0.778775571875
0 0.6557109015625 0.771463903125 0.6596246265625 0.77211041875 0.6634167828125 0.7643298203125 0.66035424375 0.7617551687499999 0.6564021828125 0.76175766875 0.655975496875 0.7609927109375 0.6563202015625 0.7546575703125 0.6500436578125 0.755068371875 0.65070785625 0.7637954203125 0.6489263140625 0.7649976640625 0.6434660578125 0.769563421875 0.639555459375 0.7738569828124999 0.636772828125 0.7850175046875 0.63948785 0.7894812296875 0.64700455625 0.7895442796875 0.6509927640625001 0.7854347109375001 0.652654925 0.779263409375 0.6557109015625 0.771463903125
0 0.5948458671875 0.8397626375 0.5997276578124999 0.8394980171875 0.6014755515625 0.8463549 0.609961259375 0.8469888359375 0.6119734375 0.8428805203125 0.6093338359375 0.8351427359375 0.6123935625 0.833271321875 0.6149069078125 0.8251718796875 0.6121535515625001 0.8213571703125 0.6074282265625001 0.8239658078125001 0.6057221046875 0.821893990625 0.6023497609375 0.8195713828125 0.5998295390624999 0.816802659375 0.5953738093750001 0.816844225 0.587746159375 0.825150315625 0.5815487874999999 0.8282151453125 0.581207521875 0.8399843671875 0.585701584375 0.8392937890625 0.5886079703125 0.8400184328125 0.5948458671875 0.8397626375
0 0.5798009953125 0.8827701953125 0.583980253125 0.874427540625 0.58436110625 0.8639853328125 0.5787418843750001 0.8622550171875 0.5761830156250001 0.8596413015625 0.57652615625 0.8508361234375 0.5704054546874999 0.852602925 0.56893778125 0.859975221875 0.56789210625 0.860702365625 0.5632456390625 0.8654710265625001 0.5620843359375 0.8671571984374999 0.565690128125 0.8710198015625 0.568829025 0.8718024156249999 0.57386978125 0.8778338703124999 0.5798009953125 0.8827701953125
0 0.5578035078125 0.8986892187500001 0.5621841296875 0.9024157203125001 0.5699355328125 0.9059947953125 0.5759412312500001 0.9061750375000001 0.5793515984375001 0.907354625 0.5836527359375 0.9079330890625 0.5867916328125 0.9087157046875 0.5957398640625 0.9055135234374999 0.5970189859375 0.9063263734375001 0.5997368203125 0.9152361656249999 0.60698143125 0.9139142281250001 0.6062436875 0.911425284375 0.6052715609375 0.905914325 0.6075954171875 0.904518009375 0.6130148390625 0.8966492031250001 0.6075888546875 0.8941438515625 0.602825196875 0.897401503125 0.6000730890625 0.8955628250000001 0.5968946046875 0.8934531953124999 0.594181459375 0.8919535140624999 0.5892613328125 0.8928671515625 0.5826394609375 0.8986250765625 0.58395598125 0.8973068906250001 0.5820170359375 0.8946830953125 0.5687639171875001 0.8913787203125001 0.555941546875 0.8952614015625 0.5578035078125 0.8986892187500001
0 0.5444627828125 0.8793926140625 0.5437228515625 0.8734456156249999 0.5446494578125 0.8682434203125 0.5479024234375001 0.86559696875 0.5436763906250001 0.8612504375000001 0.5331775671875 0.8632427953124999 0.53058255 0.8647361468750001 0.5291924859375 0.8722924375 0.532449825 0.8765620890625 0.5377187171875 0.8757354109375 0.5380690453125 0.8782924062499999 0.539892671875 0.8823692359375 0.5444627828125 0.8793926140625
0 0.506911965625 0.8695362140625 0.5062109953125 0.8639282171874999 0.508841846875 0.8578337921875001 0.5126745265625 0.8528622328125 0.5079451390624999 0.8490487718749999 0.5027557296875 0.8530234890624999 0.500120815625 0.8526958171875 0.4951595421875 0.8498124015625 0.48946552656250003 0.8523441593750001 0.48900362968750005 0.8571682921875 0.4882331765625 0.8642204953125001 0.4940858453125 0.86749080625 0.49850230156249997 0.8666162343750001 0.500209046875 0.8696760640625 0.5037362953125 0.87187265 0.506911965625 0.8695362140625
0 0.42471502031249997 0.8594294171874999 0.42755610156249996 0.8611434515624999 0.4302103921875 0.8585647375000001 0.430970840625 0.8551786140625 0.42910238281249996 0.8529248921875 0.42836222187499995 0.846818053125 0.4271774328125 0.8445113046875001 0.42499273125 0.8411730609375001 0.423753571875 0.836059225 0.4213594578125 0.8342331484375001 0.4164445328125 0.8381478250000001 0.4153695375 0.8431316453125 0.417186175 0.8466016046875 0.4179510796875 0.8502563000000001 0.418979128125 0.8542000890624999 0.421347225 0.8564666437499999 0.42261346250000004 0.862816390625 0.42471502031249997 0.8594294171874999
0 0.6521215312499999 0.3133949125 0.65099280625 0.3165774734375 0.652572528125 0.3196531375 0.6533348859375 0.3192845078125 0.6536519765625 0.3217101375 0.65204899375 0.32343355625000003 0.652550115625 0.3257933296875 0.655469884375 0.3271917578125 0.6570189234375 0.3233318015625 0.658934328125 0.3166579125 0.659643590625 0.31549385625 0.6603780218749999 0.312548209375 0.6636368703125 0.30956152187499997 0.6660013625000001 0.306128365625 0.6670740234375 0.29745649375 0.666993 0.29408405000000004 0.6665428546875 0.28916693437499996 0.6638608484375 0.2895039078125 0.6588143515625 0.293274040625 0.655925265625 0.29881122968749996 0.6547967515625001 0.30232906875 0.6541951640625 0.307430925 0.6546438265625001 0.3100011 0.6541190203125 0.31176985468749996 0.6521215312499999 0.3133949125
0 0.6771314546875 0.2752692359375 0.681022784375 0.274451590625 0.683991621875 0.2702751796875 0.68588249375 0.2663887125 0.6862471640625001 0.2608925640625 0.6833265468749999 0.2581530265625 0.679750609375 0.258714084375 0.6748342015625 0.2602818203125 0.670022709375 0.2614287515625 0.6706042171875 0.2661551359375 0.665925996875 0.27012883125 0.66524614375 0.2762168453125 0.6689018328125 0.27701656875 0.671661253125 0.27435232656249997 0.67526405625 0.2746918984375 0.6771314546875 0.2752692359375
0 0.687719140625 0.21835085625 0.6896125578125 0.21848771406249998 0.692792928125 0.216151909375 0.695051015625 0.210792615625 0.6949166859375 0.20628946718750002 0.688813365625 0.2021976859375 0.6864198874999999 0.20137744062500001 0.685078565625 0.2010430125 0.6856549828125 0.1977227453125 0.6856006156250001 0.194915653125 0.6811554921874999 0.193248653125 0.679842521875 0.19616179375 0.6803997093749999 0.2040108765625 0.6767713125 0.2047823359375 0.6763288015625 0.21193520000000002 0.6809035875 0.21072925156250003 0.6836926328125 0.21332424374999998 0.6848251765625 0.2161766703125 0.687719140625 0.21835085625
0 0.6708397234375 0.1811786203125 0.6743115890625 0.182379478125 0.6773608109375 0.18056968125 0.67896315625 0.1778404296875 0.6783824968750001 0.1744551546875 0.6765127640624999 0.17018976875 0.6724092640625 0.168160978125 0.6712238375 0.1648484 0.6718252125 0.1594112671875 0.6674325484375 0.1575338640625 0.665860675 0.16686345625000001 0.663653984375 0.17033595937499998 0.663788103125 0.17450383125 0.6663643421875001 0.1732465546875 0.6673917546875 0.1761845125 0.668839690625 0.1787803515625 0.6708397234375 0.1811786203125
0 0.6575498859375 0.20658264062499998 0.66049715625 0.2098875328125 0.66473116875 0.21038448125000003 0.66814781875 0.20743714062500002 0.66974783125 0.20101983906249998 0.6642469453125 0.19316731250000002 0.6614071375 0.193464940625 0.6599858546874999 0.19143445312500001 0.6580638750000001 0.18771474999999999 0.6536991375000001 0.188414359375 0.653598884375 0.196211265625 0.6502605 0.19817244843749998 0.6495539953125 0.203695109375 0.6499491374999999 0.2047993046875 0.6522114671875 0.20614555625 0.6546303265625 0.20551949062500002 0.6575498859375 0.20658264062499998
0 0.6504047296875 0.176754053125 0.6544282671875 0.177086784375 0.6580264046875001 0.170050259375 0.6580731375 0.160787371875 0.6532072796875 0.15912721093749999 0.651261403125 0.1592007578125 0.65241445 0.15289550000000002 0.653306471875 0.1496539203125 0.6473897281250001 0.149519609375 0.6439745625 0.154813890625 0.6410048796875001 0.1576491921875 0.64027235625 0.1636123328125 0.6435352328125 0.1669959109375 0.6462722421875 0.1704718609375 0.647431228125 0.1735543640625 0.6504047296875 0.176754053125
0 0.6420711046875 0.221942875 0.639259009375 0.2244822421875 0.6378417578125 0.22882202187499998 0.637134615625 0.23333885312499997 0.6419750921875 0.2364453234375 0.645681115625 0.233681871875 0.648837378125 0.234804040625 0.6518908421875 0.23969978749999998 0.6553627078125001 0.2409006453125 0.659515909375 0.23836042968750001 0.66200879375 0.230042659375 0.66135029375 0.228314096875 0.6527219203125 0.223257525 0.6502239484375 0.22352864218750002 0.6504039500000001 0.2170925171875 0.64643075 0.2131966109375 0.6424630640625 0.218017909375 0.6420711046875 0.221942875
0 0.6110292 0.1609025921875 0.607925609375 0.1599052984375 0.6052474218749999 0.1662772609375 0.6033273515625 0.16557505156250002 0.6005152578125 0.16811442031249998 0.602755175 0.1756008625 0.606121275 0.17588141875000002 0.6086727671875 0.177076284375 0.6122510375 0.1802032765625 0.6161419421875001 0.17871507656250002 0.6162170265625 0.1726997578125 0.6145325984375 0.17038017968750002 0.6109027171875 0.1688047 0.6106638921875 0.1653929109375 0.6109522078125 0.163900415625 0.6110292 0.1609025921875
0 0.5899951640625 0.1656032078125 0.5884431578125 0.1647692828125 0.5910688859375 0.15860772343750001 0.587622825 0.1566311078125 0.5845733921875 0.158105628125 0.583734678125 0.16247791250000002 0.5836043765625 0.1643450296875 0.582026565625 0.1642868609375 0.5798966562500001 0.1644262640625 0.5795044828125 0.16801595 0.57982263125 0.1721179671875 0.58292770625 0.1754622015625 0.5845846328125 0.17587531875 0.586374190625 0.17810937031250001 0.5881377328124999 0.1807839 0.593293390625 0.1832985046875 0.5975259187499999 0.1814485140625 0.5998351937499999 0.17386715625 0.5983616640625 0.17238235 0.5967555015625 0.1690766125 0.5938367921875 0.16935456875 0.5921792296875 0.16793561875000002 0.5899951640625 0.1656032078125
0 0.5865398421875 0.19055397031250002 0.5848279109375001 0.1863279296875 0.5820667921875 0.186309953125 0.5792536375 0.1871729359375 0.5765705734375 0.18583352343749998 0.5744152828125 0.1874192375 0.573708140625 0.191936065625 0.5752612078125 0.194446378125 0.5774452734375 0.1967787875 0.5785501015625 0.19738947812500002 0.5805522562500001 0.20314051875 0.5850523828124999 0.20862044218750003 0.589310715625 0.205994696875 0.5908062328125 0.20066875781250001 0.590198709375 0.1963828515625 0.5884089375 0.193813525 0.5865398421875 0.19055397031250002
0 0.5388504828125 0.1680482421875 0.5353790421875 0.1675179375 0.5321187093749999 0.168157684375 0.53380674375 0.1761769765625 0.533019003125 0.177991915625 0.5294181109375 0.1806698390625 0.527843903125 0.186311384375 0.5335778875 0.18852321562500002 0.5380737734375 0.1872975953125 0.542073203125 0.1910883015625 0.5459399984375 0.193058075 0.550148628125 0.1950013359375 0.5535128203124999 0.19226439687500002 0.5552437671875 0.18498581249999999 0.55479531875 0.1827509125 0.550584990625 0.17812543593750002 0.54792730625 0.1753397125 0.5446661265625 0.17463835 0.5419832734375001 0.173634215625 0.5398781078125 0.17132147656250002 0.5388504828125 0.1680482421875
0 0.5499118578125 0.1532627453125 0.543678659375 0.1517086359375 0.54349886875 0.15848003593749999 0.5417105828125 0.15825765 0.5384255062500001 0.1613495375 0.5381139312500001 0.167641115625 0.5398772609375 0.1699803671875 0.5422172187500001 0.1693346296875 0.5426635484375 0.1682167546875 0.5450574515625 0.1697075546875 0.54674145625 0.171356578125 0.5478995906249999 0.173097975 0.55116183125 0.175475721875 0.554685521875 0.17546034531250002 0.5592598843750001 0.17358384375 0.561231565625 0.172734540625 0.5617007328125 0.16614703125000002 0.5584378546875 0.16276345 0.5535459796875 0.16154376875 0.5498623671875 0.15816702968750002 0.5499118578125 0.1532627453125
0 0.55537060625 0.1360746859375 0.554001571875 0.13349851875000002 0.5495850109375 0.135414365625 0.5478532140625 0.14135184218750002 0.5483534875 0.1423705046875 0.5441457046875 0.141768353125 0.5423593265625 0.1445634609375 0.5437565015625 0.150051921875 0.5464139734375 0.15250236718750002 0.5476510125 0.154263434375 0.5492556890625 0.15522223125 0.5520713875000001 0.15838257656250002 0.555437275 0.1583278546875 0.5575159968750001 0.16041051875 0.5611699875 0.15852802500000002 0.5609825625 0.153229446875 0.5582965265625 0.147196153125 0.5557977046875 0.1461261625 0.5542179843749999 0.1430505 0.554583715625 0.139230734375 0.55537060625 0.1360746859375
0 0.505670325 0.177095421875 0.5036502140625 0.1845253921875 0.4958144578125 0.18536525625 0.49560928593750003 0.19358296875 0.50163349375 0.1973198 0.505631228125 0.1984282875 0.5052168546875 0.20849344531249997 0.5126329328125 0.20933680625 0.51857315 0.2050073140625 0.5166740046875 0.195817971875 0.5144637109375 0.1935907640625 0.5125946156250001 0.190331209375 0.5132736171875 0.1829020859375 0.5098787437500001 0.17870340625 0.505670325 0.177095421875
0 0.4933106171875 0.21792818593750002 0.4880026703125 0.2240914421875 0.4924255921875 0.2322339109375 0.5020265859374999 0.23675079375000002 0.5078919296875 0.23877189531249998 0.5111019234375 0.24169532500000002 0.5168856093749999 0.2393381515625 0.5170952359375 0.23816126093749998 0.5160100609375 0.22705177812500002 0.5114858250000001 0.2250298265625 0.5081700640625 0.221186096875 0.5036466765625 0.2205052546875 0.4998052609375 0.21708917031250002 0.4933106171875 0.21792818593750002
0 0.521754865625 0.12165930312499999 0.5233578484375 0.119935884375 0.5229599484375 0.1144730875 0.521194921875 0.1094516171875 0.5189048781250001 0.1058636265625 0.515485684375 0.10478764375 0.5134865 0.10373048437500001 0.5128267265625001 0.09999025781250001 0.5134268296875 0.0925414625 0.5102447625 0.09219505 0.505937575 0.1007309109375 0.505754603125 0.1024731546875 0.5025205015624999 0.1030077 0.49829179218749997 0.110892678125 0.5015563640625 0.116958475 0.506339928125 0.11323452812499998 0.5085777265625 0.11736819999999999 0.509867859375 0.11992469531250001 0.5120521359375 0.122592384375 0.5165226406250001 0.12281307500000001 0.5188103515625 0.122713015625 0.521754865625 0.12165930312499999
0 0.43089119374999996 0.14727674531249998 0.42710881250000005 0.154043853125 0.42808355468750003 0.1568569359375 0.4251917109375 0.158035521875 0.4230895171875 0.1604166640625 0.4240401484375 0.1666877203125 0.4278540609375 0.16819734375 0.42950992499999996 0.166934075 0.4331662484375 0.1687396296875 0.4352193765625 0.171933328125 0.43677180781249997 0.17343780625 0.44003319999999996 0.17447444375 0.4439499109375 0.1722104890625 0.4459704484375 0.16545107187500002 0.4438354484375 0.157543821875 0.4404949421875 0.15615223281249999 0.43773340000000005 0.155463703125 0.4354708578125 0.153782175 0.434889775 0.1497263421875 0.43089119374999996 0.14727674531249998
0 0.4517771125 0.11627996562500001 0.4522991625 0.11015260625 0.4473780890625 0.1043442453125 0.443622784375 0.11234725781249999 0.445150471875 0.11630387812500001 0.4436777890625 0.11616018125000001 0.4384459875 0.11798450625000001 0.439449503125 0.12471571562499999 0.44389441406249996 0.1260474375 0.44628704375000006 0.1255265734375 0.445919615625 0.12666412031250002 0.44844721249999997 0.1316522359375 0.45168152656249994 0.13145296875 0.45473308125 0.1333312203125 0.46075431875 0.1323741734375 0.4637768859375 0.129999021875 0.46314037499999994 0.12145971562499999 0.45869313125 0.1164399421875 0.45482803125000004 0.11715238593749999 0.4517771125 0.11627996562500001
0 0.42964008906249995 0.0817078109375 0.4294543609375 0.0790914515625 0.42916053125 0.07186673906249999 0.42563493281250003 0.0688646203125 0.421217525 0.069439359375 0.42085327812499995 0.0756060625 0.421855096875 0.079655053125 0.4156227484375 0.0794420515625 0.41397027656249996 0.08606975624999999 0.41802280156249993 0.0906558890625 0.42146716562500003 0.0899502859375 0.4215991625 0.09076538437500001 0.4228901453125 0.094662990625 0.426467778125 0.0967841484375 0.4297562484375 0.0990566953125 0.4348327921875 0.1012163515625 0.43817202499999997 0.10059627812500001 0.43977076562499995 0.092167315625 0.437664328125 0.08784291250000001 0.435454246875 0.0859509796875 0.43192907343750003 0.0836194171875 0.42964008906249995 0.0817078109375
0 0.44321576562500004 0.09246754375 0.447764959375 0.092372628125 0.45025975 0.087072353125 0.44910118906249996 0.084660403125 0.44570801250000003 0.0831439421875 0.4422881828125 0.081062125 0.44139170625 0.077262884375 0.4408095625 0.0715306671875 0.437311465625 0.0704350109375 0.434684040625 0.073914353125 0.43492286562500004 0.0773261421875 0.4305316875 0.0777956796875 0.4300625203125 0.0843831890625 0.433350990625 0.0866557359375 0.43940185156249995 0.0909579203125 0.44321576562500004 0.09246754375
0 0.376128228125 0.12490697343749999 0.3729457359375 0.12389000624999999 0.3699261390625 0.1309590359375 0.369928259375 0.13431180781250002 0.3680619203125 0.1354108578125 0.365669290625 0.13593172343749998 0.36459535625 0.1425919296875 0.36935650781249996 0.14500817500000002 0.3728522703125 0.1424157828125 0.3739057 0.144913259375 0.375775646875 0.1495139234375 0.38150920625 0.15105520156250002 0.3864243421875 0.1474758 0.387974653125 0.14562750625 0.38565583281250004 0.1381213921875 0.38436633593749997 0.13657072812499998 0.381128840625 0.1317408375 0.37878718437500003 0.129704359375 0.3774989609375 0.1301653578125 0.376128228125 0.12490697343749999
0 0.35269526875 0.161749709375 0.3513530984375 0.160074171875 0.3486177875 0.159280440625 0.346255203125 0.16573109218749998 0.3475457609375 0.1689581421875 0.3475730515625 0.1705293265625 0.34544653593749997 0.176033165625 0.3484200375 0.17923285312499998 0.35246916875 0.1784545515625 0.3548338734375 0.17535667187499998 0.35880558906250004 0.1769056390625 0.3626461546875 0.17898061406250002 0.367377259375 0.1754670703125 0.3693984328125 0.169713484375 0.3694726671875 0.162357059375 0.3651331 0.1612750828125 0.360926378125 0.1623493171875 0.3550087859375 0.16087389531250001 0.3538792109375 0.1627153484375 0.35269526875 0.161749709375
0 0.3934288796875 0.079719053125 0.39250320312500003 0.07133113125 0.387639678125 0.0733590203125 0.38511908125 0.0794350515625 0.38201549218749997 0.07843775625 0.378520790625 0.0827065359375 0.379629859375 0.09002276875000001 0.383495596875 0.09031615625 0.384888103125 0.08842851874999999 0.386339646875 0.0967240703125 0.3915490359375 0.1010399359375 0.3969407609375 0.10260772656249999 0.40093594843749997 0.0996928890625 0.40206212968750005 0.0924870015625 0.3969310046875 0.0871849765625 0.3913275328125 0.083441303125 0.3934288796875 0.079719053125
0 0.3778193734375 0.09627585 0.3759775671875 0.0945874796875 0.3761048984375 0.08802648125 0.375393090625 0.0851672140625 0.3717619375 0.08158007187500001 0.36916286249999997 0.0883069828125 0.36863678437499997 0.08806407656250001 0.36303691875 0.090020115625 0.3656224890625 0.10351503749999999 0.3711157390625 0.0992975859375 0.3713795203125 0.100592509375 0.3734108734375 0.110932228125 0.3764086953125 0.111009221875 0.3808284359375 0.1141225328125 0.38566700468750004 0.11421150937499999 0.38737299687500004 0.1090497890625 0.3878719984375 0.1080567890625 0.38773766875 0.10355364062500001 0.384974003125 0.0995123390625 0.38102851875 0.09785816875 0.3778193734375 0.09627585
0 0.2564712125 0.3669881296875 0.26181635000000003 0.364189775 0.26922602812499996 0.3593242640625 0.27153201718750003 0.3547354015625 0.274565284375 0.3472295859375 0.2749250015625 0.3395735625 0.26471468125 0.3354787 0.25791205 0.33946280156249997 0.25001947812499997 0.3493717234375 0.25014853125 0.3612806609375 0.2564712125 0.3669881296875
0 0.47976618125000003 0.3364559609375 0.48150755 0.3363690140625 0.48368869375 0.333577678125 0.48344186875000006 0.3311189921875 0.4812336859375 0.329943090625 0.478265109375 0.328681821875 0.4783617828125 0.3264130046875 0.47774442031250003 0.3197972109375 0.4729387921875 0.322455309375 0.471151659375 0.327742028125 0.47201208906250003 0.3308748203125 0.470368778125 0.33088199218750003 0.46681422812499995 0.33385201875 0.46659542812500004 0.336924175 0.46336169375 0.3429966765625 0.4664297109375 0.3463672109375 0.4713849 0.3474984546875 0.47577363437500003 0.3449448609375 0.4781489171875 0.3388667703125 0.47976618125000003 0.3364559609375
0 0.5006451953125 0.3078932171875 0.5056250484375 0.30923905625 0.5102592234375 0.3069551046875 0.51253921875 0.305334875 0.514499584375 0.3024884921875 0.5154043953125 0.2982324703125 0.5136608515625001 0.2948794921875 0.5091947640625001 0.29147305156250003 0.5040193921875 0.2912249234375 0.5018118015625 0.2909871796875 0.500632734375 0.28819183593750003 0.50060609375 0.2848500375 0.493540978125 0.282775834375 0.49347529687499997 0.29526629843749996 0.4915391984375 0.2977018375 0.4898509125 0.3041596625 0.49026998437499997 0.3074950828125 0.49591039062500003 0.30619157812500003 0.49944008125000006 0.3026942359375 0.5006451953125 0.3078932171875
0 0.304029546875 0.5745128 0.3099357921875 0.57505590625 0.31095221562500003 0.5681832734375 0.31247715 0.558339140625 0.3145880203125 0.55266886875 0.3134912234375 0.5477479796875 0.3050348 0.5499771546875001 0.301539159375 0.556541478125 0.29891919218749996 0.5642536171875 0.29921186718750004 0.5658757328124999 0.2952780953125 0.5714013328124999 0.3008951921875 0.5759001171875 0.304029546875 0.5745128
0 0.31602395 0.63265281875 0.31362334375 0.6413491375 0.3169805859375 0.646523790625 0.3202662765625 0.653849403125 0.3238422890625 0.6590786046875 0.3295977859375 0.6518384125 0.3315614375 0.6439626359374999 0.337101103125 0.6413160578125 0.3411815078125 0.63706633125 0.343437246875 0.6298830375 0.339199625 0.616123509375 0.3313995171875 0.6185163234375 0.328045803125 0.6189194640625 0.32316480468750003 0.62544820625 0.32243693906250004 0.6274355296875 0.32163634375 0.6297145468750001 0.31602395 0.63265281875
0 0.250130775 0.5483713578125 0.25363406093749996 0.553892253125 0.26077785468750003 0.5513358015625001 0.2597531984375 0.5451935828125001 0.2639045640625 0.5378632640625 0.264193125 0.5329779546875 0.262510975 0.5248128328125 0.25470969062500004 0.5253463843749999 0.2510680046875 0.531564465625 0.2472081375 0.538657634375 0.2453183890625 0.5481009796875 0.250130775 0.5483713578125
0 0.254090421875 0.583749575 0.2580283109375 0.5847314015625 0.261670584375 0.57944295 0.2621063625 0.5767631453125001 0.2638506546875 0.5679031906249999 0.2677128765625 0.5645285515625 0.2675621265625 0.5567452515625 0.2599068859375 0.5576250421875 0.2543701609375 0.5649197796875 0.25357133125 0.569987696875 0.2518235109375 0.5732698578125001 0.249275096875 0.5788310375 0.2519044703125 0.5859930125 0.254090421875 0.583749575
0 0.247912671875 0.6150511125 0.2493719328125 0.6166542609375 0.25294618281250003 0.619094565625 0.2568113453125 0.6203680859375 0.2609627109375 0.61303776875 0.261106403125 0.60966548125 0.2646759484375 0.604668725 0.26817276562500003 0.5999636671874999 0.27042791718750003 0.5918507390625 0.2688929875 0.5858911265625 0.2612383328125 0.5877005484375 0.25526171249999996 0.5911676671875 0.25169334375 0.5980236859375 0.2530822296875 0.603637059375 0.24819711562500002 0.6036583765625 0.24565105312500002 0.612938084375 0.247912671875 0.6150511125
0 0.266994609375 0.696956078125 0.27063570625 0.6898083640625 0.266766428125 0.6820274171875 0.2668362171875 0.6770875609375 0.2660303296875 0.6709998875000001 0.2620924421875 0.6700180625 0.2574308015625 0.6775309843749999 0.25407708906250004 0.6779341249999999 0.2521814609375 0.6780811484375 0.249994921875 0.679394953125 0.24533269375 0.6859782437499999 0.24701778437500002 0.6987915250000001 0.25175979375 0.703072125 0.2585364203125 0.6963963578125 0.260652584375 0.699092778125 0.266994609375 0.696956078125
0 0.20853731562500002 0.6108106484375 0.21465939218750002 0.6067601390624999 0.2103549234375 0.6025886296875 0.20598066718750002 0.6033569765625 0.204668628125 0.6039593328125 0.202843375 0.6000961328125001 0.1983218984375 0.5986589734375001 0.1926385421875 0.6046778390624999 0.194757646875 0.61202241875 0.199570034375 0.6122927953125 0.200302015625 0.6168128984375 0.20489680625 0.6188879953125 0.20620649531250002 0.614567109375 0.20853731562500002 0.6108106484375
0 0.23148697031249998 0.467505115625 0.23746594375000002 0.4677565265625 0.23884953593749997 0.4650032109375 0.2409592328125 0.45747367499999997 0.24598745000000002 0.4531504359375 0.24970362812500002 0.44942955468749995 0.25152182343749996 0.4421371703125 0.24400850937500002 0.436855775 0.2369368546875 0.43819089843750003 0.23380720625 0.44701527499999993 0.22790213750000002 0.4483314328125 0.2250639875 0.456918659375 0.22944177031250002 0.46172810468750003 0.23148697031249998 0.467505115625
0 0.20906738906250003 0.52666945 0.2115424890625 0.5204703328125 0.21635134687500002 0.515162915625 0.21889976249999998 0.5096017390625 0.21932965937499999 0.4976256109375 0.208610440625 0.4958824953125 0.20336815625 0.5075882453125 0.2023511421875 0.5135312437499999 0.20155348750000002 0.5204584234375 0.20061037812500002 0.52796899375 0.206736571875 0.530425909375 0.20906738906250003 0.52666945
0 0.42393445781250005 0.42128488593749996 0.4235742921875 0.41364546874999997 0.4205779203125 0.41138846406249996 0.41686940625 0.40679687031249995 0.4159522765625 0.401391321875 0.41670890937499994 0.39381465000000004 0.41133113281250006 0.39851351562500004 0.4101665671875 0.40318433281250005 0.4073237328125 0.40290694218749995 0.4039231140625 0.403568996875 0.40362177031249996 0.40867074531250003 0.40788643125 0.40973404531249996 0.40941361875000004 0.4165859171875 0.410990621875 0.4219402859375 0.4126676625 0.42494686093749995 0.4182524734375 0.42655501406249996 0.422058159375 0.42426832656249996 0.42393445781250005 0.42128488593749996
0 0.3987585171875 0.42428306562499996 0.40033142499999996 0.42316531093750004 0.4009900671875 0.42117249531249995 0.40245884218750005 0.41593041406250003 0.40205131875 0.413671771875 0.3973272734375 0.4086112734375 0.392402740625 0.40759915468749996 0.3898130734375 0.40630636718749996 0.3907763359375 0.4043895015625 0.3864095890625 0.402437934375 0.3854990078125 0.4073877828125 0.3834193578125 0.40988911562499997 0.381846859375 0.41165408281250004 0.37976802656249997 0.4154498390625 0.3819028140625 0.41986476250000004 0.3842380859375 0.420231309375 0.38717973125 0.41621926875000004 0.388856771875 0.4192258421875 0.390228375 0.42086204218749995 0.39190541562500003 0.423868615625 0.3948503359375 0.42503427499999996 0.3967793140625 0.425083815625 0.3987585171875 0.42428306562499996
0 0.8358903375000001 0.44641329687500003 0.8399305234375 0.44393200781250003 0.8405579046874999 0.4373795453125 0.8356942296875 0.4358985390625 0.8343027890625001 0.4325997046875 0.82969363125 0.43413406875 0.8271083875 0.440466734375 0.8255945265625 0.4433095515625 0.8235782546875001 0.45058914687499996 0.8247202703125 0.4589245453125 0.8266222734375 0.4706696953125 0.8300939984375001 0.4680466734375 0.8318577906250001 0.4609724828125 0.8340625328125 0.45212974843750003 0.8358903375000001 0.44641329687500003
0 0.7963391343749999 0.3184756890625 0.7929949234375 0.3230089921875 0.7885752546875 0.32459059843750004 0.7867505046875001 0.33513821093749996 0.7909176953125 0.3337620078125 0.7938255421875 0.3382439921875 0.7942085921875 0.3447800265625 0.8031139812499999 0.34619532343750004 0.8068356390625 0.33934092968749996 0.8038617421875 0.3302804359375 0.800701415625 0.3260038578125 0.8015187921875 0.32030383281249997 0.7963391343749999 0.3184756890625
0 0.7382173328125 0.28439435 0.7384139515625 0.2957143 0.734371728125 0.294974815625 0.7334309125 0.30520610625 0.739745965625 0.3049021375 0.7393700453125 0.30963880781249997 0.7451166359375 0.30919310625 0.748337409375 0.30919106875 0.7573672546875 0.3076854859375 0.7579900515625 0.293886284375 0.7512960265624999 0.29409576406250004 0.745609371875 0.2894576578125 0.7460487921875 0.28527353125 0.7382173328125 0.28439435
0 0.8869795546875 0.344831859375 0.8877334296875 0.3385792921875 0.88779489375 0.3359110625 0.8858995140625 0.334633425 0.8817968437499999 0.33817255625 0.87864008125 0.3395323296875 0.8739679312499999 0.3413193421875 0.8708152437500001 0.34912066249999996 0.8776347453125 0.347600690625 0.8779537828124999 0.3527789890625 0.8769479406249999 0.3600421546875 0.87922840625 0.3710766015625 0.8893337125 0.3725227140625 0.8942517203125 0.36006278593749996 0.8939311546875001 0.35246890625 0.88969740625 0.3484614046875 0.8869795546875 0.344831859375
0 0.89783584375 0.43529085937499995 0.8922802687500001 0.4381993859375 0.8929772625 0.4418617875 0.8889380953125 0.4459534609375 0.8867932890624999 0.4497123890625 0.8867359 0.4588221625 0.8863594718750001 0.462753640625 0.8934334906249999 0.46424903593750005 0.895196775 0.45636965468749996 0.8986034703125 0.45077850937499997 0.900431784375 0.44586724999999994 0.903018046875 0.44114496875000003 0.897649921875 0.4408799671875 0.89783584375 0.43529085937499995
0 0.90852438125 0.4602293109375 0.9108612203125 0.4605435953125 0.91634921875 0.45064097968750005 0.914894275 0.44678959999999995 0.9068763859375 0.45069433437499995 0.9070623078125 0.445105228125 0.9039045281250001 0.4448546140625 0.9022022 0.44926057343750003 0.90157481875 0.4558130359375 0.8997439578125 0.456698328125 0.8948879234374999 0.467295221875 0.899630196875 0.476528265625 0.9039233734375 0.474646765625 0.9061311703125 0.4706351890625 0.9072015359375 0.46553495156249997 0.90852438125 0.4602293109375
0 0.9168414437499999 0.43010033593749997 0.916591509375 0.43433170781249997 0.9181084265624999 0.43632005156250003 0.92133021875 0.4379284 0.9235395453124999 0.4363324046875 0.9271392921875 0.43642485468750003 0.9298540875000001 0.43522324062499995 0.9307319093749999 0.4252446 0.9268156703124999 0.4239998171875 0.9261826890625 0.4216951546875 0.9268740781249999 0.416500428125 0.9245357109375 0.413770565625 0.9186095562500001 0.415413471875 0.9160773828125001 0.4202490390625 0.9158279593750001 0.42528560468750004 0.9168414437499999 0.43010033593749997
0 0.8865267140625 0.5274689953125 0.8915747812499999 0.5209453125 0.8904977953125 0.5155780375 0.88696053125 0.5144277421875 0.8866435312500001 0.5124702171875 0.8858845640625 0.5106708531249999 0.886450478125 0.5067866203125 0.88051745625 0.5120162374999999 0.8774907546874999 0.519312259375 0.874781053125 0.5285658046874999 0.87358623125 0.5365869203125 0.8790839078125 0.5419829765624999 0.8821126453125 0.537907728125 0.88330950625 0.5331073859375 0.885200303125 0.527138284375 0.8865267140625 0.5274689953125
0 0.9423800890624999 0.317177821875 0.9394160875 0.3244058328125 0.9357733953125 0.32903025937499997 0.9350486359374999 0.3359313515625 0.9380206203125001 0.3413197796875 0.941716940625 0.33914309062500003 0.944107409375 0.3308868578125 0.947750103125 0.32626242968749997 0.944778959375 0.3222020484375 0.9423800890624999 0.317177821875
0 0.9388625796875001 0.2727035078125 0.9358420078125 0.27283561875 0.930531084375 0.2748310484375 0.929435125 0.271238203125 0.9241761500000001 0.2730252796875 0.9260031671875 0.27967737656249997 0.9260061078125 0.2843255375 0.9265302140625 0.28954625156249997 0.9252863890624999 0.29919490625 0.9338252593749999 0.295569928125 0.9340824812499999 0.29054401875 0.9345969249999999 0.28049220468749997 0.9371466015625 0.27692309375 0.9388625796875001 0.2727035078125
0 0.9021206515625 0.2864831859375 0.9017110609375001 0.2900655109375 0.9028190171875 0.2939340921875 0.9047048328124999 0.2938516109375 0.90713276875 0.29408851875 0.909080128125 0.2884947109375 0.908082203125 0.2872326796875 0.9073435671875 0.284653625 0.908444528125 0.2774671203125 0.9092661578125 0.27417174843750003 0.9070528671875 0.2705802453125 0.90295883125 0.275086159375 0.8983842203125001 0.2737613578125 0.8988874656249999 0.2811636140625 0.899928459375 0.28197583125 0.9012095640625001 0.28542702656249996 0.9021206515625 0.2864831859375
0 0.7843234640625 0.27654850937500003 0.7793811093749999 0.2764215765625 0.7806866328125001 0.284208084375 0.7760283328125 0.2876522 0.7757918921875 0.2908171390625 0.779023678125 0.2939256953125 0.782057371875 0.2922871875 0.7851355343749999 0.2924098828125 0.788107334375 0.29572995 0.7932024421875 0.2974608578125 0.7970807859375 0.294651278125 0.798139378125 0.2890201 0.796988178125 0.285324959375 0.79614195625 0.2840086375 0.7932144484375 0.28217339375 0.7892905890625 0.2815635109375 0.786341984375 0.28064411875 0.7843234640625 0.27654850937500003
0 0.7965790562499999 0.2553789296875 0.797227184375 0.25194819062499996 0.79709430625 0.24749372187500002 0.7943842421875 0.246725915625 0.7919148125000001 0.2494262203125 0.791264584375 0.249540434375 0.7880978375 0.24644809687499997 0.7833553234374999 0.2538319953125 0.784550115625 0.25790645 0.7880844328125 0.2595245421875 0.7873928859375 0.2628523453125 0.787830740625 0.26968563125 0.7913000171875 0.271287509375 0.7953989484374999 0.27452015625000004 0.7995581984375 0.2703068359375 0.8010729484375 0.2661710578125 0.8002249796875001 0.262090965625 0.7979689703124999 0.25950203125 0.7965790562499999 0.2553789296875
0 0.7756372781249999 0.2177344203125 0.77295128125 0.2207491734375 0.771391715625 0.222571 0.767816078125 0.22416649375 0.7692281375000001 0.22903200781250002 0.7720470125000001 0.230471721875 0.77362855 0.22911593125000002 0.77332654375 0.23143552343749998 0.7740215890625 0.2336352640625 0.776494340625 0.236186125 0.778597246875 0.2366183265625 0.7806122703125 0.23518639375 0.7821510890625001 0.23483317499999998 0.7830555312499999 0.2253870046875 0.78082271875 0.2251987453125 0.7768993828124999 0.22541799375 0.7768113234375 0.22327747968749997 0.7756372781249999 0.2177344203125
0 0.80568755 0.298460596875 0.802509328125 0.3055122484375 0.8060772328124999 0.310729590625 0.8044254000000001 0.315727446875 0.8091382234375001 0.3196073390625 0.8125089765625001 0.3150380578125 0.8130158906249999 0.3113776515625 0.815878703125 0.30884560781250003 0.8199514671875001 0.3071562109375 0.82523213125 0.303063121875 0.8233816062500001 0.2958396046875 0.816951915625 0.2947774734375 0.8138996531249999 0.2996966484375 0.8112262906250001 0.2998415609375 0.80568755 0.298460596875
0 0.81811874375 0.2274470890625 0.8156302140625 0.217900615625 0.811752034375 0.22531871875 0.8076797812500001 0.2278197015625 0.8087023359375 0.2342958140625 0.8066674953125 0.2375752640625 0.8085195593750001 0.2472335328125 0.8191495140624999 0.246908540625 0.8190204734375 0.244171515625 0.8177434359375001 0.23790243906250003 0.8164658843750001 0.23082177812500002 0.81811874375 0.2274470890625
0 0.706396159375 0.21095190000000003 0.701049434375 0.211241725 0.6976797109375 0.217434171875 0.6944379953125 0.22474047812500003 0.7000422828125 0.22911312343749998 0.7071770640625 0.2379246390625 0.711442359375 0.2387176109375 0.7198439140625 0.23756653125 0.72409945625 0.2229394140625 0.7193236515625 0.22012576093749997 0.7120685578125 0.22237414218749998 0.7082456578125 0.21655225156250002 0.706396159375 0.21095190000000003
0 0.2291052015625 0.2864287765625 0.23655282500000002 0.2866627671875 0.23750521406249997 0.282842946875 0.24425442031250003 0.2858781390625 0.248957490625 0.2743379390625 0.24303522812499997 0.27042698593750003 0.236161603125 0.271959021875 0.2339316625 0.2686981828125 0.22858647968749998 0.2714227578125 0.2326008859375 0.2781038515625 0.2291052015625 0.2864287765625
0 0.2395267078125 0.2584623203125 0.2425851328125 0.2632821484375 0.24125230156250002 0.2694414828125 0.24800099531250003 0.271665090625 0.2555080046875 0.26515175625 0.26403551875 0.2618682 0.267150246875 0.255071203125 0.26275180468750003 0.2450485359375 0.2537143 0.24712299531249998 0.252380440625 0.25165916250000003 0.2497075921875 0.2526156578125 0.24773265000000003 0.2499593671875 0.24270338906250002 0.24897591718749998 0.2395267078125 0.2584623203125
0 0.2575924796875 0.23970489218750002 0.2589959890625 0.2446530765625 0.2663140609375 0.24133845781250002 0.2721682125 0.2381998109375 0.27846681093750003 0.2332785828125 0.279667521875 0.219512721875 0.2730453015625 0.21596822031250001 0.26916609375 0.22176315624999998 0.26496685625 0.224773446875 0.256947284375 0.22601976562499998 0.2540855 0.23017497812499998 0.2575924796875 0.23970489218750002
0 0.304504575 0.2386885875 0.3107468671875 0.24538418437499998 0.31742539375 0.23731185937500002 0.3225155796875 0.23398273593750002 0.3248617234375 0.2196910078125 0.31690359218749997 0.21743633906249998 0.31359581875 0.22093938125 0.3072296203125 0.2196225953125 0.30296945937499997 0.226945459375 0.30685636562499996 0.233324278125 0.304504575 0.2386885875
0 0.2605598546875 0.3018448890625 0.26202891093749997 0.30978475156249996 0.266805740625 0.314221571875 0.274311725 0.3060850703125 0.28111569531249997 0.2950686859375 0.2803465984375 0.286762371875 0.275254871875 0.2876567421875 0.2725175046875 0.2872447265625 0.26978167656249996 0.2892674609375 0.26398896562499996 0.2889051171875 0.2605598546875 0.3018448890625
0 0.23533159218750002 0.35270876093750003 0.2347514578125 0.3521535015625 0.23278640625000002 0.35180043125 0.230470796875 0.3573823265625 0.2320832109375 0.36038491562499997 0.23559433749999997 0.36071285 0.236753053125 0.35935928437500003 0.23836572500000003 0.36277255468749997 0.2383032859375 0.36590504375 0.2412037078125 0.36827066406250003 0.24361596406250002 0.362712865625 0.2442264109375 0.36026449843749997 0.24670448125000002 0.3569130625 0.248828096875 0.35333637812499996 0.251145265625 0.3502185671875 0.25361995937500004 0.34152827812500003 0.246206703125 0.3337944484375 0.24234345781250002 0.33693739375 0.23973765 0.34203631875 0.2383250234375 0.349348946875 0.2394863359375 0.35210219062500003 0.237168128125 0.3535772765625 0.23533159218750002 0.35270876093750003
0 0.2081520484375 0.362083040625 0.2115693859375 0.36690436875 0.21366191250000002 0.36509926875 0.21431020312500002 0.3715570203125 0.21836933906249997 0.372569075 0.2213296015625 0.3676953984375 0.22303424375 0.3637405078125 0.22725298437500002 0.362465534375 0.2292154375 0.35871179531249997 0.22856299062500002 0.3456831484375 0.223090709375 0.351162359375 0.22032192031250003 0.3532094625 0.21858280937500002 0.35359708749999996 0.21607286874999998 0.357488065625 0.21040443749999999 0.358401590625 0.2081520484375 0.362083040625
0 0.22056933750000002 0.336983378125 0.2161562671875 0.3365674359375 0.214160646875 0.3388073140625 0.21761193125 0.3463745453125 0.22047710937499998 0.34394085625000004 0.21983583125 0.34857149062500004 0.2183882203125 0.3514954875 0.220966053125 0.35309631874999997 0.22405509218750003 0.34811787656250004 0.22579082343749998 0.3423914015625 0.2262082375 0.340305521875 0.2308773 0.3380478484375 0.23512609218749997 0.333358565625 0.2355403875 0.326344515625 0.2316089890625 0.323584971875 0.2281634171875 0.32505271874999997 0.22606907187499997 0.3239830515625 0.2225602828125 0.3273512453125 0.22295128281249998 0.33442920625 0.22056933750000002 0.336983378125
0 0.17093420625 0.49118122656249996 0.1759289734375 0.4946165140625 0.177152465625 0.49382658749999997 0.1776395921875 0.5001072828125 0.181312921875 0.502254996875 0.185786353125 0.496253003125 0.18787758125 0.4923944984375 0.1946376109375 0.485867640625 0.1970817359375 0.47977030000000004 0.195627628125 0.472427275 0.188188478125 0.474678646875 0.183745875 0.47849837656250005 0.1822679515625 0.484426003125 0.1793690890625 0.48452446875 0.17556776406250002 0.4837135625 0.17093420625 0.49118122656249996
0 0.169980825 0.4097784 0.1714978921875 0.414810296875 0.1749439828125 0.41416391093750005 0.17536581406250001 0.41905960625 0.18097206562499998 0.42168925156250003 0.1810998015625 0.4199417625 0.1829956578125 0.41274961875000005 0.184990759375 0.4096883796875 0.1876942515625 0.40625627499999994 0.18962171875 0.3981139078125 0.1875579421875 0.39445129375 0.1823408734375 0.39602484531250004 0.1782231953125 0.404305490625 0.1741627625 0.40124003124999996 0.169980825 0.4097784
0 0.172031696875 0.4439602625 0.1698088375 0.44340604062500005 0.1623383359375 0.4470183171875 0.159767515625 0.45650587187499997 0.164115809375 0.4563581734375 0.16959068906250002 0.45498577500000004 0.16985057812499998 0.4584723734375 0.17191513125 0.4633670296875 0.1761330921875 0.46086001093749995 0.1778701234375 0.45718694062500004 0.1789635421875 0.454448375 0.1812801890625 0.45050920312500004 0.18411349531250001 0.4486150578125 0.18488406562499998 0.44470102031250003 0.1871351578125 0.43896616718750003 0.18951320625 0.4302517828125 0.18329365 0.425553015625 0.18065181875 0.4246205890625 0.17778768125 0.4286970015625 0.174346265625 0.4367356421875 0.172031696875 0.4439602625
0 0.1683608703125 0.5857044218749999 0.1604531796875 0.5745766875 0.1524386359375 0.5837692578125 0.1514834046875 0.58760048125 0.1478983890625 0.5973887859375 0.1504174578125 0.605646965625 0.1615490546875 0.603844321875 0.1683608703125 0.5857044218749999
0 0.143181609375 0.5818973203125 0.1456891375 0.5837397 0.14962755781249998 0.5835044765624999 0.15105671874999999 0.5786877734375 0.156065421875 0.5723291890625 0.158996325 0.5642353640625 0.1543395703125 0.560944234375 0.15018859375 0.5647780124999999 0.14732623125 0.5680201921875 0.1451078859375 0.5705100546875 0.141170621875 0.57257134375 0.141247825 0.5814151734374999 0.143181609375 0.5818973203125
0 0.0919973453125 0.7221964765625 0.097726115625 0.722103340625 0.0970867171875 0.730159909375 0.10259946718749999 0.7281871375 0.10460179218750001 0.7238176390625 0.1045268984375 0.7186259359375 0.11096533906249999 0.7083636796875 0.11633522968750001 0.70696388125 0.11633060937499999 0.699659628125 0.1126738625 0.6923576859375 0.106661109375 0.6963358640624999 0.10179468750000001 0.7012084468750001 0.09886262812499999 0.7074762078125 0.092420721875 0.7122602734375 0.090704690625 0.71639685625 0.0919973453125 0.7221964765625
0 0.0899570875 0.779808296875 0.092825228125 0.7856964343749999 0.0976231078125 0.7856754968749999 0.0985545734375 0.786516328125 0.1049279375 0.7865839078125 0.1083576921875 0.7746586140625 0.10649244843750001 0.7693248234375 0.1067747 0.7627006875 0.10712838124999999 0.7557900640625 0.0994652484375 0.7544880234375 0.09524284375 0.7586082890625 0.09281252031250001 0.7656097390625 0.09453375 0.7696904390625 0.09560923125000001 0.7717843609374999 0.0915291078125 0.7744186234375 0.0899570875 0.779808296875
0 0.1232750171875 0.8100246921875 0.12491904218750001 0.8052615640624999 0.1332964640625 0.8036987390625001 0.1344410625 0.8018540484375001 0.12992658906250001 0.7970769125 0.1295625125 0.7875529671875 0.1294167671875 0.7835607812500001 0.12454572500000001 0.7811291109375 0.11716888750000001 0.7795941546875 0.1140933921875 0.7855218578125001 0.11460263749999999 0.7981249578125 0.11617869843749999 0.79912650625 0.11653873125 0.8022592312500001 0.11747366249999999 0.8085782531250001 0.1232750171875 0.8100246921875
0 0.11693496249999999 0.7494105390625 0.1178727828125 0.7602947203125 0.1218129359375 0.7627985890625 0.12438669531249999 0.7561372000000001 0.1266073515625 0.7572994625 0.129902909375 0.7596426171874999 0.13419789843750002 0.7570619265625 0.1354098828125 0.7485395296874999 0.1332600796875 0.746177746875 0.1321131703125 0.744370309375 0.1335400203125 0.7359014828125 0.1346126125 0.7334302484374999 0.1280848390625 0.7156750093750001 0.1217195609375 0.7283898734375 0.12043556875000001 0.7362857265625 0.12022359062500002 0.7407973140624999 0.1220876796875 0.7443050421875 0.12259057031250001 0.74686479375 0.11693496249999999 0.7494105390625
0 0.1349483890625 0.69821564375 0.14411210937500002 0.6944144999999999 0.1499076875 0.686730621875 0.1544169625 0.683290471875 0.1518990390625 0.6650135234375 0.1415930296875 0.6743114859375 0.14023414375 0.6770156359375 0.13550827031249998 0.67766311875 0.130356709375 0.6845946796875 0.1342985953125 0.68983764375 0.1349483890625 0.69821564375
0 0.1545034078125 0.706742809375 0.1598024484375 0.706542528125 0.1626584578125 0.6932570015625 0.1683814515625 0.6840335484375 0.1695231640625 0.6776237 0.1582799125 0.6769505140625001 0.153202090625 0.6872477140625 0.151269459375 0.6885916296875 0.1467630734375 0.6965969375000001 0.14812715625 0.702110071875 0.15349704687500001 0.7007102734374999 0.1545034078125 0.706742809375
0 0.22619474843749998 0.8347725765625 0.22963085625000001 0.83289063125 0.2287661984375 0.8244590593750001 0.22368202343750002 0.8247129109375001 0.2263243234375 0.8131998749999999 0.22467336875 0.807006625 0.2162953671875 0.8076564171875 0.2125067359375 0.8182750484374999 0.21243935 0.8249527578125001 0.21272910937499998 0.8301980312499999 0.217032184375 0.840399784375 0.22046540312500001 0.8339526828125001 0.22619474843749998 0.8347725765625
0 0.20691909218750001 0.81505611875 0.203045746875 0.8049615078125001 0.20053648750000003 0.8003800328124999 0.200240953125 0.786004440625 0.1884994296875 0.79007575625 0.188579521875 0.8034847421875 0.18937101875 0.8094637078125 0.1881590328125 0.81798610625 0.19296153437500002 0.825269421875 0.19775479375 0.8179442296874999 0.20691909218750001 0.81505611875
0 0.152713825 0.8210161625 0.1565111203125 0.8240930046875 0.1638124859375 0.8195232265625 0.166601109375 0.8129154078124999 0.1703171578125 0.8007572 0.17296234375 0.7938093234375 0.163141321875 0.77736305625 0.1574212171875 0.7911516671875 0.15363027499999998 0.7981181734375 0.149553615625 0.8062306234375001 0.14454318125 0.8098501171875 0.142547209375 0.8242629625 0.152713825 0.8210161625
0 0.13888179843749998 0.80326554375 0.1441808375 0.8030652640625 0.1486901140625 0.7996251156249999 0.15191135625000002 0.7976895984375 0.154842259375 0.7895957734375 0.1564822421875 0.7784414234375 0.156691909375 0.7702777109375 0.14824247968749998 0.771213990625 0.1460264453125 0.7773559796875 0.1442389828125 0.78177905 0.1433104046875 0.785503375 0.142096109375 0.790373646875 0.1404526609375 0.7960498078125 0.13888179843749998 0.80326554375
0 0.309023071875 0.7954777078124999 0.3136060875 0.7954031984375 0.3108093765625 0.789228575 0.308442975 0.7840741265625 0.30693892031250003 0.7836991234374999 0.301785628125 0.7878915890625 0.2968448875 0.7884855 0.30114680781250003 0.7968611890624999 0.30408348749999997 0.7978976828125 0.3045881125 0.8031965296875001 0.30774081249999996 0.8061126562500001 0.309023071875 0.7954777078124999
0 0.2917354890625 0.8620683703124999 0.2940955390625 0.8571794703125001 0.300897478125 0.8555281296875 0.29953223906250004 0.8481889312499999 0.2941600359375 0.8459366046874999 0.2930834015625 0.84201661875 0.28763341875 0.830007428125 0.2800463375 0.8357231531249999 0.27912180000000003 0.8458387 0.28320712187499997 0.851421725 0.286001521875 0.8539442218750001 0.285646109375 0.85811575 0.286651890625 0.8632352546875 0.2917354890625 0.8620683703124999
0 0.320077446875 0.837183746875 0.3237278421875 0.834442340625 0.3238689671875 0.8311302734374999 0.3264456140625 0.829034040625 0.327875928125 0.8260434046875 0.3207122234375 0.821822925 0.3193516046875 0.8217879796875 0.3166989078125 0.816866446875 0.312543890625 0.8143090031250001 0.3063859703125 0.8152080296875001 0.3022361484375 0.8208678703125001 0.30288651875 0.8301589046875 0.3048220359375 0.8333801453125 0.3080455890625 0.8350967546874999 0.3124845890625 0.83376915625 0.31692243750000004 0.8306154921875001 0.3185716609375 0.8340696484375 0.320077446875 0.837183746875
0 0.3830184390625 0.83005450625 0.3866682546875 0.8264000703125 0.385377909375 0.824252575 0.38788255 0.8215297984375001 0.3908866171875 0.8158885828125 0.38622870625 0.8107713890625 0.3817200078125 0.8151245703125 0.3779918328125 0.8081091140625001 0.3733350765625 0.8048179828125 0.3660325578125 0.8075616984374999 0.3633159390625 0.8147960624999999 0.3666835046875 0.8177657609375 0.3708385234375 0.820323203125 0.3743506796875 0.825459025 0.3776445046875 0.8250630843750001 0.3788628421875 0.8265840343749999 0.3830184390625 0.83005450625
0 0.3448583453125 0.8430580234375 0.3465087234375 0.8483382421875 0.354098115625 0.8462746437499999 0.3538095109375 0.8428554328125 0.354451796875 0.8393640203125001 0.35853192031250003 0.8367297593749999 0.35630837656250003 0.8310023375 0.3516527765625 0.8295372703125 0.34921898906250004 0.8310605296875 0.3480012265625 0.8304526125 0.344060496875 0.8270357109375001 0.3391923421875 0.8291691984374999 0.3331819 0.8367995015625 0.3340436703125 0.8406659171875001 0.3367643296875 0.839822775 0.342278234375 0.8396760656250001 0.3448583453125 0.8430580234375
0 0.393008309375 0.8870142234375 0.3950100578125 0.8817316937499999 0.3965838078125 0.8790811156249999 0.40302455937500004 0.8724709859375 0.4012319 0.8686767703125 0.39715004375 0.8685719375 0.39507282187500004 0.86774973125 0.39134464687500004 0.8607342765625001 0.388692528125 0.8567257749999999 0.384106625 0.852235125 0.3800224578125 0.848478165625 0.37644926875 0.8600634015624999 0.37903169062500003 0.8670974843750001 0.3819718359375 0.8736121671875001 0.3855536890625 0.8757224062500001 0.38734634843750004 0.8795166218749999 0.38713321562499997 0.8822021437500001 0.393008309375 0.8870142234375
0 0.4102533390625 0.8663616296875001 0.4103956203125 0.8648756265624999 0.41289968281249995 0.8612398156250001 0.41511514062500005 0.8541847953125 0.4127481609375 0.8481173156249999 0.40795316875000004 0.8527034109375 0.4042284578125 0.8511661437500001 0.3975659109375 0.8467663218749999 0.3917645578125 0.8453198828125 0.388041003125 0.8456086796875001 0.391199478125 0.8576551234374999 0.39542939062500004 0.8654042687500001 0.399082671875 0.8672280203125 0.40259367343749997 0.8705377796875 0.40467147187499997 0.872273015625 0.40810873281250004 0.8722171328125 0.4102533390625 0.8663616296875001
0 0.7393598765625 0.7498887171875 0.7444787828125 0.7321286921875 0.7310406375 0.7343048578125 0.7283692875 0.7376303015625 0.7253358265625 0.7396373078125 0.718690575 0.7432000953125 0.7162401046875 0.7530283921875001 0.7161023703125 0.76374035625 0.7215206390625 0.7623279468749999 0.7255637 0.7571952484375 0.731920659375 0.7547887328125 0.7393598765625 0.7498887171875
0 0.723990921875 0.78382239375 0.7261600953125 0.786205453125 0.7300619234375 0.786257175 0.7349721875 0.7813406953124999 0.7339585078125 0.7780175859375 0.7338829390625 0.7727791093749999 0.7350372671875001 0.7699965421875 0.7339509328125 0.7660412421875 0.7295434296875001 0.7661704765625 0.7254242171875 0.765143440625 0.722100134375 0.7646216921875 0.7161779390625 0.7689788328125 0.7117727687500001 0.7727930953125 0.707081053125 0.7805274 0.707088046875 0.7915824859375 0.712000640625 0.7903510359375 0.7164046468749999 0.78469425625 0.721533459375 0.7825956046875 0.723990921875 0.78382239375
0 0.7921883328125 0.7652095921875001 0.7872042484375 0.7676513671875 0.7852542078125 0.7690073921875 0.7843137671875 0.7672377265625 0.7837331062499999 0.7631014671874999 0.7801922234374999 0.7625256640625 0.777663853125 0.76343045625 0.7778149921875 0.77390740625 0.77673565 0.7810071921875 0.7735597921874999 0.78635610625 0.772189246875 0.7900058765625 0.7734208921875 0.79522555625 0.7753738453125 0.79847581875 0.7839005625000001 0.7993736171875 0.7864945953125 0.7880459296875 0.7882975765625 0.782661753125 0.7891624484374999 0.77919294375 0.7908927734375 0.7731765796875 0.79479110625 0.767700759375 0.7921883328125 0.7652095921875001
0 0.818750690625 0.7214782171875 0.822721678125 0.7166345875 0.8199753421875 0.7156428109374999 0.8219951249999999 0.710312690625 0.8178753296875 0.7083644 0.8142629546875 0.7089989203125 0.8114474609375 0.712902496875 0.80913705625 0.715703859375 0.8071887656250001 0.7198236546875 0.8048068718750001 0.723835340625 0.8022110921875001 0.732399259375 0.8089336609375 0.73683871875 0.8115329375 0.7338023437500001 0.8125425375 0.7306766546875 0.8154283546875 0.7237202390624999 0.818750690625 0.7214782171875
0 0.8386730421875 0.68960094375 0.832604371875 0.6908511890625 0.8323829093749999 0.683427078125 0.8286252234375 0.68279721875 0.8251610749999999 0.689302403125 0.8218422375 0.69707196875 0.8201119125 0.7030883328125 0.823509815625 0.7060847859375 0.8269053890625001 0.7053962125 0.8306572453125 0.6968134984375001 0.833329759375 0.6953305703125 0.83672533125 0.6946419953125 0.8386730421875 0.68960094375
0 0.8804184390625001 0.6607084671875 0.8837372765625 0.652938903125 0.8804126125 0.6514958953125001 0.8781707843750001 0.6484806468750001 0.878747365625 0.6461681078125 0.874844953125 0.6451951265625 0.8734732421875 0.6470023796875 0.871598771875 0.6535968796875 0.8681305421875001 0.653653265625 0.8673383265625001 0.6577542671875001 0.8625722078125 0.6620926093749999 0.866263646875 0.6722241078125 0.871102421875 0.6685179531250001 0.8737005312499999 0.6636390640625 0.8759382796875 0.6602055124999999 0.8804184390625001 0.6607084671875
0 0.694700484375 0.9696459187500001 0.7007685703125001 0.967474415625 0.701341071875 0.958713075 0.7016287812499999 0.9566355468750001 0.70386769375 0.955044509375 0.7058909718749999 0.9552419328124999 0.7073330078125 0.9503818374999999 0.7019839 0.94689889375 0.69786701875 0.9495568875 0.6972137015625 0.9447884390624999 0.695331071875 0.9384853375000001 0.69229644375 0.9386498328125 0.684781078125 0.937390115625 0.6776313171874999 0.942976375 0.68081416875 0.9486825453125001 0.686380078125 0.9522195437500001 0.6902127484375 0.9571666203125 0.694700484375 0.9696459187500001
0 0.750884884375 0.9216327312500001 0.751827071875 0.9261661671875 0.7575347984375 0.9254400015625001 0.75919246875 0.9187914484374999 0.7576725328125 0.9147280375 0.7564426359375 0.9122721296874999 0.758970421875 0.9104460796874999 0.7557137515625 0.9022652046875 0.75275469375 0.9076681734375001 0.7506605078125 0.9096023328125 0.7472643531250001 0.9093696515625 0.7409771328125 0.9078020718750001 0.7345475171875 0.9095763984375 0.7318814109375 0.92119315625 0.7364353921875 0.9241708140625 0.7443105390625 0.9230639343749999 0.74900516875 0.9199359156250001 0.750884884375 0.9216327312500001
0 0.7390509859375001 0.9469296375 0.7422326703125 0.9507932953125 0.7429574765625 0.95435141875 0.7477247609375001 0.9518555890625 0.7474329734375 0.9474843156249999 0.7481542828125 0.9455148984375 0.75075705625 0.948006065625 0.7542938593749999 0.9421330687499999 0.7526297796875 0.9386477953125001 0.747860165625 0.9374585968750001 0.7466314328125 0.936845203125 0.743016146875 0.9328734359374999 0.7352863078125 0.9352446953125 0.7279912375 0.939566575 0.728357428125 0.9473338078125 0.7319703843750001 0.94762054375 0.7345702453125 0.9455054281249999 0.7390509859375001 0.9469296375
0 0.717583640625 0.935129446875 0.7203305578125 0.937042478125 0.7231489671875 0.9377451859375 0.7269775593750001 0.9362434625 0.7261062765624999 0.9295784453125 0.7229954984375 0.9235832078125 0.7171401328125 0.9193599656250001 0.7109261515624999 0.91934583125 0.7057990859375 0.92420825625 0.700817915625 0.9312563171875 0.7059473109375001 0.9300789203125 0.7091284140624999 0.933021321875 0.7115138046875 0.9345371765625 0.717583640625 0.935129446875
0 0.5153185234375 0.9003579890625 0.51849205 0.8913240453125001 0.5209471828125001 0.8888658046875 0.5185594609375 0.8836649203125001 0.5128523203124999 0.8853123437500001 0.508513975 0.880546225 0.5038890890625 0.8797001484375 0.5019419625 0.8856624578125001 0.5026661859375 0.888299325 0.5052689578125 0.89079049375 0.5075107859375 0.8938057421875 0.5093172640625 0.8939491109375 0.5127889890625 0.8994202671875 0.5153185234375 0.9003579890625
0 0.522966965625 0.8835356859375001 0.5259992609374999 0.8796861625 0.5215888421875 0.8752091125 0.519996834375 0.87143476875 0.517249915625 0.8695217375000001 0.5124093937499999 0.8704641203125 0.508002475 0.8715146125000001 0.505692653125 0.8752372312500001 0.5060559296875 0.8783981781250001 0.508802265625 0.8793899546875 0.5107546375 0.8817189593749999 0.51343123125 0.88668483125 0.5169721140625 0.8872606359375 0.522966965625 0.8835356859375001
0 0.7779128953125001 0.9286786093750001 0.7795084 0.9379804921874999 0.7841315390625 0.9360627984375001 0.7836950234375 0.9313484031250001 0.78195595625 0.9235459109375 0.7835456328125 0.923635225 0.784842940625 0.9184320078124999 0.781370634375 0.9120395953125 0.7781209546875 0.9149138062500001 0.7750165859375 0.919052396875 0.7719825421875 0.9201381484375 0.76959656875 0.9177010343750001 0.76446484375 0.9151934015625001 0.761143675 0.9192779375000001 0.7581840343749999 0.9237596515625001 0.7585490593750001 0.9296843703125001 0.7643329359375 0.9351179374999999 0.771122915625 0.931898271875 0.77531186875 0.9289512109375 0.7779128953125001 0.9286786093750001
0 0.8016556796875 0.8824020109375 0.8002781406249999 0.87499669375 0.7958677234375 0.87051964375 0.7869126515625 0.8778050484375 0.7804103796875 0.8789471859375 0.7772333546875 0.8824535875 0.7739871734375 0.8908553421875001 0.7768119921875 0.9016918781250001 0.787935653125 0.895868275 0.797544625 0.8942725765624999 0.8021648499999999 0.8877485953124999 0.8016556796875 0.8824020109375
0 0.813854603125 0.8630298218749999 0.8185509796874999 0.8626655734374999 0.8206416687500001 0.8552038718749999 0.8190496609375 0.8514295296875 0.8217198437500001 0.8462615734375 0.8186096484375 0.8411875921874999 0.8127583609375 0.84341315 0.8071244578125001 0.8466140187500001 0.8043757906250001 0.841937215625 0.800689596875 0.84009703125 0.7996840749999999 0.8496715203124999 0.7999746984375 0.8522002796875 0.8026501265625001 0.8553236359374999 0.8056859187500001 0.8570016562499999 0.8087199625 0.8559159046874999 0.8119737203125 0.8594904937500001 0.813854603125 0.8630298218749999
0 0.788242403125 0.8096672796875 0.786653309375 0.810499221875 0.783697165625 0.8205084781249999 0.7823260359375 0.823236990625 0.780665453125 0.825279259375 0.7784312015625 0.8342403515625 0.7853717359375 0.84057638125 0.789123009375 0.8310724109375001 0.791794359375 0.82774696875 0.7941739203125 0.8200502546875 0.7959054140624999 0.8158764046875 0.7899803046875 0.8156272578125 0.788242403125 0.8096672796875
0 0.825455965625 0.8128049171875 0.8300814359375 0.8145722515625 0.834778978125 0.816050515625 0.8355682796874999 0.80734323125 0.834122165625 0.805754525 0.832025065625 0.8030823968749999 0.8315903 0.801131775 0.8320948078124999 0.7991083015625 0.8305748718749999 0.7950448921875 0.82761523125 0.7995266046875 0.8249438828125 0.8028520468749999 0.8206084515625 0.8026922140625 0.814180584375 0.8072303125 0.8123758531249999 0.8098507156249999 0.8081874828125001 0.8137190328124999 0.8092034921875 0.8207271734375 0.8134668484375001 0.821176075 0.81671769375 0.820144378125 0.82184650625 0.8180457234375 0.825455965625 0.8128049171875
0 0.8218981828125 0.7855126546875 0.826161540625 0.7859615546875001 0.8296245250000001 0.77761385625 0.826516659375 0.7762249031249999 0.8208071875 0.774187296875 0.82239161875 0.765985296875 0.8150994609375 0.7749134625 0.811780040625 0.7817617703125 0.807809053125 0.7866054 0.8053568359375 0.793669925 0.8054347359375 0.8025934296875 0.8088343874999999 0.8083536546874999 0.8137469812499999 0.807122203125 0.8152605062499999 0.801051784375 0.8177836328125 0.791855678125 0.8218981828125 0.7855126546875
0 0.8465326453124999 0.7781450750000001 0.8445796906249999 0.774894815625 0.8433457140625 0.7659901062500001 0.8374246859375001 0.772189759375 0.8359809015625 0.7742860828125 0.8338855515624999 0.7743777281249999 0.828541103125 0.778264840625 0.8278267874999999 0.79128934375 0.832664978125 0.7866619328125 0.836134953125 0.78936931875 0.83952994375 0.7877594859375 0.844223990625 0.7837102109375 0.8471871265625 0.784756040625 0.8465326453124999 0.7781450750000001
0 0.8371147453125 0.22967585468750001 0.8379075453124999 0.22649611093750002 0.8384469250000001 0.222485590625 0.8366392812500001 0.22049970624999998 0.8344736062500001 0.2236441921875 0.834005425 0.22598375937499998 0.8321280390625001 0.227971971875 0.829851925 0.2278650296875 0.82750431875 0.22896840937500001 0.8284107625000001 0.234107009375 0.831698809375 0.2347732921875 0.83184586875 0.23880144374999998 0.835714284375 0.24314335625 0.837774471875 0.24457813125 0.8407379 0.246084590625 0.8422537578125 0.2436992 0.842503096875 0.238081178125 0.840803271875 0.2352010671875 0.8385256999999999 0.2327909796875 0.8371147453125 0.22967585468750001
0 0.83199555 0.24697525156250003 0.832570675 0.24235956718749999 0.8309435031250001 0.24011164375 0.8289931718749999 0.2410070390625 0.8292471750000001 0.242759075 0.8273700796875 0.24520791718749999 0.826177384375 0.24444998906249998 0.8241174875 0.24347584218749999 0.8202174078125 0.246187890625 0.8211226859374999 0.24948397500000002 0.8223520000000001 0.25101862656249996 0.82567520625 0.250158490625 0.825028303125 0.25552386875 0.8272724609375001 0.262224146875 0.82875606875 0.2659714625 0.8326227359375 0.26754960625 0.8351833546874999 0.26051210625 0.8342417484375 0.256899928125 0.8332998500000001 0.2528271203125 0.832539009375 0.24941352968750002 0.83199555 0.24697525156250003
0 0.3103249 0.054123790625 0.313949178125 0.055774818749999996 0.316939034375 0.055473923437499996 0.319505846875 0.053722243749999996 0.32094587343750003 0.0501948359375 0.32045180625 0.0476799921875 0.319041759375 0.042993546875 0.31591126875 0.04340885625 0.3108809171875 0.0433504796875 0.30634265 0.0426673984375 0.30503957187499997 0.040249803125 0.3025403796875 0.0376834609375 0.300781440625 0.037543865625 0.3006422234375 0.0399008140625 0.3021589515625 0.046407603125 0.298925465625 0.050833157812499995 0.29829303125 0.05202078125 0.29899961406250003 0.0568307921875 0.3027979125 0.055535634375 0.30663073125 0.05320273125 0.3103249 0.054123790625
0 0.279096684375 0.0683110890625 0.27832106093750003 0.0655765671875 0.2762092546875 0.06370472656250001 0.273465584375 0.063917525 0.2725182078125 0.067717240625 0.27385750937500003 0.071788134375 0.274456275 0.0729837734375 0.2736484 0.07487504843750001 0.2726648 0.07702146875 0.272385515625 0.0803898453125 0.274673328125 0.08245504687500001 0.27762752812499997 0.08139786875 0.2786116953125 0.0801484609375 0.280299890625 0.079672503125 0.284662434375 0.080610728125 0.28663246875000004 0.08080295625 0.29222479375 0.0795066640625 0.2952836921875 0.07713028125 0.2958767828125 0.06935578437499999 0.29193501093749996 0.0662802890625 0.28781921875 0.0661509796875 0.2839501765625 0.066830584375 0.280925515625 0.0677207171875 0.2796946 0.0681612078125 0.279096684375 0.0683110890625
0 0.2667269875 0.0882466921875 0.2679248015625 0.09108647812500001 0.2662029359375 0.0939457015625 0.264129340625 0.0968667046875 0.2669098015625 0.0992042171875 0.269336265625 0.0980154578125 0.2711996171875 0.0963873421875 0.27440056875 0.09613907968749999 0.2788680921875 0.0962066078125 0.2821389359375 0.095228375 0.28308659375 0.091877165625 0.2795319265625 0.0890476640625 0.27573079218749996 0.0858577546875 0.272317609375 0.084259359375 0.27059489375 0.0857730609375 0.2676041859375 0.0847284359375 0.2667269875 0.0882466921875
0 0.25489864375 0.12984220156249998 0.25334938125 0.1275127046875 0.25007910624999996 0.12938795 0.2492381296875 0.134559503125 0.25015325312500003 0.13538558437499998 0.2489237546875 0.138068609375 0.2470966265625 0.141350021875 0.248611084375 0.1442687546875 0.2514252171875 0.1442230046875 0.25332394062499997 0.142902665625 0.2554343265625 0.142531971875 0.259587478125 0.1461086046875 0.266021346875 0.1405377734375 0.26556208125 0.13743369218749998 0.2611989703125 0.13559845312500002 0.2574699984375 0.1352666296875 0.25606250625000004 0.1346167453125 0.255534484375 0.134036659375 0.2551111578125 0.1321373671875 0.25489864375 0.12984220156249998
0 0.24643761406250003 0.1561335796875 0.2446090671875 0.1571724578125 0.244119253125 0.161385215625 0.24549165624999997 0.1621758296875 0.24398145468750002 0.165984696875 0.24247011875000002 0.16799953750000002 0.2440193796875 0.170329034375 0.24588301562499998 0.16914942500000002 0.247535271875 0.167468678125 0.24953925937500002 0.1657261484375 0.25326738125000003 0.1647124515625 0.2549912328125 0.1649927765625 0.25773320312500003 0.1620889375 0.2585048546875 0.15854436562500002 0.25382510156250004 0.15663017968749998 0.25023818124999997 0.1584264765625 0.24872599375 0.1590957953125 0.24752988125000003 0.15894705 0.24689631093750003 0.158340646875 0.24643761406250003 0.1561335796875
0 0.3372354921875 0.165617909375 0.33442249375 0.1674576875 0.3345668171875 0.1731738609375 0.33674823125 0.173867228125 0.33935126875 0.1737688453125 0.3409370375 0.1782001453125 0.3430839296875 0.1799312546875 0.3452981609375 0.17689583749999999 0.343924621875 0.1743111953125 0.34648718125 0.1658319125 0.3485613453125 0.16380792187499998 0.35108995 0.157263396875 0.3511204984375 0.149946559375 0.3487639296875 0.15040535156249998 0.3444395953125 0.15425996875 0.34183911093749997 0.1583949140625 0.34043332187500003 0.1604360703125 0.3398014546875 0.16252070937500002 0.339591209375 0.163813596875 0.3372354921875 0.165617909375
0 0.2790129828125 0.10281979375000001 0.2845385359375 0.10718704375000002 0.2825696375 0.1087888421875 0.281343259375 0.1164054421875 0.28936459999999997 0.1179569515625 0.2955160640625 0.11082092031249999 0.2993834046875 0.107450275 0.306274553125 0.1018439765625 0.306517615625 0.096822303125 0.29891789687500003 0.0944790453125 0.291918646875 0.0960224671875 0.28706515625 0.097502971875 0.28273826875 0.0973210296875 0.279043815625 0.0959514625 0.2790129828125 0.10281979375000001
0 0.17753929531249998 0.5892581734375 0.176926275 0.5954721359375 0.180629984375 0.5986426828125 0.1792827 0.6051729296875 0.1843079453125 0.6075494203125 0.18789040937499998 0.6048222875 0.1883001953125 0.6024276703125 0.1913825921875 0.5987019828125 0.1964045203125 0.5958343921875 0.197519978125 0.59436475625 0.20339078124999999 0.5865904015625001 0.20470970937500002 0.5816759953124999 0.20197564687499997 0.578747209375 0.19586804062500002 0.58371605625 0.192900253125 0.582851265625 0.1879385921875 0.5881058296874999 0.185324590625 0.5892018359375 0.181357378125 0.5874636625 0.17753929531249998 0.5892581734375
0 0.2026139421875 0.5660479015625001 0.2063155203125 0.5658472546875 0.207547721875 0.5631583328125 0.2116893359375 0.5619438453125001 0.213008975 0.5581531703125 0.20968811562499998 0.5564513109375 0.20733666718750002 0.5546166359375 0.20630627812500002 0.5512387484375 0.20518679374999998 0.546340575 0.2044789890625 0.5420444 0.20127440000000002 0.5383741015625 0.197897775 0.5414022328125 0.198518140625 0.5468001609375001 0.1991678109375 0.5520805546875 0.199230684375 0.558587875 0.2001717375 0.5600709 0.20052552031249998 0.5620316984375 0.2026139421875 0.5660479015625001
0 0.28772917656249997 0.20185516875 0.29163557500000004 0.20462288750000002 0.291322053125 0.20947751406249998 0.29111294375 0.2125644296875 0.29614272656249996 0.21172579374999997 0.2999729921875 0.20535633125000002 0.3028210765625 0.203375821875 0.306655315625 0.203285453125 0.30967855625 0.2001527859375 0.31101076562499996 0.1930110109375 0.302181265625 0.1929022703125 0.298454278125 0.1957099953125 0.29581672187499997 0.196846121875 0.29307248124999996 0.19616190625000002 0.28892216875 0.1970703390625 0.28772917656249997 0.20185516875
0 0.367219609375 0.38032020312500003 0.3634932125 0.39173083124999997 0.36178833125 0.3926768359375 0.36280838437499996 0.40213698906250006 0.37000427343750003 0.410394790625 0.3709308859375 0.417872959375 0.381166115625 0.42160010000000003 0.3798193890625 0.405790703125 0.3809221015625 0.4001895828125 0.378753359375 0.39651495625 0.37750602187500004 0.39209071875 0.3765790390625 0.3840248515625 0.367219609375 0.38032020312500003
0 0.405293946875 0.3813908515625 0.407647715625 0.38609095312499997 0.41092028750000004 0.3859275546875 0.4137263953125 0.37702963437500003 0.41446091718750006 0.3723160546875 0.41948174531250004 0.36690835625 0.41970754218749995 0.35952164531249997 0.4164323671875 0.3555711546875 0.409057771875 0.356278753125 0.40569919375 0.3662141390625 0.40510223125 0.3697868046875 0.4016487234375 0.3753894125 0.40169879062499997 0.381669690625 0.405293946875 0.3813908515625