0 0.38820974375 0.510623828125 0.382132378125 0.5132991312499999 0.38110917031249997 0.5147842953125 0.38308146875000004 0.5210343515625 0.3880359671875 0.52200215625 0.39025759375 0.525029325 0.39128115937499997 0.52788811875 0.3951998578125 0.52898184375 0.39794460468750004 0.5195938078125 0.3961349234375 0.517982003125 0.3970707046875 0.515670071875 0.4032225453125 0.508118340625 0.4037215578125 0.50601651875 0.40495667500000004 0.5015747046875 0.40689048124999994 0.49505913125 0.4014362546875 0.4875052390625 0.39832885625 0.48788300625 0.3934250828125 0.4966961171875 0.3909548484375 0.5055797453124999 0.38820974375 0.510623828125
0 0.44260740624999995 0.497363878125 0.44049875 0.5022259124999999 0.440037153125 0.5040614984375 0.43507042343749996 0.5060784109375 0.43389754687500004 0.5086285140625 0.4363936828125 0.511151275 0.4395510921875 0.5118665140624999 0.442396571875 0.513352396875 0.4447804578125 0.5166738640624999 0.4475885234375 0.5184259828125 0.4548017046875 0.517810765625 0.45390298125 0.5155125046875 0.4505703625 0.5087997718749999 0.44888516562499997 0.5034045468749999 0.4469258171875 0.502857684375 0.4474618875 0.4961456734375 0.44260740624999995 0.497363878125
0 0.48542741562499997 0.5259158453125 0.4915047796875 0.5232405390625 0.49397537343750003 0.518700865625 0.49839344218750004 0.5220367265625 0.5036469171875 0.516530690625 0.49813008906249995 0.5065245515625 0.497168765625 0.5017740484375001 0.4944229421875 0.49813021874999996 0.49014230937500003 0.4967141328125 0.4837278328125 0.49744160312499996 0.4810071953125 0.496516253125 0.48140726562499997 0.5052602890625 0.4824434234375 0.509478321875 0.4849895703125 0.5130940890625 0.48681184218749995 0.5160651328125 0.48364255937499995 0.5226785656249999 0.48542741562499997 0.5259158453125
0 0.5241532 0.3923534421875 0.5268364203125 0.3935450265625 0.5308547781249999 0.3924808046875 0.5339369921875 0.389384559375 0.5341737296875 0.38480243125 0.532064353125 0.3809765546875 0.5292062796875 0.3781314328125 0.526672728125 0.3758749078125 0.52443886875 0.375832453125 0.5193598859375 0.378648071875 0.5164521625 0.3790538984375 0.5146550734375 0.37880133437499997 0.5115728578125001 0.38189757968750004 0.50942678125 0.38702585 0.5111493953124999 0.392154840625 0.5134832734375 0.3943833046875 0.519498396875 0.3935997109375 0.5241532 0.3923534421875
0 0.24121759531250003 0.48227265781249995 0.24409444374999997 0.48948541093750003 0.2471942765625 0.4899210640625 0.2510837859375 0.48819821875 0.253498346875 0.491779678125 0.2576413390625 0.49171351406249997 0.25910125 0.48478604062499997 0.25775949531250003 0.478761665625 0.25683534531249996 0.4766865171875 0.2575206171875 0.4735407109375 0.2579519765625 0.463550784375 0.255820546875 0.45968490624999997 0.24886084999999997 0.45903099531249997 0.2472815015625 0.463347990625 0.2464325359375 0.46938869375000003 0.24337781406249998 0.47382255000000006 0.24121759531250003 0.48227265781249995
0 0.286542653125 0.367387634375 0.2858126984375 0.3708513703125 0.282429734375 0.37070013749999997 0.280104965625 0.3716702578125 0.279464375 0.37449812968749996 0.28254960156250003 0.37849805625 0.2838617109375 0.3864635328125 0.284800896875 0.3901618515625 0.28724510312499996 0.39180220781249997 0.29153717968750004 0.3924054203125 0.2953519328125 0.3877541671875 0.29500865468750004 0.38154590625 0.29372661718750004 0.37682676875 0.29199775781250004 0.37528695 0.29318957343749996 0.3702670671875 0.28979157031249997 0.3684926625 0.286542653125 0.367387634375
0 0.331549265625 0.5471659718749999 0.335335228125 0.5548307046875001 0.33843506093750003 0.5552663578125 0.34141545624999997 0.5530915328125 0.341921571875 0.5460300140625 0.3386275421875 0.5400554765625001 0.339163303125 0.5310528546875 0.33580955625 0.5237730765624999 0.329177675 0.522516815625 0.32276963125 0.5248583390625 0.3244392 0.5302803625 0.32578095625 0.5363047390625 0.3268095078125 0.53936719375 0.328240628125 0.5447557062499999 0.3296863578125 0.546579946875 0.331549265625 0.5471659718749999
0 0.342244246875 0.4831783625 0.339531946875 0.48344559687500005 0.338101253125 0.48324452500000004 0.334420121875 0.48175454218749997 0.3329301375 0.4854356734375 0.335210653125 0.48997092656249996 0.336507296875 0.4911257921875 0.33790834375 0.493267965625 0.338490071875 0.49950973593750003 0.33764110625 0.5055504390625 0.3420964484375 0.49807131250000003 0.343034778125 0.491394746875 0.3442416296875 0.487998034375 0.3439580703125 0.48309501250000003 0.342244246875 0.4831783625
0 0.31587784218750004 0.44413376875 0.30975293125 0.446190871875 0.30806918125 0.44952055937499996 0.30529716093750003 0.44848255468750003 0.3026145046875 0.4468086859375 0.3010201203125 0.44950251406249997 0.30471671875 0.4578031078125 0.30766746718750004 0.45756938593749996 0.3090238328125 0.46002949062500004 0.31066375625 0.467392615625 0.31316768281249996 0.4703382109375 0.318503346875 0.47562704843750003 0.32163282656250003 0.4741216 0.32179609062500003 0.4660392625 0.3211993265625 0.45817431875 0.3193063453125 0.454341953125 0.317577484375 0.4528021328125 0.3159379890625 0.45062644843750005 0.31587784218750004 0.44413376875
0 0.1882707921875 0.519896846875 0.1895236109375 0.5317445265625 0.1940687453125 0.5288169796875 0.1966762171875 0.5223749984375 0.20041706874999998 0.52517021875 0.20347221875 0.5259238046875 0.201534128125 0.517221928125 0.20193626875 0.5143605421874999 0.202502103125 0.5086042625 0.2022632265625 0.503383309375 0.20120460156250003 0.49707451249999995 0.19761240625 0.4897612234375 0.1904739796875 0.490379040625 0.1909066234375 0.49595143750000004 0.1911906125 0.5060419015625001 0.191713046875 0.5161658765625 0.1882707921875 0.519896846875
0 0.20689687031249998 0.48944501406249996 0.21059303906250001 0.4925581671875 0.2121427421875 0.4901822734375 0.21595749375 0.48553102031249995 0.21588230937500003 0.47741517031249997 0.21586727187500002 0.47579200000000005 0.2143910421875 0.465533978125 0.2110377234375 0.46344164218749995 0.207683975 0.45616186562500005 0.2008437171875 0.45811843281250003 0.20147012812499998 0.4640422734375 0.2039147625 0.47087007031250006 0.20334935625 0.48181379375000005 0.20689687031249998 0.48944501406249996
0 0.161648759375 0.4532583625 0.1637947984375 0.45355996875000004 0.1678785015625 0.457376009375 0.1691446453125 0.45009709375 0.1684288703125 0.44480911562500003 0.1679962265625 0.43923671875 0.16660978906249999 0.433530275 0.16067864375000002 0.43593882031250003 0.1605003421875 0.44239798906249994 0.1582804046875 0.4495428578125 0.1596964890625 0.45330820000000005 0.161648759375 0.4532583625
0 0.1145708140625 0.45604411875000006 0.1108303890625 0.45843633749999996 0.10922139687500002 0.46469443593750004 0.11278351874999999 0.4687613828125 0.11703091406249999 0.469682528125 0.1170609875 0.47292886718749994 0.1228881578125 0.47472045625000003 0.12558499375 0.4676426125 0.1252567515625 0.463057521875 0.125241715625 0.4614343515625 0.1271789515625 0.45976134531249996 0.12919051406249998 0.455829303125 0.1300390515625 0.44460116093749996 0.1294573234375 0.4383593890625 0.12743029687500002 0.4354808171875 0.122378190625 0.43509500156250003 0.1192345296875 0.4453521625 0.1160758328125 0.4539861546875 0.1145708140625 0.45604411875000006
0 0.1029860890625 0.39314004687500004 0.1028077875 0.3995992140625 0.1040150671875 0.40138994375000003 0.10635487343750001 0.40204299375 0.10838232968749999 0.41010900625 0.11292746406250001 0.40718145781250004 0.114491775 0.4012412921875 0.11650333906250002 0.39730925156249997 0.1183512109375 0.39627210625 0.12079498749999999 0.39272502187499997 0.1228061234375 0.3836055390625 0.11921435625000001 0.3814796921875 0.11358094999999999 0.3800395453125 0.11027274218750001 0.382816721875 0.1066818296875 0.39106575781249997 0.1029860890625 0.39314004687500004
0 0.10751399531250001 0.5425894109375 0.11121016406249999 0.5457025640625 0.11532351249999999 0.5475775031250001 0.117811971875 0.5437124859375 0.11809467656249999 0.5382406234375 0.118824203125 0.529589446875 0.11848092343750001 0.5233811859374999 0.1174966265625 0.51481335625 0.11061168750000001 0.5170878546875 0.110403740625 0.5254881265625 0.1075427828125 0.5302734265625 0.10521844375 0.5364309875 0.10751399531250001 0.5425894109375
0 0.156311759375 0.612344490625 0.157459746875 0.6180174234375 0.158801075 0.6188543578125001 0.16316748125 0.6171985359375001 0.16295910625 0.620411365625 0.166446471875 0.6215499046875 0.170634146875 0.6211658109375 0.1692773546875 0.6135182640625 0.1721980296875 0.6100382015625 0.1722422859375 0.604532828125 0.1718990078125 0.5983245671875 0.1710191109375 0.590744046875 0.1641934640625 0.589136340625 0.1627039078125 0.598004915625 0.1620637453125 0.60602023125 0.1605883703125 0.6061370921875 0.156311759375 0.612344490625
0 0.109962909375 0.6012916265625 0.10990361875000002 0.6051738296875 0.11458322968750001 0.606479928125 0.11474735 0.608772475 0.117564053125 0.6094925453125 0.1203953640625 0.6066483484375 0.1198883921875 0.603334984375 0.12008173124999999 0.5984989859375001 0.12237642500000001 0.5942825265625 0.1238066890625 0.5892961546875 0.1238956265625 0.5834728499999999 0.11899217656250001 0.5785689671875 0.11689124687500001 0.5831368703125 0.1150738796875 0.592607796875 0.1111994078125 0.5959538109375 0.109962909375 0.6012916265625
0 0.0895757578125 0.6010200890624999 0.0922884875 0.605940296875 0.09613331093750001 0.604535384375 0.09775819999999999 0.610275340625 0.099829909375 0.6128359796875 0.10130485625 0.6075316765625 0.1029439234375 0.60451991875 0.101289390625 0.6007210656249999 0.10221311250000001 0.5976087734375 0.1044184421875 0.5940281749999999 0.10590842656249999 0.5903470421875 0.1069361203125 0.583034615625 0.103970334375 0.5816451671875 0.09878418125 0.5822131453125 0.09596833593750001 0.59186795625 0.0938377609375 0.5983769609375 0.0895757578125 0.6010200890624999
0 0.13332355625 0.6963265625 0.13493340625 0.7004433484375 0.1372285296875 0.7014143296875 0.14087958750000001 0.6996579734374999 0.1416692625 0.697499475 0.1461997875 0.6981361984375 0.147406640625 0.6947394859375 0.147972046875 0.6837957625 0.14193650156249998 0.6852170015625 0.14026693125 0.679794978125 0.13919326875 0.6718630109375 0.13831337500000002 0.6642824890625 0.1373741875 0.660584171875 0.13120416562499998 0.6577717625 0.1289103296875 0.67236310625 0.1271969328125 0.6776338984375 0.1266310984375 0.6833901796874999 0.12953759375 0.6886618312499999 0.1322950046875 0.6932641078125 0.13332355625 0.6963265625
0 0.2839204703125 0.7372684703125 0.2841877078125 0.7249859984375 0.2891650578125 0.7224434046875 0.2864368625 0.7107125859375001 0.278553446875 0.7131709671875 0.2765414546875 0.7119155671875 0.2695370765625 0.7115795890625 0.261877071875 0.7124483140625 0.25841977968749996 0.7145561125000001 0.26049191718750003 0.7223041953125 0.2660359578125 0.7243802031250001 0.26931494843750003 0.728731571875 0.273711428125 0.730322090625 0.27532085 0.7292514359375 0.2775867546875 0.737350959375 0.2839204703125 0.7372684703125
0 0.2181073328125 0.7124568921875001 0.2221016703125 0.7169087968750001 0.225320515625 0.714767484375 0.22716795625000002 0.7085428984375 0.2314003140625 0.7078408734375 0.23041601875 0.6992730453125 0.2243353609375 0.695824771875 0.21974468749999998 0.6886953671875 0.21639136875 0.686603034375 0.2080314828125 0.6941818343749999 0.2104907265625 0.6974453609375 0.2155432609375 0.70301861875 0.2168403328125 0.709360925 0.2181073328125 0.7124568921875001
0 0.2425064296875 0.7499281546875001 0.2449506359375 0.751568509375 0.249272359375 0.750230621875 0.2501513984375 0.7474362593749999 0.2496594640625 0.7457460671875 0.249197175 0.7421147703125001 0.25143257812500003 0.7417805125 0.252698721875 0.734501596875 0.25086545937500004 0.73197446875 0.2465884203125 0.732994428125 0.2436080234375 0.73516925 0.2417898 0.7342652937499999 0.23785518125 0.7311186281250001 0.23275839375000001 0.73105074375 0.22913697812499997 0.7308659984375 0.22575444218750002 0.7359022078125 0.22800531093749998 0.7423785625 0.23217837812500003 0.7455587390625 0.2363213703125 0.745492575 0.2425064296875 0.7499281546875001
0 0.2177056203125 0.7205057203125 0.217511425 0.714966834375 0.21627407031249998 0.709929765625 0.21084947031249998 0.7104642328125 0.2080331953125 0.7149316015625 0.2025046203125 0.7196662046875 0.19721449375 0.7244343171875001 0.1993459234375 0.728300196875 0.20535182343749997 0.728820059375 0.2106123046875 0.7259930453125001 0.21409967187499998 0.7271315859375 0.217110140625 0.728203103125 0.2204033125 0.7238027578125 0.2177056203125 0.7205057203125
0 0.2293350265625 0.783091859375 0.233642140625 0.7853182421875 0.235429865625 0.7777884171875 0.240914184375 0.7785591875 0.2425678609375 0.7719831593750001 0.2370835390625 0.7712123890625 0.2356378109375 0.769388146875 0.235100765625 0.7628284453124999 0.2340571796875 0.7581428171875 0.229735028125 0.754293265625 0.220689440625 0.7598304296875 0.222895625 0.7666247171875 0.22829101093749998 0.7732187921875 0.228097671875 0.7780547906249999 0.2293350265625 0.783091859375
0 0.27631071406249996 0.8052560062499999 0.27668278125 0.79914828125 0.278679734375 0.7987805140625001 0.27902215625000004 0.7946138890625 0.27623509999999996 0.791952715625 0.27268844375 0.794696378125 0.264178615625 0.7912309203125 0.2598122109375 0.792886740625 0.262584659375 0.7991121890625 0.2675474 0.8001338671875 0.2700663640625 0.80470263125 0.272376521875 0.8072967828125 0.27631071406249996 0.8052560062499999
0 0.2554604140625 0.790978290625 0.25610100468749997 0.78815041875 0.2599157578125 0.783499165625 0.2557276515625 0.7786958171875 0.24985580000000002 0.777222159375 0.24326859843749998 0.7756479656249999 0.23858941718749999 0.779529309375 0.2352816359375 0.7874939265625 0.241421584375 0.78705999375 0.24376139062500002 0.78771304375 0.2469209421875 0.789453934375 0.24960359687499997 0.791127803125 0.2519137578125 0.7937219546875001 0.2554604140625 0.790978290625
0 0.075440740625 0.721215178125 0.07776596875 0.72154196875 0.077230225 0.723245040625 0.0773849765625 0.7274163109375 0.0799191609375 0.72836525625 0.08100898125 0.7269376515625 0.0812085109375 0.7234089609375001 0.0815353 0.7210837328124999 0.0838422 0.7194319828125 0.0840053328125 0.7151077921875 0.0846589125 0.7104573359375 0.0836958296875 0.7067652515625 0.07864631250000001 0.713169053125 0.07713884062500001 0.716513925 0.0746229859375 0.7175435171875 0.0742508953125 0.7212455531249999 0.075440740625 0.721215178125
0 0.1108645921875 0.7317263734375 0.1135349390625 0.7317064734375001 0.1164139796875 0.7291471515625 0.1204561578125 0.7330743796875 0.12200892968749999 0.7283527000000001 0.12186334218749999 0.7251707 0.12393379062500001 0.7199289859375 0.12454180937499999 0.7134937609375 0.12431426406249999 0.7077314890624999 0.1245682578125 0.703815259375 0.12326922031250001 0.7014591343750001 0.11561246562500001 0.7021614140625 0.1153678953125 0.7102284875 0.11399736875 0.7220892453125 0.1112547515625 0.7268412984375 0.1108645921875 0.7317263734375
0 0.11945090625000002 0.7686980234375 0.122720628125 0.7675767828125 0.12413723593749999 0.7638239484375 0.1250275265625 0.765925034375 0.128833253125 0.766262296875 0.12964132343749998 0.7626215359375 0.1284148203125 0.7586948328124999 0.1275245296875 0.7565937468749999 0.12564418593749999 0.754155925 0.1250717828125 0.7519019203124999 0.12443548906249999 0.74588460625 0.1220644375 0.7406114703125 0.11900393437500001 0.7455164437499999 0.11900445625 0.751839596875 0.11878711875 0.759712903125 0.117888446875 0.7661072796874999 0.11945090625000002 0.7686980234375
0 0.10250999999999999 0.751102221875 0.10371843750000001 0.7562119640625 0.1064977140625 0.7554169890625 0.1084867265625 0.7539181593750001 0.11081169375 0.751083371875 0.1128282 0.75255235 0.1171152078125 0.7515740796875 0.1166514734375 0.7453834234375 0.11527047812499999 0.740447025 0.11388057968750001 0.7376829375 0.11305365781250001 0.7330220062499999 0.1119902875 0.7247711125 0.10964647031250001 0.7193042078125 0.10219893124999999 0.7237902203125001 0.10271712968749999 0.7295933390625 0.1037805015625 0.737844234375 0.10401721093750001 0.7445957734374999 0.10250999999999999 0.751102221875
0 0.09338243125 0.7591064515625 0.09054895156250001 0.7634505421875 0.092584046875 0.7700596375 0.094064546875 0.7700701109375 0.0952088328125 0.7682549671875 0.09626225625 0.7660318609375001 0.097288446875 0.7640025234375 0.0993505125 0.767256271875 0.10037696562500001 0.7683885109374999 0.1024115390625 0.7686744531249999 0.103683084375 0.768062771875 0.10478180625 0.7644628578125 0.103573371875 0.759353115625 0.10320992343749999 0.7577212671875 0.103282196875 0.7529891140625 0.1023644140625 0.7479202218750001 0.1015194234375 0.7444423296875 0.09913030625 0.7403522312499999 0.096750090625 0.7340898265625 0.093008253125 0.7375158703125 0.0940713625 0.7426051874999999 0.09418971875 0.7459809578125001 0.0954256484375 0.75405850625 0.09338243125 0.7591064515625
0 0.1377529109375 0.770282221875 0.1375897765625 0.7746064140625 0.137417740625 0.7811029109375001 0.13930698749999998 0.781368428125 0.14044236875 0.781725590625 0.1419590046875 0.779369990625 0.1442933984375 0.7806860484375 0.1451559328125 0.7766577484375 0.14528293125 0.7746996328125 0.1447013609375 0.771456359375 0.1448191953125 0.768508975 0.14353822656249998 0.7649698109374999 0.1420666296875 0.762787028125 0.139795084375 0.7525879718749999 0.1364619953125 0.7562690562500001 0.13524517656249999 0.7596547765625 0.13514567187499998 0.7645807 0.13648110625 0.7677323265625 0.1377529109375 0.770282221875
0 0.1490252890625 0.77759674375 0.1498522109375 0.782257671875 0.15346705 0.78078974375 0.1541481234375 0.779107096875 0.1547927984375 0.7766289468750001 0.15773546875 0.7746713578125 0.1611321875 0.7715920015625 0.16057785156249998 0.768154959375 0.156989984375 0.7662675421875 0.15539139062500001 0.766042875 0.15323898281249998 0.76870431875 0.152993628125 0.7672866625 0.15185772656250002 0.7606063437499999 0.14960503125 0.758708978125 0.1468891234375 0.756944109375 0.14411875000000002 0.7555667765625 0.1405767046875 0.7586257078124999 0.142566240625 0.7634500328125 0.1462271625 0.7700900265625 0.1487616078125 0.7742005484375001 0.1490252890625 0.77759674375
0 0.20369694374999997 0.8040519890625 0.2048056140625 0.810926075 0.20705830937499997 0.8128234421875 0.20875667031249998 0.8112837624999999 0.209410509375 0.809794884375 0.21081795468750003 0.80505278125 0.21305232031250002 0.8049716078125 0.21506856562499999 0.8032790109375 0.215358959375 0.8001582828125 0.21159853125 0.7984442109375001 0.21187085625000002 0.796506521875 0.21012667343749997 0.7930998515625001 0.20754692812500003 0.7903661359374999 0.20468569374999998 0.7885808421875 0.20107059375 0.786887196875 0.19786424062500002 0.7854485906249999 0.19427689374999998 0.7898843296875 0.19563956093749998 0.7928421875 0.199500275 0.7991150671875 0.20201639062500001 0.80124705 0.20369694374999997 0.8040519890625
0 0.1931433390625 0.8116582046874999 0.1975398 0.8162280125000001 0.2002460203125 0.8106804578125001 0.2037246984375 0.8101813734375 0.20556812343750003 0.8055005421875 0.20195276093749998 0.8006453203125 0.198028678125 0.796932284375 0.1966660125 0.7939744281250001 0.194313290625 0.7906798296875001 0.18823706093749998 0.7927898156250001 0.189100378125 0.7982462453125 0.1918801765625 0.8037744234374999 0.1928974640625 0.8039173937499999 0.1936696578125 0.8058042859375 0.1930886125 0.8088841656250001 0.1931433390625 0.8116582046874999
0 0.35857680468750003 0.6860598078125 0.35546932343750004 0.68918143125 0.35543196250000003 0.6938294093749999 0.35456431718750003 0.70000301875 0.351633484375 0.7091712953125 0.3521623390625 0.714172571875 0.36076838906250003 0.7142871937499999 0.3621641640625 0.704355740625 0.3613712453125 0.7012333875000001 0.3621761375 0.6969669984375 0.364616925 0.6956677124999999 0.362817078125 0.6880243359375 0.35857680468750003 0.6860598078125
0 0.357801278125 0.7412421359375 0.3588198171875 0.7339948578125 0.3542900875 0.731168490625 0.348024346875 0.731930215625 0.3441112515625 0.7305591078125 0.340903296875 0.735856365625 0.3377584546875 0.7436259703125 0.335230246875 0.7528508328125 0.3374573875 0.754532434375 0.341709634375 0.749108221875 0.3445784375 0.750606284375 0.34914553125 0.7487846703125001 0.3519131359375 0.7436992453125 0.3550837296875 0.7430499640625 0.357801278125 0.7412421359375
0 0.392658203125 0.80143228125 0.394230625 0.797547478125 0.3929846609375 0.793266578125 0.3965074625 0.79157191875 0.39789126406249997 0.7890292062500001 0.39499670781249996 0.7804108203125 0.39217868437500003 0.7843942828125 0.385774021875 0.7788409359374999 0.38059029375 0.7792072890624999 0.376765703125 0.7830492890625 0.3745389234375 0.7857472484375 0.372563875 0.789575465625 0.3736462515625 0.7935596546875 0.376389190625 0.7944925890625 0.380780359375 0.7953834468750001 0.3840641234375 0.7939289140625 0.38834212031250004 0.795625025 0.38806572031250003 0.8005131296875 0.392658203125 0.80143228125
0 0.349768671875 0.8290720374999999 0.35516640625 0.830104359375 0.356311171875 0.827801771875 0.357707309375 0.8222498765624999 0.35934284375000003 0.8208374203125001 0.36159465156250004 0.8165006609375001 0.36131753125 0.8126296421875001 0.3557815953125 0.814041371875 0.35303829531250003 0.808728878125 0.34945238125 0.807951190625 0.3468603359375 0.8059445859375 0.34211695937500003 0.8060991062499999 0.33591469531249996 0.8137127375000001 0.34174044531250003 0.81754240625 0.34601844375 0.8192385171875 0.3487363546875 0.8218102500000001 0.349768671875 0.8290720374999999
0 0.37751435 0.8595222218749999 0.38224539218750003 0.86237688125 0.38478665625 0.8589019609375 0.3856543 0.8527283546875 0.38848501875 0.8501152718749999 0.386697865625 0.8438422781250001 0.3833887125 0.8425560484375 0.38118660000000004 0.839235646875 0.3793243625 0.8378790484374999 0.3756376078125 0.834897434375 0.37073064375000003 0.8347552453124999 0.3661766078125 0.8423268 0.36816471093750003 0.844248525 0.3717256 0.8466650109374999 0.37716141875 0.8518084781249999 0.37751435 0.8595222218749999
0 0.3998481515625 0.8700514578125 0.40153338125 0.8609818406249999 0.40402458750000003 0.8607845187500001 0.4069681171875 0.852986621875 0.40219934999999996 0.8504003796875 0.399569584375 0.8486621921875 0.39695215 0.8439148265625 0.39257331406249996 0.8400147875 0.38769137656249997 0.8382337984375001 0.39042234374999996 0.8465554734375 0.39389581093750003 0.8568975359375001 0.3934434890625 0.8644981109375 0.3998481515625 0.8700514578125
0 0.5101486265624999 0.8053533890625 0.511834940625 0.8094224562500001 0.5147291359375 0.8136612812499999 0.5185413921875 0.8128284609374999 0.5203274609374999 0.8059627718750001 0.5225419062500001 0.8062739921875 0.5221131671875 0.794717521875 0.5186026984375001 0.793403 0.5163628625000001 0.7903510171875 0.5145129578125001 0.7859852375 0.512512159375 0.7826931312500001 0.5082718859375001 0.780728603125 0.5055416421875 0.7811660484375 0.4989741125 0.784075115625 0.500912159375 0.7892744390625 0.50469975 0.79445998125 0.5085754812500001 0.80047906875 0.5101486265624999 0.8053533890625
0 0.533411015625 0.7859039921875 0.5383179828125 0.7860461828124999 0.5433127296875 0.7826423578124999 0.5444070765625 0.77923780625 0.5420286796875 0.7742503140625 0.5379519953125 0.7725824968749999 0.5354731234375001 0.7697706375 0.5310311734375001 0.7633982546875 0.52772201875 0.762112025 0.523343184375 0.7582119875 0.515831840625 0.759072371875 0.5211925734375 0.769132234375 0.5232564875 0.7748966875 0.5256726078125 0.7796157609375001 0.529560675 0.7826256671875 0.5323413375 0.783290184375 0.533411015625 0.7859039921875
0 0.534625084375 0.7086120234375 0.5379719640625 0.7096298359375 0.5401860484375 0.70556149375 0.5389527796875 0.702650975 0.545381746875 0.6978063999999999 0.5438836874999999 0.6880156828125 0.5385740953125 0.6878169078124999 0.53552936875 0.6890313140625001 0.5309118578125 0.6897509625 0.5255141234375 0.6887186421875 0.5185689953125 0.689932321875 0.5144676453125 0.694282865625 0.516720175 0.698705228125 0.5197902921875001 0.700231584375 0.5242068515625 0.703863203125 0.527830490625 0.704372471875 0.531693165625 0.7046416171875001 0.5333540906249999 0.7059699234375 0.534625084375 0.7086120234375
0 0.54447995 0.8999583109374999 0.5446181484375 0.8975142593750001 0.5484554359375 0.8950426390624999 0.54884500625 0.8893492828125 0.5472341375 0.8847433796875 0.544528921875 0.883542028125 0.5419118515625 0.8831742234375 0.538564971875 0.8821564109375 0.5355075499999999 0.8820004390625 0.534551040625 0.8785813750000001 0.5326761062500001 0.8758543953125001 0.5267125171875 0.8788483406250001 0.5229633734375 0.8821535031250001 0.5286509265625 0.8884272265625001 0.536113296875 0.9039831234375001 0.541058346875 0.9082364578125001 0.54447995 0.8999583109374999
0 0.47737806875000005 0.8705462374999999 0.48239820624999996 0.869883175 0.48431050156250005 0.8679621765625001 0.48594567343749995 0.8621701578125001 0.48999696875 0.8610972140625 0.48939266718749996 0.8566327734374999 0.48529059218750004 0.8522241921875 0.4832770984375 0.8475617046874999 0.4814776125 0.8442978890624999 0.47712380625 0.838759053125 0.4726952765625 0.8425161734375 0.46894649375 0.8502008999999999 0.47114860625 0.8535213 0.47470949375 0.8559377843749999 0.47625724687500004 0.85807134375 0.47737806875000005 0.8705462374999999
0 0.49929401875 0.8489915765625 0.5009796109375 0.8443015218750001 0.501545465625 0.84027525625 0.5042125953125 0.8373654640625 0.5036714078125 0.8353733703125 0.5038723609375 0.8310221 0.5007140999999999 0.8286621999999999 0.4967128625 0.826457546875 0.492585759375 0.8236877640625 0.487276165625 0.8234889890625 0.48421874374999996 0.823333015625 0.479903384375 0.8262848828125 0.47781516562500004 0.830918353125 0.47816773437500004 0.8342525375 0.48625799062499997 0.835115828125 0.49090089062500003 0.8371369421875 0.49366921875 0.8408106390625001 0.4941476546875 0.84470995 0.49512955468750003 0.8508697749999999 0.49929401875 0.8489915765625
0 0.498247921875 0.8272207234375 0.5004750625 0.8289023249999999 0.50238771875 0.8313608875 0.5044639656250001 0.8341161593749999 0.5075591125 0.8340037140625001 0.508603040625 0.8294971999999999 0.5082755 0.8245242171875 0.5095461328125 0.82278675625 0.5127163640625 0.8177579140625 0.512904621875 0.812036265625 0.5097717515625 0.812417128125 0.5064125390625 0.8144084953125 0.5039213328125001 0.8146058171874999 0.49779379218750003 0.812923490625 0.4941070390625 0.809941875 0.48644443906249996 0.8074963703125 0.48107209375000004 0.8092048125 0.4848600453125 0.8187699140625 0.48803100156249996 0.822500196875 0.49334095624999996 0.8270785328124999 0.498247921875 0.8272207234375
0 0.611021803125 0.8515553609375001 0.6131100218750001 0.8469218921874999 0.615047346875 0.8433620921875 0.61892199375 0.8362424953125001 0.618204521875 0.8325833078124999 0.613171690625 0.831875990625 0.611271728125 0.8307878109375 0.6072831859375001 0.8299535375 0.6046911421875001 0.827946934375 0.5988784468749999 0.82986720625 0.5971174078125 0.835094096875 0.6005147046875 0.8372138734375 0.60467953125 0.8397152374999999 0.6067434453125 0.8454796890624999 0.611021803125 0.8515553609375001
0 0.6103576421875 0.8840346296874999 0.61248430625 0.8878918656250001 0.6158562140625 0.8872708796875 0.615226884375 0.8844452390624999 0.6147734781249999 0.8789071281249999 0.617227321875 0.883357784375 0.6194791296875 0.8790210249999999 0.6213660359375 0.8743592625 0.6200446234375 0.8706151984374999 0.61653415625 0.8693006750000001 0.61331314375 0.8688479921875001 0.60911059375 0.8666150453125001 0.60476948125 0.8624465890625 0.5993086328125 0.8589419234375001 0.5915462796875001 0.8674311765624999 0.5943146078125 0.871104871875 0.60249336875 0.8771812703125 0.607463446875 0.8797958046875 0.6103576421875 0.8840346296874999
0 0.6258612953125 0.9168701015625 0.6283909484375 0.9251634843750001 0.6342163375000001 0.9246135921875 0.6332344390625 0.9184537687500001 0.6331209062500001 0.914879459375 0.637776140625 0.91389139375 0.6408332015625 0.9096678046875001 0.6404679375 0.904963240625 0.636529453125 0.9008513703125001 0.63388735 0.9021223640624999 0.6305158046875 0.9071229109375001 0.6278860374999999 0.9053847265625 0.6252686046875 0.9006373578125 0.62054989375 0.8947735171875 0.6114026546875 0.8926668 0.6089749234374999 0.8997160281250001 0.6146497796875 0.90461936875 0.6203119421875 0.908152328125 0.6253451359375 0.9132392078124999 0.6258612953125 0.9168701015625
0 0.6215716859375 0.9269422921875 0.623294640625 0.9176042593749999 0.62521963125 0.9170536406249999 0.6274714390625 0.9127168812500001 0.6225891406249999 0.90655633125 0.61095069375 0.9046469343749999 0.6036533578125 0.90690599375 0.6090010359375 0.9112159140625 0.613291728125 0.9142824062500001 0.6158083265625 0.916825846875 0.6162617328125 0.9223639562500001 0.6167401671875 0.9262632671875 0.6215716859375 0.9269422921875
0 0.6598778171874999 0.8559581515625 0.66161455 0.8611291828125 0.66639565 0.8607062453125 0.6661685859375 0.853557628125 0.67188044375 0.849433428125 0.671313865625 0.8447005703125001 0.6683442234375 0.84099858125 0.6623679390625 0.8426221437500001 0.656856671875 0.8380155140625 0.650401953125 0.8357397671875001 0.6427397140625 0.8376738218750001 0.6473452515625 0.844342915625 0.648641634375 0.8497257796875 0.6517998953124999 0.8520856796875 0.6566818328124999 0.85386666875 0.6577261234375 0.853739715625 0.6598778171874999 0.8559581515625
0 0.656372046875 0.9115779281249999 0.657491425 0.9065345765625 0.6637575250000001 0.9101524140624999 0.6652541375000001 0.9024248859374999 0.6601328015625 0.8965044609374999 0.6554645109374999 0.891742584375 0.6505571828125001 0.8872208328125 0.6413725828125 0.8897620921874999 0.6442921671875 0.8967416796875 0.6471486390625001 0.9012489218749999 0.6501937265625 0.904414075 0.650747971875 0.9121561125 0.6512391015625 0.9174258046875 0.656372046875 0.9115779281249999
0 0.7342778 0.739956015625 0.73188706875 0.7379777046875 0.7331319484375001 0.72911991875 0.7243245843749999 0.728977003125 0.72246306875 0.736379528125 0.7157700359375 0.7431030265625 0.709277953125 0.74547525625 0.7119711953125 0.7540653500000001 0.7168150468750001 0.751735196875 0.7242132203125 0.7516800640625 0.7271066921875 0.747159765625 0.7300636390624999 0.7494913734375 0.7335737453125 0.7464263328125 0.7342778 0.739956015625
0 0.695856690625 0.789847603125 0.687804521875 0.7930954546875 0.6849382484375 0.8222543234374999 0.6914803875 0.8166044953125 0.6973177484375 0.8086658625 0.7015199375 0.806519246875 0.7023621921875 0.797604878125 0.699795175 0.7939594750000001 0.695856690625 0.789847603125
0 0.6804846875 0.82765024375 0.6829378109375 0.8233417781249999 0.6841573000000001 0.81174323125 0.6791244671875 0.8110359125000001 0.6714368390625001 0.8102292078125 0.663975915625 0.81219155625 0.6615605171875 0.8162316046875 0.6657634296875 0.8228441125 0.669764665625 0.825048765625 0.6743821750000001 0.8243291171875 0.6804846875 0.82765024375
0 0.7609541140625 0.9240862249999999 0.757720046875 0.9178835968750001 0.759229715625 0.9159060125 0.759216296875 0.9057765078125 0.7541083796875 0.9099855874999999 0.7518565703125 0.9143223453125 0.74504964375 0.9130919750000001 0.7390352734375 0.9106043953125 0.7352741578125 0.9212982984375 0.7378788968750001 0.9246752859375 0.7422450359375 0.9272049421874999 0.744987975 0.9281378765625 0.7492910015625001 0.9281951875000001 0.753052840625 0.92626040625 0.7560097875 0.9285920140625 0.7609541140625 0.9240862249999999
0 0.773886415625 0.9007215531250001 0.7702123578125 0.8991103218750001 0.7733321703125 0.8929795171875 0.771368734375 0.885039428125 0.7677701234375001 0.8828913609375 0.7654178390624999 0.8894037546875 0.7615174390624999 0.889403028125 0.755088471875 0.894247603125 0.7504836546875 0.8963376328124999 0.7525229015625 0.9081204453125 0.7619842640625001 0.90507064375 0.7670929046875 0.9096206875 0.7750946562500001 0.9052708718750001 0.773886415625 0.9007215531250001
0 0.7731928875 0.882284884375 0.7762129468750001 0.8870888359375 0.7804401640624999 0.8833034218750001 0.7818743875 0.881862671875 0.7776214171875 0.8785277625000001 0.7786907359375 0.8767620109375001 0.7802127375000001 0.8717752437499999 0.7785895375 0.870178521875 0.7751548781250001 0.8727067249999999 0.7706632328125 0.8739915015624999 0.7641080375 0.8738913875 0.7612526515625 0.8825228296875001 0.763353925 0.8836393031249999 0.7662100359374999 0.8837669828125 0.771041553125 0.8844460078124999 0.7731928875 0.882284884375
0 0.7874952109375 0.841868434375 0.7874694578125 0.834748109375 0.7853554890625001 0.83226125625 0.7899098859375 0.8290692625 0.784184609375 0.8230639578125001 0.778724484375 0.828318415625 0.7742201453125 0.8282328109374999 0.7697158046875 0.82814720625 0.7705090859375 0.8356491187499999 0.77462349375 0.83704851875 0.776649321875 0.838701828125 0.778058515625 0.8388998765625001 0.7808642046875 0.83792559375 0.7821859796874999 0.8460492203125 0.7874952109375 0.841868434375
0 0.7947395968750001 0.80785048125 0.7955695171875 0.8019452921875001 0.793656859375 0.7994867296875 0.794813959375 0.7941749625 0.7914543859375 0.79178676875 0.787843803125 0.7970274421875 0.7856043296874999 0.7983550203124999 0.7793516453125 0.8048666875 0.779188415625 0.8089495390625 0.7821830875 0.8110127281249999 0.7845107046875001 0.8105186953124999 0.786989215625 0.8089509921875001 0.78803350625 0.8088240375 0.7919716296875 0.8085563468749999 0.7947395968750001 0.80785048125
0 0.754747875 0.8835246781249999 0.7526458765624999 0.8736490828125 0.751676671875 0.8688596390625 0.7505689062500001 0.8621346875 0.7443789749999999 0.8667391359375 0.7404412140625001 0.8713863906249999 0.7283881671875 0.87680915 0.7278603984375 0.8849465578125001 0.732767365625 0.8850887484375001 0.73739756875 0.8857394812500001 0.7400900890625 0.8855704531249999 0.7454247109375001 0.884130428125 0.7502685640625 0.881800275 0.754747875 0.8835246781249999
0 0.7715689625000001 0.8719290375 0.773191440625 0.8647666375 0.768498121875 0.8616435593749999 0.7712153078124999 0.85545616875 0.7673522703125 0.8508074640625001 0.7642574859375 0.8552994703125 0.763716659375 0.8576869359374999 0.7615022140625001 0.857375715625 0.7572746343750001 0.85678156875 0.74904618125 0.8583623296875 0.75228025 0.8645649546874999 0.75483493125 0.8712195390625 0.757829240625 0.86890316875 0.76419581875 0.8703453703124999 0.7715689625000001 0.8719290375
0 0.717174484375 0.8382810484375 0.713903415625 0.8411059625 0.7096003890625 0.84104865 0.7104821734375 0.8537636703124999 0.70998015625 0.8690214031249999 0.7092634062500001 0.8741213406250001 0.7165734375 0.8732326609375001 0.7186115984375 0.8718767890624999 0.72158015625 0.8624400937500001 0.7214539296875 0.8574954031249999 0.7208115421875 0.8489198203124999 0.7221572593750001 0.8422659640625 0.717174484375 0.8382810484375
0 0.67360881875 0.905788815625 0.678100103125 0.900124478125 0.67972258125 0.892962078125 0.6804643593749999 0.8862233421875001 0.677003946875 0.881631221875 0.669429128125 0.8756397015624999 0.6592499328125 0.8706507562500001 0.6535884937499999 0.8758769203125001 0.6615035484375 0.8882118046875 0.6643603812500001 0.8970986078125 0.6681356375 0.9052933296875001 0.67360881875 0.905788815625
0 0.6991059859375001 0.8280775421875 0.694248715625 0.8202781921875 0.6915685296875 0.8174380421875 0.6846738203125 0.8197536859375001 0.6843850890625001 0.827650971875 0.6784349171875 0.8407744203125 0.6751638468750001 0.8435993343750001 0.677442128125 0.855142021875 0.6839842671875 0.84949219375 0.6882869328125001 0.84516994375 0.69094136875 0.8408897703125 0.6932058718749999 0.8379233921875 0.69469015 0.8332050453125 0.6991059859375001 0.8280775421875
0 0.7900060234375 0.7743388906249999 0.7862434609375 0.76751455 0.7881049765625 0.760112025 0.780643690625 0.7576948125 0.777146278125 0.762130234375 0.77113263125 0.7684017765625 0.76594890625 0.768768128125 0.76058961875 0.7762265125 0.764540796875 0.7817087625 0.7708065375 0.7809470390625 0.778003396875 0.7808636140625 0.77909774375 0.7774590625 0.7817652359375 0.77892883125 0.7867226203125 0.7801729843749999 0.7900060234375 0.7743388906249999
0 0.77452956875 0.7661419890625 0.775724390625 0.760561803125 0.771031071875 0.757438725 0.772036915625 0.7488210671875 0.7670795312500001 0.7475769125 0.762915065625 0.749455109375 0.75747996875 0.7530707671875 0.7512646468749999 0.7549344546875 0.7468237828125 0.76170075625 0.744785984375 0.767436190625 0.751253759375 0.77546188125 0.7559590515625 0.7711962171875 0.7622625140625 0.770166075 0.7635708703125 0.7681601984374999 0.76516868125 0.767016159375 0.7701133703124999 0.7668899312499999 0.77452956875 0.7661419890625
0 0.738558328125 0.7723090578125 0.739677703125 0.76726570625 0.7366703390625 0.7638321343750001 0.733373878125 0.7639162875000001 0.730643996875 0.768733296875 0.725435240625 0.770738446875 0.717358765625 0.784384221875 0.7202656546874999 0.7899934265625 0.7293998390625 0.7863502046875 0.73362705625 0.7825647890625 0.7384836031249999 0.7816050156250001 0.7426357359375 0.7827359984375 0.740194225 0.7752761625 0.738558328125 0.7723090578125
0 0.772978921875 0.7289719390625 0.7729281421875001 0.7234904140625 0.7700343078125 0.7236311515625 0.7656057781250001 0.727388271875 0.7606868390625 0.7346348234375 0.7534903421875 0.7390978109375 0.7532647234375001 0.7494674406249999 0.759593215625 0.7467984984375 0.768941046875 0.7401743875 0.7727659984375 0.74071195 0.7761632953125 0.742831725 0.779421309375 0.7342568671875 0.772978921875 0.7289719390625
0 0.7533285859375 0.6229257968749999 0.752516271875 0.6143672328124999 0.7458473453125001 0.6188036859375 0.74459504375 0.6236175609375 0.7394612265625 0.6294212671875 0.7376092265625 0.636453878125 0.741614853125 0.6427743796875001 0.7469958734375 0.6393084328125 0.7511240875 0.6345149046875 0.7507532828125 0.6310082625 0.7558347078125001 0.6317224109375 0.7575809078125 0.6254426046875 0.7533285859375 0.6229257968749999
0 0.756367253125 0.670948571875 0.75694915 0.66680815 0.7497151140625 0.6650237999999999 0.7468397078125 0.6711449078125 0.738706375 0.6757593875000001 0.73161425 0.68320705625 0.736184478125 0.68960690625 0.743435809375 0.6871714875 0.7473351296875 0.6881033375000001 0.7496108375 0.684200965625 0.7555213640625 0.6831124546875 0.75929708125 0.6828754234375001 0.756367253125 0.670948571875
0 0.778046490625 0.6129653984375001 0.773722959375 0.602761853125 0.766753928125 0.6052369484375 0.7691542499999999 0.614786365625 0.7641791328124999 0.61946086875 0.7650443453125 0.62764303125 0.7650987671875 0.6456909921875 0.7755952953125 0.6283581984375 0.77892950625 0.6230692437500001 0.78319861875 0.615224828125 0.7814865 0.6069236390625 0.778046490625 0.6129653984375001
0 0.774826759375 0.5088770593749999 0.772514940625 0.5027946078125 0.7670103171875 0.505091675 0.75651328125 0.516283015625 0.7534094859375 0.534270953125 0.759691325 0.5428305359375 0.7606786203125 0.5337572171875 0.7626369265624999 0.5321132578125 0.76960545 0.523496709375 0.7735927671875 0.5217540703125 0.7767148703125 0.511829271875 0.774826759375 0.5088770593749999
0 0.8317463437500001 0.523785640625 0.8247249203125 0.5327785921875 0.8223968218750001 0.54319881875 0.817245709375 0.553222296875 0.8262971546875001 0.5564135765625 0.8312193734375001 0.552115475 0.8355413859375 0.5438946578125 0.8420516125 0.5405874093749999 0.837057678125 0.5310573187500001 0.8332819609375001 0.53129435 0.8317463437500001 0.523785640625
0 0.82973006875 0.46439146249999996 0.82572495 0.46421241562500004 0.82545994375 0.45995297031250004 0.8224955265625 0.45646565937499994 0.8190906140624999 0.4602093296875 0.8185972203125 0.46781671718749995 0.814345403125 0.47144136249999996 0.81106409375 0.476353915625 0.8105005046875 0.4885574734375 0.817575334375 0.485329575 0.8224797515625 0.47910979062500003 0.82360845 0.47312703593750005 0.8264314640625001 0.47352378437500003 0.8327651890625001 0.4694240578125 0.82973006875 0.46439146249999996
0 0.8419239546874999 0.490286896875 0.8378659374999999 0.4904842515625 0.8375302281250001 0.48467952500000006 0.834071909375 0.48265814375 0.8298729937499999 0.48590638906250005 0.8270682890625001 0.49357277968749996 0.822481778125 0.5036756062500001 0.820682678125 0.5103318156250001 0.8194832765625 0.5147692875 0.8274060249999999 0.523943321875 0.8315510265625001 0.5087885703125 0.8345678375000001 0.5057580265625 0.8366497468749999 0.5052829484375 0.8402489640624999 0.5042534390625 0.8464941843749999 0.4966867453125 0.8419239546874999 0.490286896875
0 0.804133203125 0.513379646875 0.8013101890625001 0.5129828984375 0.7987516734375 0.5107041406249999 0.796193159375 0.5084253828125 0.7896122296875 0.5101873484375 0.7887129328125 0.5165861796875 0.784355825 0.5271050859375 0.7820633296875 0.5413686796875 0.7821345390625 0.549055415625 0.792155984375 0.547393146875 0.7959128843750001 0.5329515234375 0.7980827921875 0.5298019578125001 0.8037283125 0.524454 0.8068158265625 0.522968740625 0.8079974249999999 0.516609584375 0.804133203125 0.513379646875
0 0.849783159375 0.3708667984375 0.8483009499999999 0.3691231421875 0.8465893390625 0.36696340781250003 0.8407673171875001 0.3715188859375 0.840415328125 0.3822168359375 0.8380343281249999 0.393013465625 0.8397815421875 0.3990165671875 0.8466264640625001 0.3892311375 0.8518660812500001 0.3826746265625 0.8547063921875001 0.37885160625 0.856223190625 0.372155721875 0.8530471734375 0.370174015625 0.849783159375 0.3708667984375
0 0.8406070968750001 0.35422372968750004 0.837572484375 0.3553325875 0.8337433593749999 0.349804565625 0.8298623484375 0.356935853125 0.8290159515625 0.36295828281250003 0.82764005 0.36660327656249997 0.8279584625 0.376627775 0.8285942734375 0.384393859375 0.8316995890625 0.3848302828125 0.8360923031249999 0.37815474843749997 0.8394438078125 0.3686460234375 0.8443477171874999 0.356284784375 0.8406070968750001 0.35422372968750004
0 0.8370251765625 0.35103346874999997 0.8345373640625 0.35029999375 0.833160953125 0.3478035328125 0.8304259375 0.344732296875 0.8255388171875 0.3467323109375 0.8230164140625 0.354438375 0.8178296968750001 0.3606184859375 0.8151480859375001 0.3633123015625 0.8100676765625 0.3748810609375 0.808251278125 0.3857570390625 0.8146384109374999 0.387422365625 0.821659834375 0.378429415625 0.827569346875 0.3650579953125 0.83012735625 0.3611952984375 0.8315388625000001 0.3613936734375 0.8371843828125 0.3560457171875 0.8370251765625 0.35103346874999997
0 0.7855664375 0.44475039375 0.7853207546875 0.4608369953125 0.7814397453125 0.4679682828125 0.7881269796875 0.47159496718750005 0.7917434921875001 0.46634568906249996 0.7969475046875 0.455945809375 0.8003697125 0.44798236718749995 0.79729949375 0.4452478578125 0.7914942593750001 0.4394421109375 0.7855664375 0.44475039375
0 0.7772199843750001 0.43244612031249996 0.78156131875 0.4445713484375 0.7882653421875 0.43783680937499997 0.7856885203124999 0.4274949125 0.784858909375 0.42315611718749996 0.782917390625 0.41443885468749997 0.778912778125 0.42040126093749997 0.7723140484375 0.42024154375 0.7772199843750001 0.43244612031249996
0 0.76855055625 0.35484426406249997 0.7675632625000001 0.36391758125 0.769028175 0.369881009375 0.7740038 0.371347959375 0.7809204375000001 0.375390721875 0.7876951640625001 0.3702014640625 0.7831778359375 0.36342521250000004 0.778625409375 0.358947046875 0.7755724875000001 0.3519927671875 0.76855055625 0.35484426406249997
0 0.7563286703125 0.417227271875 0.74962464375 0.42396181093749996 0.7500839546875 0.43093541875 0.7533306750000001 0.43446240625000004 0.754372896875 0.44957850156249995 0.7574426062499999 0.4461715578125 0.7641115328125 0.441735103125 0.7614640078125 0.4298479265625 0.762468596875 0.41655483593750003 0.7563286703125 0.417227271875
0 0.7394083874999999 0.41676846406249995 0.7374856859375 0.4222557921875 0.7333401765625001 0.43126908750000004 0.7391810140625 0.44091820156250006 0.74295571875 0.428398265625 0.745531528125 0.426457253125 0.7501714453125 0.42211947656250004 0.748089028125 0.416453103125 0.744454209375 0.41363924374999994 0.7394083874999999 0.41676846406249995
0 0.7237933078125 0.411119378125 0.7242882234375 0.4219363546875 0.7207780171875 0.4325742828125 0.730446459375 0.4293270578125 0.7341509687500001 0.421403290625 0.7361438671875 0.411319790625 0.7366901609375 0.403336003125 0.7323849375 0.40119559843749997 0.72583910625 0.40065947656249995 0.7237933078125 0.411119378125
0 0.7352929078125 0.362069134375 0.732646396875 0.3624648640625 0.7297170765625001 0.3566794640625 0.7245303578125 0.362859575 0.724213465625 0.371259440625 0.719556253125 0.3798169859375 0.7186920531250001 0.38391773125 0.7211096703125001 0.389247378125 0.7273910031249999 0.391665509375 0.7319251203125 0.3880805359375 0.7349236218749999 0.37698685625 0.73494091875 0.37276708593749996 0.739687140625 0.37381796093749997 0.7407273359375 0.3643682390625 0.7352929078125 0.362069134375
0 0.6906577390625 0.40108876875000005 0.687446625 0.40140514843749997 0.6843413093749999 0.40096872499999997 0.6800365937499999 0.4049697734375 0.6787848015625 0.4159251015625 0.67926140625 0.4186789390625 0.6795442140625 0.42486006875 0.690007675 0.43439117656250004 0.6912065671875001 0.4238122515625 0.692317971875 0.4220492671875 0.6946465796875 0.41777049218749995 0.69738058125 0.408558821875 0.6964273703125 0.40305114687500004 0.6906577390625 0.40108876875000005
0 0.7040235953125 0.30393741875 0.7084173218750001 0.309544790625 0.707623825 0.31519081875 0.7149285640625 0.31852045156250003 0.7191625765625 0.3129741203125 0.7237495953125 0.309012746875 0.73024201875 0.3037838140625 0.72120786875 0.2963727640625 0.7160206421875001 0.2964114203125 0.7095806109375 0.29512249687500003 0.7030881875 0.3003514296875 0.7040235953125 0.30393741875
0 0.6768188890625 0.3254472515625 0.6764124796875 0.3180972421875 0.6698132421875 0.3117960703125 0.66295051875 0.3196598140625 0.6625629234375 0.32651439843749996 0.6580293140625 0.3362408234375 0.6508669921875 0.3482846640625 0.6584718359374999 0.3535756546875 0.6650349624999999 0.3498920046875 0.6722328875 0.3416915328125 0.6744027921875 0.33854196718749996 0.680507625 0.3401676171875 0.6825361265625001 0.3339274859375 0.6768188890625 0.3254472515625
0 0.659835065625 0.19639431093749998 0.6648813921875 0.1994065453125 0.673950134375 0.1983780546875 0.6806368640625 0.195863284375 0.6767548390625 0.190711665625 0.6712492015625 0.18072582343750002 0.666149975 0.1780899921875 0.662004465625 0.187103290625 0.659835065625 0.19639431093749998
0 0.5808771562499999 0.164186496875 0.5817952703125 0.1719922578125 0.5800663640625 0.17405229375 0.5787082640625 0.179618971875 0.5837367890625 0.180709521875 0.588465209375 0.17983871406250002 0.5917470265625 0.181067615625 0.59599935 0.183584421875 0.6078031078125 0.1856271671875 0.606690184375 0.168965790625 0.601237953125 0.164745003125 0.5921687046875 0.1596320390625 0.5838939671875 0.1611559546875 0.5808771562499999 0.164186496875
0 0.6045350375 0.1371883171875 0.6060711609375 0.1508384796875 0.6022781484374999 0.15529528125 0.6064953734375 0.1601101734375 0.6091418859375 0.1597144453125 0.6132350015625 0.15721900312499998 0.6155290171875001 0.1613797703125 0.6210692437499999 0.1629260703125 0.628690875 0.1578558390625 0.6308424718750001 0.14664313281250002 0.6260433484375 0.145968659375 0.6200092203125 0.145888290625 0.612775184375 0.144103940625 0.6045350375 0.1371883171875
0 0.6716495296875 0.11437838593750001 0.6648564953125 0.11150450468749999 0.6627043890625 0.1165757546875 0.66235189375 0.121132253125 0.659299478125 0.12031942656250001 0.6587709859374999 0.1302249 0.6624414109375001 0.1368821265625 0.665617428125 0.1388638328125 0.6708931578125 0.1422921421875 0.6742990828125001 0.1508313796875 0.6819380078124999 0.141541378125 0.6779852828124999 0.13484447500000002 0.6751444671875 0.1325260421875 0.6743850515625 0.12359107656249999 0.6716495296875 0.11437838593750001
0 0.6470221546875 0.1523715671875 0.6441996484375 0.158116271875 0.64695246875 0.16310919375 0.6456823640625 0.16600138281250001 0.647305978125 0.1708356046875 0.6528284046875 0.17046022031250002 0.655369115625 0.1708172953125 0.6580863296875 0.171966846875 0.6628147515625 0.1710960375 0.668266475 0.1691753734375 0.674035596875 0.164996296875 0.6743875859374999 0.154298346875 0.664948040625 0.1518201953125 0.656744003125 0.15488939375 0.65293268125 0.15128305625 0.6470221546875 0.1523715671875
0 0.7493358140625 0.1310540265625 0.741378478125 0.13031953125 0.7389613671874999 0.13113133906250002 0.7310579421875001 0.14230335 0.7377451765624999 0.14593003437500002 0.7375691828125001 0.1512790109375 0.7417869140625 0.1622353578125 0.74348123125 0.1686148609375 0.7490031484374999 0.1620980234375 0.749919740625 0.15147942187500002 0.75302455 0.14577439375 0.7563577453125 0.12820253125 0.7493358140625 0.1310540265625
0 0.8301360328125 0.2525708109375 0.824578003125 0.24910282499999997 0.8217203984375001 0.257145615625 0.8240500187500001 0.265149753125 0.820875015625 0.2754509546875 0.820134925 0.286862034375 0.82327584375 0.291141825 0.82597475 0.28422824062499996 0.8320963671875001 0.27549266562499997 0.832236759375 0.2663003234375 0.8374061796875001 0.26433998281250004 0.83553485625 0.2510265484375 0.8301360328125 0.2525708109375
0 0.8761333546875001 0.25711612968750003 0.8694995265625 0.2592544984375 0.864736515625 0.2685648484375 0.857379890625 0.277894525 0.8559343 0.29227714531250004 0.8678270687499999 0.30392831249999996 0.8664328578125 0.2995101671875 0.8656032484375 0.29517137187500003 0.8672258484375 0.2877226859375 0.8710712546874999 0.276748028125 0.8754288703125 0.2723705796875 0.8761333546875001 0.25711612968750003
0 0.8832753406249999 0.21244333593750003 0.879393315625 0.2072917171875 0.8738001875 0.20612181718749997 0.8702726875 0.22097951718750003 0.8676622875 0.23136006875 0.8601123718749999 0.2502584921875 0.868969515625 0.250735609375 0.874879534375 0.24350564375 0.8774375437499999 0.239642946875 0.8811593468750001 0.2274994109375 0.885058159375 0.22228980625 0.8871390546875 0.20953181875000002 0.8832753406249999 0.21244333593750003
0 0.8658215 0.1604754609375 0.8608636765625001 0.16093019375 0.8559414578125001 0.16522829375 0.8576362796874999 0.17774925156250002 0.8587492046874999 0.194410628125 0.8592436125 0.19908615000000002 0.8663189484375 0.20199970625 0.8695997500000001 0.1909457 0.8710987484375 0.1823281328125 0.8716450421875 0.17434434375000002 0.8703215328124999 0.1714714828125 0.8711674234375 0.1593075984375 0.8658215 0.1604754609375
0 0.8380903312499999 0.21645658124999997 0.8317739015625 0.2163365375 0.8272046859375 0.22221959687499998 0.8305226140625 0.2334333203125 0.835075040625 0.2379114859375 0.8363288624999999 0.2515219734375 0.848468328125 0.25936944687499996 0.8469154171875 0.2560805078125 0.8491199140625 0.24449140156250002 0.8483070937500001 0.2297913828125 0.8451310781249999 0.2278096765625 0.846718071875 0.216517621875 0.83869003125 0.21423784375000002 0.8380903312499999 0.21645658124999997
0 0.793438375 0.2658374390625 0.7980788000000001 0.2676411171875 0.8080834546875 0.2763400734375 0.8105702546875 0.264790640625 0.811980746875 0.2527061078125 0.8189487640625 0.237948103125 0.8094385140625 0.23392467031250003 0.8045691953125 0.23784636875 0.8008117875 0.2461465390625 0.796877878125 0.253654228125 0.793438375 0.2658374390625
0 0.8292647375 0.1706912 0.8354931703125 0.17348573125 0.8366935859375 0.181331165625 0.8410522140625 0.1892366234375 0.8499266515624999 0.185493971875 0.846608215625 0.1681387921875 0.8427083906249999 0.1610654890625 0.8411371703125001 0.1497134125 0.8329687390625 0.1566259796875 0.8262993046875 0.15492097968750002 0.8292647375 0.1706912
0 0.8212524718750001 0.145767290625 0.816559146875 0.14434001406250002 0.8102595062500001 0.133858746875 0.8056373921875 0.1401182078125 0.8042274062500001 0.15834419375 0.7960772828125 0.1733199 0.7963249953125 0.1817991140625 0.8078993499999999 0.1834257828125 0.8115331578125 0.173956734375 0.8132437546875 0.16383356093749998 0.8154136609375 0.1606839921875 0.818801278125 0.161160090625 0.821835384375 0.153909778125 0.8212524718750001 0.145767290625
0 0.764792196875 0.137832315625 0.7612646953125 0.152690015625 0.77047585625 0.167034996875 0.7782750015625 0.1750401515625 0.7833035265625 0.1761307015625 0.7835502234375 0.172327009375 0.7814494984375 0.1585974953125 0.7788197734375 0.1486320015625 0.7773019609375 0.143044978125 0.7795420625 0.1352992375 0.7707378203124999 0.13444571875 0.764792196875 0.137832315625
0 0.55393188125 0.1223997796875 0.5614482203125 0.12422380468750001 0.5640952375 0.1299695296875 0.5734996875 0.134745765625 0.5820740234375 0.1290417546875 0.577097384375 0.11529189531249999 0.5690515406250001 0.11109043437499999 0.5674101265625 0.10433452968750001 0.5594883921875 0.107443403125 0.554636875 0.1132867859375 0.55393188125 0.1223997796875
0 0.5452522546874999 0.13499805 0.543876353125 0.1386430421875 0.5501403890625001 0.1452809421875 0.553721803125 0.14232975 0.557991421875 0.1406267859375 0.564484353125 0.1415393078125 0.57295339375 0.14272955468749998 0.5687356625 0.13177320625 0.56051331875 0.12677926718750002 0.5543026875 0.1259064203125 0.5445630359375 0.121466909375 0.5452522546874999 0.13499805
0 0.4568054484375 0.14367866406250002 0.45502414843750005 0.15225655625 0.4614112796875 0.15392188281250002 0.4654158921875 0.1479594734375 0.4703915171875 0.149426425 0.4795833546875 0.1434253625 0.476071628125 0.1356389296875 0.468555290625 0.13381490468749999 0.4635796671875 0.132347953125 0.45601042812500003 0.1309003296875 0.4568054484375 0.14367866406250002
0 0.43310790624999995 0.11770184218749999 0.4423180515625 0.11976391718749999 0.4463048625 0.111879825 0.437906015625 0.10609340781250001 0.4240025453125 0.10260405624999999 0.4214801421875 0.11031012031250001 0.42142774843749997 0.11682797812500001 0.42619177500000005 0.119800534375 0.43310790624999995 0.11770184218749999
0 0.4023746859375 0.14178646718750001 0.40955582343749997 0.1439472171875 0.423440984375 0.13937343124999999 0.43612674531250006 0.1392371171875 0.43335662968750005 0.13846396562500002 0.430427309375 0.13267856718749999 0.42254016562499996 0.1273479 0.41906404531249997 0.1234048359375 0.409395096875 0.1205106078125 0.408955109375 0.133883046875 0.4023746859375 0.14178646718750001
0 0.3405883171875 0.161506853125 0.3372541078125 0.1667958078125 0.33871902187499997 0.17275923437500001 0.3354026125 0.1799698703125 0.33833193281249996 0.1857552703125 0.3464306765625 0.1895803296875 0.35149430000000004 0.18837279375 0.35426441249999996 0.18914594375 0.3601571375 0.1861357484375 0.368413565625 0.1765486921875 0.3742884875 0.1716168125 0.370106865625 0.1706452890625 0.3658189390625 0.1642851125 0.3573498984375 0.163094865625 0.3477516515625 0.16174592031249999 0.3405883171875 0.161506853125
0 0.3998171875 0.151790615625 0.40334570156250005 0.149215825 0.40288638906249996 0.14224221718750002 0.40048657499999996 0.138834253125 0.39274083593750003 0.136594153125 0.37869646874999996 0.136155690625 0.3806379890625 0.1448729546875 0.387413221875 0.1458251515625 0.39057194375000004 0.152026628125 0.391948859375 0.16066454218749998 0.398864990625 0.15856585 0.3998171875 0.151790615625
0 0.345805571875 0.097755571875 0.345982578125 0.104689503125 0.34540068125 0.108829925 0.3422780703125 0.112613271875 0.3489480109375 0.1204597265625 0.35360572968750004 0.11804363437500001 0.35704624687500003 0.1181433296875 0.36496798125 0.11503445625 0.37357791875 0.1131738125 0.37140750625 0.1101819265625 0.3652141703125 0.1050893078125 0.3583504328125 0.1006701453125 0.35325120625 0.0980343140625 0.345805571875 0.097755571875
0 0.304345853125 0.3456446640625 0.30768056875 0.346497165625 0.3133443984375 0.349212346875 0.3161140046875 0.34384404375 0.3153723953125 0.3368307609375 0.317983303125 0.3325916625 0.320540803125 0.3225875125 0.31415265625 0.30863927812499997 0.309178046875 0.319455234375 0.3032156328125 0.33320305625 0.2994582234375 0.3415032265625 0.304345853125 0.3456446640625
0 0.34009131406250004 0.33915326874999996 0.34175053125 0.3478308578125 0.35390678593749997 0.34531710625 0.364916540625 0.3468644265625 0.3602934109375 0.3408409796875 0.3547526765625 0.3331532234375 0.3515944609375 0.3330932015625 0.3446249234375 0.3294268421875 0.340655409375 0.3330911640625 0.34009131406250004 0.33915326874999996
0 0.333748403125 0.4457360296875 0.3443863375 0.43149380156249995 0.3427088125 0.414753071875 0.342532815625 0.42010204843750004 0.332740771875 0.42218039531249996 0.32540144375 0.42729030156250003 0.3180972125 0.4301021234375 0.3158393078125 0.435926178125 0.320550940625 0.4454165921875 0.333748403125 0.4457360296875
0 0.3168851390625 0.28100324374999996 0.3228307625 0.2776166484375 0.32448896718750003 0.2740113296875 0.33165179375 0.26810894375 0.3380735171875 0.26133472812499997 0.33727900625 0.2546978484375 0.32873976875 0.2581037734375 0.324435053125 0.26210482343749997 0.3206771390625 0.2642635375 0.3139197078125 0.2652330234375 0.309915603125 0.2773368859375 0.3168851390625 0.28100324374999996
0 0.29943687343750003 0.2965913625 0.309581921875 0.296097975 0.313656728125 0.28553939375000004 0.315878015625 0.2635890640625 0.3154716046875 0.2562390546875 0.3081856828125 0.2671140140625 0.306686684375 0.27573158124999997 0.30243486875 0.279356228125 0.2979887484375 0.2802667125 0.2932964390625 0.2911223453125 0.29943687343750003 0.2965913625
0 0.2152952890625 0.3074123828125 0.22360562968750003 0.309731834375 0.22815704375 0.30192709375 0.23022115156249998 0.2995303296875 0.237983171875 0.28526775312499997 0.2273615171875 0.2830073046875 0.223885903125 0.28520569375 0.2139000640625 0.29071133125 0.2171294875 0.29845808906250004 0.2152952890625 0.3074123828125
0 0.21557302812499998 0.252178971875 0.22554258749999997 0.2631760125 0.2303768078125 0.2615524 0.2330406171875 0.2569369 0.24498476406249997 0.24978730312500003 0.2455310578125 0.24180351406249997 0.23946183125 0.2440212328125 0.2331270921875 0.23583805 0.22150034375 0.2407292375 0.21557302812499998 0.252178971875
0 0.2545678046875 0.0668926265625 0.253950809375 0.073331134375 0.25142840624999996 0.0810371984375 0.2577626375 0.083078925 0.2625088625 0.0841298 0.2669376875 0.08743908593750001 0.275388925 0.086707646875 0.280346240625 0.0801114609375 0.271312090625 0.0727004109375 0.26510095312500004 0.065686109375 0.2564376078125 0.0617817015625 0.2545678046875 0.0668926265625
0 0.2300269078125 0.0837869609375 0.2306098203125 0.0919294484375 0.2344211421875 0.09553578593749999 0.24534289843749998 0.09975759375 0.25682824375 0.0917758421875 0.257127840625 0.0875957484375 0.25758613750000003 0.082286446875 0.24687648750000002 0.0827004859375 0.24045375 0.0771917921875 0.2300269078125 0.0837869609375
0 0.20977495156249998 0.11932437656249999 0.2085048484375 0.12221656562500001 0.2142042828125 0.128775115625 0.2203615078125 0.1238829109375 0.227577234375 0.117604121875 0.232887553125 0.11259289218749999 0.2359572640625 0.1091859484375 0.21900137812499998 0.104883771875 0.20867983125 0.1045846828125 0.2066691296875 0.1127464984375 0.20977495156249998 0.11932437656249999
0 0.171027946875 0.100060728125 0.16580613125000002 0.108538925 0.16884125156250002 0.11357151875 0.16838295625 0.11888081875 0.1718590765625 0.122823884375 0.1808215109375 0.11640674531249999 0.1832386234375 0.11559493750000001 0.193260575 0.12007412343749999 0.2012530109375 0.11851053125 0.2011634921875 0.10276065781249999 0.1961522625 0.0974503375 0.1849487125 0.09933030937500001 0.177626678125 0.10022044687500001 0.171027946875 0.100060728125
0 0.1525074328125 0.1642453765625 0.1576422625 0.1707245765625 0.1634993828125 0.1638710125 0.1697100125 0.164743859375 0.17473803125 0.15969295625 0.180118546875 0.150085553125 0.17260119375 0.135978621875 0.1636392671875 0.148537215625 0.15520582968750002 0.1511903375 0.1514128171875 0.1556471375 0.1525074328125 0.1642453765625
0 0.14335170625 0.1802312640625 0.14441071562500002 0.184986134375 0.1490867453125 0.19063318125 0.150992153125 0.18936562343750002 0.154909275 0.19221915625 0.161155509375 0.19693537187500001 0.16930664374999999 0.194242575 0.16784122343750002 0.18213769375 0.16085388437499998 0.1765496515625 0.1560018609375 0.1762515796875 0.15033803125 0.1735363984375 0.14335170625 0.1802312640625
0 0.1834934296875 0.2100545078125 0.1846582390625 0.2140565765625 0.1907096640625 0.209917175 0.1897915515625 0.2021114140625 0.19030274687499998 0.19642571250000002 0.1936537453125 0.180775534375 0.1836322984375 0.182437803125 0.17982199062499998 0.19111437343749998 0.1769826953125 0.207220303125 0.178500509375 0.21280732812499997 0.1834934296875 0.2100545078125
0 0.18951482343749998 0.269627734375 0.19318474218749998 0.27014350781249996 0.1991837734375 0.2725219609375 0.201723471875 0.260596128125 0.20108664687500002 0.2405471328125 0.1949462109375 0.2350781140625 0.189793578125 0.2266772296875 0.190500090625 0.2359885984375 0.189618596875 0.2443091140625 0.1877665953125 0.2513417234375 0.1836388875 0.2622767046875 0.183586496875 0.2687945625 0.18951482343749998 0.269627734375
0 0.15675513125 0.3245183046875 0.1640064625 0.3220828859375 0.1657348609375 0.31388139375 0.17120388125 0.307740959375 0.17234936875 0.29139698125 0.16857365 0.2916340109375 0.162910834375 0.3012017375 0.1572124140625 0.30692609531250004 0.1561193203125 0.31675221875 0.15675513125 0.3245183046875
0 0.14655921249999998 0.3499539109375 0.1512871265625 0.34294164843749997 0.15472612187499998 0.3246169828125 0.152838009375 0.3216647703125 0.14576317968750002 0.3248926703125 0.13773615156250002 0.3348958 0.13856626875 0.34537605 0.14655921249999998 0.3499539109375
0 0.14268890625 0.273026528125 0.1476116328125 0.2748698796875 0.1557281765625 0.2806166234375 0.1565389703125 0.2707508265625 0.1592205796875 0.2680570109375 0.16191948437499998 0.26114342343749997 0.16519978125 0.24394796406250002 0.1584774484375 0.24261936718750002 0.15300842812499998 0.24875980156250002 0.1484397203125 0.2607843125 0.1423002984375 0.26759820156249997 0.14268890625 0.273026528125
0 0.12684493125000001 0.2731028203125 0.1329141578125 0.270885103125 0.136071865625 0.26480367031249996 0.1391944765625 0.26102032343750003 0.1441161890625 0.25058076875 0.1362473546875 0.2533132421875 0.12746091406249999 0.25438140625 0.123474103125 0.2622654984375 0.127602825 0.263613425 0.12684493125000001 0.2731028203125
0 0.13578703125 0.234056725 0.13809834062499998 0.233997721875 0.1418221734375 0.2464200015625 0.1478201890625 0.23651554843749997 0.15103130468749998 0.23619916875000002 0.1608223359375 0.22183791562500002 0.1525826953125 0.2210637453125 0.142208246875 0.2211410578125 0.1341100109375 0.22345745312499998 0.1325932109375 0.2301533359375 0.13578703125 0.234056725
0 0.532798196875 0.670205984375 0.5385177 0.6710098078125 0.5409364390625 0.6782114734375 0.5477489234374999 0.67367951875 0.5501452375 0.6639524234375 0.5510909140625 0.6572235953125001 0.5559477937499999 0.65195935 0.5503331640625 0.647968121875 0.5434576343749999 0.652948665625 0.53994651875 0.658402046875 0.5358043484375 0.6610220453125 0.532798196875 0.670205984375
0 0.6495630671875 0.5963074890625 0.65289328125 0.5931325640625 0.6531440484375 0.58810814375 0.649301578125 0.58412755 0.645617078125 0.57794290625 0.642416140625 0.569397584375 0.6367408046875 0.56333791875 0.6297448640625001 0.562354703125 0.6298481171875 0.573500471875 0.6306856984375 0.5772611421875 0.635059196875 0.5904237593749999 0.6396555687500001 0.5987604234374999 0.644651559375 0.6020935875 0.6495630671875 0.5963074890625
0 0.5875388265625 0.5829356609375 0.5880328421875001 0.5945411203125001 0.59171734375 0.6007257640625 0.59534525625 0.597592678125 0.5980988453125 0.5963605765625 0.6032525359375 0.5942514703125 0.6002841250000001 0.58513166875 0.5986741359375001 0.5782266453125 0.5963662937499999 0.569806840625 0.5940190671875001 0.564012525 0.5866999093749999 0.562983884375 0.58611443125 0.5703899 0.5875388265625 0.5829356609375
0 0.6124273109375 0.6186129593749999 0.6124267765625 0.612136515625 0.6077193671875001 0.6110701609375 0.6054313687499999 0.61762974375 0.599868675 0.6237290984375 0.5952827578125001 0.6293585703125 0.596009303125 0.6403895484375 0.602093371875 0.6392207437499999 0.606967603125 0.6326198609375 0.6102329125 0.6320668375 0.6145399031250001 0.6284220281249999 0.6155625437500001 0.6200655203125 0.6124273109375 0.6186129593749999
0 0.6398146078125 0.6095092578125 0.637367571875 0.60532000625 0.640362540625 0.5980502359375001 0.6327990921875 0.5967848765625 0.6301200609375 0.5996465468750001 0.62097531875 0.6009923609375 0.6161381 0.605169809375 0.618017896875 0.6123151375 0.6247346453125 0.612044796875 0.6302050765625 0.615242253125 0.636624125 0.6149300734375001 0.6398146078125 0.6095092578125
0 0.630118459375 0.58021721875 0.6330672953125001 0.577595853125 0.6332437703125 0.5741800859375 0.62809893125 0.5708260000000001 0.621307625 0.5694667734375 0.618497984375 0.567857584375 0.6163674218749999 0.565736675 0.61057193125 0.5691722890625 0.6105351875 0.5748339453125 0.61609895 0.5816874765625 0.61899226875 0.5827012640625 0.6242299046875 0.5832349796875 0.626630809375 0.5920726375 0.6290400328125 0.5889706609375 0.630118459375 0.58021721875