0 0.5213828656249999 0.3835728625 0.520412871875 0.3848309 0.5204122515625 0.3873436078125 0.5124872828125 0.39252636875 0.5059482828124999 0.39483505625 0.498762621875 0.39798243437499997 0.49380222656250006 0.4026934015625 0.49304451250000003 0.40446557656250004 0.49797481406250005 0.4094106359375 0.50745998125 0.40636694999999995 0.5137216609374999 0.40513561718749996 0.5196692109375001 0.40445523437500003 0.5235393609375001 0.40180418749999997 0.525063990625 0.3983914375 0.5260523890625 0.39739660468750004 0.529663003125 0.398598825 0.535472515625 0.3959444109375 0.5319177390625 0.3930190953125 0.5290366109375 0.3921625984375 0.5278641609375 0.39052539375 0.528058659375 0.38826361875000004 0.526249371875 0.385084 0.5213828656249999 0.3835728625
0 0.50708006875 0.44884431406249997 0.5124545781250001 0.4500554375 0.5147534625 0.45267183906249997 0.5178462484375 0.45655518125 0.5246533640625 0.4530375359375 0.522188834375 0.4480522984375 0.5189665906250001 0.4448392375 0.5159566265625 0.4421403125 0.5158652234375001 0.43831158593749997 0.5142314046875 0.435119696875 0.5110361484375 0.4348141484375 0.5076089640625 0.43875667500000004 0.5036928015625 0.440749709375 0.5001367812499999 0.4428498078125 0.5028602234374999 0.44649448593749996 0.5070806890624999 0.4463316078125 0.50708006875 0.44884431406249997
0 0.516942415625 0.489018525 0.514329403125 0.48695307187500003 0.50940768125 0.4846523234375 0.503534371875 0.483872815625 0.5003765453125 0.48158096875 0.49925806875 0.48575878906250003 0.50003294375 0.48927523281249996 0.5018422296875 0.4924548515625 0.5075584765625 0.4935098328125 0.5104948203124999 0.49515594218750003 0.5096260546875 0.49786159999999996 0.5135133656249999 0.5004991750000001 0.5179553140625 0.500982034375 0.5195443609375 0.49849050000000006 0.518649853125 0.49326323125 0.5228979265625 0.493495159375 0.5234163734374999 0.48830133125 0.516942415625 0.489018525
0 0.391278165625 0.49992175312500003 0.389496484375 0.497136940625 0.38392748125 0.498187590625 0.37841306874999997 0.5025405593750001 0.37630619374999996 0.507713215625 0.37642520468749996 0.5119367484375 0.37724609375 0.5161112015625 0.379276859375 0.5199365609375 0.3796922171875 0.5208332343750001 0.38423477031250003 0.5252764265625001 0.3859894625 0.5251537265625 0.39459666250000003 0.524684096875 0.3928984265625 0.52057099375 0.3899995140625 0.5169385875 0.38934489375000003 0.5126202625 0.3915726453125 0.5041330171875 0.391278165625 0.49992175312500003
0 0.343043034375 0.339468803125 0.3447790484375 0.34019019375 0.34488168125 0.34165789062499996 0.3462198484375 0.34472475937499997 0.34839670312500004 0.34773298124999996 0.35008041093750003 0.3517238203125 0.359166646875 0.3490868359375 0.36027805625 0.34690215625 0.3586529953125 0.3437500015625 0.35549767656250003 0.3408101984375 0.35519661875 0.3385135921875 0.35421865 0.33658036562500004 0.35402071875 0.33374980781249997 0.3505198609375 0.3298860359375 0.3480771171875 0.33111033125 0.343140315625 0.3328250703125 0.339064190625 0.33479566875 0.3392914453125 0.33804556875 0.343043034375 0.339468803125
0 0.34902784375 0.2944880609375 0.34614376562500004 0.2954271703125 0.338867346875 0.297832253125 0.3377559375 0.3000169328125 0.34260278906249997 0.3050507609375 0.3465533 0.30530125468749997 0.354395678125 0.3049635578125 0.3562871234375 0.30188154843750004 0.3591198859375 0.300208590625 0.3640117140625 0.3018681328125 0.366270690625 0.30002460000000003 0.367647 0.29761070312500004 0.3651021203125 0.2953656515625 0.3635796890625 0.2936811921875 0.3649120140625 0.29063828125 0.3635958375 0.2878859171875 0.3562167875 0.288823303125 0.352279946875 0.292785778125 0.34902784375 0.2944880609375
0 0.3938695890625 0.2849261875 0.3974960578125 0.28656886406250004 0.40240304218749995 0.2864364296875 0.4032788765625 0.2849003140625 0.40472165625 0.2814282859375 0.401551678125 0.27827881250000003 0.3962996515625 0.275485628125 0.3922176796875 0.271346446875 0.386868865625 0.2731953453125 0.38671343281250004 0.2769987453125 0.383740890625 0.2786814796875 0.38098876875 0.281507628125 0.3825111984375 0.28319208906250004 0.3899269015625 0.28277887968750004 0.3905300109375 0.28336879375 0.3938695890625 0.2849261875
0 0.18122065 0.3232886734375 0.1826990953125 0.32434411875 0.1805060953125 0.32713117187499996 0.17664256250000002 0.332142 0.1774875859375 0.3361914875 0.1779352609375 0.34058480156250004 0.1777358421875 0.34375918906249997 0.1910804859375 0.3457757875 0.1887926796875 0.34519832968749997 0.192847803125 0.3389099265625 0.193702140625 0.33505765468750004 0.19455697031250002 0.329203734375 0.1949479796875 0.32475177187500004 0.195838475 0.3234253234375 0.1980607984375 0.3210576140625 0.19906908125 0.3194068875 0.19670113281249998 0.315674590625 0.19239725624999998 0.3163969390625 0.1892121203125 0.3150394453125 0.1861887578125 0.31398668125 0.1789489921875 0.31691594218749997 0.178271090625 0.3212826171875 0.18122065 0.3232886734375
0 0.12607262187499998 0.34225804531250004 0.127524903125 0.3414784328125 0.1315671890625 0.334641203125 0.13063711718749998 0.329959828125 0.128807365625 0.3253413671875 0.1284770796875 0.32061805312499997 0.12792553906249998 0.31704030781250003 0.121248190625 0.32067150624999996 0.1140507578125 0.3211748 0.10802144375 0.3211443703125 0.11166628125 0.3258619296875 0.11497976875 0.33015061874999996 0.1168556421875 0.3397382859375 0.116886034375 0.34448257187500003 0.12607262187499998 0.34225804531250004
0 0.3171320828125 0.217244209375 0.323525265625 0.21385890000000002 0.3247259 0.20948057343749998 0.3326500046875 0.20644025 0.3314672234375 0.20245460781250002 0.323844075 0.2011795125 0.3154953171875 0.1981470015625 0.311232840625 0.20183535625000001 0.3126997890625 0.2055751109375 0.2995820734375 0.211916859375 0.30172638281249997 0.22103371562500002 0.3089080875 0.220305503125 0.3171320828125 0.217244209375
0 0.272209984375 0.22558391875 0.2766937140625 0.2207499953125 0.27863674843749997 0.21405955781250002 0.2766171984375 0.21103650468750002 0.27996426875 0.2071861421875 0.2744571609375 0.20169472968750002 0.2706204015625 0.20716147031249998 0.26407100156249996 0.2040031359375 0.2611978953125 0.20601219999999998 0.26339045156249996 0.21150936874999998 0.26506292343750004 0.21387863437500002 0.2604208515625 0.22075780625000002 0.2578790953125 0.22319573906249998 0.256331384375 0.226920278125 0.2678778046875 0.230021571875 0.272209984375 0.22558391875
0 0.1197291671875 0.2084460125 0.1208490375 0.21153197656249997 0.125867515625 0.21434532343749998 0.1361907640625 0.21113723593749997 0.1359548453125 0.20776344062500002 0.137455371875 0.2033641421875 0.13955568437500002 0.198922903125 0.141403290625 0.19517739218750002 0.1436451546875 0.19276043125 0.1475448265625 0.1881933671875 0.1436944640625 0.1848462984375 0.1368755640625 0.1864532203125 0.1356288078125 0.18586234375 0.1329937453125 0.1826563109375 0.12622202968750001 0.1849379921875 0.1241521109375 0.1941235171875 0.119920028125 0.20255615625 0.1197291671875 0.2084460125
0 0.1095704265625 0.24848378124999998 0.106873515625 0.24008362499999997 0.10007246875 0.23332657499999998 0.10195259062499999 0.22573645937500003 0.0945978796875 0.2239905546875 0.09192923750000001 0.228923575 0.0782610453125 0.2273931328125 0.08144764843749999 0.23417691093749998 0.0870659125 0.23694831718749998 0.0893067140625 0.2388258 0.0919721703125 0.24677611718749998 0.09473305625 0.25178150625 0.1066962578125 0.254787290625 0.1095704265625 0.24848378124999998
0 0.116269878125 0.21931082812499997 0.11265649687499998 0.21504310937499999 0.1121835953125 0.2125899625 0.11223184374999999 0.20897027499999998 0.10806585937499999 0.20541925625 0.10361464843749998 0.20640857499999998 0.102698178125 0.2105410125 0.1055219765625 0.21644608125000003 0.1040686328125 0.22152013906249998 0.10809200156250001 0.22734132499999998 0.113031840625 0.229030075 0.11374278593750001 0.226268125 0.116269878125 0.21931082812499997
0 0.1144632921875 0.184856165625 0.114558721875 0.1819112390625 0.116012065625 0.17683718125 0.11394533281250001 0.17313936875 0.1155716828125 0.170539428125 0.114373175 0.1663288640625 0.10854938437499999 0.164927946875 0.10621208906249999 0.1702898359375 0.09893601875 0.16966852968749999 0.10117575781249999 0.17584045937499998 0.10347947187499999 0.1786176234375 0.10243611562499999 0.1852451484375 0.11282121406250001 0.18723118593750002 0.1144632921875 0.184856165625
0 0.1178292765625 0.16834738437500002 0.1323489015625 0.17343460156249998 0.13804793125 0.168741715625 0.14180605 0.162150375 0.14026046406249998 0.1572860234375 0.14010318593749999 0.1550368265625 0.14706469687499998 0.1511597359375 0.14684556875000002 0.1437164140625 0.14130594375 0.14206960468750002 0.137501703125 0.143691740625 0.13197780625 0.142269853125 0.12920012812499998 0.1413339890625 0.1229013140625 0.1460688171875 0.122410559375 0.15197964375 0.12308792500000001 0.1573567453125 0.1178292765625 0.16834738437500002
0 0.1799145640625 0.13394535937500002 0.17921934687500002 0.136932228125 0.176440609375 0.140290809375 0.1733147921875 0.14299560312499998 0.17132563750000002 0.1447168359375 0.16859408125 0.1487501765625 0.1680393546875 0.15805576875 0.17334306093750002 0.1563287796875 0.1825453765625 0.1543291734375 0.18554536875 0.149825021875 0.18791412031250002 0.14491297187500002 0.18949328593749998 0.141638271875 0.1911825484375 0.1399380109375 0.1940242 0.13747910937500002 0.194656503125 0.1335925609375 0.19334683749999998 0.1321020046875 0.185596803125 0.13332199843749998 0.188202534375 0.1274893 0.1846667296875 0.1286406265625 0.181146653125 0.130016871875 0.1799145640625 0.13394535937500002
0 0.22482497499999998 0.172844553125 0.2331747953125 0.1715826171875 0.22976693906249998 0.1659444109375 0.23230869687500003 0.16350647812500002 0.2298634328125 0.1587050375 0.222650271875 0.15898341093749999 0.21316379218749998 0.16122890781250002 0.2034707234375 0.1691393390625 0.2001551109375 0.173439540625 0.2097831421875 0.173218321875 0.21641224218750002 0.173206809375 0.22482497499999998 0.172844553125
0 0.21717887187499998 0.136764053125 0.21811106875 0.1328565359375 0.21917015156250003 0.12645393124999998 0.2112156546875 0.1247499671875 0.2046651921875 0.1258860796875 0.2011451171875 0.127262325 0.2016326828125 0.1342348375 0.2047574359375 0.1358244890625 0.205356159375 0.14007699375 0.20581226875 0.146599665625 0.2126458328125 0.14951210937499998 0.22001839687500002 0.14289404375 0.21717887187499998 0.136764053125
0 0.24319198437499998 0.129520571875 0.2377917859375 0.13848693125 0.2469290640625 0.14417654062500002 0.251191540625 0.140488184375 0.2568905703125 0.1357952984375 0.2587696296875 0.132499628125 0.25952775781250004 0.1304124375 0.265636775 0.1272730203125 0.267042934375 0.12152420312500001 0.264202346875 0.1196886609375 0.260587903125 0.11971538749999999 0.2549381828125 0.116494140625 0.2515135375 0.11492545937500001 0.25021853437499997 0.11795426875 0.24987039531250002 0.12159492499999999 0.24688613125 0.126323996875 0.24319198437499998 0.129520571875
0 0.281151509375 0.1293523984375 0.29003926562500004 0.122854396875 0.2937334109375 0.1196578234375 0.2997795171875 0.115618725 0.29269324375 0.11340201093749999 0.288384646875 0.11212116093749999 0.28691769843750003 0.10838140624999999 0.2848027203125 0.10830328125 0.277682865625 0.11422562031250001 0.2778244171875 0.11624989687500001 0.2740191140625 0.12216647968750001 0.26902996562500003 0.1283918609375 0.2708911734375 0.1334601640625 0.281151509375 0.1293523984375
0 0.29200631875 0.14667491875 0.2945008921875 0.1435622265625 0.304081740625 0.14266625 0.30594613437499996 0.1348512140625 0.29781756718749997 0.1349675796875 0.29958653125 0.130097471875 0.298482390625 0.1272364265625 0.2910637046875 0.12888528906250002 0.2838652109375 0.133683028125 0.2780718140625 0.1370263953125 0.2645923578125 0.1381949921875 0.2625549546875 0.143535909375 0.27148042656250004 0.1498217453125 0.2831668078125 0.149553234375 0.29200631875 0.14667491875
0 0.2517828265625 0.174801809375 0.24576711406250001 0.1835851921875 0.24781811875 0.187058084375 0.2583772859375 0.1872237953125 0.2664901234375 0.186882509375 0.2767022140625 0.1863944296875 0.2851464015625 0.18648201250000002 0.29234383125 0.18597871875 0.29797995 0.18038615468750002 0.29338825156250004 0.175056746875 0.2906105734375 0.174120884375 0.29717782656249997 0.16891524687499998 0.2866039953125 0.164230171875 0.2762335625 0.1667635 0.2703143421875 0.168307509375 0.25773456562499997 0.1694131921875 0.2517828265625 0.174801809375
0 0.32276522343749997 0.1598933765625 0.3266795609375 0.159845678125 0.33618176875 0.15782510156250001 0.34585804531250003 0.153984196875 0.34835262031249997 0.1508715046875 0.3514469796875 0.147716871875 0.347186628125 0.1428163359375 0.33672183125 0.14400014375 0.3244419453125 0.1450848578125 0.3209690515625 0.1471358625 0.312256428125 0.1475190890625 0.30963496875 0.15312686874999998 0.31241158125 0.15835717656249998 0.32276522343749997 0.1598933765625
0 0.3606178390625 0.1452674265625 0.366364053125 0.1412493 0.3691742484375 0.13834055781250001 0.3708803 0.1325707703125 0.3662246265625 0.13063613125 0.362295625 0.1261644625 0.35820721718750004 0.1280324890625 0.3546074390625 0.13257858125 0.345878025 0.13703133437499998 0.3388693265625 0.14023366406249999 0.3439192609375 0.1434968515625 0.35252072968750003 0.1458336328125 0.3606178390625 0.1452674265625
0 0.4190604140625 0.097558953125 0.4157290734375 0.10163423437500001 0.41287169375 0.10386821718749999 0.40704684062499996 0.106761746875 0.4062236765625 0.11653814843750002 0.412442790625 0.11497316718749999 0.41943575937500005 0.1115459171875 0.4229401078125 0.10994475156250001 0.42628717812500005 0.10609438906249999 0.43067441406249996 0.1084998390625 0.432442315625 0.1079241765625 0.4349998015625 0.10571116250000001 0.4357107453125 0.10294921406249999 0.43282297343750004 0.1004389125 0.4307237234375 0.10058570625 0.4299352015625 0.097928609375 0.424032771875 0.09540309375 0.42163362812500005 0.09557085781249999 0.4190604140625 0.097558953125
0 0.46339208125000003 0.11525277812500001 0.4610862421875 0.12106450625000001 0.4677929203125 0.1264720375 0.463578690625 0.12654070625 0.4738379640625 0.1267273859375 0.479520203125 0.126104025 0.4875858578125 0.12508798125 0.4907588578125 0.123057946875 0.49640964218750006 0.1219847484375 0.5051222656250001 0.121601521875 0.5021411890625 0.11344725468750001 0.500326103125 0.1133481578125 0.5021422515625 0.109152809375 0.5006910328124999 0.10563797500000001 0.4925152828125 0.10507958125000001 0.48091275937500005 0.111541396875 0.4761931125 0.113001525 0.46339208125000003 0.11525277812500001
0 0.479844115625 0.156594015625 0.47749321718750004 0.15314209375 0.47087984374999997 0.153378525 0.4586314140625 0.154913078125 0.4610598890625 0.1637840453125 0.468067521875 0.164876159375 0.4775057578125 0.16625035 0.48483007499999997 0.16325196875 0.479495975 0.160234671875 0.479844115625 0.156594015625
0 0.5603015124999999 0.12203738281250001 0.568445809375 0.1221459375 0.5760700187500001 0.1191265859375 0.5783433390625 0.1171594625 0.573183309375 0.1123218390625 0.5732630109375 0.1091519921875 0.57043815 0.10754136875 0.559405021875 0.1092169578125 0.5520964328125 0.11244025937499999 0.54013216875 0.1137289203125 0.5390259015625001 0.11945676718750001 0.5512418125 0.12176682187500001 0.5603015124999999 0.12203738281250001
0 0.5150625203125 0.1991091953125 0.5252263640625 0.2022408015625 0.5391787203125 0.203525353125 0.543740028125 0.20411047343750002 0.550006325 0.20322025312499997 0.5457617015625 0.1985446359375 0.5492345937499999 0.1964936296875 0.5519032375 0.191560609375 0.5415653234375 0.19024933125000001 0.5286541984375 0.19092614531250002 0.5216308359374999 0.1896091109375 0.5130608249999999 0.18772216875 0.509191546875 0.1970335171875 0.5150625203125 0.1991091953125
0 0.5167957796875 0.210967028125 0.50964659375 0.2078506359375 0.5097262953125 0.20468078906249998 0.5040765765625 0.20145954375000003 0.49239647656249996 0.202502315625 0.48221690468749995 0.1991457875 0.47536548749999996 0.204597315625 0.4815352921875 0.21094646718750001 0.49236183437500003 0.2149358125 0.50632991875 0.2164452828125 0.5167957796875 0.210967028125
0 0.6287408812499999 0.17850293281250001 0.636932359375 0.179286246875 0.6476341390625 0.1771817875 0.6496232953125001 0.1754605578125 0.6438792062500001 0.1708897921875 0.646089615625 0.1680229921875 0.640724059375 0.1645558546875 0.635735975 0.1664867921875 0.630148103125 0.1684596703125 0.6154218890625 0.16903738906250002 0.6140471859375001 0.175236046875 0.6244480109375 0.17744700468750002 0.6287408812499999 0.17850293281250001
0 0.6389982390625 0.12263690000000001 0.639046484375 0.11901721406250002 0.632828434375 0.1162877484375 0.625709640625 0.117915640625 0.6151494125 0.1220443765625 0.604542 0.12549835468749998 0.6106191546875 0.131442578125 0.621002534375 0.132484025 0.6293838093749999 0.1316719296875 0.63651833125 0.1302689578125 0.6410177874999999 0.125659953125 0.6389982390625 0.12263690000000001
0 0.626341946875 0.11402909218749999 0.6314086703124999 0.11322275468750001 0.639727034375 0.11151097968749998 0.639649459375 0.10609193593749999 0.6325789125 0.10410014062499999 0.634520884375 0.10170415 0.6327855015625 0.09843520624999999 0.6249725546875 0.0987555203125 0.621752371875 0.1001107953125 0.6110034078125001 0.1015404953125 0.6044833374999999 0.10742089218749999 0.6051607015625 0.11279799531250001 0.6095479390625 0.11520344375 0.626341946875 0.11402909218749999
0 0.6445610281249999 0.09444750625000001 0.6384216171875 0.092842640625 0.6320766812499999 0.0926082640625 0.6324069671875 0.097331578125 0.6323587203125001 0.10095126406249999 0.633747028125 0.10356641875000001 0.6370615796875 0.1035606625 0.6422226734375001 0.10410384218749999 0.6493886468750001 0.103150709375 0.6553707796875 0.102506378125 0.6538881046875 0.09854170625 0.6445610281249999 0.09444750625000001
0 0.6973137171875 0.14206511718749998 0.685349453125 0.14335377968750002 0.6868153390625 0.151387978125 0.6971060671875 0.15202449843750002 0.706591484375 0.154073446875 0.70995215625 0.159036896875 0.721646921875 0.16251348906250002 0.7238573296874999 0.15964668906249999 0.7195812515625 0.15452123125 0.72649451875 0.154263828125 0.7280265015625 0.1503143703125 0.720166371875 0.149959925 0.7140112328125 0.1481301390625 0.7118344046875 0.1428578875 0.6973137171875 0.14206511718749998
0 0.7338757921875 0.0932688453125 0.7354772109375001 0.0952172609375 0.7347953359375 0.09856158125 0.7387176375 0.102270746875 0.7421900484374999 0.10216529062499999 0.748310265625 0.10063844375 0.7558120578125 0.097916109375 0.75730006875 0.093004459375 0.7508828953125 0.0929037515625 0.7498569171875 0.0913271765625 0.7459817609375 0.09091135312500001 0.7434104234375 0.093426278125 0.737242415625 0.09426966718749999 0.7338757921875 0.0932688453125
0 0.7313890609375 0.141518715625 0.7405782984375 0.1419750203125 0.7453080265625001 0.1388970859375 0.7493749953125 0.13943685625 0.7538740296875 0.1382980921875 0.750853446875 0.134388515625 0.7532520875000001 0.1320230265625 0.7540971015625 0.1283925796875 0.74914753125 0.12832660625 0.74487854375 0.13013608125 0.7344804265625 0.1307258296875 0.7246004 0.13086726875000002 0.7253179281250001 0.13850925 0.7313890609375 0.141518715625
0 0.7780827421875001 0.14663253125 0.7877703078125 0.14897702968749998 0.7927581140625 0.14958976875000002 0.7909942 0.1453175953125 0.7917429859375 0.142930115625 0.79498599375 0.1395440625 0.790602953125 0.13710335625 0.7848472453124999 0.1386047140625 0.7770300265625 0.1368162296875 0.7720135453125 0.1357934140625 0.7640414546875001 0.1396475171875 0.7745727421875 0.1435813359375 0.7780827421875001 0.14663253125
0 0.7462989999999999 0.126877475 0.749962578125 0.12950585312500001 0.7569163125 0.13204151875 0.7618754437499999 0.1322441828125 0.7658563859374999 0.131553728125 0.7697984515625 0.1329263921875 0.7711602656250001 0.1340674046875 0.7761200406250001 0.1316601828125 0.7760346593749999 0.127820075 0.782395128125 0.1244907484375 0.778664640625 0.12090553125 0.7685061296875 0.12230268281250001 0.7583195890625001 0.12067987656250001 0.7493030484375 0.1200741359375 0.7462989999999999 0.126877475
0 0.7622055953125 0.1160126234375 0.764219315625 0.11861900781250001 0.7737246265625 0.1209762515625 0.78051586875 0.1211881609375 0.7849664671875 0.121975825 0.7891385796875 0.1240192 0.7980219468749999 0.1201013765625 0.7924013515625 0.11829664843750001 0.7984839796875 0.11361315000000001 0.7955589796875 0.11107048593749999 0.791731615625 0.111338121875 0.7822543359374999 0.1120008375 0.7745906953125 0.1097895328125 0.76875916875 0.10758747500000002 0.7622055953125 0.1160126234375
0 0.7760955109375 0.1511744078125 0.7752792140625 0.157733896875 0.777268434375 0.160654753125 0.782596403125 0.163915884375 0.788272184375 0.1648577265625 0.7934138374999999 0.1654544234375 0.80129356875 0.16509466718750002 0.805046671875 0.16406723437499998 0.8062222921875 0.16264629531250002 0.8046731421875 0.162372128125 0.8068504750000001 0.1606898953125 0.806437021875 0.15842384062499998 0.7976629390625 0.15693366250000002 0.792507978125 0.15614664843749998 0.78591123125 0.15297423906250002 0.7760955109375 0.1511744078125
0 0.7822743078125 0.17024956875 0.7876555093750001 0.1742719671875 0.7865721484375 0.180658884375 0.7934900921875 0.181131371875 0.7953072046874999 0.17794435 0.8018782328125 0.1771023625 0.8045763875 0.175574959375 0.8050581812500001 0.171525075 0.7969122828125 0.168078496875 0.7919844609375 0.16689310625 0.7878445234375 0.166035115625 0.780406659375 0.1617740390625 0.777040396875 0.1646868921875 0.7822743078125 0.17024956875
0 0.7091383828125 0.232929171875 0.7113813609374999 0.23583228437499998 0.712823146875 0.238217678125 0.717109475 0.24116915312499998 0.7191661375 0.2414078328125 0.7176551124999999 0.248972140625 0.72832615625 0.2484171953125 0.7301299609375 0.24503985468749998 0.7289818578125 0.243207665625 0.7357667171875 0.2417769859375 0.73045295625 0.23507240937499999 0.725151603125 0.2321919125 0.7187553796875 0.22824049062500001 0.7143892000000001 0.22414711562499998 0.7091714328125 0.22762471562500003 0.7091383828125 0.232929171875
0 0.74546985625 0.21279387500000002 0.738589140625 0.223793621875 0.7336204937499999 0.22567104218749998 0.727997046875 0.22912422968750001 0.7369831609374999 0.2372932359375 0.74555761875 0.23592866093749998 0.7510213671875 0.230191675 0.74546985625 0.21279387500000002
0 0.731565453125 0.2728615828125 0.72528540625 0.2851580609375 0.7268194515624999 0.2925094359375 0.7285283 0.2950674015625 0.732065771875 0.3018961890625 0.7364851859375 0.30675083124999997 0.7403305453125 0.310689378125 0.74116105 0.3006864421875 0.7495749093749999 0.30067183124999997 0.747893575 0.294860734375 0.7446888109375001 0.292789865625 0.7396288046875 0.2860675453125 0.7381346843750001 0.27928712187500004 0.733462415625 0.2708164625 0.731565453125 0.2728615828125
0 0.754889746875 0.2490459015625 0.748544959375 0.253123271875 0.7496123140625001 0.2574473234375 0.7508535765625 0.2606117296875 0.7501047187500001 0.2644890421875 0.74789986875 0.269424403125 0.7517053046875 0.2727919984375 0.7577954390625 0.2723661359375 0.75967819375 0.273764459375 0.7653672828125 0.27489661718749997 0.7667434281250001 0.27269666875 0.7713651593749999 0.26950477500000003 0.769791190625 0.2615824515625 0.7648376515625 0.2563826640625 0.754889746875 0.2490459015625
0 0.69062585625 0.556941521875 0.6917591828125 0.557743646875 0.6927614890625 0.5594730359375 0.69357638125 0.5620234578125001 0.692378303125 0.5637965390625 0.6927601078125 0.56505518125 0.6941041953125 0.5639696453124999 0.695230375 0.5625688328125 0.6959926359375 0.5601651921874999 0.696734109375 0.558864728125 0.698449434375 0.5602871875 0.6992132171875001 0.562106703125 0.7005208359374999 0.56330060625 0.70176695 0.5643151890625 0.7034826203125 0.5643421140625 0.7034625203125 0.5626542140625 0.7025832249999999 0.5612834656250001 0.7012807140625 0.5601626546875 0.7005680421875 0.55907404375 0.7017710593750001 0.5580718203125 0.7030204203125 0.556331878125 0.7016949125 0.5548821578124999 0.7042363875000001 0.5548146125 0.705154534375 0.5546402375 0.7061575328125 0.553578553125 0.706085978125 0.552555284375 0.7051656203125 0.551297578125 0.7033039421875 0.5505831078125001 0.70123440625 0.5503973078125 0.701217553125 0.5459548812499999 0.70066435625 0.542945471875 0.700618703125 0.5408921203125 0.6987861703125 0.5363930406249999 0.697653015625 0.5348931453125 0.6968479999999999 0.5338844421875 0.695269671875 0.5281189671875001 0.6929606078125 0.5217068375 0.6905954984375 0.5137929421874999 0.6903667109375 0.5056194859375001 0.692426371875 0.50426356875 0.6945425968750001 0.5023161109375 0.695835403125 0.5011974375 0.697410346875 0.4999121390625 0.6995214609375 0.497891590625 0.7012017 0.4960113453125 0.6996811109375 0.49527302500000003 0.69683466875 0.4944805171875 0.6924545156249999 0.4941625 0.690215453125 0.49505355 0.690260934375 0.4978046703125 0.6902503671875 0.49905402656250003 0.689811478125 0.500480228125 0.6882525578124999 0.49919372656250005 0.6877632484375 0.49709794843750005 0.687373778125 0.49572967187500006 0.6865452453125 0.4964853640625 0.6862574765625 0.4986722046875 0.68646754375 0.49957561406249995 0.685754353125 0.500580309375 0.6843186140624999 0.49895467812499994 0.68355483125 0.49713516406249997 0.6832628140625 0.49576007187500004 0.6830374140625 0.49463738749999997 0.680918803125 0.49585053125 0.6809441875 0.49691375156250006 0.6787310234375 0.4967747203125 0.677287271875 0.4964349890625 0.6757716234375 0.496467525 0.6740378921875 0.49688255156250005 0.6743939703125 0.498473509375 0.675632071875 0.5007739921875001 0.6772782265624999 0.5019074984375 0.6796193359375 0.5031760281250001 0.6820500593750001 0.5050258750000001 0.6849116625 0.5067354203125001 0.6863424625000001 0.50759019375 0.68626220625 0.510643896875 0.687491953125 0.5156258171875 0.6871782828125 0.518842740625 0.6866312 0.52222288125 0.6861074609375 0.5245363921874999 0.686845828125 0.535795753125 0.68672996875 0.53764005625 0.685883028125 0.540233234375 0.685177159375 0.5427431015625 0.685869215625 0.5442371171875 0.687038146875 0.5462486453125 0.68827369375 0.548512584375 0.68935743125 0.5528069578125 0.688146921875 0.553001778125 0.687015803125 0.5536317328125 0.6860179171875 0.5547665078125 0.68602779375 0.556308225 0.6870764453125 0.5572998921875 0.689597303125 0.5576377546875 0.69062585625 0.556941521875
0 0.64426226875 0.567121721875 0.652896103125 0.564465146875 0.6616727874999999 0.563851421875 0.6644611484375 0.56023504375 0.6753245999999999 0.5590192109375 0.6739722421875001 0.5527271687499999 0.669639990625 0.5516615515625001 0.6672992703125 0.5486319265625 0.6651977046875001 0.5446732062499999 0.6591765625 0.5455504312499999 0.65460408125 0.549747753125 0.6478972171875 0.5538662328124999 0.6429744734375 0.55740376875 0.6405839921875 0.5623608828125 0.64426226875 0.567121721875
0 0.31694384375 0.669191478125 0.3242061390625 0.66854998125 0.325252303125 0.6656698109375 0.32561694375 0.663238296875 0.3300694484375 0.6631942828125 0.3350087703125 0.657368525 0.3378191921875 0.6542313171874999 0.3396405171875 0.6496929312499999 0.33853050156250003 0.6465625328125 0.3299429984375 0.6460936875 0.32198925156249997 0.649590553125 0.31846940625000003 0.65277736875 0.3129050015625 0.6573101625 0.310758125 0.65719295 0.30477452656250004 0.6582797015625 0.3046337484375 0.6613639 0.305865309375 0.66368379375 0.30848781718749996 0.6655054234375 0.312230896875 0.665511015625 0.313098446875 0.6677226984375 0.31694384375 0.669191478125
0 0.3020644125 0.7087281828124999 0.302961121875 0.7062594640625 0.3057064328125 0.7021911359375 0.3084145375 0.697590740625 0.2999870453125 0.691764009375 0.297102840625 0.6912973546875001 0.2917362796875 0.6884646015625 0.2821962578125 0.689666375 0.2782931671875 0.6950186703125001 0.2797287328125 0.7028046671875 0.275153425 0.7087386375 0.2800902328125 0.7130717843750001 0.2905443125 0.714746778125 0.3020644125 0.7087281828124999
0 0.373767046875 0.7248337078125 0.3780905875 0.7178480015625001 0.3790530359375 0.7137706765625 0.376542146875 0.7135452531250001 0.366899809375 0.7132838375 0.361569825 0.713522878125 0.3572754453125 0.7158281828125 0.3525240375 0.7166951046875 0.349033353125 0.71520151875 0.3433765625 0.7158644171875 0.34352475781249997 0.7205324156249999 0.34990894687499996 0.722625671875 0.3468746625 0.7251101953125 0.3452213921875 0.7295031640625 0.3523243078125 0.731679828125 0.360408903125 0.7275054765625 0.361930696875 0.7263297234375 0.373767046875 0.7248337078125
0 0.3562353203125 0.769768909375 0.354014659375 0.7660478359375 0.3526249734375 0.76146665 0.3496855875 0.7576621671875 0.351683640625 0.75565110625 0.3472224625 0.7530223765625 0.3398758234375 0.755006446875 0.33769111406249996 0.75689689375 0.3325012796875 0.756591465625 0.33211677968750003 0.7638363953125 0.338416628125 0.7672722234375 0.34270044843749997 0.7699133546875 0.350045203125 0.7755484625 0.35790467812500004 0.7758008796875 0.3562353203125 0.769768909375
0 0.41607080625000004 0.723212215625 0.4167628828125 0.7178171203125 0.41054612031250004 0.718118171875 0.39924183750000003 0.71957698125 0.3973380578125 0.7178387625 0.38902092499999996 0.7186876890625 0.38939361250000004 0.72146864375 0.3897104890625 0.723451496875 0.38743213593750003 0.7265515 0.392238725 0.72902240625 0.3980077625 0.7274159890624999 0.398996859375 0.7288171671875 0.4105721390625 0.7261364015625 0.41607080625000004 0.723212215625
0 0.4119618265625 0.7307175859374999 0.40583807656250004 0.7323488078125 0.4045587515625 0.7344432796875 0.4011145734375 0.733614778125 0.3903516625 0.7351694 0.3981912796875 0.7402352359375 0.39688341875 0.74447038125 0.4048830453125 0.7441783281250001 0.4083749859375 0.7405924609375 0.40884194375 0.739624134375 0.41915650156249995 0.7393038734374999 0.42242457812499995 0.7350653234375 0.4199143171875 0.732300171875 0.4119618265625 0.7307175859374999
0 0.4014905265625 0.6854681984375001 0.40679197812499995 0.6873698328125 0.41398916406249997 0.685797215625 0.42055133749999996 0.68533834375 0.4219156359375 0.6793615749999999 0.4198531 0.6779017921875 0.41208726875 0.6764398203125 0.40448886093749997 0.6773721546875 0.40092313749999997 0.677354159375 0.39915950625 0.67507146875 0.394295853125 0.6768819109375 0.39490170468749997 0.6804485687499999 0.395097034375 0.6832419265625 0.3937984765625 0.687610090625 0.399221475 0.68870121875 0.399184896875 0.685629425 0.4014905265625 0.6854681984375001
0 0.410341921875 0.7540255515625 0.4142205234375 0.7554852421875 0.4220989125 0.75713730625 0.43068105 0.7568518953125001 0.435978834375 0.7516034234375 0.43037519375000005 0.7494775796875001 0.42352978593749996 0.747595928125 0.4161237203125 0.7466976109375 0.41467390625 0.7439665953125 0.4094987859375 0.7419681437500001 0.40753137187500005 0.7438366296875001 0.4070364125 0.7457595046875001 0.405958890625 0.7483525375 0.40292564531249997 0.7499808406249999 0.4020131125 0.7519329171875 0.40915564375 0.7520628828125 0.410341921875 0.7540255515625
0 0.3345690875 0.8255707203125 0.334591725 0.8228940953125001 0.3371088515625 0.8198856843750001 0.345339853125 0.8175792062499999 0.34946156875 0.8135144593750001 0.352418165625 0.810790028125 0.3611112796875 0.80609090625 0.3636736828125 0.7977292453125 0.3500689875 0.8011982640624999 0.3417715453125 0.80555500625 0.3391222828125 0.8096741468750001 0.325857771875 0.8150076421874999 0.3239677453125 0.8149824499999999 0.32000080625 0.8152598453125 0.31739534375 0.8200053437499999 0.32110895781250004 0.8221059937499999 0.324767821875 0.82342369375 0.32498681875 0.8265554875 0.3328323578125 0.8277377843749999 0.3345690875 0.8255707203125
0 0.3602381078125 0.8266081640625 0.3651175796875 0.82437869375 0.35881093124999996 0.8212005234375 0.349405340625 0.8187111187499999 0.3445813578125 0.8187337343750001 0.341789746875 0.8208172078124999 0.339097425 0.8213201828125 0.3360641796875 0.8229484859375 0.3333054203125 0.825501728125 0.33949161875 0.8269574109375 0.33904045781250003 0.8295066453125 0.33912805625 0.8307593640625001 0.3454573421875 0.831260909375 0.34664510000000004 0.8272439687500001 0.353865021875 0.825480259375 0.3602381078125 0.8266081640625
0 0.3596986078125 0.8308944859375 0.3484679484375 0.8323092296875 0.3479729875 0.83423210625 0.3450609296875 0.8345930921875 0.3417094 0.8346701 0.34043404375 0.8374343218750001 0.3448397140625 0.8404307093750001 0.3424656765625 0.842484984375 0.34456374843750004 0.8454853796874999 0.3504097640625 0.8450765859375 0.350608340625 0.8419155937499999 0.3589159921875 0.8407052453125001 0.3637202953125 0.8314000375000001 0.3596986078125 0.8308944859375
0 0.255271146875 0.8437042015625 0.2415343140625 0.8482839484375001 0.23463341718750003 0.8486091515625 0.23257766562499999 0.8522147234374999 0.2307628078125 0.8592652656249999 0.24163064374999998 0.8586626671875001 0.2464225171875 0.85518048125 0.24819135625 0.8564729890624999 0.2601476609375 0.853433946875 0.26771945625 0.8507015000000001 0.26631492031250004 0.8426172359375 0.255271146875 0.8437042015625
0 0.190224684375 0.8646176531249999 0.1935879046875 0.8617074328125 0.194896109375 0.8594129781250001 0.20351109687500002 0.8595973375 0.2106653171875 0.8568940906250001 0.221039671875 0.8522347609375001 0.218513815625 0.8461171703125 0.21490970156250003 0.8455824171874999 0.2058764015625 0.8484170625 0.198974765625 0.85173206875 0.19239215468749998 0.85360856875 0.19095255 0.854023946875 0.18779885624999998 0.8539297640625 0.184480915625 0.851486734375 0.1818207046875 0.8554492828125 0.1869410734375 0.8566647875 0.1843801484375 0.8590468390625 0.184137034375 0.8645712781249999 0.190224684375 0.8646176531249999
0 0.1612640609375 0.8435115375000001 0.1650331640625 0.84340533125 0.1706703921875 0.8430111374999999 0.1674634296875 0.8361543984375001 0.15594733593750001 0.8364876156250001 0.1471126140625 0.8361612671875 0.1418396875 0.8297637046874999 0.1359710328125 0.8328491234375001 0.138288103125 0.8389813125 0.1343861234375 0.84318805 0.1396159890625 0.8459694484375 0.147758653125 0.845400059375 0.1510882828125 0.8450098734375 0.15325279375 0.845960003125 0.1572416328125 0.8459957875 0.1612640609375 0.8435115375000001
0 0.212430603125 0.8281319703125 0.21905627499999997 0.8298716328125 0.23583656406250003 0.8268099765624999 0.23927643281250002 0.8249958828124999 0.2329048265625 0.8178883718750001 0.22011485468749997 0.8150062046875 0.21076401250000001 0.8132997484375 0.2042602671875 0.8073029640625 0.1984244625 0.8108581515625 0.20047799687499998 0.8162219921875 0.1963898703125 0.8177667046874999 0.19381725625 0.8229819718750001 0.19888213593749998 0.8264043296875 0.2053880984375 0.8234317015625001 0.20751976249999998 0.8239120640625 0.212430603125 0.8281319703125
0 0.25533329375 0.8145891109375001 0.2581380734375 0.803692815625 0.2504786796875 0.8051725453125 0.2428959375 0.807748403125 0.23754414218750003 0.8092241250000001 0.23531393281250002 0.8073344562500001 0.2280064125 0.8078454468749999 0.2306534546875 0.8126957203125 0.22857580312499998 0.8159881109375 0.230816225 0.8210241734375 0.2355964078125 0.8203751984375 0.2381135328125 0.8173667874999999 0.24334413906250002 0.8171583828125 0.25533329375 0.8145891109375001
0 0.23472412187499997 0.792899003125 0.2471848578125 0.794073284375 0.25363607187500004 0.7903177078125 0.2494282375 0.78715013125 0.24764918906250002 0.7827112281249999 0.2460570265625 0.7779445453125 0.239408715625 0.7788815062500001 0.2334079234375 0.7830776515625 0.22337449375 0.7866116546875 0.2144287953125 0.7906990171875 0.2157661515625 0.8038233531250001 0.22185528125 0.797890121875 0.23472412187499997 0.792899003125
0 0.1627189453125 0.8272781625000001 0.16919290625 0.8188817234375 0.1633702703125 0.8136240890625 0.1521520421875 0.8092158171875001 0.1426917 0.8059434640625 0.1388357390625 0.8018071484375 0.132341465625 0.8019465609375 0.1333956046875 0.80501995625 0.13253782187500002 0.8077549796874999 0.127394075 0.81220590625 0.1294921484375 0.8152063015625 0.132513703125 0.8164112109375001 0.13681061562500002 0.8148518984375 0.13821663125 0.8169565562500001 0.1452153359375 0.821030465625 0.1587740140625 0.8259044984375 0.1627189453125 0.8272781625000001
0 0.1328598046875 0.7943572578125 0.1356740546875 0.789597159375 0.1367070359375 0.7893675703125 0.14379481875 0.7887145890625 0.1507293046875 0.7858693531250001 0.1638718890625 0.784792978125 0.170113578125 0.7840418062500001 0.172410225 0.7838812093749999 0.1577879375 0.7697975828125 0.14591922968749999 0.774089340625 0.13678664375 0.7785044828125 0.1314567484375 0.7802933828125 0.12664371562500001 0.7804725875 0.1229293625 0.78136174375 0.1223132125 0.7845519359375001 0.12446603437499999 0.7883352796875001 0.123937484375 0.792778190625 0.12443096718749999 0.7968349234375001 0.1306507546875 0.795770571875 0.1328598046875 0.7943572578125
0 0.12128836875 0.75189368125 0.1256619296875 0.7514304968750001 0.1265627734375 0.7523116359375 0.1325503984375 0.7569283125 0.1392417671875 0.7596075124999999 0.145669603125 0.761518365625 0.14930878593750002 0.7535534765625 0.144002271875 0.7496759484375 0.13855266875 0.746752559375 0.1323007703125 0.7443573375 0.1317963390625 0.7401440140625 0.12466549687499999 0.7371808343749999 0.121170878125 0.7382119781250001 0.1190713265625 0.741191190625 0.11908153749999999 0.744337584375 0.11589425312499999 0.7467634359375 0.1151795578125 0.7485443203125 0.11787113906249999 0.7510311484375001 0.12128836875 0.75189368125
0 0.1339981390625 0.7236250906249999 0.141832728125 0.724650796875 0.14541494375 0.7248723703125 0.14423014375 0.71693009375 0.1349121515625 0.7156934078125 0.129582996875 0.7144925046874999 0.1258474828125 0.7120786765625 0.12024384375 0.709952834375 0.120297853125 0.7137255875 0.11990143906249999 0.7170577687499999 0.11528550312500001 0.7200555875 0.1172733390625 0.7244798921875 0.1207898546875 0.723761928125 0.126548271875 0.7221004171875001 0.1299655 0.7229629484375 0.1339981390625 0.7236250906249999
0 0.1623192328125 0.7535878296875 0.1679228734375 0.7557136703125 0.172075959375 0.7580983 0.16343108281250002 0.74548495625 0.16590514843749998 0.7388603828125 0.1599518546875 0.7287338671875 0.15374301562499998 0.729954809375 0.15043454375 0.7336479765624999 0.14537913593750001 0.7363618171875 0.1458616671875 0.740261959375 0.1490810609375 0.7412956796875 0.1523114015625 0.742485990625 0.1543109265625 0.74407708125 0.15651923750000002 0.74565356875 0.1582873359375 0.7499358828125 0.1623192328125 0.7535878296875
0 0.177958075 0.6561927625 0.18024229375 0.66185518125 0.18803456406250002 0.6562749218749999 0.18793675468749999 0.6518758109375 0.1858605828125 0.64918859375 0.187004540625 0.64454529375 0.1858956515625 0.6406889515625 0.1825988703125 0.6415489046875 0.1785764421875 0.64403315625 0.1753015609375 0.645206290625 0.1733669953125 0.6475445453125 0.17368528125 0.6490958421874999 0.17757483125 0.650712121875 0.1772448578125 0.6519940390625 0.177958075 0.6561927625
0 0.1161822015625 0.6488682546875 0.12013745 0.651424071875 0.1286312484375 0.652875746875 0.132168925 0.6554607671875 0.1393450453125 0.6530706984375 0.1366534640625 0.6505838703125 0.1322704328125 0.6449108578125 0.12873275625 0.6423258390625 0.1233160015625 0.63987221875 0.126723021875 0.63758835625 0.1170874828125 0.63181056875 0.1145148703125 0.6370258359375 0.10758038437499999 0.6398710734375 0.106118140625 0.642963075 0.109402490625 0.6479261375 0.11739185781249999 0.6451644921875 0.1161822015625 0.6488682546875
0 0.1623599 0.5658047171875 0.1618433703125 0.5714416499999999 0.161030875 0.578055515625 0.16475987812499998 0.581892915625 0.1677923828125 0.5861888328125 0.177770215625 0.5882232203125 0.17594123281250001 0.577695909375 0.1739018375 0.5693689921875 0.1716038546875 0.5651583171875 0.17332133593750002 0.563672165625 0.173685128125 0.5584557296875 0.169392065625 0.5595755609374999 0.16687288125 0.5626204296874999 0.16393479375 0.5622794578125 0.1594516140625 0.5606804796875 0.1577816625 0.5628463328125 0.15727528125 0.5660236624999999 0.1623599 0.5658047171875
0 0.151418634375 0.6020871624999999 0.152545465625 0.5973637890625 0.15247006093749998 0.5936807203125001 0.152414309375 0.5876739890625 0.15231989375 0.583719040625 0.15152011406250002 0.577491125 0.145643296875 0.5794047296875 0.1431824296875 0.578074153125 0.1375724203125 0.5811985484375 0.134661565625 0.5864564890625 0.1392398015625 0.5894148718750001 0.13899008125 0.5962625953125 0.139532559375 0.601415659375 0.142737453125 0.60296741875 0.151418634375 0.6020871624999999
0 0.09890147031249999 0.5334953578125 0.099864134375 0.5368431734375 0.1037750328125 0.538072353125 0.10798189843749999 0.5383246015625 0.10859155937500001 0.54183370625 0.110364790625 0.5463542875 0.1162783484375 0.5501755312500001 0.11984575 0.5517019421875 0.12148590156250001 0.55431935625 0.1297468953125 0.5552443484375 0.12995795000000002 0.5504484078125 0.1293007609375 0.5462596015625001 0.12754654062499998 0.5420109015625 0.126154828125 0.5377368515625001 0.1215094078125 0.5364224281250001 0.11940218437500001 0.53233501875 0.1188692125 0.52731789375 0.11428146875 0.5242235703125 0.10674484843750001 0.5258434234375 0.10633352656249999 0.5303801578125 0.10175400625 0.5326128625 0.09890147031249999 0.5334953578125
0 0.1249089140625 0.522524190625 0.122399234375 0.5257049984375 0.12460215781249999 0.5285562703125 0.12598500625 0.530098834375 0.123036128125 0.5348130125 0.12395126249999999 0.537481125 0.127661253125 0.5410466421875 0.12964425625 0.545962371875 0.137113053125 0.5485820234375 0.1400334140625 0.543460021875 0.14177119062500002 0.537054665625 0.14266988125 0.5290687187499999 0.146009784375 0.5247370140625 0.1435115359375 0.5202671328124999 0.13991497343749998 0.52092844375 0.1374914890625 0.522737171875 0.1377209140625 0.5208086562500001 0.13222689999999998 0.51777770625 0.130604478125 0.520623259375 0.12798072656249998 0.5221727828125 0.1249089140625 0.522524190625
0 0.157959440625 0.6498860328125 0.1626731578125 0.645057553125 0.16561828437499998 0.6375113546875 0.16461096875 0.6321358 0.16449674375 0.6259874453125 0.1581649546875 0.62122099375 0.15406310625 0.6257699062500001 0.148855084375 0.6235294796875 0.14349654375 0.6281662703124999 0.1468854328125 0.63148103125 0.1478762703125 0.63662095625 0.1489978109375 0.64814486875 0.1531633375 0.6535363640625 0.157959440625 0.6498860328125
0 0.1480196546875 0.4580770140625 0.149823425 0.4522681046875 0.1523049734375 0.44712214843750003 0.1526202609375 0.4426012359375 0.15283557187500002 0.4411654859375 0.15551484375 0.43884709062500005 0.157053871875 0.433767040625 0.1478769296875 0.4334616265625 0.1454305609375 0.43008095625 0.1359218546875 0.43406082343749997 0.140980471875 0.43867952031249996 0.141310009375 0.443392125 0.1399027984375 0.4503572171875 0.1425798421875 0.45703670937499996 0.1480196546875 0.4580770140625
0 0.1340831234375 0.38067658125000003 0.1270383765625 0.38377380625 0.13229471875 0.3912200640625 0.1367073984375 0.40014601250000004 0.1447759375 0.40265997656249997 0.1457371625 0.3938318125 0.146516028125 0.38691066093750004 0.14438494531249998 0.3790090796875 0.13828271875 0.38204039375 0.1340831234375 0.38067658125000003
0 0.13229249062499998 0.40021795156250006 0.1308391875 0.392979321875 0.1237779640625 0.395840915625 0.11913126562500001 0.39711297343749996 0.12422172499999999 0.40670187343749997 0.126699934375 0.4150527453125 0.1330328375 0.415320253125 0.13531555 0.411845678125 0.135564928125 0.40638224375 0.1349706484375 0.4023985 0.13229249062499998 0.40021795156250006
0 0.1264879609375 0.4029916671875 0.12546416875 0.39738048125000003 0.12344842656249999 0.3911283109375 0.11792511562500001 0.393408796875 0.106879609375 0.3934708265625 0.1076386578125 0.3998108734375 0.11407042187500001 0.4014921625 0.1124490109375 0.405394059375 0.1116701453125 0.4123152125 0.11748892500000001 0.4187750140625 0.12959451718749998 0.4112986 0.1264879609375 0.4029916671875
0 0.2737741484375 0.3060300609375 0.28563036249999996 0.30401708125 0.3025474203125 0.29762491406249997 0.31253506875000003 0.295979378125 0.3142235 0.28852105781250004 0.30871777968749997 0.2865382328125 0.3061725515625 0.28174378125 0.2993607046875 0.2791419421875 0.29593552343749996 0.28885275 0.2894202625 0.290492253125 0.28229312968750003 0.2924113234375 0.2746529890625 0.296023746875 0.2737741484375 0.3060300609375
0 0.429082346875 0.332818253125 0.4252628328125 0.3323749921875 0.449915553125 0.3372810125 0.4548281046875 0.3307811515625 0.45577285312500004 0.3217173578125 0.4574942390625 0.314730296875 0.45101415781250004 0.307843175 0.43978629218750004 0.309812215625 0.438957996875 0.316026478125 0.439022790625 0.321467940625 0.43852625781250004 0.323396921875 0.43725197343750005 0.3277481125 0.43396083281250003 0.3303460734375 0.429082346875 0.332818253125
0 0.489424609375 0.31084003125000004 0.47874381875000005 0.307088040625 0.47196492812499996 0.3049574609375 0.469899753125 0.2979984 0.458854246875 0.298060428125 0.45496771249999995 0.3011735921875 0.45471833281249996 0.306637025 0.45847082656250004 0.31063670781249997 0.4604547296875 0.3119186734375 0.4633646765625 0.312899103125 0.46736432343749995 0.3204332390625 0.48201403125000003 0.3222502203125 0.489424609375 0.31084003125000004
0 0.5324926703124999 0.335295175 0.53879150625 0.3395903671875 0.5457186890625 0.34384161875 0.5496535406249999 0.345934290625 0.5570937328125 0.3484921921875 0.5653446296875 0.34909914531249997 0.5633464781249999 0.3385836625 0.5573288609375 0.33379524374999997 0.5511947937499999 0.3318563546875 0.5468798609375 0.32884313125000003 0.5431932749999999 0.32578596875 0.53922546875 0.3232220359375 0.5280788750000001 0.330868171875 0.5324926703124999 0.335295175
0 0.5233707234375 0.3132019359375 0.5317699140625 0.3159295609375 0.5362342499999999 0.3165645140625 0.540930378125 0.31599934531249996 0.5463207609375 0.3163327609375 0.547346778125 0.3129460609375 0.5475456140625 0.31127468125 0.5489846671875 0.3092797921875 0.5487210375 0.305509709375 0.544289653125 0.3053460171875 0.5396594343750001 0.30685370624999997 0.5343184812499999 0.30722718125 0.5307472343749999 0.30581943125 0.5256545484374999 0.3052284171875 0.5233707234375 0.3132019359375
0 0.5006304328125 0.3311300765625 0.492990290625 0.3347424984375 0.49515544062499994 0.338616396875 0.4916160328125 0.34217885 0.49875852812500004 0.34499435 0.50242975 0.343316940625 0.5075224359375 0.3439079546875 0.5210648546875001 0.343434540625 0.516155640625 0.336437571875 0.5040028453125001 0.33420920781249996 0.5006304328125 0.3311300765625
0 0.7213703046875 0.3742169703125 0.72380805625 0.375457125 0.7284127875 0.3774273859375 0.7329954671875 0.368995878125 0.721828440625 0.3639579515625 0.7117559296875 0.3644859625 0.7018061203125 0.366768665625 0.7006485953125 0.3670259359375 0.6915610015625 0.36819038437499996 0.6873489078125 0.3718351421875 0.6949582984375 0.3730663125 0.69547446875 0.3770857484375 0.70425448125 0.37488484375 0.7080591765625 0.3755004296875 0.716469434375 0.374736 0.7213703046875 0.3742169703125
0 0.7626862156249999 0.3565163859375 0.7565672984375 0.35306506249999997 0.749979634375 0.352996734375 0.743920409375 0.35712330937500003 0.7417149609375 0.36256735 0.741085875 0.367019521875 0.7407030171875 0.371630803125 0.7437313875 0.37459293125 0.7479802890625 0.37147458125 0.751749003125 0.368213484375 0.7569705515625 0.365556103125 0.7590156625 0.3611812390625 0.7593118 0.3586919484375 0.7626862156249999 0.3565163859375
0 0.8146783546874999 0.3368349578125 0.8004927421874999 0.339061203125 0.7998268453125 0.34298696875 0.7994807984375 0.34812465625 0.804035621875 0.35274331875 0.8090460937499999 0.3571537890625 0.8179488078125001 0.356707578125 0.8224185703125 0.3567476765625 0.8273807921874999 0.3571059921875 0.8302872890625 0.35496315 0.823342965625 0.35315648906249997 0.8208569640625001 0.34786418124999996 0.8178662343750001 0.3420781859375 0.8146783546874999 0.3368349578125
0 0.7935822390625 0.25032281562500003 0.791723665625 0.2472788890625 0.786626475 0.244990409375 0.7786726953125 0.24219637187499998 0.7750397796875 0.24403735625 0.7760115984375 0.24784860156250002 0.7779806015624999 0.2524717515625 0.784223046875 0.2543274921875 0.7862419609375 0.25630224375 0.7908335953125001 0.2614473125 0.7946881984374999 0.25941449843750003 0.795649403125 0.2563497203125 0.7959332703124999 0.2536849625 0.7993444968750001 0.25203580625 0.8002934328125001 0.24879555781249998 0.7971906140625 0.24813089375000003 0.7935822390625 0.25032281562500003
0 0.8050306484374999 0.2627468109375 0.805007765625 0.2556953203125 0.7958710921875001 0.25615789218749996 0.7944787796874999 0.25978179687499997 0.7923600484375 0.2631038453125 0.7932328765625 0.26886161249999996 0.795115990625 0.272256478125 0.7954472796875 0.2769941484375 0.8010123890624999 0.279249909375 0.803352809375 0.27573603125 0.8053226421874999 0.27700890624999996 0.8106677187500001 0.2727559421875 0.8059648265625 0.26938192656250004 0.8066675328124999 0.2659825703125 0.8050306484374999 0.2627468109375
0 0.8023617640625 0.399410775 0.8026464609374999 0.3933957375 0.800961325 0.386107828125 0.7943368515625 0.385513090625 0.786404296875 0.3964711015625 0.7916347984375001 0.40739029687499995 0.792729315625 0.412956234375 0.7897851796875 0.4179229453125 0.7954860874999999 0.418758590625 0.7994642203125 0.41513019375000004 0.804019871875 0.4163985765625 0.8094385703125001 0.413198428125 0.8089960203125001 0.41023180937500003 0.8030366140625 0.4090615859375 0.8035912515625 0.40690687499999995 0.8023617640625 0.399410775
0 0.818026409375 0.3914386296875 0.8226908343750001 0.4009867921875 0.8250295953125001 0.40417346875 0.8239947703125001 0.40618542968750004 0.8226883484374999 0.411037621875 0.82934963125 0.412158765625 0.831024984375 0.40922037656250004 0.83289665625 0.40908949687499996 0.8365900937499999 0.4114761359375 0.8421805703125 0.41073255625 0.8420832390624999 0.4059785265625 0.836173740625 0.402159903125 0.8322594453125 0.396614815625 0.824749871875 0.39008684374999997 0.818026409375 0.3914386296875
0 0.848765746875 0.4208517140625 0.8524223734374999 0.4227119453125 0.8542441375 0.425229465625 0.8566442500000001 0.42929348906250003 0.8594632000000001 0.43262291406250003 0.8654103359375 0.43361766875 0.8674186359375 0.42871639687499996 0.8743768875000001 0.42399797499999997 0.8687258890624999 0.4205139296875 0.8616334968749999 0.4199519140625 0.8556503781250001 0.415080475 0.8433986171875001 0.41470291093749995 0.8439147874999999 0.4187223453125 0.848765746875 0.4208517140625
0 0.8448416671875 0.40508032812500006 0.8499633984375 0.4077197453125 0.8488418546875 0.4118537015625 0.855318259375 0.41369308125000004 0.8609095671875 0.409599225 0.8656500984375001 0.41014937187499995 0.8677451171874999 0.40312610781249997 0.8634847734375001 0.4027187109375 0.857415765625 0.3966189875 0.849869384375 0.38956460625 0.841113909375 0.3921164515625 0.8436113515624999 0.40093450468749997 0.8448416671875 0.40508032812500006
0 0.7604098078125 0.5492249874999999 0.763979715625 0.5532072109375 0.7712062484375 0.5590496640625 0.77390166875 0.563974675 0.775058365625 0.5670676828125 0.7839741796874999 0.5634466640625 0.7870778265625 0.560761053125 0.7902191125 0.5552515734375 0.7822154234375 0.5551059375 0.7785350875 0.549544490625 0.7740547109375 0.54262836875 0.7617661390625 0.5417243968750001 0.7555596765625 0.543745340625 0.7604098078125 0.5492249874999999
0 0.775907646875 0.5186946140625001 0.7768786359375001 0.5258561328125 0.7784787093750001 0.5285654828124999 0.7826392359375001 0.534269678125 0.790470315625 0.5353090234375 0.789311959375 0.53891656875 0.791366853125 0.5447680046875 0.800788225 0.538290396875 0.8066126625000001 0.537530459375 0.8086823125 0.5335065343750001 0.79982950625 0.5313043453125 0.7945728062499999 0.5267347640625 0.789649053125 0.520202303125 0.7829885984375 0.51573088125 0.775907646875 0.5186946140625001
0 0.803209725 0.5056768453125 0.806840153125 0.5138866921874999 0.81294514375 0.5238631 0.8143971484374999 0.5278170953125 0.8130293749999999 0.5317919390625 0.8120804406250001 0.5350321874999999 0.8205651453125 0.531970296875 0.8249612875000001 0.530957578125 0.8314254218749999 0.5326214890625 0.8337658421875 0.5291076125 0.826871428125 0.5246525531249999 0.82261274375 0.517544603125 0.8196596515625 0.5089347375 0.8156471953125 0.5019858953125 0.803209725 0.5056768453125
0 0.8320112312499999 0.5040155015625001 0.82706128125 0.503832653125 0.8220483218749999 0.5094730140625 0.8258399171875 0.5132634078125 0.8273287328125001 0.517743809375 0.83072603125 0.5226197390625 0.8291128578125001 0.523085196875 0.8296044890625 0.52675369375 0.8311064015625 0.5280592875 0.8353062250000001 0.5242390625 0.8395420281250001 0.5242955203124999 0.8439995203124999 0.5241601484375 0.842424815625 0.5184514609375 0.8386201203124999 0.5178358750000001 0.8360105875 0.5141391515625 0.8320112312499999 0.5040155015625001
0 0.8505332937500001 0.4931986390625 0.8487606109374999 0.4913829953125 0.8398824359375 0.492180146875 0.84092704375 0.5003944828125 0.8455808578124999 0.5030666218750001 0.851084615625 0.504445034375 0.8525742609375 0.505575159375 0.8518960953124999 0.5093254546875 0.854419734375 0.51179389375 0.8593696859375 0.5119767421875 0.8612421875 0.5084955859375 0.8690241875 0.5088330515624999 0.8695420140625 0.50615193125 0.8638296640625001 0.501790540625 0.8589541625000001 0.49931023281250003 0.853315434375 0.4960016578125 0.8505332937500001 0.4931986390625
0 0.8850411843750001 0.5697802453125 0.8812102906250001 0.575514275 0.8890045609375001 0.5760272109375 0.8922930859375 0.5726233625 0.8982156828125 0.5732671765624999 0.9008154312500001 0.566737603125 0.8915928671875 0.5659718890625001 0.8853029984375 0.5567137171875001 0.8748492890625 0.55515245625 0.8762636562499999 0.56193031875 0.8822345031250001 0.5666262890625 0.8850411843750001 0.5697802453125
0 0.8284708375 0.48028255625 0.8294337 0.47051722500000004 0.8226987953125 0.46834326718749997 0.8161749687500001 0.45910145468749997 0.8113362765625001 0.457147553125 0.808108271875 0.464779025 0.8106801640624999 0.47129961875 0.814015284375 0.47864847812500005 0.8209227984374999 0.4799287296875 0.8284708375 0.48028255625
0 0.48782338437500006 0.24648352812500002 0.4733358109375 0.24726205 0.45919209062500005 0.2484856234375 0.456423296875 0.251376546875 0.46705338906250005 0.2513368625 0.47314646250000003 0.2512626171875 0.48009100312499997 0.2521842984375 0.48741204062500004 0.2540178484375 0.495568778125 0.2543856671875 0.5026118 0.2544795421875 0.5080084546875 0.2556267390625 0.5071907296875 0.250641125 0.5056841984375 0.2492219046875 0.507527525 0.2465129734375 0.5056940125 0.2426538578125 0.5011645984374999 0.24496425 0.49409654375 0.24674851250000002 0.48782338437500006 0.24648352812500002
0 0.8252796953124999 0.22886727499999998 0.8190653156250001 0.22273446562500002 0.8149466953125 0.2197387875 0.8073802859375 0.216632378125 0.8006735062500001 0.2146386015625 0.8080342437500001 0.22151216875 0.8095559953125001 0.2276212953125 0.8123884234375 0.2323487546875 0.8163024765625 0.234655090625 0.819717621875 0.23429900625000002 0.81798854375 0.23864178906250003 0.8231887906249999 0.2392163484375 0.826366725 0.2377041078125 0.8256632500000001 0.23435234375 0.8288983078125 0.23365702968750002 0.8326905015625 0.23198456250000002 0.8322900750000001 0.22849433437500002 0.829694309375 0.22715128281250002 0.8252796953124999 0.22886727499999998
0 0.8279201265625 0.21519609218750002 0.8213444703125001 0.212841325 0.8149570609375001 0.210942490625 0.80807835625 0.2087261875 0.8073889968750001 0.21452083125 0.8164042640625 0.22045778437500002 0.8227835109375 0.22223991562499998 0.822528875 0.22530685312499998 0.8243460671875 0.228932559375 0.828522915625 0.2282886640625 0.82759855 0.22401415156249999 0.8295479671875 0.22282236718749998 0.8343145921874999 0.2216681328125 0.832693809375 0.21861506249999998 0.828107271875 0.22010852656250002 0.8284435140624999 0.2182086265625 0.8279201265625 0.21519609218750002
0 0.7989982453125 0.2331678125 0.80256789375 0.23725734687500002 0.806047775 0.2400631421875 0.8046304578125 0.2421559125 0.8062512406250001 0.2452089828125 0.8113051453125 0.24145462499999998 0.812288290625 0.2398613109375 0.8158171359375 0.24336732656249999 0.8184624171875001 0.24318235000000002 0.8189140125 0.2384598015625 0.815516290625 0.2345927921875 0.80866206875 0.23272659999999998 0.8026598671875 0.2296280875 0.7957653921875 0.22495012656250002 0.7989982453125 0.2331678125
0 0.7669604171875 0.2237059640625 0.7732048453125 0.227574065625 0.7707072234375001 0.23038427968750003 0.7747250796875 0.23256318281250002 0.778572590625 0.22895575781250002 0.7829344453125 0.22935356406250001 0.781898815625 0.22459411562499998 0.778059071875 0.22161208906250002 0.7757363374999999 0.2118472203125 0.77432696875 0.2050933078125 0.7690549734375 0.21345650468750002 0.7678697328124999 0.21828340000000002 0.7669604171875 0.2237059640625
0 0.5759808343749999 0.5930669609375 0.56898088125 0.5921458265624999 0.5642526203125 0.59177115 0.5604286921875 0.5942426359375 0.55928915625 0.596438246875 0.56282266875 0.5982189234375 0.5667995578125 0.5996159421875 0.5702038203125 0.6012293296875 0.5733925281250001 0.60312228125 0.58322494375 0.6025228953124999 0.5865674421875 0.604934075 0.593142421875 0.6065020718749999 0.5932483734375 0.6012930078125 0.59269498125 0.598422303125 0.594554796875 0.5964408156250001 0.59509144375 0.5923477625 0.5879929171875 0.5916980125 0.5859482203125 0.5943977359375 0.5759808343749999 0.5930669609375
0 0.571392353125 0.6249504046875 0.5695587343749999 0.6205822796875 0.567207703125 0.6172201328125 0.5632185421875 0.6156476453125 0.5592439734375 0.6190868703125 0.558968396875 0.623791409375 0.558949578125 0.62520334375 0.563295396875 0.6285141640624999 0.56538834375 0.6298665921875 0.5661572921875 0.6324577328125 0.5662554515625 0.6338614875 0.5656271937499999 0.6349633828125001 0.5649433078125 0.63695080625 0.5691112125 0.6377173218750001 0.5712172578125 0.6358949421875 0.5752497765625 0.636406434375 0.5799166890625 0.635903765625 0.5821957578125 0.6315125421875 0.57693209375 0.630205503125 0.5749868 0.62928356875 0.571392353125 0.6249504046875
0 0.5904717921875 0.650682484375 0.587172653125 0.6472103078125 0.5853754296875 0.6450437265625 0.5827405296875 0.6443463406250001 0.5791882 0.6439775984375 0.573764609375 0.642064596875 0.5678857875000001 0.6386846484375 0.5614768671875 0.637810346875 0.55720873125 0.6440157703125 0.5611602515625 0.6484121265625 0.5672423578125 0.6513370421875 0.5732201703124999 0.652770471875 0.5750116734375 0.653174178125 0.5762918984375001 0.6546716015625 0.57392121875 0.65607166875 0.5742835984375 0.6595728734375 0.5768632828125 0.659480646875 0.5805514140625 0.6584292765625 0.5831073859375 0.654635834375 0.584856359375 0.6527502609375 0.5880332109374999 0.65279260625 0.5900832140625 0.6535308921875 0.5904717921875 0.650682484375
0 0.6064002421875 0.646482928125 0.6047020078124999 0.6423698250000001 0.6018028875 0.6395749890625 0.601810265625 0.6346373078124999 0.6029011359374999 0.63006468125 0.6009439875 0.6272921375 0.6000335203125 0.6243582390625 0.5991291875 0.6215120749999999 0.5928364187499999 0.623979871875 0.5934765296875 0.624728584375 0.5901021156249999 0.6269041468750001 0.5884500593750001 0.6352188890625 0.5896006203125 0.6382241625 0.591224821875 0.6429595875 0.590313525 0.643375965625 0.586748509375 0.64450689375 0.5867235546875 0.64583109375 0.5882316046875 0.6472244234375 0.5900292421875 0.647715865625 0.593877296875 0.6472704546875 0.5962173015625 0.6454317171875 0.5977932515625 0.6461149875000001 0.60101876875 0.6485343484375 0.6064002421875 0.646482928125
0 0.6183375421874999 0.6238717703125001 0.6244826578125 0.6209734796874999 0.624981665625 0.61970429375 0.6263183484375 0.6169659140625 0.6266635671875 0.6151785015625 0.6282652984375 0.6111872968750001 0.632625875 0.6046227562500001 0.622664209375 0.605054853125 0.6207614484375 0.6064221984375 0.6178426796875 0.608389571875 0.6154159546875 0.6123503015625 0.6130943546875 0.6144522421875 0.6089939375 0.6146508093749999 0.6069189796875001 0.6152367234375 0.6043446015625 0.618766959375 0.607096065625 0.6211313046875 0.6113502734375 0.621450965625 0.6117441593749999 0.6220405687499999 0.6169705984375 0.6244963375 0.6183375421874999 0.6238717703125001
0 0.386798459375 0.787918884375 0.388797234375 0.7870056265625001 0.3914439828125 0.786931046875 0.395572253125 0.786973865625 0.4061592421875 0.7866755453125001 0.40978615625000003 0.7858694328125 0.3987911171875 0.782439340625 0.3937452359375 0.779808725 0.3876956015625 0.7796792640625 0.3811753671875 0.77914071875 0.379755878125 0.7778034984375 0.37327357031249997 0.7799142609375 0.3760043796875 0.78314875625 0.376613384375 0.7855371359375 0.374699190625 0.7876599625 0.3792437140625 0.78944165 0.3830715859375 0.7872955046875 0.386798459375 0.787918884375
0 0.4052970125 0.7785589515625 0.4061766984375 0.7784974390625 0.4102506234375 0.7798700390625 0.4119248953125 0.78063695 0.4163689421875 0.783088653125 0.4219402875 0.7826990671875 0.4241482296875 0.7784562296875001 0.42282153281249996 0.7763390328125 0.4186476453125 0.7735369421875 0.41076943593750004 0.7725408625 0.409951784375 0.7713825562500001 0.406904678125 0.76783868125 0.40470546250000006 0.767992465625 0.40376322499999995 0.7713733078125 0.403315171875 0.7733936109374999 0.4014086671875 0.775626396875 0.40008092968750003 0.7777082140625 0.40297425000000003 0.7790528703125 0.4052970125 0.7785589515625
0 0.435858884375 0.7900131671875 0.44753420781250003 0.788423259375 0.45127697656250004 0.787167053125 0.4570415921875 0.7853274734375 0.4593110484375 0.781964321875 0.450908934375 0.7776899234375 0.441108840625 0.7787067078125001 0.4346649796875 0.7813672765625 0.42964164531250004 0.7811660500000001 0.4227194953125 0.7833075703125 0.423706309375 0.7868850125 0.42584349218749995 0.78795105 0.42601213437499996 0.79246969375 0.429831278125 0.7944126015624999 0.4348546125 0.7946138281249999 0.432317071875 0.7899293390625 0.435858884375 0.7900131671875
0 0.45301266093750003 0.8204162140625 0.46613926875 0.8164043546875 0.468108846875 0.8087527343750001 0.4661341765625 0.8057968593749999 0.460408528125 0.8060867390625001 0.45204330156249994 0.8086606640625 0.44965850625000003 0.8103744031250001 0.44656318749999996 0.81456879375 0.44335253124999996 0.817113771875 0.43947904375 0.8165006437500001 0.4336759828125 0.817790421875 0.43483248124999996 0.8216874953125 0.43977892343749997 0.8207891140625 0.44106665625 0.8244560140624999 0.44095027968749995 0.8270056171875 0.44656724062500003 0.8293753015625001 0.4499563078125 0.8230609 0.45301266093750003 0.8204162140625
0 0.494812609375 0.8198137437499999 0.4918495671875 0.8195789453125 0.4848966578125 0.8212806234375 0.47420815000000005 0.826447975 0.4705889265625 0.8273640453125 0.46261023906250004 0.8270379828125 0.45922989843749995 0.82926333125 0.46135835312499995 0.8344184203125 0.46658212656250003 0.8353791203125001 0.46090157343750005 0.8405277765625 0.4639030625 0.8413123765625 0.471387565625 0.8429989796875 0.478974103125 0.83771704375 0.48477820312500003 0.832228253125 0.4955743609375 0.8286003515625 0.494812609375 0.8198137437499999
0 0.5274342515625 0.8333338937500001 0.53564569375 0.8285607531249999 0.528602075 0.82264438125 0.5179684296875 0.8243824453125 0.51058285 0.8283243453125 0.5068247 0.8293606312499999 0.5008129921875 0.83188048125 0.5004418328125 0.8350003906250001 0.5062674406250001 0.8361400031249999 0.5065832171875 0.8385488875 0.5100855453124999 0.842281925 0.5148007921875 0.8401842265624999 0.514878721875 0.837084821875 0.5197246859375 0.8368564578125 0.5274342515625 0.8333338937500001
0 0.5020629015625 0.8012955078124999 0.503977096875 0.79917268125 0.507241578125 0.797397428125 0.514757875 0.795324859375 0.51658696875 0.7940919734375 0.5192726828125 0.7924676890625 0.5221588359375 0.7916028796875 0.5269509734375 0.7906047890625 0.5208952078125 0.7840668484375 0.5126924921875 0.7847509359375 0.506897121875 0.7861506734375 0.5035706078125 0.7891457484375 0.49586155937500004 0.7905688046875 0.49129292812500003 0.7926562500000001 0.49130009843750005 0.7948657171875 0.49413138749999996 0.7974301953125 0.49496441874999997 0.7988084234375 0.49430771875 0.8020588 0.49857387500000006 0.80618041875 0.5009048453125 0.8036969546874999 0.5020629015625 0.8012955078124999
0 0.5160549578125 0.7612006375 0.5073365484375 0.7566168609374999 0.4905594390625 0.76320445625 0.48017133125000006 0.77056076875 0.48167540156250005 0.77310755625 0.48459895937499997 0.7769915640625 0.488340690625 0.779934371875 0.49723803125000005 0.77864921875 0.49924605624999996 0.7715474015625 0.5048722640625 0.7677285265625 0.5091866328125 0.7641118828125 0.5140561828125 0.7621138937499999 0.5160549578125 0.7612006375
0 0.5635554109375 0.768376434375 0.56444330625 0.766325375 0.5622451296875 0.7622801453125 0.556335459375 0.7578314578125 0.5523240859375 0.75313953125 0.5456346890625 0.750181846875 0.538110703125 0.7521444546875 0.537307390625 0.7554050828125 0.5383787859375 0.7601920953125 0.5440654687500001 0.7614519203125 0.5445432390625 0.764070475 0.54641743125 0.767696365625 0.5519959453125 0.7695162468750001 0.5635554109375 0.768376434375
0 0.6213845390625 0.7589182046875 0.6220181703125001 0.7553379453125 0.6224739109375 0.7534276046875 0.6304305718750001 0.749224771875 0.6290351875 0.7440184203125 0.618447678125 0.7464162484375 0.612312425 0.7492762328125 0.60871575 0.75262169375 0.6012537953125 0.75336448125 0.6003423140625 0.7571851656249999 0.6029962296875 0.759320053125 0.605835728125 0.759894984375 0.60599668125 0.7643036671875 0.6115598171875 0.7659036265625 0.6143234625 0.7611799390625 0.6164457859375 0.7599265453124999 0.6213845390625 0.7589182046875
0 0.59137566875 0.7890832343749999 0.593829146875 0.7904586484375 0.597895903125 0.7896217812499999 0.59735661875 0.786123540625 0.5994558750000001 0.7845402671875 0.6031135453124999 0.7841739999999999 0.609965453125 0.7852418453125 0.6170116703125 0.7806606828125 0.6233781203125 0.779000015625 0.6211650843750001 0.7726353578125 0.614845809375 0.7707567765625 0.611944278125 0.771401665625 0.604582284375 0.7735739421875001 0.59886380625 0.7760732890625001 0.5940332203125 0.7765215750000001 0.592482496875 0.7754145296875 0.5877134265625 0.7767425 0.5873499546875001 0.779972371875 0.5889314375 0.7815192609375 0.5908599703124999 0.7838153703125 0.59129160625 0.7857741593750001 0.59137566875 0.7890832343749999
0 0.665498521875 0.76191086875 0.6705300640625 0.7601225484375 0.6712718640625 0.7559822359374999 0.6709483984375 0.753463390625 0.6731409625 0.74900063125 0.6640206359375 0.747096921875 0.655963496875 0.751969771875 0.6535002515625 0.758882425 0.6471030453125 0.76010325 0.641013925 0.7636229984375 0.64459314375 0.7684556421875001 0.6516926671875 0.7667437125000001 0.6558747609375 0.7675562578124999 0.659114615625 0.7717496421875001 0.667463425 0.773154809375 0.66487975 0.7678105562499999 0.6643789109375 0.76486211875 0.665498521875 0.76191086875
0 0.5848589671875 0.8054507015624999 0.5891887140625001 0.8020539812499999 0.5980558171875 0.7982294765625 0.6044930296875 0.7912599359375 0.6048559796874999 0.790129571875 0.5838896078125 0.793695153125 0.5756945828125 0.7944892015625 0.5763574124999999 0.79764730625 0.575600753125 0.7994681921875 0.5712330796875 0.8002156046875 0.5645969890625 0.8001271515624999 0.562373665625 0.8041500671874999 0.5704215578125 0.8054657781250001 0.5698812359375001 0.8061665515625001 0.5680285546875 0.8091690625 0.5718625562499999 0.8134314015624999 0.5792783734375 0.8120288484374999 0.58130125625 0.8072464609375001 0.5848589671875 0.8054507015624999
0 0.6857009625 0.7895592687499999 0.68692105 0.785938 0.689252021875 0.783454534375 0.688635846875 0.7788566890624999 0.6824554953125 0.77685789375 0.6803475125 0.782530221875 0.6790120859375001 0.784502078125 0.6775833484375 0.7893534171875001 0.6785937515625 0.7911612375 0.6772896 0.791473428125 0.674588509375 0.7928777890625 0.6742173499999999 0.7959977 0.676640071875 0.796933271875 0.6824200625 0.7953136125 0.6858993234375 0.7987167687500001 0.6869020359375 0.8004146249999999 0.6898814984375 0.7966703328125 0.6877986593750001 0.7942745140625 0.6857009625 0.7895592687499999
0 0.7015594187499999 0.7845828906250001 0.7069000875 0.7808944828125 0.7106208296875 0.7751093796874999 0.7085856859375 0.76707480625 0.6981371000000001 0.7693524187499999 0.6953729375 0.7761756171874999 0.695024325 0.781724915625 0.6923616796875 0.7836790812500001 0.6887347671875 0.7844851921875 0.6870984234375 0.7863675921875 0.6871440375 0.7891268625000001 0.6916347390625 0.7901388234375 0.69480643125 0.7891435484375 0.6960095828124999 0.7916008796875 0.7007314796874999 0.7938121578125 0.704767478125 0.7925354453125 0.7024770328125001 0.7871706875 0.7015594187499999 0.7845828906250001
0 0.7247419421875 0.774784925 0.7272513234375 0.7685320390625 0.72144878125 0.7677223078125001 0.715923053125 0.7708711671875 0.7122874109375 0.7757663296875 0.706606859375 0.7809149859375 0.700849934375 0.782864528125 0.7017055140624999 0.7866721453125 0.703410540625 0.7878789 0.7091438812499999 0.7876989828125 0.7089500921874999 0.791248484375 0.7175536828125 0.792083340625 0.7162972265625001 0.786756778125 0.724130859375 0.7807945734375 0.7247419421875 0.774784925
0 0.735623303125 0.7386645234375 0.7373606453125 0.7340126015624999 0.734290471875 0.730138846875 0.7306712484375 0.7310549171875 0.7262646109374999 0.73335203125 0.7234630390625 0.7354264109375 0.7228447874999999 0.739226590625 0.71950289375 0.7420017421875 0.7170955515624999 0.7412860921875 0.711963528125 0.7437444281250001 0.7131051671875 0.7453220734375 0.7173641546875 0.7472342265624999 0.719308065625 0.7497502578125 0.7224940984375 0.7531739171875 0.72762611875 0.7507155812499999 0.7324961875 0.746618084375 0.730552275 0.744102053125 0.735623303125 0.7386645234375
0 0.7470852015625 0.7888028140625 0.7459681890625001 0.7812565296875 0.751648221875 0.77820738125 0.755353065625 0.7743018640625 0.75599490625 0.768732059375 0.7513196640625 0.7650810406249999 0.7491594140625 0.7636851234375001 0.7473610765625 0.765357853125 0.739451071875 0.76812094375 0.7382545687500001 0.7699725843749999 0.736579259375 0.7734046875 0.7347183687500001 0.7783967453125 0.73483370625 0.7800461578125 0.730280971875 0.7802540171875 0.7269698375 0.7834690109375 0.7340293546875001 0.7875057984375 0.73791105 0.7861293796875 0.73659048125 0.7904206640625 0.7371225953125 0.7917094359375 0.741158075 0.7925322312499999 0.7470852015625 0.7888028140625
0 0.758758446875 0.795610934375 0.762046515625 0.79206605625 0.7590922 0.78774220625 0.762881625 0.78504625625 0.7625197125 0.7819776093749999 0.7533522109375 0.7836131484375 0.7477726578125 0.78599228125 0.7470687859375 0.79278190625 0.740786915625 0.7956521421875 0.73260675 0.7987656203125 0.738222671875 0.8053343187499999 0.7443035828125 0.803804115625 0.7475208890625 0.8055681109374999 0.7560306531250001 0.8113819609374999 0.7577372390625 0.8062901953124999 0.7573758453125 0.8011220375000001 0.758758446875 0.795610934375
0 0.7838745968749999 0.798716571875 0.7799616265625 0.80175265625 0.7772446359375 0.8050366015625 0.776735071875 0.8061772203125 0.77730563125 0.8080157953124999 0.769488934375 0.8078994015625 0.7683929125 0.8090810265625 0.7707766687500001 0.8115663015625 0.775305815625 0.8131280671875001 0.7761849828125 0.8151660578125 0.7845573796875 0.8148016015625 0.78483626875 0.8103621609375 0.785569859375 0.8082113937500001 0.787585053125 0.80331904375 0.7838745968749999 0.798716571875
0 0.8172247390624999 0.7994784609375001 0.8183156703125001 0.787689340625 0.815862190625 0.786313925 0.813948515625 0.7863372453124999 0.8114006890625 0.7920403281249999 0.809060990625 0.7986128453125 0.8066915734375 0.8005465062500001 0.8045225953124999 0.803239640625 0.8007254828124999 0.8058256281249999 0.8023530984375 0.80803228125 0.8061881390625001 0.8080956031250001 0.8076312140624999 0.8076631984375 0.8089271578125 0.809340553125 0.8130164609375001 0.810933075 0.8223767125 0.8099470468750001 0.8235040109374999 0.8071057578125 0.8195695296875 0.8035134375 0.8172247390624999 0.7994784609375001
0 0.9088548390625 0.7779342265625 0.9087006578124999 0.773234284375 0.9089119328124999 0.7687704937500001 0.9037220921875001 0.7669088953125 0.8996006859375001 0.767851359375 0.8969137875 0.7693477796875 0.8947653499999999 0.77355446875 0.8956049125 0.77807563125 0.8950281828125 0.78230326875 0.8897915828125 0.784763103125 0.8933362593749999 0.7880482765625 0.8993037703125 0.7860607468749999 0.9040911171875001 0.7896515859375 0.9071349828124999 0.7857748421874999 0.9042295484375 0.7841460625 0.9088548390625 0.7779342265625
0 0.87530316875 0.8046191234375 0.877213015625 0.804485575 0.8775159609375001 0.79883769375 0.8848263062499999 0.7985882125 0.886398628125 0.7961229015625 0.88298143125 0.7946607625000001 0.8833201859375001 0.7920200046875 0.886619625 0.7893030703125 0.8872516031250001 0.783370475 0.8874179671875 0.7757693421875 0.8850418875000001 0.7767206140625 0.8770097359375001 0.7766280109375 0.871425278125 0.781598384375 0.8715509109375 0.790880190625 0.8693211375000001 0.7914286734375 0.8681695218750001 0.792425175 0.8677306046875 0.7936335484375 0.866231128125 0.7971405921875 0.8689083078125 0.7980002109375001 0.8703154984375001 0.79816351875 0.8704065546875001 0.7994656859375 0.87092680625 0.8019155203125001 0.87530316875 0.8046191234375
0 0.8639843765625 0.7924561234375 0.8641228062499999 0.7869506000000001 0.8564196875000001 0.786573278125 0.8543902375 0.789986528125 0.8533843125 0.7930664984375 0.850742325 0.797700259375 0.847981965625 0.8006412046875001 0.8542766640625 0.805827734375 0.8578772046875001 0.8049216921875001 0.8625826015625 0.8073405812500001 0.8658365109374999 0.8039725640625001 0.86469523125 0.8001267671875001 0.8630324671875 0.7988036515625 0.863033084375 0.7963173921875 0.8639843765625 0.7924561234375
0 0.8524185 0.7817497859375 0.8411342828124999 0.7775664250000001 0.839141871875 0.7790142828125 0.8335574125 0.7839846546875 0.8314083609375 0.790677603125 0.833646009375 0.79523185625 0.8412853874999999 0.7946976578125 0.84307624375 0.7953575500000001 0.849271396875 0.7966254359375 0.8508072953125 0.7936392609375 0.8492817328125 0.7917831359374999 0.8493187703125 0.7898177453125 0.8493473187499999 0.7852358796875001 0.8524185 0.7817497859375
0 0.8532909171874999 0.7642852765625 0.8460795031250001 0.7709396578125001 0.8423957828124999 0.7756462640625 0.8495045734375 0.77750453125 0.8544752640625 0.7787271875 0.86480941875 0.7817993015625 0.8649757812500001 0.7741981703125 0.8636973015624999 0.7708853828125 0.86387276875 0.7634144671875001 0.866049753125 0.7546259109375 0.8550933390625 0.7551303515625001 0.8532909171874999 0.7642852765625
0 0.8298236078125001 0.6956579828125 0.8383043953125 0.692186171875 0.8457877500000001 0.69441080625 0.8468495390624999 0.687139621875 0.842939409375 0.6836182953125001 0.8377338156249999 0.6715512312499999 0.826155759375 0.67314596875 0.8270038140624999 0.680283603125 0.8322567796874999 0.685542978125 0.8303092812499999 0.6901281765625 0.8298236078125001 0.6956579828125
0 0.7958379421874999 0.7036611890625 0.7880601328125 0.7097009109375 0.7820561984375 0.7111675734375 0.775248509375 0.7111201984375 0.7740046046875 0.7157870515625 0.778481746875 0.71743678125 0.779513759375 0.7197199765625 0.783652146875 0.7240104625 0.7914026390625 0.717580090625 0.792225221875 0.7168683031249999 0.79862254375 0.7135421828124999 0.8075786703125001 0.7093828671875 0.7958379421874999 0.7036611890625
0 0.7726173515625 0.7458494906250001 0.77437363125 0.7385297421875 0.772756396875 0.737857709375 0.7578333734375 0.741518296875 0.7554924875 0.7479629531249999 0.7519830046875 0.750171159375 0.7506844671875 0.7540567125 0.750646815625 0.7585083609375001 0.75694274375 0.758722375 0.7566404125 0.7618839984375 0.7648370828125 0.7618342453125 0.767871840625 0.757827284375 0.7678633500000001 0.7552108093750001 0.7686410203125 0.7513616812499999 0.7726173515625 0.7458494906250001
0 0.835293878125 0.709015071875 0.841271725 0.70218524375 0.8223839375 0.7015432046875001 0.8149533718749999 0.70755864375 0.8112708812499999 0.707292734375 0.8035216203125 0.708750590625 0.8010720812500001 0.7111463875 0.800248884375 0.7143444328124999 0.8058958515624999 0.7152580921875 0.8106279515624999 0.720553890625 0.815325471875 0.7178700453125 0.8174732953125 0.7161496140625 0.8203611343749999 0.715031703125 0.8277540453125001 0.7134679125 0.835293878125 0.709015071875
0 0.8699892890625 0.676230940625 0.8788148609374999 0.6826798796875 0.8870200203125 0.6852466015625 0.8857767328125 0.6874271953125 0.8831535718750001 0.6898351328125 0.8912858859374999 0.6913601218750001 0.89785683125 0.6880218593749999 0.8949520109375 0.683906821875 0.90012425625 0.68302173125 0.902117896875 0.6766013562500001 0.8953927734375 0.675239675 0.8892431484375001 0.674622871875 0.881906715625 0.6695091875 0.8802166375 0.6677954203125 0.8699892890625 0.676230940625
0 0.8303819421874999 0.6235993375 0.8298888296875001 0.6208967015625 0.828446534375 0.6133184203125001 0.82705535625 0.6137198265625 0.8236250281249999 0.6154042875 0.8179738828125 0.623022403125 0.81948603125 0.6272504328124999 0.8213004671874999 0.6329019140625001 0.8183420890624999 0.6369863671875 0.825168853125 0.641831165625 0.8331018078125 0.63929963125 0.8406894359375 0.6376285875 0.8399688234375 0.6316725265625001 0.8345487515625001 0.6280979203125 0.8313635875 0.6260397171875 0.8303819421874999 0.6235993375
0 0.8585652546875 0.6207161953125 0.8514393484375 0.6231912953125 0.8512735499999999 0.6280688750000001 0.853454478125 0.6331625109375 0.85909146875 0.639839221875 0.8604664156249999 0.6406554484375 0.8599976140625 0.6469988046874999 0.86143605 0.6487229640625001 0.8680409609374999 0.6489453843749999 0.8727834609375 0.6442799875 0.877216953125 0.6438939359375 0.8815393390624999 0.641919003125 0.87499970625 0.6353814421874999 0.8704822765625 0.6316676875 0.8676703218749999 0.6233488406250001 0.8585652546875 0.6207161953125
0 0.9018767796875 0.6544105515624999 0.9021907203125 0.6516514812499999 0.8995209015625001 0.6482647125 0.8948704875000001 0.6455486609375 0.8879632921875 0.6439027890625 0.8834659531250001 0.644825521875 0.8864105328124999 0.6535912796875001 0.8941713265625 0.6601955109375 0.89666619375 0.6625300765625 0.893352621875 0.6644344671875 0.8931603671874999 0.6689337421875 0.90005205 0.668908015625 0.9020919125000001 0.6647357281249999 0.9051028421874999 0.6628525015625 0.9112615421875001 0.6639424625 0.9145112687499999 0.6625747546875 0.9115017703125 0.6586795234375 0.9062668734375 0.65775305625 0.9033734140625 0.65696698125 0.9018767796875 0.6544105515624999
0 0.9029053984375001 0.638676228125 0.900405240625 0.6362660015625 0.900094478125 0.6332163093750001 0.8999068375 0.6334877031249999 0.900089490625 0.6331673515625 0.9000830203125 0.6331038453125 0.8957706999999999 0.6337769296875 0.894638053125 0.6407749578125 0.89932900625 0.6513193734375 0.9014676046875 0.655807721875 0.9089007296875 0.65627635 0.9078397234375 0.652701053125 0.911126128125 0.6533075875 0.91737584375 0.65134994375 0.9153800921874999 0.6489044453124999 0.9123219062500001 0.6486621078125 0.9099910515625 0.648673034375 0.90913638125 0.6480485203125 0.9089988218749999 0.64608133125 0.905989325 0.6421861 0.9029053984375001 0.638676228125