0 0.4929293265625 0.5199233640625 0.4962704390625 0.5188541953125 0.4997343734375 0.5093592421875 0.4965496671875 0.503937390625 0.49379400625000003 0.5006826390625 0.48872250624999997 0.4936735078125 0.4861335578125 0.49015763437500004 0.483322734375 0.49030156874999997 0.4800216 0.5063553921875 0.48238696093750005 0.5124927593749999 0.48781640625 0.5246194515625 0.4929293265625 0.5199233640625
0 0.439966709375 0.49650695312500004 0.43703698593749996 0.49825668125 0.4349744109375 0.5006355640625 0.43740008281250004 0.5064891921875 0.443147496875 0.5087487953125 0.4449791328125 0.5137347625 0.449680184375 0.517254740625 0.45371315 0.511884265625 0.452238225 0.5020809203125001 0.4480230921875 0.4983676703125 0.4459394296875 0.497183378125 0.44670581093750006 0.49200824374999996 0.4433293921875 0.49010433124999997 0.439966709375 0.49650695312500004
0 0.5397146046875 0.3913755109375 0.5417913984375 0.3884065359375 0.5428946390625 0.3847857890625 0.541763440625 0.380690096875 0.5394493234375 0.3779740359375 0.5294634890625 0.376296315625 0.522671425 0.37633540625 0.518635025 0.3796292484375 0.5176712953125 0.394104 0.5221014296875001 0.3900041765625 0.52605595 0.3923275234375 0.5309612171875 0.390701153125 0.5336940765625 0.3893544140625 0.5364303687499999 0.39008431093749996 0.5397146046875 0.3913755109375
0 0.385429425 0.50404265625 0.379690596875 0.5069746375 0.37930201406249997 0.5108955671875 0.3849288078125 0.5137226453125 0.3865442046875 0.5165867484375 0.388390059375 0.5209826234375 0.3941396734375 0.51538391875 0.395908046875 0.5096803671875 0.3966494234375 0.50776205 0.4002050578125 0.5077764296875 0.4038317875 0.504840346875 0.40491565781250005 0.4986947421875 0.406946359375 0.4954194125 0.4103624828125 0.48457978749999997 0.40282560937499995 0.4844605640625 0.3974805140625 0.48658656093749997 0.39507201406250003 0.491116096875 0.39060780781250004 0.5021777796875 0.385429425 0.50404265625
0 0.3443455515625 0.46921294687500004 0.3405361734375 0.4719619296875 0.3359165234375 0.47172138593749996 0.3367000765625 0.4769294125 0.337554725 0.4791869765625 0.337710653125 0.48159258125 0.3386557671875 0.48342453750000003 0.3395422890625 0.48657854843750004 0.338884025 0.4928146171875 0.3427485625 0.48666694843749997 0.3448503578125 0.480441153125 0.34659029375 0.47591779062499995 0.34653389843750004 0.4693815359375 0.3443455515625 0.46921294687500004
0 0.315001665625 0.430947496875 0.3114921234375 0.431239471875 0.31108416875 0.432635546875 0.3099314015625 0.43387330625000003 0.3063012390625 0.43473275781250004 0.30460739531250003 0.43956247812499993 0.3070102625 0.440814615625 0.3101295046875 0.4434052546875 0.31208176249999997 0.447823746875 0.314948978125 0.454216065625 0.31644718906249997 0.459724275 0.3209388703125 0.4652756546875 0.325769609375 0.4645231140625 0.325466821875 0.45600686562500004 0.32210681874999997 0.4456545546875 0.3187855578125 0.4403519578125 0.31706547500000004 0.438503553125 0.3157960046875 0.43348879843750004 0.315001665625 0.430947496875
0 0.2996181140625 0.5190173437500001 0.302178625 0.523713403125 0.3056209890625 0.5195519015625 0.3076426234375 0.5199816125 0.313608475 0.5165047734375 0.310624071875 0.5127565640625 0.31078906875 0.5114571265625 0.3112220265625 0.5068042328125 0.31086064375 0.4996100390625 0.3097652359375 0.48959080312500003 0.30330831406250003 0.49014596718750003 0.303146753125 0.4935220375 0.303573596875 0.5035474437499999 0.30235660468750003 0.5118889328125 0.2996181140625 0.5190173437500001
0 0.24247491562499998 0.47602919843749997 0.24245678124999998 0.48343928125 0.24694159375 0.48483739375 0.24996006718750002 0.4816237421875 0.2525843234375 0.48811269687500003 0.25693869375 0.47495176250000004 0.2568680796875 0.469005603125 0.2565368546875 0.46166953906249997 0.256221565625 0.45478169843750005 0.2554750359375 0.4535850671875 0.24990291718750002 0.45625592656249997 0.24866655468749999 0.46207255781249995 0.24680036562500002 0.4729450734375 0.24247491562499998 0.47602919843749997
0 0.1874593375 0.5067430046875 0.1953972984375 0.5013128874999999 0.20026334375000002 0.5035334296875 0.201416590625 0.4933990453125 0.20180345625 0.4884397984375 0.203259975 0.477925040625 0.198773928125 0.4665919875 0.189679765625 0.47118322968750004 0.1910625078125 0.4803738671875 0.1919007390625 0.49107983125 0.18979550781250001 0.4952289921875 0.1874593375 0.5067430046875
0 0.161531303125 0.42990974218750005 0.1635404359375 0.43196786249999997 0.1662875125 0.4300310328125 0.16731230625 0.43410410781250003 0.1715330734375 0.432035684375 0.170428596875 0.425721490625 0.1711859109375 0.424251396875 0.1721616625 0.41704485937499997 0.170828446875 0.4102372109375 0.1658770859375 0.41155722656249993 0.16517273125 0.417486940625 0.1648353921875 0.42482917656249997 0.1633013921875 0.42524450781249995 0.161531303125 0.42990974218750005
0 0.20751749218749999 0.452139825 0.20599722968749998 0.4608616875 0.209745815625 0.46729306875 0.214411559375 0.46783996562499996 0.217428315625 0.463587996875 0.2171289625 0.45714838125 0.217088503125 0.4510603515625 0.21667244531250002 0.4383682203125 0.2117681125 0.4361557921875 0.207614071875 0.43703591875000003 0.207505471875 0.4448716109375 0.20751749218749999 0.452139825
0 0.1518492421875 0.6004073640625001 0.1537006625 0.6039604796875 0.1585757703125 0.5955179609375 0.1592752671875 0.58776768125 0.15931756875 0.5741904578125 0.1577801109375 0.5647008640625 0.1511105203125 0.5648629921875 0.15185026875000002 0.5814500703125 0.14746622812500002 0.5931565546875001 0.1453724203125 0.5996625890625 0.1518492421875 0.6004073640625001
0 0.0991847046875 0.5895291281249999 0.105566971875 0.591833596875 0.113159125 0.58175689375 0.11509046249999999 0.5749003671875 0.1162397515625 0.5650339843750001 0.1108176640625 0.5559825218750001 0.10868624062500001 0.559320975 0.10520910000000001 0.5712202265624999 0.0977151609375 0.5819497218749999 0.0991847046875 0.5895291281249999
0 0.103061434375 0.525581659375 0.11132542031249999 0.5301818515625001 0.114261871875 0.5241708843749999 0.1148971140625 0.51672290625 0.1158875921875 0.5087185187500001 0.11531397343750001 0.49469441718749996 0.107990846875 0.4912420875 0.10632385 0.5013143875 0.10103656718750001 0.515040590625 0.099328296875 0.519732821875 0.103061434375 0.525581659375
0 0.1116664640625 0.44273383906249997 0.109765425 0.44833297187500004 0.11773477031249999 0.45097478437499994 0.1176135765625 0.45600435937499995 0.1228658765625 0.46028035625 0.12689467968749998 0.44913028125 0.1263356984375 0.4439561296875 0.128859975 0.443228846875 0.130923484375 0.4379802078125 0.1327795890625 0.4247885171875 0.13440530781249999 0.40933615156250003 0.1280606578125 0.4101992640625 0.12021147968749998 0.42148516718750006 0.116507615625 0.43333622656250004 0.11441380937500001 0.4398422625 0.1116664640625 0.44273383906249997
0 0.0884533796875 0.5809289453125001 0.0933467828125 0.5835488640625 0.0946319015625 0.577502853125 0.0965668984375 0.5728588125 0.10034233749999999 0.565130428125 0.1024930828125 0.5538971171875 0.09369206875 0.5573977 0.089172196875 0.565283809375 0.085751996875 0.5724557859375 0.083465421875 0.5798687218749999 0.0884533796875 0.5809289453125001
0 0.0750948796875 0.5891480546875 0.0799616421875 0.5952378546875 0.0861850984375 0.5994043171875 0.08471555625 0.591824909375 0.085660075 0.595185259375 0.0895264078125 0.5836846921875 0.08913355625 0.5810735218749999 0.08815142031249999 0.5745455921875 0.083556315625 0.576096540625 0.076920684375 0.5772137609375 0.0750948796875 0.5891480546875
0 0.1254742265625 0.6782137374999999 0.129275265625 0.6722601625 0.136217753125 0.6643737390625 0.13332869375 0.657778315625 0.1294597109375 0.6548754703124999 0.1271335015625 0.650220090625 0.1289725203125 0.634227321875 0.123321259375 0.63328616875 0.11812321875000001 0.648564953125 0.1201910125 0.6581065109375 0.1198109203125 0.6699883953125 0.1254742265625 0.6782137374999999
0 0.1026877546875 0.693654859375 0.10609364218749999 0.69047793125 0.11049752500000001 0.694534703125 0.11464685156250001 0.6896953906250001 0.11394726562499999 0.6856458171875001 0.114504090625 0.683943765625 0.11496803281250001 0.674420228125 0.11601373749999999 0.662159709375 0.108070240625 0.6609913828125 0.10524527343750001 0.6770346390624999 0.100007234375 0.68424311875 0.09826194375 0.692454065625 0.1026877546875 0.693654859375
0 0.272266390625 0.7143564796875 0.2719060578125 0.705958028125 0.2761830828125 0.6977651046875 0.274068425 0.6921144546875 0.2698322390625 0.692774375 0.264476378125 0.6931963 0.26225895625 0.6898643328125 0.2553293578125 0.689431634375 0.24550082343750002 0.6925436781250001 0.2451456671875 0.7033906296875 0.2522898265625 0.704649109375 0.2617632078125 0.71238401875 0.2676290296875 0.714150953125 0.272266390625 0.7143564796875
0 0.2062184890625 0.6919957046875 0.2118417984375 0.69215074375 0.21372382656250002 0.6860493265625001 0.21873139843749997 0.6845131390625 0.21861658906249998 0.6795476296875 0.216906115625 0.6765834765625 0.21258608125 0.67488505 0.21047443437500002 0.67105545 0.2067671234375 0.669227203125 0.1994552671875 0.66325203125 0.194403840625 0.670500178125 0.1975293875 0.67506540625 0.20345713281250002 0.6820466671875 0.2043992296875 0.6877081375 0.2062184890625 0.6919957046875
0 0.2044951234375 0.697350671875 0.205201578125 0.68943903125 0.199767890625 0.6911447046875 0.1978269546875 0.6938528421875 0.1941755421875 0.693596828125 0.1889254578125 0.693521121875 0.18298482031250002 0.69485898125 0.18291904375 0.70342691875 0.19411277656249998 0.7039858125 0.19955549687500002 0.7077432796875 0.20484943437499997 0.7021070296875 0.2044951234375 0.697350671875
0 0.235720475 0.7247924765625 0.24136872343750002 0.7239125843750001 0.238902765625 0.7153266265625 0.2335748546875 0.7165346671874999 0.23223760625 0.7136498437500001 0.22679789687500002 0.7117134234375 0.21832251249999998 0.7112122171874999 0.213438784375 0.7231770546875 0.22328237812500001 0.729170246875 0.2264977984375 0.7397359156250001 0.2383450953125 0.7326319859375 0.235720475 0.7247924765625
0 0.34468140625 0.6709756265625 0.344883921875 0.66451721875 0.339422284375 0.6654367765625 0.33757423124999997 0.675966403125 0.334497715625 0.684934621875 0.33480215 0.6917608421875 0.335426921875 0.6989152109375001 0.340054403125 0.70926090625 0.345323403125 0.7046595875 0.3458122828125 0.6941011171875 0.34635405 0.68329383125 0.349343703125 0.670146221875 0.34468140625 0.6709756265625
0 0.303292715625 0.798708715625 0.30473272812499996 0.7992748578125 0.3067416125 0.8054231390625001 0.309730421875 0.8078788375 0.3128718703125 0.8059459921875 0.3164114828125 0.8030575453125 0.3171209484375 0.7969669500000001 0.31415105312499997 0.7898342265625 0.3079498359375 0.7786339078125 0.298326828125 0.7771085890625 0.293241428125 0.779928528125 0.2899443265625 0.7844288703125 0.2816736265625 0.7948936125 0.2911538734375 0.7906673046875 0.2939779984375 0.7902273578125001 0.2959279703125 0.7929823609375 0.2987860671875 0.7969706249999999 0.301585253125 0.797565609375 0.303292715625 0.798708715625
0 0.37476310156250003 0.79647631875 0.37660127499999996 0.7960868609375 0.3778705765625 0.7901152640625 0.382443003125 0.78328541875 0.37875460781250003 0.776780146875 0.3721173984375 0.77588948125 0.3664412 0.7759832578125 0.358314103125 0.7765963140625 0.351343665625 0.7836966203125 0.3526809140625 0.7865814421875 0.3600116859375 0.7878795890625 0.36435665781250004 0.7885430828125 0.3677156828125 0.789257065625 0.36950096875 0.7891164234375 0.369724565625 0.7954053453125 0.37476310156250003 0.79647631875
0 0.527433865625 0.713201615625 0.5335671375000001 0.715545515625 0.534053003125 0.703166 0.5396702906249999 0.6996789437500001 0.54080285625 0.691597815625 0.5354160343750001 0.6894125796874999 0.531611984375 0.693545109375 0.5267321125 0.691727684375 0.5192646046875 0.688320009375 0.51113750625 0.6889330671875 0.5023976859375 0.6896759421875001 0.5104031046874999 0.6960585921875 0.5153917625 0.6991994296875 0.5203056078125 0.7054450625 0.52507669375 0.7059390718749999 0.52678114375 0.70526113125 0.527433865625 0.713201615625
0 0.5236172890625 0.66141898125 0.5206744999999999 0.67067568125 0.5273336343749999 0.66871036875 0.5280143046875 0.6774369671875 0.531721615625 0.6792652140625 0.5349378796875001 0.674227571875 0.53727396875 0.6687427859375 0.54147618125 0.6636546562500001 0.54365360625 0.6589163203124999 0.548969471875 0.650424090625 0.5424131 0.6500707218749999 0.5360743015625 0.652364184375 0.53035425 0.65816991875 0.5279872 0.6610475421875 0.5236172890625 0.66141898125
0 0.5736908578125 0.6286327359375 0.58123318125 0.628935615625 0.58285378125 0.625899328125 0.5836879359375 0.614634075 0.586051975 0.6099354031249999 0.5876914906249999 0.602222090625 0.5873621171875001 0.5964308015625 0.585508884375 0.5877150234374999 0.5825450125 0.58422439375 0.5728394796875 0.6133683953125 0.56861835 0.6231335515625 0.5729912734375 0.6245831609375 0.5736908578125 0.6286327359375
0 0.5190561765624999 0.804001584375 0.5214602125 0.8073732187499999 0.5240508593750001 0.8107845156250001 0.52789490625 0.814722290625 0.5284147484374999 0.806770984375 0.530924559375 0.809644984375 0.5314474109375 0.803514725 0.529494425 0.7989386734374999 0.52665825625 0.79209443125 0.522543746875 0.7857586453125001 0.5207743625 0.7794012140625 0.5133414765625 0.7837683828124999 0.5133309484375 0.790561915625 0.51468024375 0.8007309265625 0.5190561765624999 0.804001584375
0 0.5070240687500001 0.8927244906249999 0.5127621890625 0.8978450375 0.5109360609375 0.905518684375 0.51502261875 0.91106835625 0.51955119375 0.9099504703125 0.5199682703125 0.9043178421875 0.522708546875 0.9015195500000001 0.5257351859375 0.894621196875 0.5261522624999999 0.8889885703125 0.5219470375 0.8922556531250001 0.5186968015625 0.8928650828125001 0.5170611421875 0.886796134375 0.5135903203125001 0.8829376906249999 0.5099419203125 0.8845027218749999 0.5044838296874999 0.8791957515625001 0.5043624624999999 0.878635725 0.5029473890625 0.8770346515625 0.4997930484375 0.8872866187499999 0.5070240687500001 0.8927244906249999
0 0.5823440453125001 0.8494409890625001 0.58442774375 0.852484475 0.584965653125 0.8554594484375 0.5865703515625 0.8589212359375 0.5895002515625001 0.8579836562500001 0.590321515625 0.8550375234375001 0.591435165625 0.8516334234375 0.594041715625 0.84854665 0.5934758546875 0.84478555625 0.5921695671875 0.8445078968749999 0.5896627703124999 0.8434549453125 0.586170021875 0.8424524812499999 0.585688009375 0.8410497343750001 0.5838936875 0.835727234375 0.5823479015624999 0.835658725 0.579763278125 0.835889521875 0.574917378125 0.8385003078125 0.5708647921875001 0.837378846875 0.5719315796875 0.8378656578125 0.5709985171875 0.837667328125 0.5715704015624999 0.845070515625 0.5778623359374999 0.8466679656249999 0.5823440453125001 0.8494409890625001
0 0.58326855 0.8928071515625 0.5914825078125 0.8963734890625 0.59218595 0.8866408 0.5984129484375 0.881202878125 0.5943044640624999 0.8785091843749999 0.5914274546875 0.8791979484375 0.5881492671874999 0.879021265625 0.5862461578125 0.8723753515625001 0.5807226 0.8680805843750001 0.5756840640625 0.8670096109375001 0.572086434375 0.8682238890624999 0.5741593593750001 0.8796884328125 0.5804293671874999 0.8841418609374999 0.58326855 0.8928071515625
0 0.6112746265625 0.9234655500000001 0.618064475 0.9199676718750001 0.6165036296874999 0.9107939281249999 0.61189421875 0.9113745156249999 0.6068337578125 0.9131595203125 0.6056990250000001 0.9038162906249999 0.5964991171875 0.9003004421874999 0.5928128890625 0.9112195249999999 0.6019130453125 0.918875103125 0.6043790015625 0.9274610609374999 0.6060954984375 0.934067309375 0.6112746265625 0.9234655500000001
0 0.6070633765625 0.9230905390625 0.5979662343750001 0.9172560078125 0.5906694359375 0.9203860718750001 0.5963297296875 0.9267903671875001 0.5959715640625001 0.935816271875 0.600773609375 0.93891744375 0.6020588171875 0.9264477734375 0.6056324015625 0.9279875375 0.6070633765625 0.9230905390625
0 0.7342294703125 0.6882048171874999 0.7261522546875 0.6921225453125001 0.717641178125 0.7080221828125 0.719369346875 0.7055722203125 0.7293091578124999 0.7056726375 0.7406497390625 0.7048633843750001 0.747085296875 0.7058288328125 0.7435191453125001 0.694204109375 0.745522134375 0.6833606703124999 0.7342294703125 0.6882048171874999
0 0.7343864625000001 0.633502140625 0.7268283125 0.6520191515625 0.7279249859375 0.6667412109375 0.7343898156249999 0.6604684062499999 0.7399157046875 0.660033084375 0.7476176046874999 0.6536207562499999 0.7446723171875 0.6433354125 0.74090853125 0.6369008015625 0.7343864625000001 0.633502140625
0 0.76576104375 0.626487 0.76241116875 0.6209453109374999 0.754454396875 0.6228762859375 0.7520854124999999 0.6368616968749999 0.7506646921875 0.6506461953125 0.7560209125 0.6723107140625 0.76169185625 0.6598320984375 0.766867040625 0.6468456359375 0.7711079421875 0.64251494375 0.7739680250000001 0.62621909375 0.765524815625 0.6332787953125 0.76576104375 0.626487
0 0.801402584375 0.6004137468749999 0.7977319671875 0.5989706406249999 0.7957766375 0.5941357328125 0.7924706359375 0.5940959140625 0.7895394828125 0.6016485625 0.7877580671875 0.606131128125 0.7833260765625 0.6098293328125 0.7804822406249999 0.6154118609375 0.7783913828125 0.6244689078125 0.7829709796875 0.6278729390625 0.7885790140625 0.6233198875 0.793190753125 0.6187760328125 0.795828534375 0.6118239187500001 0.7984027484375 0.60750986875 0.8015052546874999 0.607727396875 0.801402584375 0.6004137468749999
0 0.79522244375 0.628709353125 0.796284865625 0.6276093921875 0.79845464375 0.6251980546875 0.7992660734375 0.62293991875 0.7992847015625 0.6205132703125 0.799686578125 0.6170632609375 0.79665275625 0.6173022609375 0.7956776515625 0.6164321015625001 0.794744925 0.6138032359375 0.7928184609375 0.6127308609375001 0.78949126875 0.61357039375 0.787078175 0.61946544375 0.7873766640625 0.6219594984375 0.7865677953125 0.6257649296875 0.783361903125 0.6314914640625 0.78110225 0.6343256265624999 0.777780175 0.63825975 0.7789240765625001 0.6453527921875 0.7820927078125 0.6444795546875 0.7866646296875001 0.6432417015625 0.7889268406250001 0.641954834375 0.7924710421875 0.6354163500000001 0.793348596875 0.63206745 0.79522244375 0.628709353125
0 0.83974544375 0.5502291609375 0.8364741421874999 0.54378875 0.8340245046874999 0.5412793828125 0.8311653140624999 0.537578140625 0.826466259375 0.5440921171875 0.8260669421875001 0.549089421875 0.823199359375 0.554004009375 0.8211932578125 0.5595436390625 0.821012790625 0.5736470046875 0.8213061625 0.57304646875 0.8244883078124999 0.5666519921875001 0.829010171875 0.5625309625 0.8313333937499999 0.5570587375 0.8341111031249999 0.5525669765625 0.8369227968749999 0.5549323359375 0.83974544375 0.5502291609375
0 0.8446713375 0.5028849796875 0.8404377249999999 0.5033108859375 0.837869346875 0.4974618125 0.8326368828125 0.4963496171875 0.828714553125 0.507006053125 0.8238357484375 0.514365678125 0.8188721890625 0.525242721875 0.8175766890625 0.5360155765625 0.82697408125 0.5362453375 0.8343372234374999 0.524994484375 0.8343218703125 0.515710715625 0.8374192578124999 0.5128336546875001 0.840659134375 0.513964240625 0.8459263015625 0.5086758421875001 0.8446713375 0.5028849796875
0 0.840093175 0.47296551875 0.8338008468749999 0.47450058124999994 0.8327121203125 0.4733853078125 0.8326306406249999 0.4651923046875 0.8285581453124999 0.46719920625 0.8275534562500001 0.47582423125 0.8254998609375 0.48002797812500003 0.8205498109375 0.485383784375 0.8120716343750001 0.49330412656249994 0.8093465390624999 0.502226359375 0.8175203921875 0.5019750859375 0.824780146875 0.49666829687499997 0.8288924609375 0.49135539218749996 0.8319898484375001 0.48847833124999995 0.8334355140625 0.48635500781249996 0.8375054499999999 0.48280080937500003 0.840093175 0.47296551875
0 0.8003963640625 0.5396556125 0.7970903640625 0.5396157921875 0.7953673953125 0.5383657078125 0.7924420796875 0.5357552328125 0.790740303125 0.53362579375 0.7894184953125001 0.5421834109375 0.787655709375 0.544239328125 0.7817119265625 0.5511516234375 0.7769518640624999 0.56185095625 0.7784128828125 0.569011403125 0.7850511953125 0.5713062765625 0.7907600578125 0.5592618671875 0.794211825 0.5515989140625 0.7965613515625 0.5483419265625 0.7995951734375 0.5481029265624999 0.8015800859375 0.5434426515624999 0.8003963640625 0.5396556125
0 0.7979638265625 0.4653364375 0.7951758828125 0.46363901875 0.790194409375 0.463684996875 0.7886665453124999 0.4708730296875 0.7857142046875001 0.47930503281250003 0.7835071640625 0.4865696671875 0.7819632296875 0.49773164531249997 0.7842170484375 0.50506060625 0.7902879656249999 0.49287218906249997 0.795098084375 0.4850560328125 0.7961714578125 0.4768875375 0.802849590625 0.475876409375 0.802223746875 0.46712576875 0.7979638265625 0.4653364375
0 0.7786900875 0.47648622500000004 0.78233695625 0.477261390625 0.7856776609375 0.4709006171875 0.7876388249999999 0.46557239843750003 0.7867934140624999 0.46097341406250003 0.7862201843750001 0.4566532453125 0.784463234375 0.4485460375 0.7818813437500001 0.44821820468749995 0.779424028125 0.441066953125 0.7767438703125 0.44977777343750003 0.777404415625 0.452127821875 0.771199403125 0.4516927625 0.77146063125 0.45904011562499997 0.7753161171875 0.46273216093749997 0.7764099625 0.4669420265625 0.7786900875 0.47648622500000004
0 0.8479191046875 0.3581807125 0.8441534953125001 0.354065840625 0.8372532359375 0.35768132812500003 0.8368564781250001 0.364225928125 0.8307380656250001 0.3750784625 0.822922275 0.40015386406250003 0.8363716890624999 0.38599836249999997 0.8464040374999999 0.373105221875 0.854041203125 0.3769381953125 0.8534577359375 0.366428846875 0.8498718765625 0.3614683234375 0.8479191046875 0.3581807125
0 0.7890431421875 0.39737191875 0.7799270421875 0.3755474328125 0.772445878125 0.3702008671875 0.7672236484375 0.37527785156250004 0.764612175 0.3844452015625 0.7691307625 0.3920345890625 0.7890431421875 0.39737191875
0 0.84538468125 0.3894409171875 0.8458379218750001 0.38587137656250003 0.844097234375 0.3849582875 0.8419017343749999 0.3866639953125 0.8401866468750001 0.3928165609375 0.835089184375 0.39811440781249996 0.833698709375 0.407051440625 0.84013683125 0.41317197187500004 0.8400670140625 0.4130213578125 0.8421103015625 0.4034084453125 0.8438253906250001 0.3972558796875 0.8467190515624999 0.39705630625 0.8485362859375 0.3937766921875 0.8485576078125 0.3898437953125 0.84538468125 0.3894409171875
0 0.8630342125 0.3854533609375 0.8612643421874999 0.3837194296875 0.859965446875 0.380727875 0.8583221875 0.3798354953125 0.8574240124999999 0.38358200937500003 0.8559006359374999 0.3878745 0.85345505625 0.3897985953125 0.8483618703125 0.4060949921875 0.8607392734375001 0.394333915625 0.8652178234375001 0.393385034375 0.8674492390624999 0.38815685625 0.8673731312499999 0.3842032546875 0.8630342125 0.3854533609375
0 0.9079267984375001 0.23444829218750002 0.9060821640625001 0.22667294531249998 0.9021992015625001 0.22643048281249997 0.9003539375 0.23031277968750002 0.8976772671875001 0.22508072499999998 0.8940545171875 0.22567075937499997 0.8924508375 0.231158775 0.8922577687500001 0.23480936875 0.8911536359375001 0.2413750484375 0.887879128125 0.24786799375 0.8844183031249999 0.2620931890625 0.888645009375 0.2655174546875 0.893348759375 0.256413859375 0.8968439671875 0.2509393078125 0.8996770734374999 0.24240957500000002 0.9010854359374999 0.2392115984375 0.9049497687500001 0.24022728437500002 0.9079267984375001 0.23444829218750002
0 0.8918957531249999 0.2687342734375 0.885881928125 0.26823318125 0.8843386437499999 0.274122628125 0.8803088765625 0.28142652031250004 0.877134278125 0.288135 0.8864496093750001 0.2984697765625 0.88838128125 0.28663969843750003 0.8911816234375 0.28237752031249996 0.8923946687500001 0.2814695828125 0.896154590625 0.27954863125 0.89603893125 0.26980923125 0.8918957531249999 0.2687342734375
0 0.8536870828125 0.2565325484375 0.8456863234374999 0.258523565625 0.84938071875 0.265137721875 0.8549062468749999 0.2713639140625 0.8540414453125 0.2781747625 0.8623368015624999 0.285766884375 0.8657767453125 0.27095436093749997 0.861824384375 0.26486825937499997 0.8630493093749999 0.259105440625 0.8610071093749999 0.2522595796875 0.8570705000000001 0.2556973453125 0.8536870828125 0.2565325484375
0 0.8881752609375001 0.1861447109375 0.8857192890625001 0.181931046875 0.8813390296874999 0.181971475 0.879370725 0.183690359375 0.8747838953124999 0.17921806406250002 0.8721923703125001 0.189353515625 0.8755616578125001 0.19201264375 0.8777387796875 0.1961670359375 0.8765414874999999 0.20659884062499997 0.8761717328125 0.21176624687499998 0.8822549531250001 0.21811097968749998 0.88479733125 0.214376859375 0.888922509375 0.2045673953125 0.8886928062499999 0.1981067921875 0.8868131625 0.193238446875 0.8858326999999999 0.1903098953125 0.8881752609375001 0.1861447109375
0 0.8644232046875 0.1628322 0.8606610328125001 0.1633926 0.8559877953124999 0.16686808749999998 0.854460890625 0.1706237578125 0.8516910624999999 0.1692578265625 0.8492023296875001 0.16931171875 0.8469365468750001 0.1717445578125 0.8475591343750001 0.174985634375 0.8499502078125 0.1760767609375 0.8518648687500001 0.1780381046875 0.8526455109375 0.18053559218749998 0.8530310171875 0.1848920515625 0.8533442453125 0.193701965625 0.8553469328125001 0.200733725 0.8585164000000001 0.2029617859375 0.864521221875 0.1980206671875 0.864328784375 0.19001361562500002 0.863715828125 0.1805571046875 0.861898828125 0.177450740625 0.8592266578125001 0.174939790625 0.8635606546875 0.1710036015625 0.8644232046875 0.1628322
0 0.8515397578125 0.1740830734375 0.84825625 0.1751338109375 0.8468433875000001 0.1756106828125 0.8463043265625 0.174718915625 0.8449078453125001 0.1730620109375 0.8433928234374999 0.171962796875 0.8413641249999999 0.17328025 0.8404530578125 0.1761953390625 0.8421097546875 0.1786847390625 0.841895803125 0.181748003125 0.8384237265625 0.1891704375 0.8382329093750001 0.19418158125 0.8412905859375 0.20104899375000002 0.843721171875 0.20195422343749997 0.8445904750000001 0.1978644796875 0.8466869515625 0.18937247031249999 0.8472333937500001 0.1826882484375 0.8476657937500001 0.17928282499999998 0.8505101500000001 0.1775558546875 0.8515397578125 0.1740830734375
0 0.8375720687499999 0.1678111125 0.8340864921875 0.16707023125 0.830403346875 0.167258834375 0.8286252296875001 0.17562421875 0.8217607359375 0.1784396453125 0.8197037734375 0.186745759375 0.819624115625 0.1987751984375 0.831363284375 0.2059335484375 0.8316286281249999 0.197829503125 0.8351871140625 0.1824592890625 0.8394003187499999 0.1777202390625 0.8443687859375 0.17217024375 0.840637125 0.16710253749999998 0.8375720687499999 0.1678111125
0 0.7965704375 0.152295575 0.7938536218750001 0.1589070625 0.7878211671875001 0.1591791953125 0.7907044062499999 0.1689239734375 0.7932952984375 0.1704461671875 0.7944264343749999 0.1802071171875 0.7982856359375 0.1901593421875 0.8081965546875001 0.1874085640625 0.8064637125 0.174993865625 0.8051581406249999 0.1681102828125 0.8010477265624999 0.16276777343749999 0.802732684375 0.1582685125 0.8027609484375 0.1512798546875 0.7965704375 0.152295575
0 0.761907109375 0.1528938078125 0.7618579640625 0.159295140625 0.765189984375 0.163500715625 0.761984875 0.175837303125 0.7661929484375001 0.18003479375 0.7724528546875 0.1848627109375 0.774240603125 0.1702818921875 0.772391471875 0.1597854390625 0.77658379375 0.15445906250000002 0.773684171875 0.1468480609375 0.7692152546875 0.1534757203125 0.761907109375 0.1528938078125
0 0.7153409625 0.33632070468749997 0.7239016640625 0.33580878125 0.723997075 0.333303209375 0.7284354796875 0.3323036578125 0.7351046546875 0.33177827187500003 0.738502203125 0.3274487390625 0.738328396875 0.3186684609375 0.7287499703125 0.31779828125 0.725168984375 0.319562971875 0.7218228296875 0.318851725 0.7176028750000001 0.319509115625 0.7171190796875 0.32795532031249996 0.7153409625 0.33632070468749997
0 0.6985481796874999 0.3193448421875 0.6948464015625 0.32030667031250004 0.6886417609375 0.324816725 0.6849139703125 0.334127765625 0.6776193265625 0.34170916875 0.6788943859375001 0.354220859375 0.6869182765625 0.354177721875 0.691984403125 0.3474827078125 0.6961812265625 0.34487743593750003 0.7020511265625 0.3426277890625 0.69944448125 0.3315817296875 0.6985481796874999 0.3193448421875
0 0.709364203125 0.21527288437499997 0.7062040546875 0.2073751296875 0.699031221875 0.20378591406250002 0.693071496875 0.19813189375 0.69165443125 0.2047986578125 0.6868049953125 0.214865015625 0.6978578078125001 0.213859415625 0.709364203125 0.21527288437499997
0 0.682665109375 0.17424181875 0.6777264875 0.178353540625 0.6776552328125 0.1832417828125 0.6769481953125001 0.1874787375 0.6765095546875 0.1940953984375 0.68449738125 0.19476097187500002 0.6896301578124999 0.19611004999999998 0.7019673296875 0.18815140625 0.7055819015625 0.182984028125 0.7015265375 0.1774767203125 0.695683734375 0.17855745 0.6924305734375 0.178382115625 0.6867977046875 0.1784751765625 0.682665109375 0.17424181875
0 0.6952971031249999 0.13666744687500001 0.694868265625 0.133221346875 0.6915318953125 0.13070566875 0.688068796875 0.131518003125 0.6871240875 0.1359625125 0.6857535312499999 0.1387680671875 0.6809386453124999 0.13774463125 0.6807624234375 0.14312670624999999 0.6850524703125 0.1466193140625 0.6872777125 0.14889881562500001 0.6905616 0.151661409375 0.6914529875000001 0.16294801875 0.6943080375 0.1622645125 0.7048607578125 0.1627010515625 0.7022007 0.15336115781249998 0.701025134375 0.1461433140625 0.698982090625 0.1420960296875 0.6967845828125 0.1405966421875 0.695911128125 0.1401529125 0.6952971031249999 0.13666744687500001
0 0.6334546265625 0.16171722500000002 0.6297815953125 0.1635172265625 0.631352284375 0.16978676406249998 0.6370901203125 0.16919986874999998 0.641457396875 0.1714185265625 0.64555926875 0.1730646265625 0.652062603125 0.17160815000000001 0.65317456875 0.1563601265625 0.6493658421874999 0.15606670312499998 0.6448748265625001 0.1589832015625 0.6397143140625 0.1568540109375 0.6390200687500001 0.1528353484375 0.6325197218749999 0.156098971875 0.6334546265625 0.16171722500000002
0 0.605623121875 0.17154390625 0.60569055 0.1803327203125 0.6009371140625 0.1844838046875 0.60441515625 0.1927072015625 0.6088229625 0.1874503578125 0.61503913125 0.1882555 0.6249867921875001 0.19062801406250002 0.634641309375 0.191647853125 0.63343501875 0.18184274843749998 0.6287221140625 0.17851833125 0.62533026875 0.174442425 0.61982711875 0.17301462031249998 0.614434909375 0.174707275 0.6106202078125 0.170799559375 0.605623121875 0.17154390625
0 0.5854192375 0.1081507265625 0.5813570578125 0.114513328125 0.580807471875 0.1180095296875 0.5757331546875 0.1200278265625 0.5786249078125 0.125545875 0.58264356875 0.12485162968750001 0.583556715625 0.133304059375 0.5927418671875 0.13835329999999998 0.5991462109375 0.14100495 0.6053196984375 0.13199424531249998 0.6027983234375001 0.126554925 0.59641275 0.1192619515625 0.5925208140625 0.116628184375 0.5888418046874999 0.1148138953125 0.588990290625 0.1086517046875 0.5854192375 0.1081507265625
0 0.56004681875 0.13372641093749998 0.56431211875 0.13824605 0.5729297515625 0.135948615625 0.57128183125 0.130953025 0.5708500046875 0.125699778125 0.5680137249999999 0.1217419609375 0.5659024171875 0.1243900640625 0.5604884484375 0.1289168953125 0.56004681875 0.13372641093749998
0 0.5677474796875 0.1366536015625 0.5656668953125 0.1418889640625 0.5713176953125 0.15263877812499999 0.575786953125 0.15255645625 0.5905930171875 0.15028405 0.5965070734375 0.144315078125 0.59096721875 0.136685721875 0.5823960921875 0.1351219453125 0.5796430234375001 0.133504471875 0.5762234421875 0.1286484484375 0.571229346875 0.13119994375 0.5677474796875 0.1366536015625
0 0.2474520984375 0.22153152343750002 0.24575312968750002 0.22149546875 0.24382089687500003 0.221409834375 0.24112275625000001 0.22148647187499998 0.23730075468749998 0.2268504609375 0.23721100312500001 0.23300776562499997 0.23585011093750002 0.235969225 0.23702020468749999 0.23849344375 0.23839238906250002 0.2423609109375 0.24039073125 0.24213552656249998 0.24355163750000003 0.23988174375 0.245748309375 0.238723296875 0.24764560625 0.23782628906249997 0.2506081828125 0.23650556875 0.25477202499999996 0.236415403125 0.2589982125 0.23373790625000002 0.2607595265625 0.2311866328125 0.26168505937500003 0.22683234218749998 0.2612147625 0.22445686875 0.260107015625 0.21934531875 0.25857520312500004 0.21966986875 0.2557448453125 0.22036854843749998 0.2537465015625 0.2205939328125 0.2516820484375 0.2211303359375 0.24968370625 0.22135572187500002 0.2474520984375 0.22153152343750002
0 0.21627913125 0.20842339999999998 0.21460885625 0.20847084374999997 0.21249805312499997 0.21023576875 0.21105020625 0.2138521125 0.21020043125 0.2174949609375 0.20865493281249997 0.22441093125 0.20704455156249998 0.22950199218749998 0.20527778749999998 0.23355363593749998 0.2034689359375 0.23709324375000002 0.2021932703125 0.23883444687500002 0.20150603125000002 0.2410025765625 0.2016743921875 0.24305071875 0.2031713203125 0.24417384375 0.20555396093749997 0.2446802890625 0.20804856093750002 0.24430497343750002 0.2100172921875 0.24391849687499997 0.2112289109375 0.24709395 0.21208800781249998 0.2490876765625 0.21286292499999998 0.25005733124999996 0.2141517328125 0.250029421875 0.2155621515625 0.2487193328125 0.2179582625 0.24490207812499998 0.219350875 0.2390604046875 0.2200346203125 0.23477855937499997 0.22092298906250002 0.22953403125 0.22140327499999998 0.226919440625 0.22223142187499997 0.22266828749999998 0.222681596875 0.220550384375 0.223130603125 0.21772791093750002 0.22375179687500002 0.21303029687500002 0.224091175 0.212498728125 0.2230815234375 0.21298844374999998 0.2221911484375 0.21078683437499998 0.22054981875 0.2096330171875 0.21801196093750003 0.20879172499999998 0.21627913125 0.20842339999999998
0 0.228398353125 0.27318118281250003 0.2265667078125 0.2754079140625 0.2227891234375 0.2793339984375 0.22103583124999998 0.27906194218749997 0.2189829203125 0.2784243484375 0.2164400765625 0.2808017640625 0.21532195937499998 0.28428695625 0.21539998749999997 0.28782516406249997 0.2157247296875 0.29091272031250004 0.2150988765625 0.2927920453125 0.21433943437499997 0.2949448296875 0.2157471953125 0.298262590625 0.21739817499999997 0.29901598749999997 0.220871153125 0.29794307343750004 0.2232815734375 0.2965436875 0.22529006406250002 0.295260103125 0.22832633750000003 0.29198139218749997 0.23101241875 0.28893009687500004 0.233761053125 0.2862945703125 0.235388075 0.2850305203125 0.23673360937500001 0.28189551874999996 0.23804670312499998 0.2778480625 0.2381177390625 0.2771588390625 0.23694937500000002 0.27519999375 0.23520107031249998 0.2717092296875 0.2335272984375 0.26964295781250003 0.230569378125 0.2704228796875 0.228398353125 0.27318118281250003
0 0.36469795625 0.31490570625 0.361252803125 0.3141734171875 0.35809938125 0.3163037609375 0.3558095625 0.320017984375 0.3556061484375 0.320974971875 0.354464715625 0.32493329375 0.349964128125 0.3305781390625 0.3506266359375 0.33451980937500003 0.3552823546875 0.335909503125 0.3595242953125 0.335010753125 0.3633355921875 0.334020465625 0.36713697343749996 0.339429503125 0.369455240625 0.3405224 0.37480025 0.3372575328125 0.3750850296875 0.3359177515625 0.3756545875 0.33323818906249997 0.373539734375 0.3311883046875 0.3721164859375 0.32588466562499996 0.3699778171875 0.321829271875 0.3684778375 0.3197100390625 0.3665855796875 0.31590706874999996 0.36469795625 0.31490570625
0 0.3454307390625 0.279203265625 0.33944240468750003 0.27773036093750003 0.3366528109375 0.276737325 0.3330042453125 0.276962021875 0.32979327187499996 0.281480671875 0.3294747609375 0.2872142671875 0.330218634375 0.29077314374999996 0.3295247109375 0.2926260921875 0.3290795171875 0.29613226875 0.3313041859375 0.302606478125 0.3340745984375 0.304395615625 0.3382781734375 0.30508906874999997 0.340223346875 0.303702125 0.3432070875 0.2981349515625 0.3458078171875 0.2964872640625 0.349186153125 0.294004634375 0.3534234609375 0.2903042734375 0.353705925 0.28756368593750004 0.3522274453125 0.2860491578125 0.34955758124999997 0.2830811234375 0.34707195 0.2799522046875 0.3454307390625 0.279203265625
0 0.31257418124999997 0.331432628125 0.3080329109375 0.3372688734375 0.303527690625 0.340112109375 0.3010774578125 0.3459927265625 0.302129928125 0.3502173296875 0.306642096875 0.35157651093750003 0.3092044625 0.3515210234375 0.31019011406249997 0.3525307109375 0.31087180625 0.35567627812499997 0.31234796875000004 0.3557900015625 0.31536016093749997 0.35502995 0.31884367812500003 0.3541700375 0.3220477 0.3454489703125 0.3230240859375 0.3408554359375 0.323471596875 0.33875006406249997 0.32430906875 0.33692762656249997 0.3262711078125 0.33334377656249997 0.327943734375 0.328298096875 0.32662566875 0.32461717343749996 0.3245706796875 0.32157979062500003 0.3219461328125 0.3212219703125 0.3178285578125 0.3229473328125 0.3153736921875 0.3260263421875 0.31257418124999997 0.331432628125
0 0.2997279765625 0.34810642187499996 0.2977589875 0.34748785625 0.29601954375 0.3493186171875 0.2953279375 0.352572371875 0.2949809765625 0.3534988484375 0.2895092859375 0.354536296875 0.288875228125 0.35540174687500004 0.288162121875 0.3580507984375 0.287886609375 0.3649938015625 0.2909633 0.3660478609375 0.2932862 0.36994236875 0.294958178125 0.376899234375 0.296003696875 0.376921421875 0.2998149921875 0.3759311359375 0.3024587234375 0.3754928546875 0.30446607812500004 0.37451921875 0.30605270625 0.367054721875 0.30428249687500003 0.3626775578125 0.302308875 0.35925738125 0.301584184375 0.354902403125 0.30172078281250003 0.35073049843750004 0.2997279765625 0.34810642187499996
0 0.3191330046875 0.26881243593750004 0.31714483125 0.268989971875 0.31446041875 0.26961965 0.31325216875 0.270363053125 0.3117399578125 0.27324233750000004 0.312280415625 0.2777582 0.31400299375 0.2781243453125 0.3144981359375 0.28002999375000004 0.313136421875 0.28714220625000003 0.316172428125 0.28838766250000003 0.3186511109375 0.287314165625 0.32094324531249996 0.2850007484375 0.32382875625 0.282013278125 0.32683863125 0.2798524203125 0.33066679374999997 0.2766652265625 0.33281538125 0.274321296875 0.335569575 0.2663047953125 0.3371538875 0.25743949375 0.3337755515625 0.2599221203125 0.3311748203125 0.2615698109375 0.32808126249999997 0.2627126578125 0.3249470234375 0.2640469015625 0.3214059546875 0.26729511875 0.3191330046875 0.26881243593750004
0 0.371326475 0.158079259375 0.368477015625 0.15807372343749998 0.36601751562499996 0.1583511203125 0.3635173328125 0.1588199125 0.3607492390625 0.15843158125 0.358244421875 0.15609876250000002 0.356029021875 0.155227775 0.3543087609375 0.1562624375 0.3525117703125 0.160481503125 0.35222930625000004 0.16322209062499998 0.353174278125 0.1644231734375 0.3535305046875 0.1690999203125 0.352305390625 0.1720402296875 0.3513458703125 0.174436859375 0.35136968749999997 0.17644236875 0.35399655 0.17820099375 0.356621096875 0.17855881406250002 0.3594060578125 0.1767502390625 0.3624159328125 0.17458938125 0.3647963828125 0.176095584375 0.3671338328125 0.1763923796875 0.3703494390625 0.1746753421875 0.37391200625 0.172031828125 0.3772903421875 0.1695492 0.3797068421875 0.1680623953125 0.3788025546875 0.166669915625 0.3804129984375 0.1612109296875 0.37776231875 0.1574467921875 0.374728628125 0.1576021421875 0.371326475 0.158079259375
0 0.3848930171875 0.09354784375 0.38078767343750003 0.0902746890625 0.3770722921875 0.08728446875 0.37516316875 0.085678403125 0.3716796515625 0.086538315625 0.37053590000000003 0.08909583125000001 0.3705835328125 0.09310685156250001 0.370750896875 0.0951428734375 0.370200521875 0.0970263328125 0.36768115625000003 0.09829122968750001 0.3673341953125 0.099217703125 0.3672597796875 0.10380291562499999 0.36863539375 0.10509553437500001 0.37134130625 0.1050705578125 0.3746214109375 0.1051676328125 0.3771860921875 0.1065129515625 0.3808177921875 0.1084851625 0.38490163437499997 0.1111536125 0.3892272578125 0.11127287187499998 0.39438572031249997 0.106768084375 0.39743859375 0.10581663593749999 0.39896767187500004 0.10074044374999999 0.3976257890625 0.0950540109375 0.3934413984375 0.09356445625000001 0.38895304375 0.094210784375 0.3848930171875 0.09354784375
0 0.414475859375 0.1442458015625 0.4167603921875 0.1497325125 0.4213539296875 0.1507088984375 0.42606488125 0.14830948125 0.4281082859375 0.1443428359375 0.43045797031250005 0.1396411140625 0.4314174890625 0.137244484375 0.4286186265625 0.1306482265625 0.4253553890625 0.1283542453125 0.41981919999999995 0.1275775828125 0.41875218125 0.126950690625 0.4157376734375 0.1263099375 0.41223265624999994 0.126565146875 0.40729447343749997 0.1279160390625 0.4054138 0.1311170953125 0.40615998906249995 0.1360767765625 0.40938254531249996 0.1385621546875 0.412643465625 0.13945532968750002 0.414475859375 0.1442458015625
0 0.7386935968749999 0.40299685625 0.7406208750000001 0.39837134218750003 0.7432534171875 0.396772978125 0.7459032046875 0.39445896875 0.7472777484375001 0.3898957953125 0.748189946875 0.3843352125 0.7477793328125 0.381190865625 0.7461556218750001 0.3799465984375 0.74366728125 0.3795975125 0.74228440625 0.379123746875 0.7401811046875 0.3775977109375 0.7388692906250001 0.375520603125 0.7373552937500001 0.373760171875 0.73586270625 0.3738025671875 0.7347034234375001 0.374814946875 0.733326796875 0.37811888437499996 0.73160795 0.386205421875 0.7302720593750001 0.391855775 0.729523390625 0.3960125 0.7289575796875 0.3993089546875 0.7281895828125 0.4029220890625 0.7265804499999999 0.41049246406249995 0.7244185859375001 0.4181251796875 0.72847265625 0.4180877625 0.7322686453125 0.4179954875 0.7352303296875 0.4148486359375 0.7374136046875 0.4090187453125 0.7386935968749999 0.40299685625
0 0.7389864984375001 0.43524822500000004 0.740599796875 0.4301963203125 0.7405355671875 0.42478784531249997 0.739298978125 0.42362586249999995 0.7380278984374999 0.42389516875 0.7359115187499999 0.425603246875 0.7350448078125 0.4252391953125 0.7337716453125 0.42424926718749995 0.7320920359375 0.4226334625 0.7308961843749999 0.42381789531249997 0.7304055968750001 0.4280294765625 0.730558128125 0.4311189640625 0.7315773734375 0.43457250468749997 0.731966578125 0.43591402500000004 0.7315104796874999 0.43869431875 0.72977230625 0.4462372640625 0.7278167875 0.4560717703125 0.7287911312500001 0.45466042656249994 0.730113940625 0.4522441875 0.7334972359374999 0.44774833437500006 0.7372096703125 0.44170399375 0.7389864984375001 0.43524822500000004
0 0.7547315203125 0.43985372500000003 0.7579857750000001 0.43533044375 0.761149640625 0.43186691250000003 0.7627070406249999 0.42644347031249996 0.7626642218749999 0.42283782031249995 0.7617588546875 0.4213865859375 0.7592898406249999 0.421581090625 0.7585521703125 0.42124446718749997 0.7580318421875 0.418616284375 0.756885640625 0.41639454843749996 0.7555393375 0.41574872812499997 0.7538811390625 0.41593574999999994 0.7535347531250001 0.4181998796875 0.753244265625 0.4208355453125 0.752237515625 0.4249374140625 0.7504889296874999 0.4261841875 0.7479681828125 0.42852562499999997 0.747641125 0.4313333453125 0.7488991234375 0.43429815468750005 0.74901925 0.44007816406250005 0.748492090625 0.4444618 0.7469153656249999 0.449341653125 0.748995175 0.44780562812499997 0.7499157015625 0.4472819828125 0.75129649375 0.4464965140625 0.7532645062500001 0.4442174171875 0.7547315203125 0.43985372500000003
0 0.7709660406250001 0.5398718171875 0.7727104609375 0.5361065734375 0.77403535625 0.53494956875 0.77616898125 0.532525846875 0.78064674375 0.5323986609375 0.7824684734375 0.530807778125 0.7834386515625 0.526877965625 0.78345173125 0.52364385 0.782914159375 0.5217313109374999 0.7814367328125 0.519798828125 0.7803485109375 0.5192078640625 0.7777677015625 0.518659296875 0.7748018515624999 0.519287678125 0.7725005328125001 0.5205967921875 0.771270190625 0.5232125140624999 0.7698914828125 0.5252572171875001 0.7676267343750001 0.5263942765625 0.76504800625 0.52710494375 0.7642758453125 0.5281996078125 0.7629916890625 0.531703028125 0.762167796875 0.534944625 0.7615095140625 0.5380415984375 0.7612211078125 0.5419365 0.7611714578125001 0.5453426671875 0.76136264375 0.5495193359375 0.761274340625 0.5518383234375001 0.7615172593749999 0.5538680593749999 0.7626613796874999 0.554830559375 0.763558415625 0.5512448531249999 0.7644188796875 0.547831203125 0.7656084859375001 0.5428690656249999 0.767172134375 0.5412233265624999 0.76923678125 0.5416621796875 0.7709660406250001 0.5398718171875
0 0.7463425453125 0.5821123765625 0.7443771984375 0.5748611875 0.7423470390625 0.57299104375 0.7413706140625 0.5731431515625001 0.739899434375 0.5749883734375001 0.738907846875 0.5771153625000001 0.7387443171875 0.5785192218749999 0.7380453 0.579269778125 0.73550314375 0.579808390625 0.733440578125 0.5806287718750001 0.732649090625 0.5811798453125 0.7323006234375 0.5821847390625 0.7332618859375 0.5840075109375 0.7351243515625 0.5847630453125 0.73744708125 0.58525675625 0.739511728125 0.5856956109375 0.740937421875 0.5897750265624999 0.7412728109375 0.5920042453125001 0.742014646875 0.5948593390625 0.7431263609375 0.5985123625 0.7441241984375 0.600163078125 0.7450102359375 0.601070721875 0.7467436609375 0.601798828125 0.7487889812499999 0.6016940921875 0.7502622421875 0.6011081046875 0.75175483125 0.6010657109374999 0.7528623796875 0.6022002640624999 0.7539960859375 0.596866590625 0.75312104375 0.5914655984375 0.7516587796875001 0.587558234375 0.749996415625 0.5852267875 0.7481146234375 0.5839276625 0.7463425453125 0.5821123765625
0 0.80197305 0.415175796875 0.8029821765625 0.41359519999999994 0.8032811984375 0.40902143906250005 0.801393784375 0.4078723015625 0.7970604781249999 0.41084059531249995 0.7936254875000001 0.41011046562500003 0.7911870125 0.40944255937499996 0.7896555140625 0.41031375781249996 0.78890930625 0.41329655625 0.7882417546875 0.41749280312500003 0.7885116015625 0.4230850265625 0.7878314375000001 0.4289240921875 0.7863568328125 0.4363893859375 0.78624380625 0.44219940781249994 0.78707213125 0.44252506562500005 0.788023878125 0.44332572968750006 0.7885962140625 0.446439203125 0.7888591328125 0.44784140624999996 0.789778725 0.447737690625 0.789714415625 0.445928928125 0.7921820671875001 0.43643085 0.7929408875 0.4318052296875 0.7956927312500001 0.4273040609375 0.7975875609374999 0.4236678625 0.8000782187500001 0.41881199375 0.80197305 0.415175796875
0 0.824754190625 0.267884059375 0.8238593375000001 0.2736774921875 0.8232847828125 0.27849186718749996 0.8219140578124999 0.28388496875 0.8187024171875 0.288437996875 0.8174820703125001 0.2920679703125 0.8173386218750001 0.2980211171875 0.8199613625 0.2988777796875 0.8221656109375 0.2969528515625 0.8239887156249999 0.29629322812500003 0.8247275078125 0.2980957640625 0.8266648859375 0.3016489765625 0.8290264421875 0.302150940625 0.831701365625 0.2974838296875 0.8329469375 0.29056821718750003 0.8332281515625001 0.28449476093750004 0.83318906875 0.2794003625 0.8339335421875 0.27537005625 0.8351234671875 0.271883209375 0.83732425 0.2678632703125 0.8354064125 0.2668572578125 0.8334438109375 0.266589684375 0.8300197 0.2631692296875 0.82625006875 0.2640134703125 0.824754190625 0.267884059375
0 0.49345334375 0.139128734375 0.48998768437500007 0.13839208593750002 0.48746720468750004 0.1378563421875 0.4851067984375 0.1388913296875 0.48466288593750007 0.14252897656250002 0.48527449687499996 0.145073803125 0.4866501625 0.1471224484375 0.48647412343749996 0.14949985625 0.485667965625 0.151743325 0.4854236875 0.1536671703125 0.486418596875 0.1567325296875 0.48756595156250004 0.15675687656249998 0.49069041562500004 0.15522570625 0.49190600937499995 0.15570361875 0.49359419375 0.15628198124999998 0.4955738421875 0.1562637109375 0.4979553015625 0.1543550796875 0.50271821875 0.15053781875 0.5054383312499999 0.14935975937499998 0.505181340625 0.143597365625 0.5017998890625 0.139366140625 0.49849175937499995 0.138662975 0.496940053125 0.1389917390625 0.49345334375 0.139128734375
0 0.31222555625 0.064502315625 0.3090693484375 0.0621562953125 0.3065851703125 0.060409975000000005 0.3042739765625 0.0594618578125 0.302993615625 0.0590374234375 0.3023963640625 0.0564738921875 0.301642496875 0.053572498437500005 0.2999542328125 0.051843070312499996 0.2977377125 0.051524221875 0.29588175781250003 0.05219573125 0.2950730046875 0.053851259375 0.295001753125 0.057947843750000005 0.294648240625 0.061223003124999995 0.29249718750000003 0.062745503125 0.29137696874999996 0.0647916890625 0.2943637234375 0.06847226875 0.296267015625 0.06811539375 0.297906178125 0.06846380937499999 0.302142321875 0.072714528125 0.30316208125 0.075977009375 0.304804771875 0.0784581828125 0.3080684953125 0.0797610546875 0.311516275 0.0791233265625 0.31552151875 0.0758629359375 0.31738855 0.0724526296875 0.31865209375000003 0.0707828234375 0.3171191296875 0.06995878125 0.31413237656250004 0.0662782 0.31222555625 0.064502315625
0 0.2587944125 0.084820728125 0.2567508734375 0.085300078125 0.254315796875 0.0849347734375 0.25191169062499996 0.08442376406249999 0.249773478125 0.0842738453125 0.249103209375 0.0847405203125 0.24823427968749998 0.0877538359375 0.24890983906250003 0.09048629687500001 0.2494743578125 0.092129153125 0.2487620421875 0.0954803296875 0.24790771718750002 0.09788760625000001 0.246384884375 0.101827934375 0.24685472968750002 0.1028415203125 0.2499291046875 0.1028858546875 0.2531729328125 0.1015956296875 0.25703616406249996 0.0973913359375 0.2616877609375 0.098075490625 0.2666724828125 0.10202846562500001 0.27093254375 0.101867965625 0.2748448765625 0.09904468749999999 0.2772728984375 0.0951444765625 0.2783294125 0.09232331875000001 0.27590364843750004 0.0881528359375 0.2712321578125 0.08487558437500001 0.2676861765625 0.0827512859375 0.2641892953125 0.0820080015625 0.260992803125 0.0836128609375 0.2587944125 0.084820728125
0 0.23425000312500002 0.058435856249999994 0.23186049999999997 0.05731880625 0.228975475 0.0585330109375 0.22766767031250001 0.0603870359375 0.22722124843749997 0.0640993046875 0.2275035078125 0.06492073125 0.2256621546875 0.06498620000000001 0.2233708546875 0.066631178125 0.22282623125 0.0675814171875 0.22358009843749999 0.070482809375 0.22539400468749998 0.072695803125 0.2292005875 0.07198205468749999 0.2310109703125 0.072062290625 0.234607815625 0.07663398125000001 0.2380082609375 0.07568161875 0.2400319046875 0.072609171875 0.2418369953125 0.069490271875 0.2432832828125 0.066447390625 0.24427609375 0.0628512609375 0.24299925937500003 0.064559584375 0.23969172656249998 0.06507483593749999 0.23610193437500002 0.06476866249999999 0.23519321718750003 0.06259578593750001 0.23503131093750002 0.0590587875 0.23425000312500002 0.058435856249999994
0 0.20921288750000003 0.083266740625 0.207495415625 0.08274939375 0.20501124062499998 0.0810030765625 0.2030752140625 0.0804392765625 0.20135950781249998 0.08098830781250001 0.1991810125 0.084789271875 0.19865451875 0.087266228125 0.1996888796875 0.08992266875 0.2010493125 0.091582415625 0.2008524140625 0.095195434375 0.19863010625 0.100814521875 0.19813282031249999 0.10207939531250002 0.199648103125 0.103010625 0.20289369375000002 0.10278677968750001 0.20724313749999998 0.100056409375 0.21139039531249998 0.0977399234375 0.21510406718750003 0.0974632859375 0.2203312578125 0.097051496875 0.2241360765625 0.09527136875 0.227048546875 0.091778703125 0.22863155468750002 0.0864805875 0.22876827500000002 0.0842253546875 0.2283732109375 0.0812479421875 0.2251386953125 0.07873298906250001 0.2204543640625 0.0771281578125 0.21688270312500002 0.0783486984375 0.21242398125 0.081055840625 0.2099614625 0.082968996875 0.20921288750000003 0.083266740625
0 0.1951775953125 0.15520830937500002 0.18960796875000002 0.15615645625000002 0.1864389203125 0.1554828546875 0.1845011328125 0.1538526734375 0.1814524375 0.1504635 0.1774109328125 0.1506704578125 0.1751377609375 0.15384215 0.17498819999999998 0.1577698046875 0.1734817375 0.1621704703125 0.173661771875 0.1672341859375 0.17572696875 0.17041431093749998 0.17973926875 0.1714194375 0.1824092671875 0.1722915359375 0.18495185625 0.171613690625 0.1888531140625 0.171529209375 0.1957615140625 0.1685813328125 0.1991929265625 0.1674832671875 0.2002202359375 0.1658741921875 0.201090928125 0.16392725625 0.20150461718749998 0.15929431249999998 0.20001501406250002 0.15501824375 0.1951775953125 0.15520830937500002
0 0.19452870625000002 0.13085686093749999 0.1921935953125 0.1343199625 0.187733109375 0.13596072343750001 0.183316434375 0.13578336093750001 0.17946427812500002 0.13724885625 0.17603462812499998 0.13941330000000002 0.1746794875 0.1409526921875 0.17501437343749998 0.145287890625 0.17748394843749998 0.14764025 0.17810864375 0.14792531874999998 0.17758215 0.150402278125 0.1777732609375 0.15272719375 0.17929030625 0.1547248015625 0.18142675625 0.15380834062499998 0.183107965625 0.15127225312499998 0.185184240625 0.15171357968750002 0.188646625 0.150469809375 0.194181753125 0.1475346078125 0.19960760625 0.144576178125 0.20271520937499998 0.1364041125 0.2031961296875 0.1346789 0.201615378125 0.1319063203125 0.19870693125 0.128394671875 0.1967872734375 0.1282912078125 0.19452870625000002 0.13085686093749999
0 0.1799241 0.1888193625 0.176583834375 0.188413940625 0.1736205 0.1894592140625 0.1698338109375 0.192766059375 0.166639084375 0.195437296875 0.1638452046875 0.1951480125 0.16042663125 0.1945736578125 0.1574632984375 0.19561893125000002 0.1555799 0.1985689015625 0.1544941796875 0.2026021421875 0.15454504375 0.2050495328125 0.15607845625 0.207507478125 0.158344078125 0.20920734218749998 0.15867367500000001 0.21034340468749999 0.1581016078125 0.21357210625 0.15774633124999998 0.21578088593750003 0.15835642187500001 0.21667199531249998 0.160212378125 0.21600048749999998 0.162846115625 0.2138191515625 0.1656054953125 0.21212138125000002 0.167741946875 0.211204921875 0.1697527515625 0.20980489531250002 0.1730257859375 0.2073025890625 0.176422703125 0.20421746718749997 0.1819104953125 0.20096762968749998 0.18532730625 0.20047560625 0.1861833953125 0.1991347109375 0.1852857546875 0.194223034375 0.1840018671875 0.1916658421875 0.18242288125 0.18995964062499998 0.1799241 0.1888193625
0 0.1729628578125 0.225868140625 0.171951915625 0.227937553125 0.17064764062499999 0.23192433750000002 0.1696402265625 0.23612650781250002 0.16752367031249998 0.23963606406250001 0.166478234375 0.239718421875 0.163061421875 0.240210446875 0.1608940015625 0.2412726109375 0.15976094375 0.24499121562499998 0.16212829374999999 0.2515858640625 0.1629242078125 0.25160275312499997 0.16370551875 0.2522256859375 0.16462883749999999 0.2537925203125 0.164958434375 0.25492858281249997 0.1652424578125 0.25681638906250004 0.1671165421875 0.2576715953125 0.16990689375 0.255828121875 0.172772025 0.2520208234375 0.1741709765625 0.24866330625000002 0.1757429078125 0.24610399218749998 0.1772166375 0.24078264843750002 0.17764493125 0.235543665625 0.1795721390625 0.23077557187500003 0.1827013984375 0.22626298125000002 0.1817780765625 0.224696146875 0.179732775 0.22410911875 0.1773596375 0.22345240781250003 0.17509754375 0.22388530156250003 0.1729628578125 0.225868140625
0 0.160364971875 0.22334266249999998 0.158587325 0.22418310468749997 0.1563123890625 0.22628841875 0.1539591484375 0.228224803125 0.15132011875 0.2272070015625 0.1495862828125 0.2262293171875 0.1471675734375 0.22632435 0.14492184531250002 0.22721758125 0.143754290625 0.2289491328125 0.1435684703125 0.22982335312500002 0.14335520468750002 0.2329760359375 0.144560784375 0.235364296875 0.1467007625 0.23658059531250003 0.147185209375 0.236988140625 0.14642379375 0.23895830468749998 0.14557123125 0.2424319578125 0.14644721562500002 0.24368415781250002 0.1488367171875 0.2448012078125 0.15028653281249998 0.243891084375 0.1520624171875 0.24198426562500003 0.1557070953125 0.23773351874999998 0.15818774375 0.237347078125 0.16114755 0.234169046875 0.165588140625 0.229935190625 0.167362259375 0.226961990625 0.167264059375 0.224199965625 0.1661858859375 0.22336164687500001 0.1649055265625 0.2229372109375 0.16306417499999998 0.22300267968749998 0.160364971875 0.22334266249999998
0 0.2100552140625 0.16796468125 0.2073122 0.1701227890625 0.2035564796875 0.17328393125 0.20246899687500003 0.176250790625 0.20190045625000003 0.18161225 0.20204422968750002 0.18362253281250002 0.203277253125 0.1837323328125 0.20572693437499998 0.18349159843750001 0.2079434546875 0.1838104484375 0.20888490625 0.18690400000000001 0.208872065625 0.18857641875 0.209283496875 0.1920141703125 0.2116858390625 0.19145879999999998 0.214053684375 0.1889163734375 0.21511019843749998 0.1860952171875 0.216582165625 0.179707496875 0.21720156875000002 0.176793428125 0.2185695484375 0.17358161562500002 0.22008708906250002 0.16644215 0.22056448281250002 0.1625841796875 0.2184156875 0.1560359875 0.216776525 0.15568757187499999 0.2152519296875 0.158561521875 0.2128256703125 0.1635281125 0.2100552140625 0.16796468125
0 0.17590382499999999 0.2679151359375 0.175268053125 0.27036886718750003 0.174215065625 0.27532278125 0.171945421875 0.280627234375 0.1693935203125 0.2851102578125 0.167728678125 0.28810668281249996 0.167812275 0.29147475156249997 0.1697190953125 0.293250634375 0.1707826640625 0.29469499374999997 0.1708791015625 0.2963906421875 0.1714599859375 0.298493834375 0.1733013390625 0.2984283671875 0.17587489843749998 0.2976048171875 0.17859978125 0.29391999375 0.180669 0.290095803125 0.183171803125 0.284231765625 0.1847711765625 0.2793939890625 0.18555650937499998 0.2730126046875 0.18498140937500002 0.26497147656250003 0.1854968265625 0.2652333171875 0.185087159375 0.26286194531249996 0.1839342078125 0.26398745468749996 0.181657509375 0.265026390625 0.17805487656250002 0.2663926359375 0.17590382499999999 0.2679151359375
0 0.1600022125 0.29651526875 0.1590222421875 0.2984389765625 0.157699834375 0.3008990453125 0.1562208140625 0.30302125 0.1537728984375 0.304328365625 0.15157274375000002 0.30446985312499997 0.14910846093750002 0.30531663125 0.14761307343750002 0.306978496875 0.1470082734375 0.309286525 0.1477294046875 0.311267240625 0.14971276875 0.312145678125 0.14940835624999999 0.31680184843750003 0.1496923796875 0.3186896546875 0.150879828125 0.3195512 0.1529543390625 0.318926146875 0.1546665171875 0.3162443546875 0.1557230328125 0.3134231984375 0.15656451875 0.31268834375 0.1592637234375 0.312348359375 0.1613072625 0.311869009375 0.16347115625 0.3086740890625 0.16623455781250002 0.2999720015625 0.16627836875 0.29815387968749996 0.1654497234375 0.29721631406250004 0.1637941921875 0.2964075609375 0.16171791875 0.29596623593750004 0.1600022125 0.29651526875
0 0.11940493125 0.3676840734375 0.1182081703125 0.37062770624999997 0.11651059374999999 0.37270345625 0.1144670546875 0.37318280625 0.112798684375 0.3740464734375 0.11146167343749999 0.37711258124999997 0.1109971203125 0.3792981328125 0.11140678906249998 0.3816695046875 0.11251593124999999 0.3823621203125 0.11407678750000001 0.382541603125 0.11513859062500001 0.3829195828125 0.11557922812500002 0.3851452515625 0.11505273593750001 0.387622209375 0.1147757671875 0.38999991875 0.1163529890625 0.390639740625 0.11887745000000001 0.388435178125 0.1207462421875 0.3860912484375 0.1214620859375 0.384872828125 0.12265884687499999 0.3819291953125 0.1235260140625 0.3778495 0.12544038125 0.3747538265625 0.1282108390625 0.37031725781249997 0.1309193546875 0.3661720953125 0.1291837546875 0.3641280328125 0.12751362187499998 0.363925321875 0.12358139374999999 0.3641555046875 0.12103880468749999 0.3648333515625 0.11940493125 0.3676840734375
0 0.0631100203125 0.69174380625 0.0653244328125 0.6932547265625 0.0687053796875 0.6911127296874999 0.07083293125 0.68844425625 0.07194959375 0.6868612046875 0.0733805703125 0.6819642046875 0.0747027609375 0.675743790625 0.0747246875 0.6728878125 0.0725631625 0.671128075 0.0700563640625 0.670075121875 0.067792078125 0.670634065625 0.0675306515625 0.6736991953125 0.0656236859375 0.68083554375 0.0641088625 0.6833741984375 0.06299219843750001 0.68495725 0.062332609375 0.68897798125 0.0631100203125 0.69174380625
0 0.089440334375 0.7130938765625 0.088643003125 0.7151569734375001 0.0878933953125 0.7164328671875 0.0876988078125 0.7173483234375 0.0880610890625 0.7190200265625 0.0889783953125 0.7203312921875 0.09015514687500001 0.7204219484375 0.092176953125 0.7176623046875 0.09282926875 0.716844140625 0.0939735890625 0.7170873734375001 0.096229803125 0.717726415625 0.097963421875 0.7185733171875001 0.0988788796875 0.718767903125 0.0999546453125 0.717082928125 0.0999338140625 0.71436751875 0.09889838281249999 0.71079856875 0.09766836718750001 0.708145075 0.0970123578125 0.7067298796875 0.0972375296875 0.7045451671875 0.0978843046875 0.7003769640625 0.0975697453125 0.6979180578124999 0.0962730203125 0.6944530375 0.094325828125 0.6929228625 0.091793028125 0.6930223765625 0.08983238906249999 0.6932435078125 0.089757775 0.697533328125 0.08976885625 0.7042334078125 0.0897572578125 0.7071013953125 0.0899555375 0.7084192984375 0.09023581875 0.7099141 0.089440334375 0.7130938765625
0 0.077726884375 0.735002959375 0.07676555 0.7367122562499999 0.07460663281249999 0.7356154859374999 0.0737805640625 0.74006451875 0.0752547359375 0.742132028125 0.07893001093749999 0.7411590671875 0.0811959734375 0.737813440625 0.08201044375 0.736232396875 0.0831376265625 0.735993578125 0.0844630890625 0.7370726624999999 0.0855939640625 0.7390672031250001 0.08750687968750001 0.739633275 0.089253946875 0.73872886875 0.0888536921875 0.733859703125 0.087246103125 0.7301691375 0.0867045265625 0.728778265625 0.0861439640625 0.7257886609375 0.0867907375 0.7216204578125 0.0868139359375 0.7158844828125 0.0855514875 0.7133835640624999 0.0823626796875 0.712067884375 0.07950187812500001 0.7114598015625 0.0792919984375 0.7130098874999999 0.0794731390625 0.7138457390624999 0.07935265 0.7200394421875 0.07953933125 0.7242253328125 0.079317853125 0.7286434046875 0.07847464531250001 0.7326103859375 0.077726884375 0.735002959375
0 0.1266297421875 0.7401350843750001 0.1276003109375 0.7440091875 0.12868161718749999 0.7456742515625 0.1285555859375 0.748517915625 0.1291332859375 0.7519895734375 0.13070475312500002 0.7535993546875 0.1327779765625 0.7522858671875 0.13316345624999998 0.7482215921875001 0.13353733750000002 0.7470253062500001 0.135385390625 0.74789653125 0.13714959531249998 0.7474741765624999 0.1391389703125 0.744867109375 0.14032178281250002 0.7387397375 0.1385863140625 0.73677615625 0.136053515625 0.736875671875 0.13399004375 0.7342044921875 0.133366465625 0.7326367203124999 0.13189229375 0.7305692109375 0.1293845375 0.726049428125 0.1266669046875 0.723079734375 0.1245667890625 0.7278958390625 0.124099309375 0.7317832140625 0.1247265796875 0.7355843453124999 0.126088165625 0.7387442125 0.1266297421875 0.7401350843750001
0 0.12003988437499999 0.7475051968749999 0.119766990625 0.7504771125 0.1199652703125 0.7517950171875001 0.12194120156249999 0.75093925625 0.12453516875 0.7483012296875 0.1252694859375 0.7476599640625 0.1257749375 0.746970053125 0.1261145390625 0.7448096640624999 0.125403421875 0.739714953125 0.12377869062499999 0.735542334375 0.122859540625 0.7331143890625 0.12145022968750001 0.730741725 0.120452771875 0.7303702390625 0.1194210359375 0.72903465 0.1195905796875 0.7327384875 0.120610715625 0.736942065625 0.12152802031250001 0.7382533328124999 0.121419128125 0.7415790484375 0.12064078281249999 0.7452408765625 0.12003988437499999 0.7475051968749999
0 0.252532796875 0.7836409140625 0.254432265625 0.7859582953124999 0.2565758921875 0.78768969375 0.2592574015625 0.78857860625 0.26041701562499997 0.7881872109375 0.26096834375 0.785593415625 0.2617791203125 0.7817790109375 0.2620862921875 0.7797711984375 0.26399736093750004 0.7792205890624999 0.2651074046875 0.77849971875 0.265693009375 0.7768700281250001 0.2655748828125 0.77461234375 0.26493416718749996 0.7725625218750001 0.26360870625 0.7714834374999999 0.2610587671875 0.7711009 0.2583791046875 0.7713286687500001 0.256580621875 0.7707869203125 0.2544694265625 0.7689029453125 0.2524745109375 0.7681599718750001 0.24953355312499997 0.7684916703125 0.245988003125 0.768854328125 0.24614594687500002 0.7754261546875 0.246950665625 0.777829778125 0.248621271875 0.7800985109374999 0.249996303125 0.781507071875 0.252532796875 0.7836409140625
0 0.20988122968749998 0.7541629328125 0.2100660640625 0.75723214375 0.2099094484375 0.7613450640625 0.21069518125000003 0.76214995625 0.2127225296875 0.7627403515625 0.2139470046875 0.762043803125 0.21526507968750003 0.75865616875 0.2156065296875 0.7576124578125001 0.21645527812499998 0.7569955171875 0.21746802812500002 0.756732375 0.2185952109375 0.7564935562499999 0.219836825 0.756279059375 0.22040713906249998 0.755283996875 0.2215116421875 0.7512130875 0.2212600984375 0.7473323484375001 0.2184298796875 0.745455009375 0.21494549843750002 0.7432791562500001 0.21144397812500001 0.7406212484375 0.20838489531249998 0.7386952640625 0.2057376640625 0.7387704562499999 0.203714009375 0.7404134203125 0.20544763124999998 0.741260321875 0.20716780781250002 0.74385853125 0.20879068906249998 0.74691446875 0.2095629765625 0.7494706671875 0.209698240625 0.752210403125 0.20988122968749998 0.7541629328125
0 0.181383190625 0.7948300875000001 0.1824797890625 0.7958605234375 0.18364125 0.7965858078125 0.1853253 0.797103234375 0.1870705203125 0.7950821484375 0.1881787171875 0.7932445968749999 0.18856973593749998 0.7925303625 0.192134271875 0.7937664375 0.1934713328125 0.7919775328124999 0.19390268906250002 0.786009375 0.1915436421875 0.782478021875 0.188057415625 0.7791854875 0.184540603125 0.7771622093749999 0.1807147734375 0.7760300640625 0.1777548296875 0.77476303125 0.17512104374999998 0.773086915625 0.1725386734375 0.7728569546874999 0.1738794296875 0.7733014109374999 0.17694774687499998 0.7808107953125 0.1784409046875 0.7844770375000001 0.1797033515625 0.786977953125 0.1804297625 0.7914380359375001 0.181383190625 0.7948300875000001
0 0.188211665625 0.7835239546875 0.1908644359375 0.7867988015625 0.19235759531250002 0.7904650453125 0.1922658421875 0.7942728125 0.19162091406249998 0.799557696875 0.192410340625 0.8025959468750001 0.19468369218749998 0.803717040625 0.1982047140625 0.7984056125000001 0.20017510624999998 0.7941998124999999 0.201092409375 0.7955110796875 0.20421266249999998 0.7948985515625 0.2055594734375 0.7891249796875 0.20408345625000002 0.7859407890625 0.2027237140625 0.7838976015625 0.2016748390625 0.7820799609375 0.199824940625 0.78009205625 0.1981849171875 0.776554065625 0.195841165625 0.7723880859375 0.18831553437499998 0.7672801296875 0.18769565 0.76794571875 0.1859008609375 0.7696373296875 0.18414035 0.77229304375 0.18427561406249998 0.7750327796875001 0.186113915625 0.779888671875 0.188211665625 0.7835239546875
0 0.19146637187499999 0.7653983484375 0.192564815625 0.7675454640625 0.19364612187500002 0.7692105312499999 0.19508786250000001 0.7714306171875001 0.195844859375 0.7746214453125 0.1955052546875 0.776781834375 0.1950053453125 0.7808217843749999 0.1947973125 0.7834885500000001 0.1956344625 0.785739596875 0.19735094375 0.786104446875 0.19839612499999998 0.785688728125 0.19950616875 0.7849678578125 0.2010225234375 0.782898125 0.20187127343750003 0.7822811828125 0.20270472968750003 0.7822988703125 0.20365261562499998 0.78234088125 0.2061817234375 0.78000800625 0.2066853265625 0.7782014140625 0.205733746875 0.77592604375 0.2048011484375 0.77524940625 0.2034603953125 0.7748049499999999 0.20256022968749998 0.7739757359375 0.20163923281249999 0.770431109375 0.20184172500000003 0.7644143046874999 0.19424938593750002 0.7584948234375 0.194899853125 0.7565599796875 0.1936582390625 0.7567744750000001 0.1915238453125 0.7606264765625 0.19120138281250001 0.7632689187499999 0.19146637187499999 0.7653983484375
0 0.4836598484375 0.792828678125 0.4863529015625 0.79592695625 0.4880304765625 0.7990036843749999 0.48920850781249997 0.80100275 0.48935243125000005 0.803753490625 0.4895358671875 0.8063183328125 0.49154818593750005 0.8071346578125 0.4939578921875 0.8074525609375 0.49497111718750003 0.80611355625 0.4956801140625 0.8014068515625 0.49655616562500005 0.801398765625 0.49912392656250004 0.800973078125 0.5004532609375001 0.7981468953124999 0.50033021875 0.7959834828125001 0.5006023171875 0.7919610968749999 0.49977990937500005 0.788288953125 0.49774445937499995 0.78552475 0.495532321875 0.7842773609375 0.49465401875000004 0.78292489375 0.49343647500000004 0.7811117265624999 0.4911803234375 0.7773291296875 0.4878319203125 0.7752573296875 0.48341439687500004 0.7768442078125 0.48204554687499995 0.7798562875 0.4831818140625 0.780680696875 0.48137156406250003 0.781655990625 0.4802793125 0.7833667890625 0.47994231875000004 0.7842666406250001 0.4812433921875 0.78842911875 0.4836598484375 0.792828678125
0 0.4727090609375 0.816925315625 0.47705430781249997 0.8197918906250001 0.4797242265625 0.8209422890625 0.48249405625 0.8223082187499999 0.484787471875 0.824544365625 0.4857075375 0.8270714874999999 0.48615343906249997 0.831829378125 0.4881471265625 0.833418928125 0.49105412812499993 0.833453940625 0.49288301093750003 0.8317054234375 0.49329677812500006 0.8290732234375 0.4932155015625 0.828084465625 0.49356887499999996 0.8250508359375001 0.494082553125 0.8226341703125 0.49549541562500005 0.8221572984375 0.4983770359375 0.8188838781250001 0.49898837343749997 0.8153221921875 0.4963952296875 0.8124394484374999 0.4935858875 0.8112594140624999 0.49079742499999995 0.810666709375 0.4887851078125 0.809850384375 0.4865543375 0.80937621875 0.48470232500000004 0.8091768578125 0.48117723437500004 0.808621875 0.47826573124999994 0.8058657546875001 0.474915078125 0.802433403125 0.4712691953125 0.8010755578125 0.4691174546875 0.8002295984375 0.467432496875 0.8047288578125 0.46672125 0.8080750125 0.46774347499999996 0.81217821875 0.4692003515625 0.8142365546875 0.4727090609375 0.816925315625
0 0.475487259375 0.835391103125 0.47581236875000005 0.8393461328124999 0.4761724921875 0.8403941609375 0.4780058734375 0.8413667468750001 0.47963943750000004 0.8419082671875 0.481847075 0.8404345531249999 0.48311601406250004 0.837206940625 0.4874850234375 0.8303637500000001 0.4874618921875 0.82841586875 0.48681842187499996 0.8245874656250001 0.48571941875 0.8222166062499999 0.48410448749999996 0.820901859375 0.4814972125 0.82151344375 0.4777954359375 0.8224752750000001 0.47397061875 0.8212736921875001 0.4675757890625 0.81913724375 0.46451073125000003 0.81984581875 0.4634602421875 0.822731271875 0.46491486875000004 0.8234290546875 0.46940628906250004 0.830406921875 0.472775575 0.8330660484375001 0.47478564375000004 0.8325218203125001 0.4758406328125 0.8323574734375001 0.475487259375 0.835391103125
0 0.44151591406249996 0.8450740484375 0.4433746796875 0.8493550671874999 0.44435514062500003 0.8522836203124999 0.4443037453125 0.8573244015625001 0.44425235 0.8623651812500001 0.44666880625000005 0.866764740625 0.45158812812500004 0.8676160765625 0.45430494218749995 0.8610045906250001 0.45515786093750005 0.859048625 0.45698899375 0.8586606578125 0.46033064687499997 0.8566508 0.4609628671875 0.8536764421875 0.45818628749999996 0.8482288546874999 0.45587424062500004 0.84676593125 0.454459128125 0.8458822500000001 0.45381790781250003 0.8434143984375 0.45317443749999997 0.8395859968750001 0.4496634796875 0.8355366796875 0.44565747343749995 0.8331308078124999 0.444758290625 0.8311910125 0.4428294984375 0.8327239984375 0.441539678125 0.835364284375 0.44025435625 0.8407256750000001 0.4402774890625 0.8426735546874999 0.44151591406249996 0.8450740484375
0 0.41910957812499994 0.8168015796875 0.420984721875 0.8189488218750001 0.42250199374999997 0.8214085875 0.423600996875 0.8237794484375 0.4269076375 0.8246765921874999 0.428659740625 0.8246604203125001 0.42963345156250005 0.8235073140625 0.42954317499999994 0.817076346875 0.430277553125 0.8156780734375 0.43208780312500006 0.8147027796874999 0.43258285 0.8130593390625 0.43285494687500004 0.8090369515625 0.4313004109375 0.808123634375 0.4292694609375 0.8080805359375001 0.42739656562499995 0.8072938468749999 0.42602096562499997 0.80622426875 0.42303043437500004 0.803839946875 0.4191079578125 0.8037833828125001 0.41568502656249995 0.8048044828125 0.412080909375 0.80462129375 0.41256182499999994 0.80647218125 0.41358180000000005 0.8092148375000001 0.4146830515625 0.8129462500000001 0.4174551328125 0.8156727328125 0.41910957812499994 0.8168015796875
0 0.751966084375 0.7290436828125 0.755929975 0.7283228765625 0.75939595625 0.7292550140625 0.7616208796875 0.7305096140625 0.7650891265624999 0.7328101671875 0.7691325 0.7317154203125 0.77063075 0.7294934296875 0.770983903125 0.7250738484375 0.770939634375 0.7225239859375 0.771267259375 0.714776846875 0.7710804984374999 0.7108287625 0.768895315625 0.709387190625 0.76443578125 0.713129353125 0.7630590203125001 0.7161588437499999 0.7599575062499999 0.7176492109375 0.756573271875 0.717711546875 0.753331528125 0.7191721078125 0.750129528125 0.72044569375 0.7473669546874999 0.7210310078125 0.7458079578125 0.722849246875 0.7446719140625 0.7261253234375 0.74523735625 0.7289813828125 0.7477427375000001 0.730295596875 0.751966084375 0.7290436828125
0 0.713795734375 0.7645088546875 0.7169789953125 0.7640129609375 0.719980021875 0.762305815625 0.721153546875 0.7574743515625 0.7218479015625 0.7535181328125 0.720857246875 0.7478358187499999 0.7189105171875 0.745272415625 0.7147013859375 0.7430098 0.712677434375 0.7421887593750001 0.7114386406250001 0.7438796375 0.71050356875 0.7475892703125 0.7100664046875 0.7496459625 0.7087646015625 0.749564675 0.7059855515625 0.7522960999999999 0.703386471875 0.754870359375 0.698749228125 0.7601381046875 0.69961386875 0.7622760828125 0.702621684375 0.7646741890625 0.7075671765625 0.7641620312499999 0.7110519 0.764316471875 0.713795734375 0.7645088546875
0 0.7656258671875 0.7909638234374999 0.7687041140625 0.7875143171875 0.7713684656249999 0.7880806421875 0.7741123 0.7882730234374999 0.7779921796875 0.785189328125 0.77950464375 0.7794528109375001 0.778039346875 0.7773825765625 0.7754102109375001 0.7738924468749999 0.776046084375 0.77090089375 0.774618265625 0.7672752734375 0.7727930265625 0.7655193703125 0.768310225 0.76730239375 0.7658911171875 0.7697194859375001 0.7642759046875 0.773870809375 0.7625579390625 0.7764369359375001 0.7592179734375 0.779049134375 0.7541997859375 0.7840404875 0.7533794140625 0.7844523703124999 0.7525448296875 0.7883787812499999 0.75393290625 0.7921913765624999 0.7586024671875 0.7943564390625 0.7626248390625 0.79267096875 0.7656258671875 0.7909638234374999
0 0.7725888796875 0.8237109640625 0.775966325 0.8195433765625 0.7756160703125 0.8136063453125001 0.7748916609375 0.8114981718750001 0.7750858453125 0.8078264796875001 0.7721785140625 0.8056451515624999 0.7697174 0.8068808000000001 0.7683406390624999 0.809910290625 0.7663399546874999 0.8110483875 0.7645777234375 0.811064653125 0.7597792484375 0.81571186875 0.7562383078125 0.8178905078125001 0.7569019734375 0.8195949312499999 0.759589590625 0.8221203953125 0.7624571765625 0.8244886953125 0.7674446765625 0.82515798125 0.7725888796875 0.8237109640625
0 0.7604478 0.8566966328125 0.7633926078125 0.8573225703125 0.766012690625 0.8553390343749999 0.7654449859375 0.85111455625 0.7647415765625001 0.8495971062500001 0.7661790828124999 0.8469713656250001 0.7668546984375 0.8437928421875001 0.766466965625 0.8394112 0.7648637015624999 0.8386795781249999 0.7626035609375 0.8403487828125 0.7606028765625 0.8414868796875 0.7579175234375 0.8403298328125001 0.7538718859375 0.8400561640624999 0.748229775 0.843156121875 0.7454297203125 0.8452968249999999 0.746700834375 0.8510387515625 0.749624640625 0.8510739671875 0.7541307078124999 0.851250084375 0.7569982937499999 0.8536183828125001 0.7604478 0.8566966328125
0 0.7537145453125 0.8538974984375001 0.7505500234375 0.8536156984375 0.747546734375 0.8539544265625001 0.7437418124999999 0.8539273421875 0.7398154015625 0.8530927578125 0.736113228125 0.8546508703125 0.7333296515625001 0.8546454609374999 0.7381837109375 0.859390190625 0.7417921859375001 0.8617205515625 0.7444167937499999 0.86247385 0.745660115625 0.8635198015625001 0.7457486515625 0.8686195265625001 0.7469124890625001 0.8700394234375001 0.7485764968749999 0.8711747984375 0.7507736296874999 0.8677334234374999 0.7528389296875 0.862082359375 0.754230559375 0.86319189375 0.7566474046875 0.8594063828125 0.7559792125 0.8549651265625 0.7537145453125 0.8538974984375001
0 0.7445602796874999 0.88869055 0.7448782171875 0.887194775 0.7451728875 0.8837398593750001 0.7439040375 0.8793663484375 0.745423290625 0.87773508125 0.7457577046874999 0.8740931953125 0.74386945625 0.870565125 0.741766021875 0.8701180265625 0.7391084609374999 0.8736569515625 0.737390496875 0.876223078125 0.7346466625 0.8760306968749999 0.7308230015625 0.8767813078125 0.7267796265625 0.8778760562500001 0.722219603125 0.8814014406249999 0.723381178125 0.881452921875 0.7261295390625 0.8843821359374999 0.7323228796875 0.887652765625 0.7377123250000001 0.8891891671875 0.7422791375 0.8897690328125 0.7445602796874999 0.88869055
0 0.733457021875 0.91955178125 0.7360231484375 0.9212697437499999 0.739091709375 0.9240716015625001 0.7424129359375 0.9222370968750001 0.7428268328125001 0.918221265625 0.742738296875 0.9131215421875 0.7415932 0.9109239499999999 0.743168671875 0.9069595984375001 0.743281109375 0.9022934328125001 0.740535009375 0.9007326328125 0.7382516046875 0.9004427015625 0.7367323515625 0.9020739671875001 0.734757196875 0.9065396203124999 0.7344790015625 0.9078484250000001 0.7327565109374999 0.9076777171874999 0.729391015625 0.906962359375 0.727308584375 0.9071059828125 0.7253266390625 0.9074663859375001 0.720429940625 0.9132652390624999 0.7188124640625 0.91604814375 0.7188169890625 0.9187849781249999 0.7219020281249999 0.9194407234374999 0.7242859203124999 0.9199474343749999 0.7279108703125 0.920131684375 0.733457021875 0.91955178125
0 0.7312359890625 0.9327590453125 0.7299881421875 0.9289762578125 0.7301658484375 0.927450675 0.7315426109375001 0.924421184375 0.7308182000000001 0.9223130125000001 0.72879425 0.9214919703125 0.7274527046875 0.9215976546875 0.725416803125 0.92565955625 0.723495603125 0.926423709375 0.7211117109375 0.925916996875 0.7157665328125 0.9269304578125 0.710026196875 0.9311820546874999 0.7097480015625 0.9324908593749999 0.7140808890625 0.9369293921875 0.72199898125 0.9417391453124999 0.728568740625 0.9425493328125001 0.7313245265625 0.93785876875 0.7312359890625 0.9327590453125
0 0.7501125859375 0.9039409265625 0.7549110609375 0.8992937124999999 0.7538784015625 0.8924299515625 0.7546380265625 0.8916143203125 0.7555520953125 0.8873139640625001 0.7547669406249999 0.8848020406250001 0.7517449109375 0.8859184640625 0.7490663468750001 0.888866665625 0.7460488421875 0.8927199218749999 0.7432442640625 0.8921237906249999 0.7400610015625 0.8926196828125 0.7344773734375 0.894754978125 0.736601809375 0.8957927984375 0.741112403125 0.8987057484375001 0.7453425375 0.9015590859374999 0.746749353125 0.9045939859375001 0.7501125859375 0.9039409265625
0 0.7081977 0.903239259375 0.712540271875 0.901426428125 0.7178104921874999 0.9035237453124999 0.723059709375 0.905030340625 0.7268203640625 0.9025075609375 0.7276736859375 0.8978034562499999 0.725322746875 0.8930045218749999 0.7258393953125 0.8905738859375001 0.72681194375 0.8853088640625 0.72447974375 0.879732234375 0.721212471875 0.8778652390625 0.719232790625 0.8795940578125 0.7168556875000001 0.883192596875 0.7123586734375 0.8884901468749999 0.70965684375 0.8894792109375 0.703453815625 0.8924599437499999 0.69921399375 0.89585796875 0.7005135328125001 0.8945708390625 0.6984918453125 0.8951182140625 0.699234996875 0.8964486921875 0.7003613546875 0.899423978125 0.703813121875 0.90387064375 0.7081977 0.903239259375
0 0.6848242796874999 0.8042743453125001 0.6847567453125001 0.7997653437500001 0.6799747468749999 0.8022664484375 0.6785724578125001 0.8019683828125 0.6779582203125 0.793825625 0.6756328093749999 0.792354246875 0.6714349921875 0.7969337171875 0.6713412953125 0.8008221890625 0.67174776875 0.8044261374999999 0.67067473125 0.80947438125 0.6658433046875001 0.8184138187500001 0.6640435921875001 0.8199854734375001 0.6647492640625 0.8228713390625 0.6718896265625001 0.8175493906250001 0.677534 0.8158178484375 0.681771559375 0.81105140625 0.6848242796874999 0.8042743453125001
0 0.6625327578125 0.8388154374999999 0.665578053125 0.8396581546874999 0.667410715625 0.8337942796875 0.6670439859374999 0.8300033578124999 0.66413439375 0.826453615625 0.6651699515625 0.822960759375 0.6641792953125 0.8172784468750001 0.6627372640625 0.8171673515625001 0.6606968375 0.8184924203125 0.658857384375 0.8202510468750001 0.6570366703125 0.821231978125 0.6541151281250001 0.8225651781250001 0.6518129828125 0.8230529390625 0.6483469984375 0.822120803125 0.6446403015625 0.8209420812499999 0.6409823984374999 0.8250500562499999 0.6413303906250001 0.8296186703125 0.6441582359375 0.8321739406249999 0.650253353125 0.8365962093749999 0.6576434828125 0.8369945140624999 0.6625327578125 0.8388154374999999
0 0.6747730562500001 0.829496609375 0.6730880453125 0.8277705140625 0.668745471875 0.8295833437500001 0.6671234687500001 0.8296294156249999 0.6664388015625 0.8273342703125 0.66659550625 0.825217965625 0.6655531578125 0.8246055671875 0.6607569484375 0.8306212015625001 0.659258696875 0.832843190625 0.6566806203125 0.8360081734374999 0.65304598125 0.8420752859375 0.6512905390625 0.846196803125 0.649853034375 0.8488225421875001 0.6476769046874999 0.8528546374999999 0.6467395687499999 0.8551958531249999 0.648169653125 0.8601898921875 0.652114803125 0.8602467828125 0.661872984375 0.8515728812500001 0.6663489953124999 0.8456846062500001 0.6698434046874999 0.8395876859375001 0.67168059375 0.8364606437500001 0.6733190734375001 0.8342684609375001 0.6747730562500001 0.829496609375
0 0.6169942749999999 0.89929150625 0.618882521875 0.9028195765625 0.620936528125 0.9097050093749999 0.6222473828124999 0.9152599640625001 0.6214758078125 0.92095854375 0.62443935625 0.9208067874999999 0.6263582921874999 0.91867421875 0.627414853125 0.9157720859375 0.6288568859375 0.9158831796875001 0.63137648125 0.9136828640625 0.6324915234375 0.9098160671875 0.6326249625 0.9057406218749999 0.630820725 0.904575440625 0.6303370296875 0.9027138546875 0.6287105015625001 0.9000230921875 0.6250367546875 0.894552146875 0.61897911875 0.888574490625 0.6188718421875 0.8842524624999999 0.6176143062499999 0.8867210359375 0.6149567453125 0.8902599609375 0.6139796703125 0.8927881484375 0.614264653125 0.8955845968749999 0.6169942749999999 0.89929150625
0 0.7490166296874999 0.7816501203125 0.7522229031250001 0.7817385203125 0.75504794375 0.7810044921875 0.7564208640625 0.77506860625 0.75547403125 0.7721983328124999 0.751448415625 0.77282545 0.751079684375 0.7703746125000001 0.7519223140625 0.7653639625 0.7505658109375 0.7628514484375 0.7466608171875 0.7629110890625 0.74380905625 0.7658636171875 0.7408207375 0.7689354015625 0.737938821875 0.7720297984375 0.7347394171875 0.776094665625 0.7323291984375 0.779585884375 0.7311656484375 0.7834903703125 0.73135173125 0.7857541046875001 0.733568515625 0.7847425078125 0.737886615625 0.7864017421875 0.7433062390625 0.7834019140625 0.7460515984375 0.78042676875 0.7471139 0.779614615625 0.7490166296874999 0.7816501203125
0 0.758997040625 0.7524847015625 0.761267265625 0.7470361015625 0.7604996484375001 0.7422762984375 0.7575363328125 0.7420912625 0.756532625 0.741581359375 0.7559971828125 0.7393916453125 0.7540182046874999 0.7371916546875 0.75169501875 0.738180634375 0.750178671875 0.7400825078125 0.7478270484375 0.7422516703125 0.74543105 0.745152796875 0.7423397640625 0.750278596875 0.740381875 0.7516417796875 0.7389702125000001 0.7525279515625 0.73621235 0.7571315078125 0.7358431390625 0.7635772953125 0.7374727546875001 0.7658513046875 0.73785570625 0.7677120484375 0.738958946875 0.7640913015625 0.7451979125 0.76037595625 0.748643709375 0.7582910875 0.7530454062499999 0.755371446875 0.755900603125 0.7544955515625 0.758997040625 0.7524847015625
0 0.7531863609375 0.7395355796875 0.754371 0.73919426875 0.7553376843749999 0.7356927734375 0.754419290625 0.731642315625 0.752530778125 0.72901671875 0.7497501125 0.729018784375 0.74695694375 0.730649259375 0.74193105625 0.73284310625 0.7377262265625 0.7353597546875 0.73415980625 0.7380121015625 0.7321273890625 0.7402491140625 0.7300432453125001 0.7479614484375 0.731450990625 0.7538952671875 0.7358862765625 0.75291039375 0.7369024859375 0.7517918859375 0.7428239640625 0.7490470078125 0.7456632234375 0.7477228874999999 0.7500171109375 0.743458578125 0.7509712937499999 0.7415854937499999 0.7511965984375 0.740002315625 0.7531863609375 0.7395355796875
0 0.734003734375 0.836584309375 0.734149359375 0.8327600140625 0.733473925 0.82861291875 0.7331831578125 0.8273648843749999 0.7334829921875 0.8249078781250001 0.7325060046874999 0.8221794734375001 0.72989376875 0.8229587328125 0.7282266468749999 0.82556995 0.7265913953124999 0.8290776171875001 0.7249652140625 0.8288802390625 0.718995928125 0.830280446875 0.7161794734375 0.83620605625 0.7152998203125 0.8372053109375001 0.7175394109375001 0.8407952046875 0.7227690359375 0.8423516328125 0.72775226875 0.8419280625000001 0.7343104390625 0.8382805671875 0.734003734375 0.836584309375
0 0.7242481484375001 0.8730631750000001 0.726197453125 0.866508409375 0.7298469859375001 0.8681738140625 0.732895615625 0.86481829375 0.7335732484374999 0.8611070812499999 0.7329917140625 0.8586110124999999 0.7327418859375 0.8545543828125 0.7315094390625 0.853551025 0.728014115625 0.85325290625 0.7284965984375 0.8509829999999999 0.7278974109374999 0.847000390625 0.7247514484375001 0.8466282546875 0.722506225 0.848820034375 0.7207344171875001 0.8524469531250001 0.71938821875 0.8561643359375 0.7182690421875 0.859336859375 0.7159066328125 0.8641727484375 0.7131789265624999 0.8686344359374999 0.71034481875 0.8730735062500001 0.706558246875 0.8804239781250001 0.7070088578125 0.8772576234375 0.7043927046875 0.8848568765625 0.7077816265625 0.8851323765625001 0.7107750953124999 0.88517554375 0.71752106875 0.8848301 0.721921046875 0.8808721437499999 0.7242481484375001 0.8730631750000001
0 0.6871251984375 0.8272530984375001 0.6840065328125 0.8186871390625001 0.6802730015625 0.8192107312499999 0.6769960937499999 0.8237829124999999 0.6750316984375 0.8330246718750001 0.6753569265625 0.8392406296875 0.6755507609375 0.84762395625 0.6756553078125 0.8564273609375 0.6791834078125001 0.867714703125 0.682686084375 0.8636295687500001 0.68622578125 0.8547226515625 0.6887208375 0.8398859203125 0.6887527703125 0.8319896421875 0.6871251984375 0.8272530984375001
0 0.6114213390625001 0.6210491078125 0.60358694375 0.61762761875 0.5942396921875 0.624421984375 0.5847712140625 0.63953270625 0.5826333234375001 0.65268911875 0.5887036671875 0.650466934375 0.5986389359375 0.6455537953125 0.6081226671875 0.6396665578125 0.6126126281250001 0.6340350406249999 0.6142198609375 0.6264736015625 0.6114213390625001 0.6210491078125
0 0.7059623125 0.41019926562500003 0.6945729671875001 0.406461209375 0.6870688875 0.41233017343749995 0.68347691875 0.41683538750000004 0.6818747703125 0.427471321875 0.6844997937499999 0.436810471875 0.68330708125 0.4501677875 0.6853121546875001 0.4655219921875 0.693640190625 0.4681702890625 0.6951109453125001 0.45970172343750004 0.696077890625 0.445857359375 0.6977272265625001 0.43654863437499997 0.7006839890625 0.42883498906249995 0.704402265625 0.41908791093750003 0.7059623125 0.41019926562500003
0 0.6271910140625 0.607277746875 0.6277165890624999 0.5986082765625 0.6307307109375 0.5983708296875 0.6311771640625 0.5962704296875 0.6312983875 0.587954071875 0.627512584375 0.5840759609374999 0.622203753125 0.5842647109375 0.618638634375 0.5777991515625 0.6095490859375 0.5771842859375 0.603252971875 0.5789194203125 0.6040348234375 0.58918396875 0.6096216953125 0.5938839703125 0.6161116453125 0.6005321609375 0.623457484375 0.6078013375 0.6271910140625 0.607277746875
0 0.650237575 0.613493621875 0.6432960875 0.605871334375 0.63200111875 0.6047876921875 0.6234524 0.6047268421875 0.6170350609375 0.614778334375 0.6130910140625 0.6240383640625 0.6140042609374999 0.6321355453125 0.6201167078125 0.6281660765625 0.6351873109375 0.6269788390625 0.638253703125 0.6311430953125 0.644507715625 0.6311552484375 0.650709453125 0.6267656984375 0.650237575 0.613493621875
0 0.631911828125 0.605207771875 0.6348468281249999 0.6115393953125 0.6438470875 0.6125743406249999 0.652259328125 0.6117280625 0.652286178125 0.6007572890625 0.6520081375 0.5958685390625 0.649613965625 0.59009093125 0.6423523343750001 0.5793271796874999 0.637259103125 0.5738539890625 0.6270980640625 0.57828008125 0.6262995328125001 0.5851352953125 0.6280635828125 0.5907789671875 0.6302791703125 0.597396734375 0.631911828125 0.605207771875
0 0.7053212249999999 0.801200446875 0.70828434375 0.8016669546875 0.711495625 0.8003896765625 0.7139667328125 0.7968318875 0.7164435140625 0.7967050578125 0.71865458125 0.797828321875 0.7213306484374999 0.7967639203125 0.72187585 0.7924701265625 0.720199996875 0.7911339828124999 0.7188932859375 0.7903662687499999 0.7193407359374999 0.7876849109374999 0.7194014890625 0.783941428125 0.7173057296875001 0.7816994234375 0.7145475703125 0.783726303125 0.7127250890625 0.7848088171875001 0.7095489140625 0.7870734875000001 0.706687328125 0.787281846875 0.7030267078125 0.79009683125 0.6988667046875 0.793846146875 0.699369865625 0.7951991203125 0.7007975562500001 0.7982790515625 0.7053212249999999 0.801200446875
0 0.3642967015625 0.8274870484375001 0.36853970625 0.8234304859374999 0.36959132031249997 0.8168925 0.369933784375 0.8144860734374999 0.3692521984375 0.8073543015625001 0.3657589609375 0.8039071874999999 0.3604512890625 0.8066105296874999 0.3565645296875 0.8026290015624999 0.3497692296875 0.7996069296874999 0.3494450359375 0.81306104375 0.3524530828125 0.816405028125 0.3551618890625 0.820361559375 0.358353278125 0.8228429796875 0.3642967015625 0.8274870484375001
0 0.33761437031249997 0.71205366875 0.3276329 0.7097066578125 0.321036603125 0.7152914671875 0.316652746875 0.7319395796875 0.31537195156250003 0.7395557703125 0.31632594375 0.7438154531250001 0.3213645515625 0.7320395703125 0.3266800546875 0.73407095 0.33127074375 0.730764440625 0.33562964375000004 0.7269578953125 0.33834179375 0.7189697984375 0.33761437031249997 0.71205366875
0 0.36061865625 0.8519482343749999 0.3642900171875 0.8513763031250001 0.371301446875 0.8454289656249999 0.3719647625 0.84151305 0.3688814375 0.834546925 0.36415919375 0.828133971875 0.3596281203125 0.8255931765625 0.3511506734375 0.824918159375 0.34842547343749997 0.82501505 0.347759546875 0.8273527234375001 0.3526461328125 0.8353782953125 0.35666778906249996 0.8371346609374999 0.35731993281249996 0.84042865 0.3574626609375 0.842938209375 0.3578423984375 0.849104284375 0.36061865625 0.8519482343749999
0 0.37596668437499997 0.8592674656250001 0.3809751171875 0.85717666875 0.3824739203125 0.8556921781250001 0.386236953125 0.8546889671875 0.3882347296875 0.84767594375 0.3864046359375 0.8443569578125001 0.3819003984375 0.8440757031249999 0.3811349703125 0.8421099359375 0.3789277484375 0.8342031140625 0.3730379921875 0.8340781265625001 0.374614684375 0.83779401875 0.37573040625 0.8420880796875 0.3771263640625 0.8482447765625001 0.3762580921875 0.8539201953125 0.37596668437499997 0.8592674656250001
0 0.32935199375 0.828421834375 0.3313874453125 0.831186040625 0.3359235109375 0.8290414687500001 0.3380289875 0.8259916687500001 0.34245326249999997 0.828486446875 0.3437132015625 0.819816625 0.341715015625 0.815505971875 0.33538058125000003 0.8137709531249999 0.3317838453125 0.806011775 0.3277964703125 0.8028326781249999 0.322786240625 0.8072080171874999 0.32474716406250004 0.813065121875 0.3282976375 0.8169285390625 0.32973813125 0.8211206515624999 0.32935199375 0.828421834375
0 0.30776725625 0.43516045 0.32088625312499997 0.43734527187500005 0.32850331875 0.4419828625 0.3371025828125 0.441999571875 0.3433201875 0.42339885468749994 0.33438951562499997 0.41003015937500004 0.330743190625 0.4122736390625 0.3238188640625 0.41502777343749997 0.3156528078125 0.41510314531250003 0.3093423546875 0.4149692296875 0.3065764265625 0.42585173593750003 0.30776725625 0.43516045
0 0.1724707671875 0.7404267875 0.17001161874999998 0.7384062765625 0.1666772140625 0.7374835546875 0.163521825 0.7387386046875 0.1623419609375 0.74126945 0.1613846296875 0.74577334375 0.164176334375 0.7500042609375 0.1682809265625 0.7525884953124999 0.1711087140625 0.7521197 0.17184599375 0.7471410890625 0.1724707671875 0.7404267875
0 0.1671520125 0.759409609375 0.169388628125 0.7594570734375 0.1700332265625 0.7647294125 0.173958803125 0.765135875 0.1735752953125 0.7586352015625 0.17153078125000001 0.7554189906250001 0.16865204375 0.7515975187499999 0.16823245625 0.7497965578125 0.1674162765625 0.7468414375 0.16072446875 0.7443491921875001 0.1578942015625 0.74331965625 0.15405565625 0.7425037484375 0.1516425015625 0.7417768437500001 0.150020053125 0.7418599265625 0.14984847031249998 0.7441771453125 0.1527321625 0.7509952796875 0.15646316093749998 0.753072159375 0.1608748375 0.7557216640625 0.1635540375 0.7582168921875 0.1671520125 0.759409609375