0 0.4788799265625 0.499063309375 0.4808792265625 0.5019458359375 0.49097205 0.5024823578125 0.49522587500000004 0.4978516125 0.4975327328125 0.4942647625 0.5027528343750001 0.4873655921875 0.5053581453125 0.4838618265625 0.5043986953124999 0.48121590625 0.4880811890625 0.482752696875 0.48290356093750003 0.48680909687499996 0.4728941640625 0.4955468015625 0.4788799265625 0.499063309375
0 0.48578838125 0.4415686109375 0.48325854062499995 0.43927847187499997 0.48038056406249996 0.438001540625 0.4754919109375 0.44203265781249995 0.4750114234375 0.44818958125 0.4707788375 0.45139893906250006 0.46878711875 0.45692371875 0.4751020546875 0.45921028750000004 0.48404581406249997 0.4549335890625 0.486364428125 0.44981698750000004 0.48688776718750004 0.44747812031249995 0.4920608421875 0.44669795 0.4928943921875 0.44291241562500006 0.48578838125 0.4415686109375
0 0.6154895421875 0.5062205375 0.6189359828125001 0.5073385421875 0.6227210765625 0.507334971875 0.6263070765625 0.5050557375 0.6282278765625 0.5020486359375 0.6269127125 0.4920086171875 0.624889521875 0.48552476406249995 0.6205594765625 0.48262776093750004 0.6064354359374999 0.48593814999999996 0.6116513625 0.4889760359375 0.6105857234375 0.49343704375 0.6135751921875 0.49765247031250004 0.6156620937499999 0.4998721671875 0.6157641046875 0.502702296875 0.6154895421875 0.5062205375
0 0.46263679375000005 0.3916175734375 0.45815505625 0.38698673281249996 0.454291840625 0.387761496875 0.45323340781250004 0.393968984375 0.4509667484375 0.3963511796875 0.4473026296875 0.399401609375 0.454337721875 0.40326308906249997 0.4603090765625 0.4032866359375 0.46236033125000003 0.40343475624999997 0.4633861453125 0.40683923125000004 0.46725428906250005 0.4094490609375 0.47344825312500005 0.4086887703125 0.4771741859375 0.40967312656250005 0.48853894843749995 0.4097707828125 0.48644939374999996 0.40252837656249996 0.48285353906250006 0.39803841875 0.4778177453125 0.397059465625 0.465934196875 0.396024446875 0.46263679375000005 0.3916175734375
0 0.48393284999999997 0.34214564687500004 0.4801902296875 0.339306446875 0.4790696078125 0.3348183234375 0.4743182359375 0.33709031875 0.4724091921875 0.33856767187500003 0.4701542890625 0.3394201171875 0.46867870624999997 0.34085954687500003 0.465921703125 0.34262947499999996 0.45976566406249997 0.3438232234375 0.46677458906249997 0.34572149531249996 0.47334285156250006 0.34591120625 0.478177275 0.34625261093750004 0.4844114359375 0.3442876640625 0.48393284999999997 0.34214564687500004
0 0.5119469578125 0.3028962140625 0.5106416515625 0.2996253875 0.5091873031249999 0.29964343125 0.507666590625 0.298902921875 0.5057833375 0.29568265781249997 0.500669421875 0.2954749015625 0.500174525 0.298138865625 0.4986090640625 0.301879240625 0.49495442343749996 0.3050380359375 0.4896797125 0.3096489015625 0.48485021875 0.31269209062500003 0.48085464843750003 0.3186105734375 0.48298667812499996 0.32301021093750004 0.49104228125000005 0.32023074375 0.49995987499999994 0.313990834375 0.50405973125 0.3092643671875 0.505324465625 0.3070790234375 0.5097489421875 0.3043988484375 0.5119469578125 0.3028962140625
0 0.4232276296875 0.31393398281249996 0.4194853875 0.31775560625 0.4244715015625 0.31983085 0.424651634375 0.32188978437500004 0.42972079843750005 0.32657842656249997 0.432432675 0.3226285578125 0.43372357343749995 0.322406425 0.43829974062500004 0.3214600921875 0.4450739265625 0.3190111203125 0.45433510312500003 0.3150342359375 0.45191637656249994 0.309021765625 0.4486405875 0.30985433125 0.439178040625 0.31319366875 0.43084522031250005 0.3144686671875 0.4232276296875 0.31393398281249996
0 0.44763034375000005 0.246719153125 0.44053874375 0.248868309375 0.4405129546875 0.253565925 0.4444687015625 0.2555129265625 0.439030540625 0.2599197015625 0.45288950000000006 0.260235921875 0.4585551953125 0.2584299046875 0.4654738671875 0.25596829374999996 0.47196855937500004 0.253652971875 0.47289464062500003 0.25258920156250003 0.46871135468749997 0.248041440625 0.4627874046875 0.24855971875 0.4518443453125 0.249953890625 0.44763034375000005 0.246719153125
0 0.4021735875 0.203087340625 0.40968726718750004 0.2090908390625 0.4089864484375 0.214393484375 0.41901518437499996 0.2125333328125 0.42387084374999995 0.21145335156249997 0.4343520015625 0.209772009375 0.4438782609375 0.2021685171875 0.43682875781249997 0.1948140765625 0.42844398437500003 0.19882348125 0.41845089375000005 0.20275520625 0.41386752187500003 0.20195506093749999 0.4021735875 0.203087340625
0 0.4680689765625 0.15582836718749998 0.4666882 0.158351446875 0.46934356718750003 0.1604122140625 0.4657480875 0.1625830828125 0.46896016406249996 0.16601467187500002 0.47467553906250004 0.16311236406250001 0.47630281406249997 0.1634067734375 0.4834797421875 0.162232903125 0.48960013281250003 0.158967578125 0.486890159375 0.1546185046875 0.48101361093749995 0.1556786078125 0.47389356875 0.1575026703125 0.4730478859375 0.1561571296875 0.4680689765625 0.15582836718749998
0 0.460255303125 0.2063046265625 0.4514700625 0.2074008171875 0.44641568437499995 0.21286596093750002 0.44725681406250006 0.21748773125 0.45220500625 0.21912951406249997 0.45827571875000006 0.21696047968749999 0.46408590156249996 0.215141821875 0.476101803125 0.21103312343749997 0.476783671875 0.2056962359375 0.474727478125 0.20198103125000003 0.4672024171875 0.20416811093749998 0.460255303125 0.2063046265625
0 0.3021905296875 0.196418046875 0.29933397031250003 0.19922739843749998 0.3088329359375 0.201421134375 0.316449078125 0.199824103125 0.329445409375 0.1958949609375 0.33807084375 0.1916501953125 0.3359658 0.185319434375 0.32031977968750003 0.1908764515625 0.30784304375 0.1901066171875 0.301009121875 0.1900064796875 0.3021905296875 0.196418046875
0 0.2971958171875 0.1428742109375 0.2968580375 0.1496513640625 0.3087141671875 0.153965634375 0.31583576406249997 0.1538079265625 0.325607053125 0.152022346875 0.3326777453125 0.1441907875 0.32886199843749997 0.143128565625 0.3164660703125 0.1432823640625 0.3040143859375 0.139252875 0.2971958171875 0.1428742109375
0 0.35948253124999996 0.127885115625 0.3574995015625 0.1371329703125 0.364106353125 0.138183675 0.37141461875 0.1366135828125 0.379358840625 0.13522052499999998 0.39260244375000003 0.130571721875 0.3937628484375 0.1225592171875 0.383643278125 0.123909915625 0.3689709921875 0.12286681562499999 0.3639843390625 0.1226050625 0.35948253124999996 0.127885115625
0 0.441226165625 0.11189178749999999 0.43531587812500006 0.11171084375 0.4351195109375 0.12010435625 0.43027426875 0.12145896406250001 0.42772073749999995 0.1277319453125 0.439561515625 0.1283247421875 0.44434615 0.126277409375 0.44577968281249997 0.12847875 0.4514022921875 0.128917540625 0.464560240625 0.1268356640625 0.4798127265625 0.1238725125 0.47713233125 0.11805744375 0.46404469062500003 0.1138509171875 0.45162856093750003 0.11377380937499999 0.4447946390625 0.11367367187499999 0.441226165625 0.11189178749999999
0 0.3022826765625 0.13009734374999998 0.3012079296875 0.13554291875 0.30736549062499996 0.13500420156249998 0.31237234687500004 0.1354968609375 0.3208668703125 0.1368477703125 0.3322381546875 0.1356202359375 0.3263173640625 0.12822725625 0.31745435781250003 0.12621055625 0.3095957921875 0.1250366859375 0.3018382359375 0.12501735625 0.3022826765625 0.13009734374999998
0 0.29051705625 0.11972558124999999 0.28611625625000003 0.126160175 0.2839514109375 0.1333298515625 0.29076998125000003 0.1297085171875 0.2878326140625 0.1315942359375 0.29996106718750004 0.1319291890625 0.3023432828125 0.13079006875000002 0.308298825 0.127942265625 0.305472165625 0.1240014 0.3024636921875 0.1179823578125 0.29051705625 0.11972558124999999
0 0.22007261718749999 0.1939438765625 0.226877365625 0.1958381703125 0.236448975 0.2001715375 0.24191153281250002 0.1954804015625 0.2435563546875 0.190931765625 0.24732820000000003 0.1873460984375 0.2631598375 0.184428928125 0.2624075984375 0.178749434375 0.2462766625 0.17824560625000002 0.237756590625 0.1830127296875 0.226282759375 0.186123171875 0.22007261718749999 0.1939438765625
0 0.198644078125 0.1766676109375 0.202677975 0.178995834375 0.200086034375 0.1843933734375 0.2059270390625 0.186946515625 0.2095951265625 0.1850935171875 0.21138560625 0.18512838125 0.220628653125 0.1827876375 0.2326591796875 0.18020302187499998 0.231454003125 0.1722650328125 0.21528582031250001 0.174254096875 0.2068608625 0.171352490625 0.1984984203125 0.17208410937500002 0.198644078125 0.1766676109375
0 0.22842701562499998 0.3448890359375 0.23635314375 0.342088978125 0.24543855625000002 0.3437837390625 0.2502240328125 0.340109390625 0.2483544078125 0.3362512484375 0.24638501562499998 0.331252771875 0.24892308124999998 0.3281580671875 0.24731085468749997 0.3214047515625 0.24146120624999998 0.31291555 0.230984378125 0.3157472546875 0.2318696375 0.3229471921875 0.22724245625 0.33426809999999996 0.227267728125 0.340394215625 0.22842701562499998 0.3448890359375
0 0.23050019375000003 0.27518945625 0.231996025 0.2806123828125 0.238381090625 0.28062829218749996 0.24131422812499997 0.2849679203125 0.2460292 0.283406353125 0.24836374062500002 0.28090398437499997 0.248724896875 0.2762761421875 0.2517697765625 0.2731370984375 0.2524342234375 0.2690572515625 0.25601052968750004 0.26031791718749997 0.2476021984375 0.2576063671875 0.24415027031249997 0.2619300859375 0.23920716406250003 0.2696399390625 0.2340685140625 0.272196125 0.23050019375000003 0.27518945625
0 0.22487534999999997 0.275107034375 0.2326478359375 0.2734694796875 0.2294280359375 0.268771909375 0.22627075625 0.267707565625 0.2254480140625 0.2641408515625 0.22398543750000002 0.2590980359375 0.2209691625 0.2538081296875 0.2127563703125 0.2562502484375 0.215494628125 0.2671182734375 0.2134926421875 0.27342175 0.2204304125 0.2768364875 0.22487534999999997 0.275107034375
0 0.20776202968750002 0.3129911921875 0.21025486249999997 0.318135384375 0.2177446796875 0.31326688593749996 0.21503169375 0.3085249765625 0.217399490625 0.30640271874999997 0.21766088125 0.30063454375 0.21566222499999999 0.29238295625 0.2027923296875 0.291210803125 0.199939 0.3023765171875 0.1907750984375 0.3085405421875 0.20103243437499999 0.3177931796875 0.20776202968750002 0.3129911921875
0 0.2910844328125 0.40145652500000006 0.29731984843750003 0.3997619359375 0.29484364375 0.39480780000000004 0.2842337921875 0.3961190625 0.2747579578125 0.39579902968749997 0.2683190171875 0.3980859546875 0.26165992656250003 0.4007751609375 0.253119234375 0.40822523281249995 0.25906000156250003 0.41191870625 0.26930005156250003 0.4092992265625 0.279793509375 0.4066575765625 0.293240721875 0.40567260781250003 0.2910844328125 0.40145652500000006
0 0.156831790625 0.399221865625 0.1567114046875 0.40076447968749995 0.151419115625 0.40448316875 0.1499445625 0.40805935781249997 0.152711421875 0.41049843125 0.156508540625 0.41303887968749997 0.1625404328125 0.41193662656249996 0.168493178125 0.40701109375 0.17739103437499998 0.397806184375 0.1760362078125 0.388157696875 0.1718526609375 0.384118975 0.166584984375 0.3822817140625 0.1541593828125 0.37743199843749997 0.1609727765625 0.3852623515625 0.16221919375 0.3878344484375 0.1601546875 0.39050470000000004 0.15717631875 0.39440396718750004 0.15742573437500001 0.3972547984375 0.156831790625 0.399221865625
0 0.1798625609375 0.46691664375 0.18077243125 0.4685606328125 0.18685420625 0.468028546875 0.1947224671875 0.4704043265625 0.1998651078125 0.4649751390625 0.1987763234375 0.45836753906250005 0.197027084375 0.4529667796875 0.1940646828125 0.44537403906249995 0.1852366671875 0.44078410625000003 0.18286887031250001 0.44290636250000004 0.18377075781250002 0.45029635625 0.1844066015625 0.454645459375 0.1847059015625 0.458066459375 0.185362365625 0.4597326171875 0.1794136125 0.46178514687499994 0.1798625609375 0.46691664375
0 0.304135165625 0.58856925625 0.30368687968749997 0.595119821875 0.31566752343750004 0.5919650390625 0.320644546875 0.5963173609375 0.32870369843749997 0.5950377453125 0.3292184953125 0.5892474 0.3241543421875 0.5868178046875 0.324465615625 0.5816197953125 0.325541103125 0.573482275 0.3225787015625 0.5658895328125 0.31931300937499996 0.557748796875 0.315549809375 0.5672705234375 0.314004753125 0.57295949375 0.3094686953125 0.5794846734375 0.3103912015625 0.58419171875 0.31153785312500004 0.5856234812500001 0.304135165625 0.58856925625
0 0.3525392875 0.5697796687500001 0.3428266734375 0.5696718625 0.3466530546875 0.5754654234375 0.33850677500000004 0.5786677625000001 0.3378423265625 0.5827476078125 0.3436001921875 0.584350471875 0.349528325 0.5849808890625 0.3556227359375 0.5875118609375 0.360790646875 0.5882087874999999 0.3704660140625 0.5908094859374999 0.3688870453125 0.5844362828125 0.36484051093750003 0.5790450015624999 0.357616078125 0.5752723234375 0.354172134375 0.5738500375 0.3525392875 0.5697796687500001
0 0.398533025 0.608079490625 0.4004485421875 0.615380803125 0.403825975 0.6160428671875 0.4148428734375 0.6135469312499999 0.4200274140625 0.6144339140625 0.4278830390625 0.6137466359375 0.4333249765625 0.6117384453125 0.4411180828125 0.60741794375 0.44358963749999997 0.6035630171874999 0.41288146562500005 0.6028024515625 0.4023088625 0.601620821875 0.4022011140625 0.6062264921875 0.398533025 0.608079490625
0 0.21485332499999998 0.607104975 0.21233188906249997 0.610389734375 0.2098270796875 0.61386455 0.20718525781250002 0.618691925 0.21494111718750003 0.6168643140625 0.21292649375 0.620104734375 0.2189417578125 0.618812425 0.222746859375 0.61560686875 0.22846282499999998 0.6108935640625 0.23331880156249998 0.605106434375 0.2388811265625 0.60155563125 0.232531615625 0.5957243625 0.22603184999999998 0.5977005328125 0.21670167187499997 0.6019639999999999 0.21485332499999998 0.607104975
0 0.126489340625 0.6215386796875 0.12327020156249999 0.6285231734375001 0.1153979484375 0.629020396875 0.11128556406250001 0.6345509593750001 0.11367863125 0.6385548171875 0.11918708125 0.6373068484375 0.12266428124999999 0.639109246875 0.13014611250000002 0.639986753125 0.13565456250000002 0.638738784375 0.13130074687499999 0.6356725109375 0.12976766875 0.6327424734375 0.1350932125 0.629403896875 0.137768290625 0.6249566343749999 0.1352049546875 0.621925221875 0.1386842453125 0.615154015625 0.139184315625 0.6148742171875 0.1403017015625 0.613052865625 0.1295754578125 0.6130337390625 0.126489340625 0.6215386796875
0 0.1899029890625 0.680912659375 0.187601703125 0.6837951390625 0.184913990625 0.68517934375 0.1820726359375 0.687726053125 0.1838258671875 0.6902538078125 0.1868833828125 0.6901778203125 0.1904643390625 0.690247546875 0.19417831875 0.6918377171875 0.1976096265625 0.6901969453125 0.1974932328125 0.6888665578125 0.197767259375 0.6861614406250001 0.19770474062500001 0.6825282171875 0.198905265625 0.6816571437500001 0.2034705890625 0.6783850765625 0.20308416093749998 0.676886803125 0.20210777812499997 0.67448259375 0.1981942671875 0.6706117578125 0.1980818640625 0.6664083656249999 0.1979282234375 0.6675708703125001 0.19784508437499998 0.6666205921875 0.1909325859375 0.6693319703125 0.1912445203125 0.6758160265625001 0.1899029890625 0.680912659375
0 0.14870202187499998 0.69447580625 0.1476930453125 0.70337355 0.1572061265625 0.7012006921875 0.16422703593750002 0.70556570625 0.16560182343750002 0.7008491828125 0.164102 0.6982992593749999 0.1633125125 0.6951126578125 0.1691116171875 0.6913496265625 0.171603790625 0.6848117546875 0.1711548421875 0.67968025625 0.1689417765625 0.676594846875 0.15858424531249998 0.681929103125 0.1561585828125 0.689227196875 0.14870202187499998 0.69447580625
0 0.1275714328125 0.7302217984375 0.1329016296875 0.7356922828125 0.14121817812499998 0.731517496875 0.139315296875 0.7272792421875 0.136128753125 0.722961784375 0.1447319640625 0.7191449375000001 0.1454043953125 0.7093190875000001 0.133884675 0.7089863609375 0.1292242375 0.7199271578124999 0.1217344203125 0.7247956546875 0.1159186890625 0.7283686281249999 0.1275714328125 0.7302217984375
0 0.1266988078125 0.72608491875 0.12961865 0.7156794265624999 0.12449197812499999 0.7096166046875 0.12002242968750002 0.71690200625 0.11128619531249999 0.719198409375 0.10972451406249999 0.7246973234375 0.12202507656249999 0.7222805937500001 0.12159740781249999 0.7261482140625 0.1266988078125 0.72608491875
0 0.3885009078125 0.7790205203125 0.382392815625 0.7724416734374999 0.36469952031249997 0.7689510953124999 0.3675476984375 0.7698874499999999 0.37035778750000004 0.7794222984375 0.3744473453125 0.7900307468750001 0.3754056578125 0.796467371875 0.38547979374999997 0.789658303125 0.39643504375 0.78840345625 0.3885009078125 0.7790205203125
0 0.44085923749999995 0.7631771359374999 0.42094154218749996 0.7613630921875 0.407183403125 0.766716159375 0.41507225 0.7710645171875 0.4171041625 0.776221675 0.42548812031249994 0.78171225625 0.43446292656249996 0.7758885203125 0.43951595 0.7704078953125 0.44085923749999995 0.7631771359374999
0 0.4567408890625 0.7911297703125 0.46106102499999996 0.786306034375 0.45688808906249995 0.7792614984374999 0.44282115 0.7810849656250001 0.4292235890625 0.783756521875 0.410071715625 0.79521279375 0.4236630984375 0.79698755 0.4375951921875 0.798139728125 0.44297657343749997 0.8009291515625 0.45939657812499995 0.7988998171875 0.450176796875 0.7928895921875 0.4567408890625 0.7911297703125
0 0.49209544375 0.8175908625 0.49240230937499996 0.8136587109375 0.4964542703125 0.8103752296875 0.49552576875 0.8072020421874999 0.4874461484375 0.8066071484374999 0.48263861406249997 0.8062141468749999 0.4778062140625 0.8030570640624999 0.47163615937500003 0.8019696640625 0.46236355468749996 0.8026181906250001 0.46044720781250004 0.8079929234375 0.46644094375 0.8120247296875001 0.47213459531249996 0.8151064625 0.479554146875 0.8155963843749999 0.48443232187499996 0.8167968109375 0.4851313828125 0.8198273515625001 0.49209544375 0.8175908625
0 0.4632293234375 0.8199536000000001 0.46459184374999996 0.820648 0.46753219843749994 0.8220179640625 0.469928903125 0.822133721875 0.4722549640625 0.8214420546874999 0.47567172187500006 0.8208176859374999 0.4745561625 0.8179863046875001 0.47510320625 0.816799396875 0.47734449999999995 0.81513881875 0.477806775 0.8129830015625 0.47603114843750005 0.8100466468749999 0.46968816406249997 0.8094625390625 0.46739035624999997 0.8104771765625 0.463514715625 0.8108162515625 0.457101090625 0.8094247187500001 0.4537301078125 0.8080924312500001 0.44899660625 0.806065740625 0.4425479421875 0.8092334640625 0.444309440625 0.81200833125 0.44682990624999996 0.81601856875 0.44872195000000004 0.8178056890625 0.45601095625 0.8192833578125001 0.4594700984375 0.8191434421875 0.4632293234375 0.8199536000000001
0 0.55129756875 0.8395857687499999 0.5565001281249999 0.8345744125 0.55818364375 0.831498146875 0.5608872125000001 0.82768175 0.5532839953125 0.8250925234375 0.5483883015625 0.8261717265625 0.54285005625 0.8248663281249999 0.5369659546875 0.824567515625 0.5234260765625 0.8285183578125 0.5240861453125001 0.8286233328125 0.5311315828125001 0.8297968671874999 0.5363946078125 0.8329162765625 0.5423069671875 0.8335380593749999 0.5474145828125 0.8348811328125001 0.5459746390625 0.8382615328125 0.55129756875 0.8395857687499999
0 0.5980132265625 0.830454325 0.5963681421875 0.826530225 0.6012107171875 0.8223639687500001 0.600744490625 0.8170349640625 0.5894069125 0.8163996625 0.5809424437499999 0.8138857843749999 0.5690894703125 0.8123192484375 0.5584085703125 0.814230034375 0.5609363796875 0.8232839796875 0.5738483984375 0.8270359562499999 0.5827220234375 0.8243069625 0.586378959375 0.8264278390625 0.586245021875 0.8298566984375 0.5928423140625 0.8333475375000001 0.5980132265625 0.830454325
0 0.6252868234375 0.8173286046875001 0.6219791375 0.8117600296875 0.6227273656250001 0.8103928 0.6305385515624999 0.8079194781249999 0.627428659375 0.8046116937500001 0.6188867640625 0.80617261875 0.6142662875 0.8054378109375 0.6076972515625 0.802269940625 0.5976442109375 0.7964779046875 0.5883150968749999 0.796480490625 0.5909451953125 0.8042237203125 0.59814265 0.8096147031250001 0.6044257296875 0.8119939859375 0.608082665625 0.8141148609375 0.6105358812499999 0.8148765593749999 0.6151247109375 0.8177295093750001 0.6252868234375 0.8173286046875001
0 0.5499045453125 0.7988646515625 0.5489760453125 0.7956914640625 0.549667759375 0.79367829375 0.551308890625 0.7901175703125001 0.55284773125 0.7878675640624999 0.54427758125 0.78910551875 0.5417961109375 0.7880208515625 0.5334480562499999 0.7843577421875 0.521824525 0.7829338531250001 0.515404115625 0.7864245453125001 0.515150371875 0.7934437515625 0.5283376093750001 0.7953817187500001 0.536674925 0.7964422296875 0.540476534375 0.7977368421875 0.5415920937500001 0.8005682234375 0.54662906875 0.8011038718749999 0.5499045453125 0.7988646515625
0 0.6202651218749999 0.7748095796875 0.6210732546875 0.771647178125 0.6195728453125 0.7668968140625 0.6122521890625 0.7675372890625 0.6033254453125 0.7671792296875 0.5957329640625 0.7671926 0.5846073078125 0.768979575 0.578257540625 0.7732776921875 0.591688346875 0.7755197921875 0.6005693171875001 0.7778345078125 0.6086947109375 0.7764727437500001 0.61161415625 0.7825634484374999 0.6197994546875 0.7794065109375 0.6202651218749999 0.7748095796875
0 0.60396743125 0.75963789375 0.604292378125 0.7633520484375 0.61135194375 0.7646870703124999 0.6170207328124999 0.7650047203125 0.6211715890625 0.7628516359375 0.625135390625 0.7610403578125 0.63237466875 0.7569898609375 0.63193330625 0.7544249375 0.6380536328125 0.749984171875 0.6289398312500001 0.7499679203125 0.6268855921875 0.7512866921875 0.625487471875 0.745225609375 0.618537540625 0.74762358125 0.6161340531249999 0.75239005 0.61242795 0.754666946875 0.60396743125 0.75963789375
0 0.7373441609375 0.7912527484375 0.740178275 0.78644860625 0.7347033265625 0.7809069203125001 0.72832869375 0.7824409546875 0.7161615125 0.7797628624999999 0.6898966718749999 0.779619921875 0.707365871875 0.7883429937499999 0.72262881875 0.7941673859375 0.7211962187500001 0.802591496875 0.7310757703124999 0.7989608890625 0.7347711375 0.794081396875 0.7373441609375 0.7912527484375
0 0.6826517578125 0.746407784375 0.700857328125 0.731309153125 0.70378299375 0.7225916953125 0.6974010171875 0.71908201875 0.6878707171875 0.719264928125 0.6819340546875 0.725804996875 0.6826517578125 0.746407784375
0 0.706708884375 0.797968665625 0.7102549671875 0.7973584687499999 0.71061923125 0.7954268796874999 0.708346153125 0.7938260140625 0.7019609828125 0.793984703125 0.695404271875 0.7906589171875 0.686451209375 0.7919421343749999 0.6824804421875 0.799888409375 0.6826040609375 0.799777609375 0.6923943343750001 0.7989210718749999 0.69877950625 0.7987623828125 0.6998163843749999 0.8014712546875 0.703484003125 0.80225021875 0.7072512843750001 0.8011207406249999 0.706708884375 0.797968665625
0 0.7156824265624999 0.8136811484375001 0.7168231328125 0.8114816593749999 0.7193042109375 0.8093648734375 0.7196771562500001 0.8075325109374999 0.715831746875 0.80776895625 0.7112814249999999 0.8075671468750001 0.708726384375 0.805790978125 0.691652959375 0.8056849453125 0.7065189359375 0.8140829093749999 0.7087357562500001 0.8180883421875 0.7143878906250001 0.8186936828125001 0.7181464875 0.81746498125 0.7156824265624999 0.8136811484375001
0 0.8732146140625 0.8124625312499999 0.880110896875 0.8084252078124999 0.8792074968750001 0.8046410234374999 0.874955334375 0.8040114624999999 0.8791761906250001 0.79992204375 0.8775527484375001 0.7966301015624999 0.8718356609375 0.7967010343750001 0.868288134375 0.7975837328125001 0.8616865265625 0.7984474640625 0.85451991875 0.797214390625 0.83990445 0.79806383125 0.8378655765625 0.8031070093749999 0.8479466328124999 0.80494359375 0.854203871875 0.8066854749999999 0.8631892156250001 0.806900934375 0.8666592203124999 0.8073127609374999 0.8668177375000001 0.811305196875 0.8732146140625 0.8124625312499999
0 0.8357397421874999 0.8071562171875 0.83446066875 0.8012586640625001 0.8283773484375001 0.801504721875 0.8202144125 0.7997864859375 0.8128708984375 0.798711971875 0.8057112421875001 0.8106418640624999 0.81758916875 0.8090303515624999 0.82248385 0.8104621921874999 0.823706775 0.8113567765624999 0.8266430859374999 0.8143907765625 0.8359231046875 0.8114326453125 0.8357397421874999 0.8071562171875
0 0.8362371765625 0.7670496453125 0.8319939625 0.7599805984375 0.82674895 0.7654473578125 0.8224103203125 0.772551809375 0.81564423125 0.7737160953125 0.8108091765625 0.7838687046875 0.8259802031250001 0.7828275765625 0.8306448140624999 0.7772685109374999 0.8365139578124999 0.776755028125 0.8424636062499999 0.7728005265625 0.8380251015625 0.7700410343749999 0.8362371765625 0.7670496453125
0 0.91363276875 0.7794514421875001 0.916944259375 0.7758708296875 0.9156249328125 0.771693784375 0.9134056796875001 0.7703140390625001 0.9163414968750001 0.764620059375 0.905891228125 0.7651050921875 0.9043333765625 0.7691046109374999 0.900997040625 0.7724012296875 0.890671 0.7743062187499999 0.8856212796875 0.7754634234375 0.8813323421874999 0.78313585625 0.8856466187500001 0.78447539375 0.8962335421875001 0.7855523109375 0.9023446890625 0.7834437484375 0.9064507562499999 0.78022286875 0.908964684375 0.778429021875 0.91363276875 0.7794514421875001
0 0.9289822031250001 0.7499213203124999 0.9273463390625001 0.7464873828125 0.922656390625 0.7430344765625 0.9186184015625001 0.7426723421875 0.9191148296874999 0.7396241828125001 0.91833565625 0.7372599515625 0.9153466703124999 0.735804465625 0.912429240625 0.7373474484375 0.9120848718750001 0.739953059375 0.9107690234374999 0.7423574984375 0.9086089015625 0.743834225 0.904555509375 0.7454765921875001 0.8962221265625001 0.748351903125 0.89008315 0.7523229703125 0.8888791078124999 0.75600536875 0.8953599625 0.760303165625 0.90296088125 0.7577781015625 0.9118249765625001 0.7544271124999999 0.9142643671874999 0.7517812937499999 0.915884334375 0.7484917531249999 0.92091566875 0.7514855453125 0.9289822031250001 0.7499213203124999
0 0.9144561843749999 0.7408902546875 0.91249135625 0.7380574265625001 0.911622240625 0.7368457234375 0.912317434375 0.7360694890625 0.9134936484375 0.7342495953125 0.9141018828125 0.73247939375 0.9122488609375001 0.730924525 0.9091947781249999 0.7309055578125 0.9072985234375001 0.73321769375 0.9043065562500001 0.733908703125 0.8961933109375 0.7327584500000001 0.8913453406249999 0.7340410875 0.8856719796875 0.73897299375 0.8855169390625001 0.7415620406250001 0.8896821390625 0.7411976328125001 0.8984160390625 0.7407196796875 0.9049679562499999 0.7392879671875 0.9083510015625 0.738705825 0.9108341203125001 0.740920978125 0.9144561843749999 0.7408902546875
0 0.9163703328125001 0.72569914375 0.916059759375 0.7221492578125 0.9148025484375 0.7186821906249999 0.9062828203125 0.7194275703125 0.90158343125 0.7136861718749999 0.8930388578124999 0.7141475625 0.8815117578124999 0.7175884515625001 0.8780983953125 0.730907575 0.8859259109375 0.72879193125 0.9016649203125 0.7277011124999999 0.9074287171875 0.73034465625 0.9141888437500001 0.7334733625000001 0.917944084375 0.7284231046875 0.9163703328125001 0.72569914375
0 0.9192201984375 0.6819527843750001 0.9121032828125 0.6812876921875 0.9100793218750001 0.6755983921875 0.9016033218749999 0.6812047437500001 0.90090514375 0.6841274734375 0.8919014140625 0.688063009375 0.8835123749999999 0.69466333125 0.889040628125 0.7033369390625 0.9004062296875001 0.6980501078125 0.9066073203125 0.6947890203125 0.9105146203125001 0.6892962109375 0.9153099171875001 0.6895920890625 0.9220014671874999 0.68757583125 0.9192201984375 0.6819527843750001
0 0.9085135296875 0.648978984375 0.9023775374999999 0.65080355625 0.8993299140625 0.655219575 0.8865952937499999 0.6557613812499999 0.8838115343749999 0.6610128109375 0.88102479375 0.668410734375 0.8954911875 0.6658573484375 0.9049883624999999 0.6610201484375 0.9113077171875 0.6634720046875 0.9177383875 0.6584738421874999 0.910093740625 0.656137934375 0.9085135296875 0.648978984375
0 0.71948689375 0.6580763921874999 0.7224793546875 0.6661133593749999 0.724903340625 0.6654720421875 0.7271568796875 0.6694242703125 0.7296091875 0.6756484265625 0.7347428875 0.677631684375 0.7430886937500001 0.67489836875 0.7411203890625 0.6654840578125001 0.738385828125 0.6625754890625 0.7380876765625 0.6591675968749999 0.736225215625 0.6553242375 0.728006621875 0.6573310125 0.71948689375 0.6580763921874999
0 0.73081125625 0.6370541125 0.728809159375 0.6337952953125 0.7226821125 0.6291803796875 0.7126880203125 0.6283377609375 0.703305140625 0.6235784453125001 0.6917129421875 0.62845585625 0.6941001531250001 0.6361165296875 0.70198381875 0.63900385625 0.7057022859375001 0.6422555921875001 0.7095698265625 0.6472112703125 0.7193711171875 0.6414889703125 0.73081125625 0.6370541125
0 0.8334980640625 0.6169698312499999 0.8401267859375 0.6116386859375 0.8414620375 0.6037298859375 0.845126546875 0.596377496875 0.8383367796875 0.5969715250000001 0.8272924375 0.595277103125 0.8314856265625 0.6055529515625 0.8334980640625 0.6169698312499999
0 0.8649302078125001 0.5794410390625 0.8595542343749999 0.5759203609375 0.854858753125 0.5772814046875 0.850600215625 0.5778440265625 0.844144425 0.5793590765625 0.8458433484375 0.5871924671875 0.8460538968750001 0.5924954 0.8572718265624999 0.6019666124999999 0.8632702140624999 0.6039124499999999 0.867351203125 0.59842410625 0.8646094265625001 0.5931525796875 0.8638259671874999 0.589990303125 0.8620900812500001 0.5846307734375 0.8649302078125001 0.5794410390625
0 0.9045559953125 0.5805353906249999 0.9077261375000001 0.5791177484375 0.9091564328124999 0.5751916484375 0.90736708125 0.5721173765625001 0.9028405703125 0.57251339375 0.8997568921875001 0.5720229890625 0.899327871875 0.5671192671874999 0.8941294453124999 0.5685243125 0.8920437375000001 0.57364804375 0.8905144375 0.5764425156249999 0.8888326703124999 0.5803906171875 0.87829985 0.584542940625 0.8797882250000001 0.5870734 0.8824560765625 0.5972926484375 0.8906101359375 0.592018103125 0.8971688921875 0.588783609375 0.9004420015625 0.585646525 0.901233384375 0.5831066609375 0.9014023515625 0.5821416359375 0.9045559953125 0.5805353906249999
0 0.862519784375 0.5287189828125001 0.8597245421874999 0.5257327140625 0.854188178125 0.5290678078125 0.8564270109375001 0.5343833359375 0.855582165625 0.53920845625 0.8552072640624999 0.5436123671875001 0.858501490625 0.54940570625 0.8734083546875 0.5460109921875 0.87257539375 0.5422829015625 0.8684732859375 0.538840821875 0.8690006546875001 0.533283284375 0.8726407421875001 0.53144443125 0.86761920625 0.526182309375 0.862519784375 0.5287189828125001
0 0.8449853375 0.5049766265625 0.8366002671875 0.5076107078125001 0.8312407937499999 0.504278634375 0.8243936015625 0.510008990625 0.8307094640624999 0.5126872453125 0.8317569359375 0.5188671968749999 0.8323965031249999 0.5290738484374999 0.834243934375 0.53860468125 0.8432679171874999 0.534584365625 0.8450691515625 0.5291054265625 0.8479752812499999 0.5246701093749999 0.8477317328125 0.5189899703124999 0.8445365109375 0.514328259375 0.847158165625 0.5095377359375 0.8449853375 0.5049766265625
0 0.8997014921875 0.46712118281250004 0.8924292390625 0.4650967453125 0.888925121875 0.4655933640625 0.8855114281249999 0.4613308640625 0.8810799593749999 0.46570958281249997 0.8829188109375 0.46934966874999995 0.8751026906250001 0.4726941671875 0.87295955625 0.48295422656250003 0.8722962203125 0.4898539984375 0.882718153125 0.493123259375 0.887182621875 0.4891217515625 0.8922899671875 0.4808829375 0.8936707593750001 0.47639102343750006 0.8943301343750001 0.47234232187499997 0.9002664781249999 0.47068267031250005 0.8997014921875 0.46712118281250004
0 0.8678251671874999 0.45033502500000006 0.8647500671874999 0.455735365625 0.869466665625 0.4633047453125 0.8737621671875001 0.4602682609375 0.8786596187500001 0.45831940312499997 0.88161525 0.4544499015625 0.8784655703125 0.4532050765625 0.8725536500000001 0.4493511921875 0.8678251671874999 0.45033502500000006
0 0.8672773359375 0.45855503124999997 0.8616624281249999 0.4580960296875 0.8530344640624999 0.46664285781250003 0.8544198734374999 0.4708927625 0.8609218609375 0.484387484375 0.8683591203125 0.48829796718749996 0.8740354124999999 0.48076956875 0.8730249046875 0.47211575625 0.8737667828125 0.46901007968749997 0.8774108328124999 0.4643201546875 0.8735106937499999 0.46029026249999994 0.8672773359375 0.45855503124999997
0 0.6924628671875 0.1770709359375 0.6920006171875001 0.1754356640625 0.6915175796875 0.1735628234375 0.69065543125 0.1710049859375 0.6844083765625 0.168918265625 0.6784938765625 0.17063265625 0.6752639328125001 0.1701970765625 0.6731921109375001 0.172054053125 0.6698948234375 0.1744970171875 0.6706946171875 0.1763421453125 0.67377408125 0.17870599375000001 0.675524153125 0.180467984375 0.6769366828125001 0.1820201171875 0.6790658671875 0.184467103125 0.6803694828125 0.1884226421875 0.6841656031250001 0.1916813421875 0.68712035625 0.192619775 0.691554984375 0.1922317953125 0.6936891609375 0.1910875265625 0.6982534859375 0.1885337109375 0.697495259375 0.1871637203125 0.6959995906249999 0.184661309375 0.695199796875 0.1828161796875 0.69408324375 0.1809987625 0.693283446875 0.179153634375 0.6924628671875 0.1770709359375
0 0.695884134375 0.1434276375 0.6953504234375 0.141844215625 0.693045478125 0.14034165781250002 0.6891638421875 0.1400143921875 0.6854317187500001 0.1402668140625 0.6783660828125 0.14081088125000002 0.673026646875 0.1407593484375 0.6686354890625 0.14025436875 0.6647216874999999 0.1395594359375 0.6626835984375 0.138848590625 0.6604092765625 0.1388252796875 0.6584998515625 0.139585103125 0.6578634640625001 0.14134499218750002 0.6580757640625 0.14377159374999998 0.6591640296875 0.14604745937500002 0.6601092203125 0.14781717187500001 0.6574267625 0.1499042609375 0.6557713296875 0.151308728125 0.65507060625 0.1523332859375 0.6554741078124999 0.15355761875 0.65713931875 0.154523375 0.66149033125 0.15569873125 0.6674839125 0.155322553125 0.6717785703125 0.15472453125000002 0.677053671875 0.15404073125 0.6796944390624999 0.1537355984375 0.6840019625 0.1532846421875 0.6861589421875001 0.15309593125 0.6889893640625 0.1527001078125 0.6936633328124999 0.1519207078125 0.6942709 0.152089840625 0.6935073890625 0.1512674859375 0.695352478125 0.14977232812500002 0.695976 0.1478653734375 0.696038534375 0.1451924375 0.695884134375 0.1434276375
0 0.637499278125 0.17395065 0.634834321875 0.172850071875 0.6299753296875 0.170385425 0.6297228859375 0.1686292015625 0.6297324078125001 0.1664795796875 0.62671541875 0.164742934375 0.6230556046875 0.1646926453125 0.6196948140625 0.1658017359375 0.6168371140625 0.1670150015625 0.614856925 0.1669659578125 0.6125761671875 0.1668691125 0.6098149671875001 0.16918538125 0.6095771890624999 0.1709844921875 0.611618621875 0.173992028125 0.6136616015625 0.175887984375 0.615476325 0.1774334296875 0.6194994921875 0.1793784296875 0.62320279375 0.1810550296875 0.626526784375 0.182913009375 0.628211296875 0.1840993640625 0.631602709375 0.1844695203125 0.635857221875 0.1845418765625 0.6365371 0.1844082984375 0.6380687546875 0.18271827499999999 0.6408958359375 0.1800257625 0.6423824578125 0.17782100625 0.6407718015625 0.17522036093749999 0.637499278125 0.17395065
0 0.6374480640625 0.316493678125 0.637141090625 0.3129849609375 0.6341818609375001 0.31059218125 0.629960453125 0.30948834999999997 0.628985809375 0.3095736203125 0.624866725 0.30963936406250003 0.6181526875000001 0.30698582343749997 0.6145769484375 0.308771815625 0.614609178125 0.31363040937500003 0.61670888125 0.31742422812500004 0.6187702109375001 0.3207794578125 0.614708940625 0.3259961859375 0.6143415937500001 0.3285326890625 0.6190265312500001 0.332689590625 0.62039103125 0.33257021249999996 0.6231200328125001 0.33233145625 0.6244620234375 0.3297096828125 0.6291178015625001 0.326797990625 0.6323707062499999 0.32356708749999996 0.6339587875 0.321513046875 0.6370423453125 0.3185915921875 0.6374480640625 0.316493678125
0 0.6659572890625001 0.2876299640625 0.6656150140625 0.2814726546875 0.6657490609375001 0.27851461718750004 0.6644674453125 0.275091171875 0.659207440625 0.27334162812499996 0.653631253125 0.27471337500000004 0.6504453703124999 0.276465259375 0.648470503125 0.2763434078125 0.6449873687500001 0.27694277343749996 0.6394464796875 0.28096311093750004 0.6385455109375 0.2841355625 0.6391113640625 0.28835820624999997 0.64100641875 0.28981288125 0.64720269375 0.2910385640625 0.6495387671875 0.2930439171875 0.6529006468749999 0.295548784375 0.6576781875 0.2985190625 0.660381609375 0.2979879125 0.66139769375 0.2961312296875 0.663455446875 0.2927102578125 0.6657209187500001 0.2894184296875 0.6659572890625001 0.2876299640625
0 0.6064037734375 0.27147946875 0.59949480625 0.26884298281249996 0.59545860625 0.2653659015625 0.589118565625 0.26474205781250004 0.58538626875 0.26698369375 0.5854057078125 0.271696090625 0.586207934375 0.27413026875 0.58553054375 0.27536805625 0.582721728125 0.2769396359375 0.5830445625 0.278384546875 0.5846520828124999 0.281042903125 0.5864929046875 0.28412279375 0.5957696671875 0.284637021875 0.6004479546875 0.2842277234375 0.6025921703125 0.28404012968750003 0.604579828125 0.2843081796875 0.6085807265625001 0.2851366703125 0.6138949625000001 0.285260996875 0.6170296828125 0.2829243265625 0.6193335265625 0.2800710859375 0.6189083671875 0.277456603125 0.6160545328125 0.27402339375 0.612392328125 0.272576009375 0.6064037734375 0.27147946875
0 0.586702678125 0.2640695265625 0.5867185390625 0.262005721875 0.5844592093750001 0.2608775484375 0.581145421875 0.2611674671875 0.5801579875 0.261106540625 0.577566103125 0.2561772578125 0.5765530875 0.2558239390625 0.5738112953125001 0.2559165 0.5670911171874999 0.2576829625 0.56698265 0.26093339375 0.5639374640625 0.26429343906249997 0.5577734203125 0.26792635 0.5580578828125 0.2689326703125 0.5601192125 0.27228789999999997 0.5613112953125 0.2746879703125 0.5628292828125 0.27632295 0.5704315015625 0.2756578421875 0.5740998453125 0.272685225 0.5767935453125 0.2697978765625 0.5807463515625 0.26783157968750004 0.5847759015625 0.2667424625 0.586702678125 0.2640695265625
0 0.668205375 0.2594433296875 0.6674543125 0.2575939375 0.6660673015625 0.25521092031250003 0.6650031234375 0.254272815625 0.6618075218749999 0.2536685015625 0.6576469953124999 0.2555056546875 0.6578004828124999 0.2572600140625 0.6561228671875 0.2582906796875 0.6489232968749999 0.259067875 0.648619903125 0.262335359375 0.650371190625 0.264391875 0.653253678125 0.26590747656249997 0.6569542515625 0.267793453125 0.6599006937499999 0.27004003593750003 0.66406786875 0.27276908125 0.666937565625 0.2741384859375 0.6754090328125 0.2744285375 0.6843501703125 0.27335165781250004 0.6809882921875 0.270846790625 0.67865221875 0.2688414359375 0.676654840625 0.26621718906249997 0.6744625328125 0.263609996875 0.6703209390625 0.2611733421875 0.668205375 0.2594433296875
0 0.7893599328125 0.276980946875 0.7885321265624999 0.274254375 0.7875477625 0.271983446875 0.7863684703125 0.2697295734375 0.785930521875 0.26696889375 0.7874290687500001 0.2638914765625 0.787614278125 0.261518225 0.7861218703125 0.2601756375 0.7815617687499999 0.25969070156249996 0.778858346875 0.2602218515625 0.7779860296875001 0.26147669375000004 0.7736177843750001 0.2631847046875 0.7704477640625 0.2628727859375 0.76787531875 0.262655896875 0.765964403125 0.263265028125 0.7650506421875 0.26629128281250003 0.7654758015625001 0.268905765625 0.76801959375 0.2710402609375 0.770966034375 0.2732868453125 0.7702216203125001 0.27600365312499997 0.7706211984375 0.27832574062500004 0.7732033609375 0.280898828125 0.7767729609375 0.2835328375 0.7801348390625 0.28603770625 0.78226319375 0.28791391875 0.783330440625 0.2866420203125 0.78902174375 0.28658604374999996 0.791846421875 0.282950659375 0.7908108953124999 0.2800949453125 0.7893599328125 0.276980946875
0 0.8550381046875 0.2710875359375 0.856967953125 0.2662045984375 0.8587412406249999 0.2617773046875 0.85971895625 0.259482034375 0.8578781359375001 0.2564021421875 0.8550979703125 0.2560561125 0.851276140625 0.2572743734375 0.849378015625 0.2580297 0.8474159406249999 0.25805404374999996 0.845469721875 0.2560145828125 0.8444822890625 0.25595365625 0.840075671875 0.257223078125 0.8392417249999999 0.2589165109375 0.8400567421874999 0.26149688437499996 0.8409229187499999 0.264662046875 0.8403862249999999 0.2675079953125 0.8395619968749999 0.27155762656250004 0.8382041453125 0.27624320468749997 0.8393547859374999 0.2804146875 0.8451709234375 0.2840306765625 0.8469733734375 0.2866719765625 0.85227481875 0.28665010625 0.8573204531249999 0.28370430625 0.8575215234375 0.2792672484375 0.85559116875 0.2751639828125 0.8550381046875 0.2710875359375
0 0.8152045937500001 0.3142003953125 0.8106255593749999 0.3179892640625 0.81103485625 0.322667553125 0.8147067781249999 0.3264711375 0.8190975343750001 0.3272655203125 0.8242807937500001 0.328137884375 0.8268532390625 0.3283547703125 0.8323429640625 0.3237496453125 0.8335826296875 0.3199583015625 0.8327067328125001 0.3144369421875 0.8329942656249999 0.3132332625 0.8327256640625 0.3101631359375 0.8314568375 0.3068858859375 0.8287211875 0.3025584421875 0.8251101484375001 0.30169584375 0.8205853453125 0.3038594984375 0.81915075 0.307667896875 0.8192500046875001 0.311047471875 0.8152045937500001 0.3142003953125
0 0.662551821875 0.6999028468749999 0.667538703125 0.70039354375 0.6698369093750001 0.7024437390625 0.6728245296875001 0.70430119375 0.6775901906249999 0.7042815328125 0.6831745046875 0.703528115625 0.6860614046875 0.702216125 0.686776578125 0.7002995734375 0.686382890625 0.6978178984375 0.6864316406250001 0.696356934375 0.6872760515625 0.6938993671875 0.6888788609375001 0.692037584375 0.69011971875 0.6900750421875 0.6896427859375 0.68866006875 0.6883357015625 0.6878474328124999 0.68477364375 0.6874969359375 0.6765379078125 0.68821746875 0.6707438703124999 0.6885919546875 0.6665498859375 0.6890913078125 0.66323204375 0.6895140093750001 0.6595522453125 0.68983595 0.6518421953125 0.6905104921875 0.6439109234375 0.6906746796875 0.645132003125 0.6945406671875001 0.6463300859375 0.6981438109375 0.650205346875 0.700056034375 0.6564188265625 0.7004394140625 0.662551821875 0.6999028468749999
0 0.6317953203125 0.7096123375000001 0.6370981640625 0.709678109375 0.6422515359375 0.7080354015625 0.6430012015625 0.7065131140625 0.642372034375 0.7053763125 0.640119821875 0.7038518015624999 0.6402145640625 0.7029165234375 0.6407890015625 0.701409565625 0.64184313125 0.69933093125 0.6403608203125 0.6985336265625001 0.6361898312500001 0.6992958234375 0.633279934375 0.70034496875 0.6302752968750001 0.7023293953125 0.6291061859375 0.7030938156250001 0.626314028125 0.703470525 0.6185924796875 0.7040136453125 0.6086159578125 0.7050189062500001 0.6102505015624999 0.7055380390625 0.6129479156250001 0.7060966078125 0.6182365015625 0.7080176078125 0.6251021437500001 0.7098006328124999 0.6317953203125 0.7096123375000001
0 0.6319944578125 0.726015896875 0.6372715453125 0.727805475 0.6415087609375 0.7298184578125 0.6471505640624999 0.72972214375 0.650586146875 0.72862700625 0.6517092640625 0.7273369 0.6508013890625 0.7250326375 0.6509076296874999 0.72422878125 0.6532688453125 0.7229627828125 0.655058384375 0.721217090625 0.6552823640625001 0.7197407953125 0.6546187031249999 0.71820973125 0.6523522328125 0.71854045 0.6497468015625001 0.7190332484375 0.6455298203125001 0.719269759375 0.6438262890625001 0.7179621 0.6408501640625001 0.7162360671875 0.63806950625 0.7167441984375 0.6356020484375 0.7188140546875 0.63010971875 0.72061884375 0.6257634999999999 0.7213963703124999 0.6206358843750001 0.7213152703125 0.6227128703125 0.7228551125 0.6234827703125 0.7235823171875 0.6246376234375 0.7246731265624999 0.627392525 0.7258888031249999 0.6319944578125 0.726015896875
0 0.5410931953125 0.7707835046875 0.545203934375 0.7713508515624999 0.5466977453124999 0.7722795796875 0.549639375 0.773611346875 0.5510701734375 0.77785626875 0.5531241640625 0.7791332671875 0.557165915625 0.7789120859375 0.5602625390625 0.77797903125 0.5619343390625 0.7769057765625 0.5633504234375 0.774927903125 0.5635974 0.77371445 0.5633674421875 0.771086025 0.5618993875 0.7684334890625 0.559974634375 0.7666154749999999 0.557113490625 0.76620365625 0.5547550359375 0.7654830031250001 0.5530055125 0.7636496578124999 0.5515719515625 0.7613913875 0.5502993609375 0.7609730156250001 0.546573571875 0.760769271875 0.543232734375 0.7609291296875 0.540078621875 0.7612050796875 0.5362695875 0.762068034375 0.5329977359375 0.7630164203125 0.529059465625 0.7644203921875 0.5268159890625 0.765013953125 0.524945965625 0.7658396953125 0.52436003125 0.76721523125 0.5280513265625 0.7670247109375 0.5315673921874999 0.7668495234375 0.5366605140625 0.7665363593750001 0.538691509375 0.7675505171875 0.538875475 0.76965325625 0.5410931953125 0.7707835046875
0 0.4934991328125 0.7595858828125001 0.49985886874999996 0.7555863703125001 0.501053734375 0.7530981406249999 0.5006227937500001 0.7522088546875 0.49842806875 0.7513414484375 0.49610410624999995 0.751015059375 0.49471377812500006 0.751269125 0.4937916453125 0.75082009375 0.49253331093749997 0.7485464921875 0.4911457421875 0.7468139078125 0.4903873390625 0.7462181218749999 0.489324471875 0.7461786828125 0.48786239374999996 0.7476308703125001 0.4876844046875 0.7496328515624999 0.4878913671875 0.7519984359375 0.48807533281250004 0.7541011765625 0.484591 0.7566572796875 0.4825572453125 0.7576297750000001 0.480043796875 0.7591739453125 0.47687542812499994 0.7613051234375 0.4755885796875 0.76274198125 0.47497964843749996 0.7638546734375 0.4747901609375 0.7657252328124999 0.475488315625 0.7676505609375 0.47647943593750003 0.768888121875 0.4769563703125 0.770303096875 0.47619520625 0.7716939609375 0.4816272875 0.771218715625 0.4865364453125 0.7688028109375 0.48984554999999996 0.7662620390625 0.491589096875 0.7639906625 0.49228127187500004 0.76181126875 0.4934991328125 0.7595858828125001
0 0.6694061640625 0.7639780671875 0.6712127359375 0.7644809765625 0.6756740703124999 0.7634296953125 0.6762211703125 0.7612887765624999 0.6721156421875001 0.7580126609375 0.6718095749999999 0.75451429375 0.671735353125 0.751987090625 0.67045445625 0.7507772265625 0.667383821875 0.7509357109375 0.6631757578124999 0.7515241921875 0.6579067828125 0.75341725625 0.652123996875 0.7544739875 0.64455376875 0.7552464578125 0.6389645703125 0.75683705625 0.638895321875 0.7577244000000001 0.63840790625 0.7588686515624999 0.6355978125 0.7603262703125 0.6343337484375 0.760987665625 0.6347017953125 0.7618367515625 0.6364127203125001 0.7612464218749999 0.6462172500000001 0.7608292796875 0.6508626093750001 0.7602025421875 0.6559716609375 0.7615181296875 0.66000296875 0.76226704375 0.6653748562499999 0.763229153125 0.6694061640625 0.7639780671875
0 0.8169225140625 0.74269984375 0.8111205984375 0.7435379281250001 0.8063486031249999 0.7443960656249999 0.80079039375 0.744662025 0.7954973187500001 0.74292189375 0.7916691625000001 0.742816171875 0.7859342 0.7444195234375 0.785881784375 0.7471781265625 0.7883670625 0.748723265625 0.7895308875 0.7502738531250001 0.7880231156249999 0.7515073734375 0.7851915968750001 0.7543989578125 0.7854020187499999 0.756804084375 0.790647271875 0.7579975953125 0.7976248734375 0.7571668125000001 0.8035151671874999 0.7556600312499999 0.8083755390625 0.7541331984374999 0.812447403125 0.7536667953125 0.816129790625 0.7537852703125 0.820617525 0.7547145734375 0.8210188578125001 0.7525864078125 0.8207009296875001 0.7506313296875 0.8229708140625001 0.74635679375 0.8210613296875 0.742998709375 0.8169225140625 0.74269984375
0 0.84318885 0.3882308546875 0.84288005 0.3847012515625 0.84265546875 0.3821342703125 0.8409755890625 0.380179603125 0.837367103125 0.3808186328125 0.8351122890625 0.382147553125 0.8335553671874999 0.384062075 0.831230371875 0.384588815625 0.8288492328125001 0.38447380937500003 0.8269380312499999 0.3848026828125 0.824297496875 0.38665034375 0.8246096671875 0.387754684375 0.8269874375 0.3902949515625 0.8268858124999999 0.39159715781250004 0.8268262984374999 0.3933806734375 0.8274225656249999 0.3952684796875 0.82994406875 0.3969878515625 0.8349870765625 0.4004265921875 0.8369089437499999 0.40268341718749995 0.8423444124999999 0.4007528953125 0.8454021109375001 0.39628210468749997 0.8451073484375 0.392912940625 0.844339275 0.39152515781249997 0.84318885 0.3882308546875
0 0.8615685718750001 0.19310320625 0.8628892968749999 0.18939899843750002 0.8638330078124999 0.18651279375000002 0.86406396875 0.1840253859375 0.8640955171875 0.182676878125 0.8663724140625 0.18135621875000002 0.8689266218749999 0.17978700625 0.87008688125 0.1776668765625 0.8697437499999999 0.17545398437499998 0.8685589546875001 0.1738754578125 0.8667393078125001 0.173586071875 0.8628008921875001 0.174715659375 0.8595654859374999 0.17533515625 0.8574806046875001 0.17372323125 0.8551963062500001 0.17325020625 0.8525497937500001 0.177182553125 0.8534475421875 0.1788983390625 0.8535935968749999 0.1805677453125 0.8507671421874999 0.1858615796875 0.8479453640625 0.1877906375 0.8460528828125 0.190086975 0.8457611609375 0.1935890109375 0.8473790578125 0.1966996859375 0.8516680031250001 0.199576675 0.8554751625 0.2003650484375 0.85744143125 0.2010851765625 0.857781271875 0.1993782703125 0.8604277859374999 0.195445925 0.8615685718750001 0.19310320625
0 0.8265162234375 0.147947278125 0.825460346875 0.14613318125000002 0.825097740625 0.14369769999999998 0.8248835281250001 0.1412492375 0.82440174375 0.139160621875 0.8237594921875001 0.13865608437500002 0.8206237937499999 0.1387061296875 0.8182082421875 0.140151065625 0.8168022203125 0.1411712421875 0.8133892140625001 0.141469840625 0.8108373437499999 0.1413566640625 0.8066239562499999 0.1410524140625 0.8057920296875001 0.141798071875 0.8066484921875 0.1447510734375 0.8088307453124999 0.14747593750000002 0.8139808296875 0.149941146875 0.8146865640625001 0.15458951875 0.81236370625 0.16051216875000002 0.813762715625 0.1645391609375 0.8176064859375 0.167455096875 0.8220461609375 0.1686367140625 0.8250529421874999 0.1688222359375 0.82833196875 0.1652831359375 0.8301002093750001 0.1598575921875 0.831094940625 0.1558454671875 0.830783359375 0.15228406875 0.828314059375 0.1496964625 0.8265162234375 0.147947278125
0 0.8445721109375001 0.1167611515625 0.844941728125 0.11414946562499999 0.8429370796875 0.1117455015625 0.8407817 0.11103690625 0.8371011203125001 0.11169535156249999 0.836398109375 0.112205440625 0.8357971421875 0.11046368749999999 0.83355413125 0.1087534515625 0.8324861796875 0.10851044843749999 0.8299319734375 0.110079659375 0.8283460125 0.11246132499999999 0.8301415109375 0.11589289843749999 0.8305940859375 0.117647634375 0.827273771875 0.122423946875 0.8291787140625001 0.1253973640625 0.8327085656250001 0.1264342890625 0.8362189421874999 0.1272486265625 0.8395517171875 0.1277420671875 0.8432809828125001 0.1276400890625 0.8412739953124999 0.1269185125 0.839814228125 0.1239061484375 0.8390574703125001 0.12038369687499999 0.8408697187499999 0.11887939843749999 0.8442048312500001 0.11769044843750001 0.8445721109375001 0.1167611515625
0 0.8135060734374999 0.10007788749999999 0.813498675 0.0982842046875 0.8144423843749999 0.0953980015625 0.814415509375 0.09338173125 0.81338884375 0.0919015140625 0.809117034375 0.090929503125 0.8065943765625001 0.09115020625 0.8043564265625 0.0929160390625 0.8031669562499999 0.0947022890625 0.7996542421874999 0.0955703390625 0.7936309421875001 0.0950879984375 0.7922759453125 0.0949822546875 0.79182843125 0.096703590625 0.792991415625 0.0997419203125 0.796874134375 0.10310303125 0.8003019421875001 0.106391796875 0.801652265625 0.10986231875000001 0.80357434375 0.1147407109375 0.806389109375 0.11785881875 0.8105806859375001 0.1196228703125 0.816110125 0.11958768906249999 0.8183067890625001 0.1190590703125 0.821038596875 0.11781075625 0.8224979781249999 0.1139822734375 0.8226631203125001 0.10903341875000001 0.8204516578125001 0.1059746734375 0.8165592015625001 0.1025022671875 0.81400966875 0.10070670156249999 0.8135060734374999 0.10007788749999999
0 0.7406044875 0.1076895515625 0.73806936875 0.1026405015625 0.7377869968749999 0.099412984375 0.7387793921875 0.0970832484375 0.7411291234374999 0.0931768671875 0.7397495875 0.089372465625 0.736051871875 0.0881259359375 0.732252109375 0.0891312453125 0.727603284375 0.0889772375 0.7228134671875 0.0906298921875 0.720376103125 0.09353462812499999 0.7205879796875 0.0976654796875 0.72053461875 0.1004737890625 0.7219262265624999 0.10270709687499999 0.723147634375 0.1064131890625 0.727986521875 0.11215784843750001 0.73003985625 0.11511828125000001 0.7318789781249999 0.115630253125 0.7339954093750001 0.11589367187499999 0.7385468656249999 0.11493474374999998 0.7422005734375 0.1122600265625 0.7406044875 0.1076895515625
0 0.7637021765625 0.09994934062500001 0.7597076765625 0.098728775 0.7568344890625001 0.094942903125 0.7557127890625 0.0906673609375 0.75318506875 0.08741199375 0.7501124671875 0.08476502500000001 0.7482441359374999 0.08391917343750001 0.744196275 0.085506915625 0.7426687359375 0.08855634531249999 0.7425787671874999 0.089237090625 0.7400561078125001 0.0894577953125 0.7378886546875 0.09032029531249999 0.736421875 0.092355096875 0.7379229281249999 0.094130246875 0.7408397390625 0.094996515625 0.741024740625 0.097111096875 0.7432264671875 0.10005854843749999 0.7476517281249999 0.1044936484375 0.7520672562499999 0.10881745625000001 0.7607908140624999 0.10939999062500001 0.7625812515625 0.10935549375 0.764770515625 0.10703319062500001 0.767278375 0.10322512187499999 0.7668160640624999 0.10135909375 0.7637021765625 0.09994934062500001
0 0.7040023859375 0.10292948125000001 0.7034134953125 0.099616634375 0.7015475 0.09708839375 0.6972780265625 0.09443399218750001 0.6937894625000001 0.0921598546875 0.6932492546875 0.089403475 0.6927990187499999 0.08596635312499999 0.6909330234375 0.0834381109375 0.6875613015625001 0.082499496875 0.683386859375 0.08264042187500001 0.6810612796875 0.0834046109375 0.6791590609375 0.08558965625 0.6781958765625 0.088253271875 0.6772058203125 0.08890061875000001 0.6739509406249999 0.0892975296875 0.671734803125 0.0896035625 0.6710610031249999 0.0904475296875 0.6722457984375 0.092026059375 0.6751018515625 0.093906953125 0.6775322 0.0960493828125 0.679033253125 0.09782453437500001 0.6809600078125 0.0993381484375 0.68430991875 0.1017365625 0.688253396875 0.1040830484375 0.6929657078125 0.108380890625 0.6944352109375 0.11150454843749999 0.6959678109375 0.11193119062500001 0.7004024265625 0.1096367375 0.7024725093749999 0.10766129843750001 0.70364250625 0.1056524625 0.7040023859375 0.10292948125000001
0 0.66653719375 0.10710442656250001 0.664262634375 0.1067426953125 0.6600687203125 0.106661034375 0.6557556250000001 0.10692623593749999 0.6517806 0.1059282578125 0.6513961828125 0.1049525796875 0.6499266796875001 0.10182892031249999 0.648277234375 0.10006675312499999 0.6443898406249999 0.10007042031249999 0.63877549375 0.10426241562500001 0.6389920453125 0.105028490625 0.6386247640625 0.1059577890625 0.6373963453125 0.10729886250000001 0.6364062890625 0.10794620937499999 0.6346840109375 0.10876976249999999 0.6344141015625 0.11081199687500001 0.63699284375 0.11294144531250001 0.641471465625 0.1145682375 0.6450912875 0.11492441875 0.6479983609375 0.11567939218750001 0.6535180640625 0.1155329171875 0.65865335 0.11441076406249999 0.6637765609375 0.11485970781249999 0.6690068796875 0.1165328796875 0.6702352984375 0.11519180468750001 0.6701986875 0.1130642421875 0.6701328656250001 0.110602796875 0.6690575140624999 0.10856611093749999 0.66653719375 0.10710442656250001
0 0.6652690546875 0.0943186296875 0.663945603125 0.09286437812500001 0.6612671546875 0.09130438125 0.658727359375 0.089620109375 0.6589291109375 0.0867988171875 0.6593571500000001 0.08485489375000001 0.6585591078124999 0.08256965625 0.65704831875 0.0806832109375 0.65505106875 0.0800729296875 0.6541607171875 0.08015082500000001 0.651083440625 0.080868634375 0.6491520125 0.082719796875 0.6486145296875 0.085121878125 0.64836643125 0.0857043125 0.6462597375 0.0855521875 0.6426885999999999 0.0857524765625 0.6417472281250001 0.08695629218749999 0.6413776109375 0.0895679765625 0.6426718515625 0.0906883484375 0.64501456875 0.091829134375 0.6501451796875 0.094071759375 0.65124000625 0.09633103125 0.6551445359375 0.0982323421875 0.660491696875 0.1012410390625 0.6638536828125 0.102068359375 0.6664663109375 0.10116691093750001 0.666952771875 0.0998907484375 0.6669843203125 0.098542240625 0.666383353125 0.0968004890625 0.6652690546875 0.0943186296875
0 0.732755303125 0.1256466890625 0.729889515625 0.12365450156249999 0.7257684328125 0.12098711874999998 0.7226132625 0.120814578125 0.717319846875 0.12183841875000001 0.7154394390625 0.1225636609375 0.7156949390625 0.12377490937499999 0.716641371875 0.126047165625 0.7169845015625 0.1282600578125 0.7143013781249999 0.1300648390625 0.71269828125 0.130541528125 0.709531034375 0.1319400828125 0.7107645140625001 0.13407507968750002 0.7138881390625 0.135596128125 0.71689491875 0.1357816515625 0.7234338890625 0.1353217109375 0.7264017218750001 0.135062059375 0.7298731515625 0.135431221875 0.73714434375 0.13479507500000001 0.740973315625 0.134123646875 0.7466071359375 0.1301542375 0.74646108125 0.12848483125000001 0.7432669609375 0.127867115625 0.7378080171875 0.1269989640625 0.732755303125 0.1256466890625
0 0.6271873078125 0.12221023906249999 0.6246549109374999 0.12231964843750001 0.619609596875 0.12276105625 0.61387334375 0.1221414578125 0.6088401015625 0.12101177031250002 0.605487853125 0.12029574531250001 0.6022913953125 0.12136041718749999 0.6011506109375 0.1237031359375 0.60008031875 0.125142521875 0.598486959375 0.1257305046875 0.5966454999999999 0.1269009203125 0.597246465625 0.12864267499999998 0.5987864671875001 0.1308629984375 0.6031069609374999 0.1323914796875 0.607369034375 0.1332521984375 0.6137085890625 0.1339311609375 0.6188025890625 0.13404622187499998 0.6251347468749999 0.1329315015625 0.6326563734375 0.13003053281250002 0.6325566671875 0.130599984375 0.6347046453125 0.1295148953125 0.633291225 0.1287413890625 0.63163204375 0.126867928125 0.6292721890624999 0.12382216406249999 0.6271873078125 0.12221023906249999
0 0.5951876828125 0.11536532031249999 0.5930615171875 0.11499060937500001 0.5903223078125001 0.1144452390625 0.587860409375 0.11365131718749999 0.5858947078125001 0.11169252656249999 0.5851161375 0.1096298765625 0.583585875 0.10752084375 0.5815594140625 0.10657668125 0.5791754109375 0.106673109375 0.57749208125 0.1079418359375 0.57723190625 0.110095365625 0.5726901875 0.11116558750000001 0.570967909375 0.1119891421875 0.5704911859374999 0.11337659687499999 0.5716954546874999 0.1151777125 0.5747606578125 0.116030996875 0.5777674375 0.116216521875 0.5787162109375 0.11680638750000001 0.5798305109374999 0.11928824843750001 0.5808863875 0.12110234687500002 0.5845743671875 0.1222375828125 0.5937041546875 0.12233599375 0.59545564375 0.121846321875 0.59610996875 0.12077976718750001 0.5963993515625 0.11896011718749999 0.59621435 0.1168455375 0.5951876828125 0.11536532031249999
0 0.515259121875 0.0973496921875 0.5120942125 0.097065859375 0.5096128390625 0.0960493484375 0.5085569609375 0.0942352515625 0.507243246875 0.09289229375 0.5039202109375001 0.092510146875 0.501694334375 0.09270488593750001 0.49954635625000005 0.093789975 0.49920828593750005 0.0950531546875 0.4994929953125 0.096598284375 0.49944197343749996 0.09772420312499999 0.4974423859375 0.098796309375 0.494919728125 0.09901701406249999 0.492564934375 0.09944732187500001 0.49241420625 0.10114269375 0.49526052031249995 0.10291229531249999 0.4980484140625 0.10401413281250001 0.4994228875 0.104342465625 0.502587796875 0.1046262984375 0.5067427624999999 0.1042627859375 0.5102628765625 0.10518841875 0.5153155921875 0.1065406921875 0.5200715234375 0.10791893125 0.52151883125 0.10566154218749998 0.521224384375 0.10400511875 0.5198545859375 0.100312009375 0.518462978125 0.098078703125 0.515259121875 0.0973496921875
0 0.18890021875000002 0.1382604984375 0.1881027484375 0.1408199015625 0.1911396453125 0.143426859375 0.194313553125 0.144681259375 0.196153915625 0.145286290625 0.20125531562500001 0.1452229953125 0.20759049687500003 0.1446687390625 0.21032809531250002 0.1438547 0.21137897187500002 0.1412731265625 0.21165299843750002 0.138568009375 0.210456465625 0.13656608125 0.2074488328125 0.13721223437500002 0.200066765625 0.1374750625 0.197196146875 0.1367686578125 0.1953557859375 0.136163628125 0.191317896875 0.1367084078125 0.18890021875000002 0.1382604984375
0 0.1761812828125 0.16968245937499998 0.1739752171875 0.169523159375 0.17253590937500002 0.1691793390625 0.1716035609375 0.169260909375 0.1701108265625 0.17009611875 0.16912505 0.1713567203125 0.16938240468750002 0.172508559375 0.1726125828125 0.1736351796875 0.173585715625 0.17401978437500001 0.173687678125 0.17518521874999998 0.1737362125 0.17752968281249998 0.173433178125 0.1794351625 0.1735147484375 0.1803675109375 0.17544062031250002 0.18090363125 0.17803128906250001 0.18008980000000002 0.1811415625 0.178056153125 0.1833194890625 0.1761040765625 0.1844810484375 0.17506296875 0.18663613437499998 0.17463955312499999 0.19081130625 0.174039403125 0.19307080000000001 0.1730196734375 0.196005290625 0.170766534375 0.1968993 0.1684570453125 0.1960636140625 0.1660640125 0.1952789109375 0.164253696875 0.1911547203125 0.165436565625 0.18475064218749998 0.1674060765625 0.18200458125000002 0.1682335015625 0.180802234375 0.1688084359375 0.1794546953125 0.16951350781250002 0.1761812828125 0.16968245937499998
0 0.1518048421875 0.164886428125 0.14988916562500001 0.16446685 0.15030680624999998 0.1620816015625 0.14581065625 0.1625923984375 0.14426449218749998 0.16460663749999999 0.1462694875 0.16783685312500002 0.150131428125 0.1690256390625 0.1518815171875 0.1693422671875 0.15243945625 0.170350375 0.15179505 0.1719334140625 0.1502182984375 0.1735980234375 0.15023624375 0.17559285625 0.15161192343750002 0.1769991625 0.1561513078125 0.17519279062499998 0.15921059843750002 0.17257642812500001 0.1603823546875 0.1716518640625 0.163077434375 0.1702417203125 0.16725260625 0.16964156875 0.17274472968750001 0.167986715625 0.1747672640625 0.166048234375 0.1750931390625 0.16261409375 0.1748382328125 0.159700509375 0.173294515625 0.1599530015625 0.1725481484375 0.16037060625 0.1665898515625 0.1620662453125 0.1626414453125 0.1634686046875 0.15835166875 0.164548525 0.1543114953125 0.16490199375 0.1518048421875 0.164886428125
0 0.161194778125 0.2131529515625 0.157773721875 0.21521378750000003 0.15649755625 0.2167346640625 0.1537412984375 0.217445546875 0.1505902390625 0.21901301874999998 0.14951025 0.220986475 0.151372496875 0.2225850828125 0.1553718859375 0.22176543906249999 0.15662521093749998 0.2217732234375 0.1563323734375 0.2237952453125 0.1572520765625 0.22535887968749999 0.160326865625 0.22649909531249998 0.1665323203125 0.22583875312499999 0.16790270000000002 0.223605021875 0.16706701562499998 0.2212119890625 0.169018175 0.21845770468749998 0.1703351265625 0.2174030015625 0.1718812890625 0.2153887625 0.17547038125 0.211669128125 0.17751575625 0.2082019875 0.17229607656249998 0.2076017296875 0.16844188437500002 0.208291234375 0.164990240625 0.210002440625 0.16236653437499998 0.2122283875 0.161194778125 0.2131529515625
0 0.1522200171875 0.20900585 0.149298171875 0.20961378437499997 0.1480958265625 0.21018871875 0.1494919015625 0.21182811093749998 0.1527730609375 0.21353745000000002 0.1536009984375 0.2140521921875 0.15440854375 0.2143338484375 0.156573825 0.21402697499999998 0.1612380109375 0.21185737968749999 0.1647532796875 0.2090836875 0.166806403125 0.2074948375 0.16866335 0.20545340625000003 0.1687269734375 0.2043909203125 0.1697025546875 0.20301377812500002 0.1662101265625 0.2042588109375 0.16248848437500002 0.2064633796875 0.16150270625000002 0.207723978125 0.158290471875 0.20859219062499998 0.1545610828125 0.2089184703125 0.1522200171875 0.20900585
0 0.1564004359375 0.3462745140625 0.154739665625 0.34876852187499996 0.15371065625 0.35132469375 0.15364458281249999 0.3541489265625 0.1543579140625 0.3551434390625 0.156999565625 0.3549123234375 0.160884346875 0.35457245 0.16289423593750002 0.354279171875 0.163979528125 0.355945753125 0.1649934453125 0.35679653125 0.1667231421875 0.3568800734375 0.1688476375 0.356107025 0.17062056718750002 0.3548949953125 0.171264971875 0.35331195625 0.1708852640625 0.3507615953125 0.16988399062499998 0.3482656140625 0.1698762421875 0.34638732499999997 0.1710606421875 0.3438175578125 0.17118789375000001 0.3416925859375 0.1700108359375 0.3389771125 0.16862740625 0.3356925171875 0.162388915625 0.33776497656250004 0.160325596875 0.3392372828125 0.158644434375 0.34149820468750003 0.1576994421875 0.34322497812499997 0.1564004359375 0.3462745140625
0 0.172120259375 0.2968680890625 0.1692391984375 0.2979421984375 0.165260203125 0.298994928125 0.16472020781250002 0.29998165625 0.1647483484375 0.3020930328125 0.1657724625 0.303060353125 0.1693974421875 0.3033303875 0.17049537812499999 0.303351765625 0.1713335109375 0.3039830515625 0.17188125468749998 0.3048746140625 0.17243919531250002 0.30588271875 0.17300733125 0.30700736875 0.174125659375 0.307261834375 0.1783416140625 0.30712785781249996 0.1819792375 0.3057526859375 0.1829470703125 0.3024972546875 0.184009115625 0.298528965625 0.1855271390625 0.2944033484375 0.18647457812499998 0.29091482968750004 0.185628696875 0.2884052546875 0.18346586250000002 0.28695037968750003 0.183162828125 0.2888558609375 0.1811810796875 0.291260515625 0.17873315625 0.2937059546875 0.176514446875 0.2951918578125 0.17393397187499998 0.2961222328125 0.172120259375 0.2968680890625
0 0.12489804687499999 0.2815052046875 0.12423324843750001 0.2828551578125 0.123879234375 0.284177921875 0.1238767859375 0.28593966718749997 0.1263198125 0.2870177203125 0.1284010765625 0.287540246875 0.129198425 0.28770535937499997 0.12905853125 0.291475534375 0.1311601875 0.29223114687499996 0.13699368125 0.29089873437499997 0.1396810125 0.2876103 0.1418104046875 0.28331375937500003 0.142717059375 0.279359065625 0.1426811703125 0.27536939843749997 0.1430274375 0.27216834687499997 0.14386027031249998 0.2691595953125 0.1433251703125 0.2666228296875 0.143292134375 0.26803494687499996 0.1370079640625 0.273164725 0.133938475 0.27566454375 0.1319159421875 0.277603025 0.12786312500000002 0.2796016984375 0.12489804687499999 0.2815052046875
0 0.13770660625 0.2847297140625 0.13535045 0.2882240453125 0.13228096250000002 0.290723865625 0.12861274843749998 0.2917494046875 0.12337023124999999 0.29267780781249997 0.12069554375 0.2943210390625 0.12028810000000001 0.29682283125 0.1263968921875 0.298637090625 0.1309950046875 0.299291728125 0.130009228125 0.300552328125 0.1315072640625 0.3033571546875 0.137422328125 0.3029570875 0.1400358390625 0.300614596875 0.14159219843749998 0.2987169 0.14302375625 0.297182428125 0.14438394062499998 0.2948321546875 0.1472878421875 0.2922293859375 0.1505865421875 0.28877002812499997 0.153271021875 0.2800798109375 0.1524532796875 0.2796816109375 0.15031083750000002 0.278459825 0.1472564421875 0.2775526953125 0.14467596875 0.27848307031249997 0.14056972343750002 0.281660771875 0.13770660625 0.2847297140625
0 0.15599179375 0.282542790625 0.15425965 0.2842209953125 0.15298348281250002 0.285741871875 0.15128192812500002 0.28776970625 0.14845184843749998 0.28942653281249997 0.1462865671875 0.28973340468750003 0.142276984375 0.29043650468750004 0.139665921875 0.29101725 0.13775799375 0.2924759625 0.1379109375 0.29422411249999997 0.138614071875 0.29510208125 0.1396279890625 0.295952859375 0.1420506234375 0.29679782499999996 0.1428887578125 0.2974291109375 0.1431155234375 0.2982313203125 0.1433524828125 0.299150071875 0.1463228609375 0.30088660312500004 0.148197753125 0.3008400046875 0.1500954859375 0.29926474999999997 0.1504698921875 0.2981750734375 0.1505029296875 0.2967629578125 0.151032728125 0.29565968593749997 0.154153196875 0.2937425828125 0.15996629843750002 0.292177084375 0.1634073421875 0.2831858046875 0.165447821875 0.28324215625 0.1648796859375 0.2821175078125 0.1605719625 0.28120259375 0.15795070312499998 0.281666796875 0.15599179375 0.282542790625
0 0.21518914374999998 0.5699886546874999 0.21301361874999997 0.5734698828125 0.21056180468750002 0.5759737046875 0.2089945109375 0.5776847328125 0.2064060453125 0.5786266046875 0.2040069046875 0.5795519140625001 0.20381459531249999 0.5817149734375 0.20421511250000002 0.5841123328125 0.20579184687500002 0.584689796875 0.21050018124999997 0.5839917078125 0.21076404843750002 0.584827115625 0.21192187499999998 0.58715821875 0.2150132265625 0.587603171875 0.217046134375 0.5868529859375 0.220972315625 0.5859371609374999 0.22424355468749999 0.584077059375 0.2262918671875 0.5813223734374999 0.226837984375 0.57884219375 0.2278745640625 0.577606846875 0.22925253125 0.575912384375 0.2322102109375 0.5726488921875 0.2332125046875 0.5688410625 0.23040340625 0.565080521875 0.2271227265625 0.56465213125 0.2266665515625 0.5659797828124999 0.22520460937500003 0.56453378125 0.2232492203125 0.5639894437499999 0.2222901609375 0.5639302671875 0.2186899609375 0.5663914796875 0.21518914374999998 0.5699886546874999
0 0.188943715625 0.5665615390625 0.1874728234375 0.571555025 0.1871533 0.574444625 0.186656875 0.5774927859375001 0.1851889671875 0.5803397765625 0.18304126874999999 0.5819584984375 0.1786216453125 0.5837759890625 0.1776844484375 0.5861473 0.17850089062500002 0.5889375171875 0.1807077203125 0.59017526875 0.183345878125 0.5898013765625 0.1842676703125 0.589434565625 0.18727206093749998 0.5888855515625 0.189733315625 0.5886702203125 0.19060243125 0.5898819234375 0.1945753203125 0.591680575 0.19816011718749998 0.5912238640624999 0.20015873750000002 0.5879011953125 0.2004658359375 0.5848695984375001 0.2002173765625 0.5820296890625001 0.20040968593750003 0.5798666296875 0.20021091875 0.5775947015625 0.19986009375 0.575765325 0.19936019062500002 0.572232003125 0.20114463906250002 0.5686419078125 0.2034473765625 0.564434140625 0.20367993750000002 0.56055056875 0.20385982500000002 0.558245515625 0.199064528125 0.5579496374999999 0.1956566359375 0.5582477890625 0.1920315890625 0.5604250109375 0.1904891421875 0.5624200265625 0.188943715625 0.5665615390625
0 0.1720970625 0.57461721875 0.1684099 0.5760844609375 0.16751295625 0.5767352625 0.16711889687499998 0.578772890625 0.1670786453125 0.5804934 0.169133415625 0.5821737015624999 0.172591 0.58244353125 0.18041255 0.58462088125 0.1822685546875 0.5840292546875 0.1857415421875 0.582294584375 0.1876874890625 0.5805504296875 0.188472628125 0.57862166875 0.187125471875 0.5763071296875 0.185123375 0.573048315625 0.1851541859375 0.569039315625 0.1853276140625 0.5622992734375 0.1837538640625 0.5595753109375 0.1806873578125 0.5594143484375 0.18044535781249998 0.5610094265625001 0.17508555312500002 0.5673447234375 0.1735277015625 0.571344240625 0.1746358375 0.5731073640625 0.175101453125 0.5740682031250001 0.1720970625 0.57461721875
0 0.1529049546875 0.544961278125 0.1493544453125 0.5479904734375001 0.146840515625 0.54978431875 0.1420049671875 0.5512089515625 0.13716941875 0.5526335828125 0.1336686015625 0.5562307578125 0.1342927359375 0.5611840359375 0.14140965156250002 0.5618491265625 0.14352951875 0.5620929078125 0.14443590625 0.5637305984375 0.14733494687499998 0.5663386125 0.15036418437500002 0.5660735875 0.15476194375000002 0.5618256109375 0.1554849671875 0.5591868734375 0.155916296875 0.55757523125 0.158088840625 0.5562404984375 0.1615618265625 0.5545058296875001 0.164407703125 0.5499643765625 0.1655372078125 0.5454300062499999 0.167129346875 0.544002971875 0.1650994203125 0.5426066609375 0.1621973953125 0.54214514375 0.15669448125000002 0.5424835031249999 0.154838478125 0.54307513125 0.1529049546875 0.544961278125
0 0.173391071875 0.515267921875 0.17188589375000002 0.5176889250000001 0.169977215625 0.5198590640625 0.1680312671875 0.5216032187499999 0.16814009218749998 0.525027675 0.1686678234375 0.5266984921875 0.1700552296875 0.5272925203125001 0.1761788 0.5253259546875 0.17773068593750002 0.5256194296875 0.1791926296875 0.5270654312499999 0.1809089984375 0.5270583515625 0.18483517968750002 0.5261425265625 0.18525408593749998 0.5243888875 0.18470150937500002 0.5224340796875 0.18490624218750001 0.520413015625 0.1855268984375 0.5187848093749999 0.186932690625 0.5152278421875 0.1858399609375 0.5114602203125 0.1838627109375 0.508485396875 0.1829841546875 0.5049852031250001 0.181354746875 0.5059862515625 0.1790301453125 0.507763534375 0.17578375156249998 0.5099076250000001 0.17398688125 0.513355725 0.173391071875 0.515267921875
0 0.354632190625 0.80792225625 0.3564804296875 0.8115022 0.3566023765625 0.8150892656250001 0.356053103125 0.81758378125 0.3548670890625 0.8215730984375 0.3570961703125 0.8251197234375001 0.3596591140625 0.825902859375 0.363988834375 0.8249484203125 0.3664143359375 0.824160578125 0.37391874999999997 0.8222088421875 0.37763971875 0.820875934375 0.378379415625 0.8183647593750001 0.3734969265625 0.8151941875000001 0.37019728281250003 0.814763321875 0.36786524374999996 0.8122330703125 0.366816178125 0.8090149359375 0.3644716421875 0.80634186875 0.36231753125 0.8036521406249999 0.36095009375 0.8011814078124999 0.358755496875 0.8002221328125 0.3552904234375 0.8000935609375001 0.35272447812499996 0.8014693265625 0.3522001921875 0.8042494734375 0.354632190625 0.80792225625
0 0.30955674843750003 0.7817887812500001 0.31096166875 0.784687965625 0.31347163437500003 0.787058740625 0.31843509375 0.786768403125 0.322421453125 0.7862757328125001 0.3275658375 0.7836670156250001 0.3294480640625 0.7810558828125 0.3303811828125 0.7763691453125 0.330574603125 0.7741935828125001 0.32859541875 0.7735032828125 0.32477449062499997 0.7736936609375 0.3226798515625 0.7738769171875 0.32237697656250003 0.77260823125 0.3189523875 0.7707492031250001 0.3157307125 0.7690163328125 0.30933734375 0.766121853125 0.30754558125 0.767573796875 0.3061316609375 0.771151325 0.3080673625 0.7757309828125 0.3089385046875 0.7791085921875001 0.30955674843750003 0.7817887812500001
0 0.2994114 0.83908886875 0.303610171875 0.8410240734375 0.303847571875 0.8437375828125001 0.3044658171875 0.8464177718749999 0.3085491375 0.8492265343750001 0.31447719687500003 0.848995715625 0.31602855937499996 0.846989165625 0.318597503125 0.8434544953125 0.32164424999999996 0.8431879390624999 0.3246939953125 0.84076248125 0.3258395265625 0.8385036187500001 0.3228237671875 0.834738 0.3198050109375 0.8331312859375 0.3153628390625 0.8328003796875001 0.3124065546875 0.8319077437500001 0.3089319875 0.8294774515625001 0.30269155625 0.826137865625 0.3020578171875 0.8254737625 0.29805896249999997 0.8258236171875 0.29481879375000003 0.8282657359375 0.29411358125 0.8333642640625 0.29690143281250003 0.8367180921875 0.2994114 0.83908886875
0 0.2701309421875 0.85532196875 0.27510389375 0.8573333515625 0.2806791015625 0.8552625812500001 0.282483359375 0.853953453125 0.2860513921875 0.8530656546875001 0.287287384375 0.8496476015625 0.2853861671875 0.8476552953125 0.28208652500000003 0.8472244296874999 0.2804132140625 0.8456439124999999 0.27988243281249997 0.8439634390625 0.274035340625 0.8407333484375 0.270916625 0.8379841015625 0.2694807140625 0.83911709375 0.267851384375 0.8424256484375 0.2664249703125 0.845860359375 0.26724313125 0.850825609375 0.2701309421875 0.85532196875
0 0.23503688125000002 0.853355471875 0.235299271875 0.8563546125 0.23796217656250002 0.8582802796875001 0.2418360828125 0.8565022640625 0.2430815703125 0.8553859312500001 0.24601286562500002 0.8559929328125 0.24925003281250002 0.8557097171875 0.25332685625 0.8540578578125 0.25355776093750004 0.8523107421875 0.251300690625 0.8506373890625 0.2496273796875 0.849056871875 0.24994874843749998 0.8461505671875 0.24902762968749997 0.8422016921875001 0.24441353124999998 0.8377124546875001 0.24154770937499997 0.8356606296875 0.236428315625 0.8385549781250001 0.2372494765625 0.8413613249999999 0.2383985015625 0.845721990625 0.2369720875 0.8491567 0.23503688125000002 0.853355471875
0 0.23574509375 0.8460980421875 0.23508936406249997 0.842989403125 0.233887359375 0.8402163781249999 0.23280080937499997 0.8365697953125 0.2324509546875 0.832570940625 0.2298785140625 0.8294860828124999 0.229069846875 0.826822553125 0.22595162812499997 0.8328517390625001 0.224778109375 0.836983871875 0.2248250890625 0.8397140390625 0.2241883515625 0.841208840625 0.2193373453125 0.8427845234375001 0.2183197640625 0.8443126453125 0.217720509375 0.8462358953125 0.22165389218749998 0.8473308625 0.2276618671875 0.8476537078125 0.2270076875 0.8493089250000001 0.23133440625 0.850513390625 0.23538624062500002 0.848575896875 0.23574509375 0.8460980421875
0 0.199795884375 0.8475162781250001 0.20131925781249999 0.847383 0.2047093625 0.8466546749999999 0.20852079531249998 0.844162578125 0.2105249703125 0.845138509375 0.2141054984375 0.8443935265625001 0.21692733749999998 0.8415562781249999 0.216739915625 0.839414034375 0.212578628125 0.8379072781250001 0.20962234531249999 0.8370146453125 0.20900410156250002 0.83433445625 0.2071683578125 0.8308973265624999 0.2049392765625 0.8273507015625 0.20023471406249999 0.824020653125 0.2005250921875 0.8251465250000001 0.19852741406250002 0.8286312140625001 0.19721045312500002 0.8355101749999999 0.19731690625 0.8411133281250001 0.198097584375 0.8456501281250001 0.199795884375 0.8475162781250001
0 0.1670368640625 0.8459211296875001 0.16614423125 0.8488774125 0.1643619609375 0.852631075 0.1670873390625 0.8552708234375 0.171048709375 0.8544925203125 0.1758997140625 0.8529168374999999 0.1776664875 0.8511792609375 0.1819182390625 0.851526828125 0.186413390625 0.8502700984375 0.1871031078125 0.8471876578125 0.18671276875 0.8449192578125 0.18470859374999998 0.8439433234375 0.1798605890625 0.8433601046874999 0.1785276375 0.8434767234375 0.178187278125 0.8417795874999999 0.177887403125 0.8383519968750001 0.1771412109375 0.8364025500000001 0.176217090625 0.834612578125 0.1692399640625 0.8316252625 0.166105753125 0.8308921046875 0.1634898296875 0.8316966062500001 0.163764715625 0.8348385640625 0.163977128125 0.8372664390625 0.16486076249999998 0.840786865625 0.1670368640625 0.8459211296875001
0 0.15375732656250002 0.847658575 0.157009990625 0.8453592734375001 0.15852086875 0.8450831781250001 0.1618205109375 0.8455140453125001 0.16362476875 0.84420491875 0.1638181890625 0.8420293546875 0.1633248921875 0.840777328125 0.15884523749999999 0.8400179703124999 0.15755276875 0.8384041359375001 0.1573403578125 0.835976259375 0.1548084015625 0.831160946875 0.14906426718750002 0.826914484375 0.147731315625 0.8270311015624999 0.1447535390625 0.8324723625000001 0.142468975 0.8414507078125 0.143615 0.8479702765624999 0.148906321875 0.849234259375 0.15375732656250002 0.847658575
0 0.1868352140625 0.857284753125 0.1926823046875 0.8605148437500001 0.19894423125 0.8575205359375 0.1999463171875 0.8580085015625001 0.20432601562500002 0.857625328125 0.2064986234375 0.8561400656249999 0.20454742656249997 0.85357649375 0.20094491093750003 0.8518769421875 0.196377790625 0.850117871875 0.19612789375 0.8472615484375 0.1947229734375 0.8443623640625001 0.1910484875 0.8396470125000001 0.1906771390625 0.8419820515625001 0.189210240625 0.8471472171875 0.1877183515625 0.8520267515625 0.1852273765625 0.8542594140625 0.1868352140625 0.857284753125
0 0.1752514953125 0.8169962015625 0.178254759375 0.8206190015624999 0.1777899484375 0.826272134375 0.17788390625 0.8317324718749999 0.1813959609375 0.8345912140625 0.18614400625 0.8340319031250001 0.1900459015625 0.8303806171874999 0.192521384375 0.8301640406249999 0.19784069531249998 0.82955475 0.20249178437499998 0.8256940078125 0.20332194375 0.82202364375 0.2010898625 0.820635921875 0.1969535640625 0.8194147968750001 0.1905726921875 0.8166631359375 0.1888369078125 0.8143685375 0.184172828125 0.809308034375 0.1796836765625 0.8062469578125 0.1812945125 0.8071133937500001 0.18017997187499998 0.80534008125 0.17912490625 0.8064397546875 0.17660894062500002 0.8083867843749999 0.173365771875 0.8129878078124999 0.1752514953125 0.8169962015625
0 0.2630583859375 0.7657095468749999 0.2673506203125 0.7643266578125 0.26356068125 0.7604848625 0.263435734375 0.7590567015625 0.27104310468750004 0.7560885921875 0.2717703078125 0.7534346000000001 0.2661636140625 0.750759115625 0.26241765625 0.7518063921875 0.259090025 0.753248796875 0.2539486390625 0.753698609375 0.24398724062500002 0.75169193125 0.24195807500000002 0.750430365625 0.239404625 0.7519489484374999 0.24658167031249997 0.7572213234375 0.24988780781250003 0.7621128125000001 0.255684921875 0.7647716375 0.2630583859375 0.7657095468749999
0 0.22350916562499998 0.7544908953125 0.223593628125 0.7576495140625 0.2297371 0.7576876671874999 0.2332551546875 0.7562286015625 0.2357991078125 0.7524083 0.23944210937500002 0.7523773984375 0.24458649375000002 0.74976868125 0.2442711234375 0.748357178125 0.2424073921875 0.746793321875 0.24018780468749998 0.7455484171875 0.2387174109375 0.74409405625 0.2365882875 0.7416899609375001 0.23544875781250002 0.739631015625 0.235326809375 0.73604395 0.2353702921875 0.7321545921875 0.23037234999999998 0.7298575765625 0.22610510625 0.7315260968749999 0.22448826875 0.7349774671875 0.2220412734375 0.742099203125 0.2238210375 0.7492828734375 0.22350916562499998 0.7544908953125
0 0.235999521875 0.7634717890625 0.23715754531250002 0.7613557453124999 0.2341542828125 0.7577329421875 0.233635996875 0.7561952828125 0.23563067656249997 0.7548694953124999 0.237700325 0.75440060625 0.2379812109375 0.7532247562500001 0.23082615624999997 0.75039691875 0.22826321093750002 0.74961378125 0.224482765625 0.7480737046875 0.21761809062499998 0.746371734375 0.2131634234375 0.7458980109375 0.21023213125 0.7452910109374999 0.2057399796875 0.7443888375000001 0.20322701406250002 0.744176965625 0.19886930625000002 0.7470046765625 0.19996835156249998 0.7507940750000001 0.21111626249999998 0.7575898671875 0.21805590625 0.7601487328125 0.22490808593749997 0.7617078859374999 0.22843563437499997 0.762550540625 0.2310110734375 0.76347649375 0.235999521875 0.7634717890625
0 0.1523614484375 0.7286237203125 0.149539609375 0.7314609671875 0.1435555703125 0.735438328125 0.138626596875 0.7383160171875 0.1329514328125 0.739244259375 0.1339630140625 0.7420339453125 0.13656344375 0.74324553125 0.1396476734375 0.743407425 0.13996304531249998 0.7448189265625 0.142803875 0.74658511875 0.14682771875 0.7465208953125 0.1507641 0.745456959375 0.15135085937499998 0.7433908921875 0.1529896859375 0.7423840578124999 0.1550873234375 0.7400418984375 0.1592451140625 0.734929128125 0.16319049375 0.7273884828125 0.16729230625 0.7260222546875 0.1645639296875 0.725541409375 0.1604026421875 0.724034653125 0.15769925468749998 0.723839440625 0.1551083203125 0.724929575 0.1523614484375 0.7286237203125
0 0.3034620671875 0.8204823140625 0.304314953125 0.8235743328125 0.3058428703125 0.8260613234375 0.3119207890625 0.82563876875 0.31438881875 0.823894121875 0.31261212656250004 0.8202277578125001 0.31484806718749997 0.8191585828125 0.3198861359375 0.8184994203124999 0.32189226406250004 0.816467603125 0.32069351875 0.812750675 0.317036228125 0.8108867578125001 0.3132249671875 0.80892711875 0.30942318750000003 0.8070758421875001 0.304600521875 0.8052046890625 0.30055717187500003 0.80392051875 0.29648310625 0.803949371875 0.29437269062500004 0.804789175 0.29598820937500003 0.8066133343749999 0.2956639671875 0.8112278671875 0.3001172609375 0.8155336140625 0.303765071875 0.817289165625 0.30485232500000004 0.8180676 0.3034620671875 0.8204823140625
0 0.3342710859375 0.8214994843750001 0.34014535625 0.8220774937499999 0.34447275 0.8199517875 0.34378331093750003 0.8170638546875001 0.343977478125 0.8159549234375 0.3459149640625 0.8148026671874999 0.34744022812500003 0.8122669453125001 0.345815228125 0.8103344218749999 0.343553121875 0.8094403859374999 0.3407911921875 0.80782571875 0.3373163078125 0.806382621875 0.3315106765625 0.8049250484374999 0.3296346265625 0.8034512656249999 0.328374446875 0.8023603781249999 0.323165725 0.8010689718749999 0.3168936390625 0.8026004578125001 0.3151954484375 0.804823725 0.3135279734375 0.8057339718750001 0.3173130671875 0.8057304015625 0.32269016562499997 0.8106104921874999 0.3256913890625 0.8132961671875 0.3297703875 0.8166519109375001 0.3314427890625 0.8191262609375001 0.3342710859375 0.8214994843750001
0 0.34495551406249997 0.8121567484375 0.345628265625 0.813189834375 0.34925939375000004 0.813090540625 0.3528643546875 0.8110280359375001 0.3548230765625 0.8084543921874999 0.3540081140625 0.8057958328125 0.3516322390625 0.8036014171874999 0.348064825 0.7994365546875 0.3444287703125 0.796151253125 0.340849596875 0.793516140625 0.338116109375 0.7922265687500001 0.3301314234375 0.7924883609375 0.32486846875 0.795569475 0.3271070609375 0.7995230109375 0.32847380625 0.8001677968750001 0.33283001875 0.8050280093750001 0.33492639999999996 0.807356071875 0.3402773328125 0.8102729515625 0.3423475484375 0.8106378046874999 0.34392742187500003 0.8103903875 0.34495551406249997 0.8121567484375
0 0.2465388953125 0.8221866125 0.25023866250000004 0.8212077578124999 0.254007071875 0.8193493437500001 0.2551155609375 0.8187063921875 0.257552871875 0.8182747656249999 0.2598764140625 0.8165427609375 0.2583674609375 0.8142725000000001 0.255382921875 0.81344166875 0.251550421875 0.8129034140625 0.2512637265625 0.81129058125 0.2481794515625 0.8059915046875 0.2416893109375 0.8050305968749999 0.24047653281249998 0.804481534375 0.23769829374999998 0.807672846875 0.23773886875 0.81312901875 0.2396008859375 0.81777066875 0.245006428125 0.8229758531250001 0.2465388953125 0.8221866125
0 0.208801725 0.8235226875 0.21564 0.8234703890624999 0.21511438593749999 0.8274473718750001 0.21921461875 0.82938173125 0.22296179062500002 0.8289447015625001 0.22517876874999998 0.827658796875 0.2289851 0.8262338421875001 0.2295842828125 0.8247618937500001 0.228847440625 0.8213321375 0.23115922812499998 0.8211298828125001 0.23479262968749998 0.8193924734375001 0.23422871562499997 0.816275171875 0.231476265625 0.8147688703125 0.22748980156249998 0.8141348890625 0.223541259375 0.8139343703125 0.22018014375 0.8137916531249999 0.2148648578125 0.812946346875 0.209800621875 0.8116422999999999 0.2047269046875 0.8102298875 0.196590528125 0.808757840625 0.199750271875 0.808263009375 0.1917181828125 0.8079829765625 0.1924455453125 0.8113043671875 0.19327946875 0.8141796578125 0.1955821515625 0.8205298640625 0.20065359218749998 0.823580390625 0.208801725 0.8235226875
0 0.24175641875 0.7746282640625 0.2490362765625 0.769141425 0.24744398437499998 0.7657241140625 0.24211351093750003 0.76392716875 0.2327012390625 0.7647506359375 0.22685197499999998 0.7668790234375 0.2188916328125 0.7695154375000001 0.2105034609375 0.77218928125 0.2007408390625 0.7788633203125 0.20567155625 0.78101856875 0.215224190625 0.7817994671874999 0.2301421109375 0.7798476609375 0.23770269531250002 0.7775695484375 0.24175641875 0.7746282640625
0 0.416816609375 0.641944090625 0.417798040625 0.633451675 0.408567684375 0.6264993328124999 0.3913489140625 0.6218625296875 0.378142315625 0.6236646171875 0.38204219687499996 0.6288200125000001 0.389645446875 0.63688469375 0.3980482140625 0.6442327703124999 0.4047463984375 0.6468800453125 0.41244734843749997 0.6462062984375 0.416816609375 0.641944090625
0 0.646094421875 0.6707075453125 0.646339221875 0.658722959375 0.638532721875 0.653262690625 0.6331741734375 0.6511448703125 0.62253455625 0.6527223734375001 0.614370965625 0.6579632 0.6012485859375001 0.6607279046875 0.5871515125 0.6671345015625 0.587053815625 0.675872928125 0.595582353125 0.6748034484375001 0.6091044921875 0.6716804421875 0.6184886890625 0.670536103125 0.6267297593750001 0.6711084171875 0.6371380546875 0.6718144546875 0.646094421875 0.6707075453125
0 0.434596834375 0.6529983500000001 0.443041153125 0.6509662515625 0.44414946874999994 0.653779246875 0.44628862187499996 0.6535920953125001 0.4542770359375 0.6512765546875 0.45687883124999995 0.646522321875 0.455146175 0.641500646875 0.46028688124999995 0.6362009609375 0.45821735312499995 0.6273288124999999 0.4547172296875 0.6218151140625 0.445129784375 0.625563865625 0.44226859375 0.632280765625 0.4378083765625 0.640430878125 0.43300454374999997 0.6495810390625001 0.434596834375 0.6529983500000001
0 0.435390725 0.67685523125 0.44065046093750004 0.6679885125 0.438384425 0.6568702546875 0.4359432109375 0.6486772828125 0.4244546734375 0.6454791234374999 0.414446134375 0.6444147828125 0.40696976874999996 0.6476555109375 0.41255289843750004 0.6523403125 0.4180944765625 0.6664052890625001 0.41500870624999997 0.6705552046875 0.4168255796875 0.6765394984374999 0.4228365390625 0.6811868703124999 0.435390725 0.67685523125
0 0.43795659374999996 0.6569076843749999 0.43275974375 0.6615656265625 0.434401440625 0.6704752046875 0.43767024218749995 0.67827244375 0.44816949531250005 0.6750905765625 0.4527633390625 0.673395353125 0.4575885046875 0.6694165859375001 0.465758834375 0.6593252374999999 0.46950375781250003 0.6528543499999999 0.46230026406249997 0.6444313640625 0.455511121875 0.6456719953125 0.4506298109375 0.649009015625 0.44494898281250006 0.653062640625 0.43795659374999996 0.6569076843749999
0 0.271990696875 0.7844121515625 0.2724109046875 0.7873821890625 0.2745712609375 0.7900797140625 0.278696071875 0.7914026484375001 0.2795415015625 0.7937341265625 0.2791137734375 0.7961769890625 0.28091407031250004 0.7984249250000001 0.2851796484375 0.7976909203125 0.2859674359375 0.79569764375 0.286319559375 0.794223571875 0.28901457656249996 0.793867515625 0.2926122484375 0.7928311265625 0.294143546875 0.79017144375 0.29139882500000003 0.7881264046875 0.2898307703125 0.7867000546875 0.2867364328125 0.7843247875 0.28570052968750004 0.7816491578125 0.281938284375 0.7789715109375 0.2771365296875 0.7760894734375 0.275989784375 0.776966221875 0.2734618484375 0.7792320125 0.271990696875 0.7844121515625
0 0.1471467734375 0.4659742359375 0.1522666171875 0.4688458171875 0.1588263859375 0.4679399609375 0.1612277921875 0.46756388906249996 0.1678486625 0.46482695781250005 0.1701238296875 0.4604785171875 0.165986796875 0.456193146875 0.168657975 0.45131213593749997 0.1695612421875 0.4439301890625 0.1566002234375 0.4475537625 0.15428182343750002 0.45140805781250004 0.151290153125 0.45515528125 0.1498502296875 0.45893271875 0.1471467734375 0.4659742359375
0 0.2497351046875 0.40670834375 0.2490612625 0.396476815625 0.2417919125 0.39180158593750003 0.22458952812500002 0.3924767203125 0.2169316609375 0.3934786484375 0.21313702499999998 0.39563636562500004 0.2258715046875 0.39701187656250003 0.2254829890625 0.402689034375 0.22998720781249998 0.406112403125 0.23490184374999998 0.40916791249999995 0.2433338546875 0.40942606093749995 0.2497351046875 0.40670834375
0 0.12267906875000001 0.46960866250000005 0.12429941093750001 0.4729523859375 0.13203682187500002 0.47791861718749995 0.135975565625 0.47740804687500005 0.1417358265625 0.47242274999999995 0.1464879140625 0.4660318796875 0.14759293125 0.4609559359375 0.1457598875 0.45265155625000003 0.144870459375 0.45007376250000003 0.1424402328125 0.45012040468750003 0.1361940390625 0.4571399203125 0.1356902375 0.46149936093750005 0.1327308484375 0.463086078125 0.130372675 0.46395629375 0.124587053125 0.466122225 0.12267906875000001 0.46960866250000005
0 0.12016698125 0.486425990625 0.1236307453125 0.490604290625 0.125488578125 0.49160357968749996 0.1275481578125 0.49490887499999997 0.1348388390625 0.4947689484375 0.137477734375 0.49204844375 0.1364297875 0.48765878906250004 0.1380858703125 0.486352071875 0.145001871875 0.4819295640625 0.1433994 0.47626061875000003 0.14030685625 0.47885483906250004 0.1365266296875 0.48117727187500003 0.1310470890625 0.4843122765625 0.1253658015625 0.48514127656249995 0.12016698125 0.486425990625
0 0.1360359890625 0.4328297515625 0.133987675 0.4355844390625 0.1373647546875 0.43929528749999996 0.140896875 0.440417090625 0.1398046390625 0.4453774484375 0.14846400312500002 0.4440475234375 0.1520020875 0.44087633437499996 0.1518092859375 0.43431141406249996 0.1581778390625 0.42860327500000006 0.1600522296875 0.4238606515625 0.1544032234375 0.42034857031249995 0.149375365625 0.4239362625 0.14671881874999998 0.42846114999999996 0.14313104062499998 0.4310643578125 0.1360359890625 0.4328297515625
0 0.5058029546875 0.2972096640625 0.507549221875 0.31039420156249997 0.5053412875000001 0.3190343390625 0.5078394890625 0.3272627421875 0.5274452968750001 0.3277703421875 0.5376187671875 0.3153212703125 0.5344072343749999 0.312490203125 0.5297489640624999 0.3066736671875 0.5272893640625 0.298886465625 0.5255724296875 0.2928125953125 0.5143567578125 0.2933492625 0.5058029546875 0.2972096640625
0 0.1743184390625 0.2570762265625 0.17553167812499998 0.2541337921875 0.17543919531250002 0.25067530625 0.1733164390625 0.24802473281249998 0.1705512203125 0.247636371875 0.165964228125 0.2480376828125 0.16273439843749998 0.251944403125 0.1614631484375 0.2566252015625 0.162738225 0.25919236562500003 0.1677148546875 0.2584418234375 0.1743184390625 0.2570762265625
0 0.15461002343750002 0.257539915625 0.15521855625 0.2596926796875 0.15036505625000002 0.26185059375 0.15112408125000001 0.26572348125 0.15722857968749998 0.2634561171875 0.1597064984375 0.26056060937500003 0.1625193296875 0.25669037031249997 0.164118921875 0.255762565625 0.1667062890625 0.25411805625 0.167133140625 0.246989984375 0.1672902 0.24398238125 0.166948175 0.2400730125 0.1669377796875 0.237552775 0.16638396718749998 0.23602551093750002 0.164117834375 0.236538915625 0.15844073125 0.24129003437500002 0.15754543906250001 0.245465225 0.1563015546875 0.2504587734375 0.154698678125 0.2537504390625 0.15461002343750002 0.257539915625