0 0.4976212515625 0.47899341875 0.495086971875 0.4814190296875 0.496135921875 0.49147152656250004 0.5013751 0.4949485703125 0.5052786609375 0.49666591875000005 0.5129094953125 0.5007424859375 0.5167776843749999 0.5027676109375 0.5192409390625 0.501406059375 0.515170446875 0.48552985625 0.5103540296875 0.481050534375 0.500158084375 0.47253124843750005 0.4976212515625 0.47899341875
0 0.5554888140625 0.47682266718750005 0.557355003125 0.473965715625 0.558166 0.470923415625 0.5534197578125 0.46672555468750004 0.547263471875 0.4672141390625 0.543431503125 0.46353571718750003 0.5376631703125 0.4624327859375 0.5363926265625001 0.46902767343749996 0.542015784375 0.47719229687500003 0.5474321015625 0.4786819515625 0.5498240437499999 0.47883296875000003 0.5514038546875 0.483820309375 0.5552731796875 0.48405140781249995 0.5554888140625 0.47682266718750005
0 0.5119225921874999 0.6150407812500001 0.5113574953125 0.618619684375 0.511953140625 0.62235761875 0.5147652875000001 0.62554291875 0.5180358453125 0.6269696546875 0.5277465171875 0.624100078125 0.533834046875 0.6210874984375 0.5360180140625 0.616357571875 0.5305388953125 0.60292528125 0.5283543625 0.6085522203125 0.5237815734375 0.6081975578125001 0.520085703125 0.6118096578125 0.518219796875 0.6142181046874999 0.5154404687499999 0.6147615890625 0.5119225921874999 0.6150407812500001
0 0.6012031671875 0.44614205 0.6050758953125001 0.44099106718750003 0.6037063296875 0.43729661406250003 0.5974096906249999 0.437222278125 0.594702240625 0.43535618125 0.5911161734375 0.432214365625 0.5884027656249999 0.4397669125 0.5893136343750001 0.44566843437500003 0.5894882234375001 0.4477176046875 0.5862861374999999 0.44926336874999995 0.5843135484374999 0.45349215625 0.586033428125 0.45949092656249996 0.5856440562499999 0.46332497500000003 0.5873254421875 0.47456509375 0.5941518046875001 0.47136830312500005 0.59802396875 0.467114334375 0.5982030953125 0.46198739843750003 0.597366375 0.45008824374999995 0.6012031671875 0.44614205
0 0.6533974484375 0.4594368015625 0.65561621875 0.45529611093750005 0.65987378125 0.4534871890625 0.6568864796875 0.44914973125 0.655128675 0.44749530000000004 0.6539339796875 0.44540151093749997 0.652281440625 0.4441692703125 0.6501020125 0.44172309062500004 0.64795994375 0.43582958437499997 0.64718148125 0.4430491734375 0.6480216078125001 0.4495662484375 0.6484406765624999 0.45439455781250004 0.6513566703125 0.46024458125 0.6533974484375 0.4594368015625
0 0.6965460265625001 0.480966046875 0.6995723890625001 0.47916513906249997 0.6993270578125 0.4777315203125 0.699820559375 0.4761136890625 0.70270656875 0.4737498609375 0.7021117765625 0.46866640468750004 0.699403190625 0.4685943390625 0.6954639734375 0.46763327343750005 0.6917723578125 0.46451777187500004 0.6863931125 0.4600293 0.6826318890625 0.455735325 0.6761612296874999 0.45271480156250005 0.6721492812500001 0.45550883750000004 0.676154703125 0.4630304578125 0.6837128078125 0.470862125 0.6890224421875 0.47417212343750004 0.6913787296875 0.475079421875 0.694718046875 0.4790301546875 0.6965460265625001 0.480966046875
0 0.671765390625 0.3950656875 0.6674054015625 0.3919673515625 0.6661357078125001 0.39721671718749996 0.6641303015625 0.397716721875 0.6602923765625001 0.4034569421875 0.6646178468749999 0.40551753437500004 0.6650391859375 0.40675779062500006 0.6666897390625001 0.411129578125 0.670168275 0.4174372578125 0.675544965625 0.4259622921875 0.6811050390625 0.4226327875 0.679770278125 0.4195275703125 0.674991784375 0.4107039109375 0.6724289421874999 0.4026731359375 0.671765390625 0.3950656875
0 0.7419701203125 0.408653246875 0.738738053125 0.401985159375 0.7340942375 0.40269455625 0.7327900234375 0.40690617968750004 0.7275867875 0.40222434375000005 0.7294424796875 0.41596214218750005 0.732112571875 0.42127556093749996 0.73562619375 0.427723971875 0.7389290046875 0.4337765078125 0.7401245484375 0.43452477656250005 0.7439619078125 0.42968156718749995 0.7425233015625 0.42391162812500005 0.739434421875 0.41332139218749997 0.7419701203125 0.408653246875
0 0.7779537484375 0.35693061875 0.7731995625 0.3652909484375 0.76785256875 0.3654282734375 0.7712586578125 0.375042546875 0.7730849359375 0.37966947968750003 0.77638519375 0.3897585765625 0.785385309375 0.3979781046875 0.79154641875 0.3898649046875 0.786274709375 0.38221056875000003 0.7808281265625 0.3729555671875 0.7809014234375 0.36830345468750003 0.7779537484375 0.35693061875
0 0.834939196875 0.41462179531250004 0.8322311796875 0.41365271562499994 0.8306111734374999 0.416597765625 0.8279045765624999 0.41338615 0.8250177140625 0.4170955 0.8287783703124999 0.4222864875 0.8287421484375 0.423939784375 0.8310242859375 0.43084471874999997 0.8352068484374999 0.4363789484375 0.8390784453125001 0.43302199375 0.8371121 0.4273836328125 0.8341966734374999 0.42063659531250003 0.8353933546875 0.4195908359375 0.834939196875 0.41462179531250004
0 0.78386205625 0.4148005484375 0.781405046875 0.40629495000000004 0.7752165078125001 0.4021577359375 0.770783221875 0.40371151406249994 0.7699357203125 0.4088556171875 0.77302771875 0.414512278125 0.7757328984375 0.41996642812499996 0.7816707140625 0.43119165 0.7870485625 0.43103025156249997 0.7903963671875001 0.4284181875 0.7870590359375 0.42132790625 0.78386205625 0.4148005484375
0 0.7689001375 0.25713521250000004 0.7656785078125 0.2547533015625 0.764997746875 0.26447849375 0.7677665421875 0.27175103906250003 0.773680384375 0.2839727109375 0.7792222062499999 0.29182792343749997 0.7851457234375 0.2887584484375 0.7772095453125 0.2741743640625 0.776018109375 0.26173080937500004 0.775047953125 0.254965359375 0.7689001375 0.25713521250000004
0 0.8210034140625 0.2438258921875 0.8142568593749999 0.2445524515625 0.8118504109375 0.2569375125 0.8131202406250001 0.263946759375 0.8164124046874999 0.273318421875 0.82525364375 0.2790769359375 0.8257058734375 0.2751419984375 0.8236148171875 0.2629227453125 0.825646825 0.2499940109375 0.8210034140625 0.2438258921875
0 0.8455517578125 0.3030009421875 0.8361075453125 0.302489009375 0.8361033156250001 0.3091788875 0.8387973421874999 0.3161515578125 0.8414159984375 0.3237800515625 0.8480793249999999 0.33613337187500003 0.8561747078125 0.3360260578125 0.8532575906250001 0.32624237031250003 0.851992596875 0.31158754843750003 0.8514710421875 0.30662134218750003 0.8455517578125 0.3030009421875
0 0.8741357031250001 0.3812362671875 0.8733898468750001 0.37537044062499997 0.865068953125 0.376489525 0.862973059375 0.37191584375 0.85637785 0.3703750609375 0.8576446578124999 0.38216279375 0.8604152656249999 0.38656824843750004 0.8584652796875 0.388328496875 0.8589114625000001 0.393950525 0.8630260625 0.40662079999999995 0.8683387484375 0.42122196250000005 0.87366291875 0.41766489062499995 0.8757702984375 0.404080334375 0.8739041453124999 0.39180500625 0.8729339890625001 0.38503955625 0.8741357031250001 0.3812362671875
0 0.8344187375000001 0.24685138125 0.8288720796875 0.2466417421875 0.8303674171875001 0.25263921875 0.83066406875 0.2576615015625 0.8306586265625 0.266262771875 0.8336499093749999 0.277302028125 0.8400256531249999 0.2702976140625 0.8406310453125 0.2612282453125 0.8405611140625 0.2532827984375 0.83936665625 0.2456177265625 0.8344187375000001 0.24685138125
0 0.8428222578125 0.2336081140625 0.8357784468749999 0.2302680875 0.828358384375 0.22925147968749998 0.8330017937499999 0.2354196 0.8306797859374999 0.23281338749999997 0.832246265625 0.24484491875 0.8337440218750001 0.24701960781249999 0.8374884140625 0.25245633125 0.840938575 0.2490479875 0.8464128843750001 0.2451349671875 0.8428222578125 0.2336081140625
0 0.758497775 0.17564126093750002 0.7576913000000001 0.182658565625 0.7549086125 0.19279022031249998 0.760396525 0.19745166875 0.7651464671875 0.198364678125 0.7692780359375 0.20152916250000003 0.7746359046875 0.216709540625 0.7801277984375 0.21507809375 0.7781019890625 0.1990669421875 0.772060725 0.1913975078125 0.7671936734375 0.1805515203125 0.758497775 0.17564126093750002
0 0.772209178125 0.151773940625 0.7705406609375001 0.15612238750000001 0.7648041046875 0.1544067203125 0.7631961296875 0.1605752109375 0.7656001296875 0.1639082640625 0.7658457890625 0.1656821546875 0.7696036453125 0.1744452328125 0.7740384296875 0.1859233203125 0.78169015625 0.1834912046875 0.7771963203125 0.1678332390625 0.7787442484375 0.15905809375 0.7767134640625 0.1509130578125 0.772209178125 0.151773940625
0 0.6107179171875 0.207505828125 0.6147234203124999 0.21489634687499998 0.614470796875 0.2241350234375 0.6188485203125 0.2282867875 0.6223666890625 0.225836634375 0.6269955453125 0.2231095546875 0.6304491890625 0.22513225312500001 0.6368671531250001 0.22248342499999998 0.6443367531249999 0.21537779218750003 0.6399009734375001 0.2054729265625 0.6329281640625 0.20747360625 0.621022784375 0.204674371875 0.6149760453125 0.20565766874999997 0.6107179171875 0.207505828125
0 0.6798836953125 0.198650065625 0.674761534375 0.20097581406249998 0.6757446640625 0.20728475937500002 0.6719173078125 0.21086065 0.6741972328125 0.21527329062499997 0.677033996875 0.21718763281250003 0.6816613593749999 0.2168203890625 0.68523808125 0.219336725 0.689371640625 0.21935476406249999 0.6985628359375 0.22151990625 0.6999256500000001 0.212790915625 0.6951151624999999 0.210057865625 0.6867269578124999 0.206381703125 0.68339838125 0.20170619531249998 0.6798836953125 0.198650065625
0 0.6790851828125 0.1930815796875 0.6819184609375 0.20050220468750002 0.686054509375 0.1965871828125 0.686611840625 0.193302275 0.6900059374999999 0.1919317046875 0.6947578703125 0.1896982640625 0.6995108 0.1858916015625 0.695813984375 0.178161953125 0.6855081203125 0.182566634375 0.6789690703125 0.181575375 0.6766816812500001 0.1889619125 0.6790851828125 0.1930815796875
0 0.638990328125 0.182105340625 0.6342994359375 0.1853722125 0.640279659375 0.19200821562499998 0.644538784375 0.18858683437499998 0.6470053171875 0.190593484375 0.6527433671875 0.189949315625 0.66058070625 0.18668443437499999 0.6597251328125 0.173789621875 0.6482505265625 0.172718125 0.6407288421875 0.16463131250000002 0.6331947203125 0.1762097953125 0.638990328125 0.182105340625
0 0.5646486453125 0.27824093437499997 0.56729780625 0.28413449062499996 0.5718035859375 0.2809137734375 0.56884871875 0.2706396734375 0.567682465625 0.26123043749999997 0.5644164234375 0.2552285265625 0.5607186140625 0.249072103125 0.55202420625 0.24180200937500002 0.549305546875 0.2482474234375 0.5534946734374999 0.2579516234375 0.5577453390625 0.26790264375 0.5608217875 0.281030215625 0.5646486453125 0.27824093437499997
0 0.545854053125 0.14529158749999999 0.5443115984375 0.1454140015625 0.539810796875 0.1407686 0.536047965625 0.139871640625 0.534071753125 0.142985990625 0.5321565828125 0.147133775 0.534188859375 0.1529189734375 0.539984965625 0.15802790625000002 0.5504684796875 0.1653762515625 0.5597862359375 0.16252875 0.563120784375 0.15776491406249998 0.564111378125 0.152274678125 0.56695759375 0.13924339531250002 0.5602894953125 0.14719784062500002 0.5579440484375 0.14883127812500002 0.5549837109375 0.1472099078125 0.55066653125 0.1448781890625 0.5478898156249999 0.1455705015625 0.545854053125 0.14529158749999999
0 0.482595515625 0.17862860625000002 0.481114103125 0.1797844515625 0.48259103750000004 0.18570811250000002 0.48147537500000004 0.19385115625 0.48764220625 0.1980811703125 0.49399813281249993 0.195972134375 0.49905875625 0.1933995671875 0.5060945968749999 0.1892858703125 0.509247015625 0.1798485203125 0.5067804812500001 0.17784186875000002 0.49962255781250003 0.1798887015625 0.49542646718750005 0.1811970671875 0.49209440625 0.18202784375 0.49055145468749994 0.1829368703125 0.4875936046875 0.1773824421875 0.482595515625 0.17862860625000002
0 0.38188116875 0.320401871875 0.375341121875 0.3209838390625 0.38033125156250003 0.3323234640625 0.3768110921875 0.337920065625 0.37933568125 0.34567981875 0.3851352703125 0.34528246875 0.38674274531249997 0.339900590625 0.3919254515625 0.339394884375 0.40013102968750003 0.33918414218750004 0.4071668703125 0.335070446875 0.4146965140625 0.33057146875 0.404703321875 0.3283441265625 0.3988426921875 0.3277080421875 0.3916882515625 0.32424859375000004 0.3871834703125 0.3258960859375 0.3859487109375 0.3272525984375 0.38188116875 0.320401871875
0 0.4080114984375 0.36527071875 0.4065985890625 0.35566081875 0.40147493437500004 0.360346403125 0.3970376625 0.3528013734375 0.392904103125 0.352783334375 0.39222170156249997 0.35872105468750004 0.3925264109375 0.3646748203125 0.390979975 0.3710901296875 0.39110006875000003 0.3763034390625 0.39004494843750004 0.3862665265625 0.3960926828125 0.38371000781250003 0.4007845703125 0.3788699109375 0.40338065156249997 0.3711442453125 0.404246675 0.3675202078125 0.4080114984375 0.36527071875
0 0.37737821562499996 0.416689609375 0.37046644687499997 0.4197237203125 0.37034088125000003 0.423163140625 0.37452950937499996 0.433653953125 0.3744644875 0.4389134171875 0.3763721953125 0.4465648125 0.37920696875000004 0.45162560156250003 0.3846933875 0.45864688593749997 0.388887490625 0.46048496875 0.3848348765625 0.4300358859375 0.3843480390625 0.41940860156250004 0.37978221562500003 0.4200226640625 0.37737821562499996 0.416689609375
0 0.3496068984375 0.23511886406250002 0.3459681390625 0.23314231875 0.342144265625 0.23121193125 0.33696305312499997 0.22935780156250002 0.33998144531249996 0.236732271875 0.3364657640625 0.235249365625 0.33868315625 0.24098840937500002 0.342444496875 0.24424520468750002 0.347993946875 0.2491534734375 0.35446946874999996 0.25304435937499997 0.3588466953125 0.25798273437499997 0.3636128890625 0.25079918437500004 0.36064426250000003 0.2446885828125 0.3549737234375 0.23614022812500002 0.3496068984375 0.23511886406250002
0 0.32152772343749997 0.1501007140625 0.31412563437499996 0.1480138234375 0.31240304218750004 0.1403162734375 0.3062972515625 0.1371196921875 0.3027170453125 0.1401096375 0.3048113609375 0.14535504375 0.3035751078125 0.14907139062500002 0.30387882187500004 0.15659837968749998 0.3059731375 0.1618437875 0.30832057343749997 0.15706390312500002 0.310974709375 0.15509134062500002 0.3151052828125 0.15982905 0.319916265625 0.16177548749999998 0.3225093625 0.15876949375 0.329741484375 0.1611466984375 0.3300960671875 0.16159684218749998 0.33206979062499997 0.16241555000000002 0.330410728125 0.1518183703125 0.32152772343749997 0.1501007140625
0 0.272804815625 0.2220217734375 0.2695978234375 0.22019973906249998 0.2678102109375 0.2177616546875 0.26485036875 0.21535367500000002 0.262628 0.2174807484375 0.263181353125 0.22048873281249998 0.26367267031249997 0.2240365109375 0.262683071875 0.227953521875 0.26484041875000003 0.2310859125 0.26613621875 0.23076283281249999 0.2688508984375 0.2306103125 0.2724296109375 0.22998020156250001 0.2734777640625 0.2310296796875 0.2774237203125 0.2350269328125 0.27884309687500003 0.23441087968750002 0.281064965625 0.2330704171875 0.2842759390625 0.2285995546875 0.2884099953125 0.22783098124999998 0.28723776875 0.2278610875 0.2881633421875 0.2276303171875 0.2844039921875 0.221227075 0.2780485625 0.2225494984375 0.272804815625 0.2220217734375
0 0.2529634015625 0.1834498015625 0.24401736562499998 0.1838451609375 0.247651646875 0.19290121093749998 0.244438684375 0.2005185203125 0.249312203125 0.20113855468750003 0.251596109375 0.1992583 0.2546199765625 0.1979800390625 0.2592438578125 0.203119078125 0.2660910984375 0.20455782031249997 0.2710891890625 0.20331165625 0.2737904125 0.2006431734375 0.2669015546875 0.191247621875 0.2593138546875 0.1899934953125 0.2529634015625 0.1834498015625
0 0.21435195 0.1681712703125 0.20978264218749998 0.174291615625 0.2152070265625 0.18185269375 0.2190954234375 0.17931023125 0.22286124218749997 0.17548752031249998 0.22797693593749999 0.183387725 0.2377870046875 0.182514775 0.23631355312500002 0.17108483125 0.22477840312500003 0.1681932890625 0.21879817968749998 0.16155728593750002 0.21435941406249998 0.15637209218749998 0.21435195 0.1681712703125
0 0.2183013890625 0.1666622390625 0.2290355375 0.1679183546875 0.2342217265625 0.161906365625 0.2263268296875 0.1586315328125 0.22269204999999997 0.15036209375 0.21701653593749998 0.14967985781249998 0.22132774375 0.1614509203125 0.2174408390625 0.161633546875 0.2183013890625 0.1666622390625
0 0.20697238437499998 0.43352207187499997 0.21251471875 0.4264600234375 0.21319448125 0.4084385140625 0.21271520625 0.4113981046875 0.20373734375 0.4156651765625 0.19389925 0.42136391093750003 0.187691784375 0.42331733437499997 0.1959929640625 0.43220227031249997 0.1989461390625 0.44282634062500004 0.20697238437499998 0.43352207187499997
0 0.2308113578125 0.4827573328125 0.22948725312499998 0.46280107812500004 0.22204784375000003 0.4500497296875 0.218987109375 0.45852168437499996 0.21421130625 0.4613353390625 0.21009986406249997 0.4704749921875 0.21725586875 0.47842826875 0.22345948437500002 0.4825617234375 0.2308113578125 0.4827573328125
0 0.2056873046875 0.5028162109375 0.21112747031249998 0.506328559375 0.2174324859375 0.5011049921875 0.2134309140625 0.48749649375 0.20866512187500003 0.47448426406250005 0.1943538828125 0.45736033750000005 0.19472713749999998 0.4710620203125 0.195768603125 0.485002828125 0.19385535625 0.4907543171875 0.1984283609375 0.5066547078125 0.2029222984375 0.4966082296875 0.2056873046875 0.5028162109375
0 0.1850826625 0.5418749171874999 0.1890144078125 0.54156288125 0.1928913296875 0.5450513078125 0.1958802 0.543637840625 0.1952038390625 0.53556463125 0.1948399375 0.5307548078125001 0.1972021984375 0.5254880265625 0.1973110015625 0.519223828125 0.1952199046875 0.5101668359375 0.1896115609375 0.5091148765625 0.18656701874999998 0.5156655328124999 0.18441391093749998 0.521771175 0.18509069375 0.529176021875 0.1846681625 0.5341819250000001 0.1817842890625 0.5353464609375 0.1850826625 0.5418749171874999
0 0.1782333578125 0.5137338015624999 0.1777606515625 0.515188175 0.176867528125 0.5183066375000001 0.177128121875 0.5206919437499999 0.1781751515625 0.5228811671875 0.17932633125 0.5261581875 0.1819483421875 0.5246134359375 0.1832062125 0.5249680718749999 0.1851969609375 0.526922 0.1873985546875 0.5270413390625001 0.19002098750000002 0.5248282265624999 0.1896056421875 0.518471959375 0.188244040625 0.516361165625 0.18730285625 0.5125862828125001 0.18767394531249998 0.5060339375 0.1884624921875 0.5024960421875 0.1897237484375 0.4975037734375 0.18558623125 0.49163004375 0.1831210859375 0.493803940625 0.179554509375 0.49692071406249994 0.178085371875 0.49906903125 0.177766146875 0.50649945625 0.17844546875 0.5098941234375001 0.1782333578125 0.5137338015624999
0 0.172619803125 0.603788928125 0.17838332031249998 0.6081434875 0.1816850734375 0.6093250421875 0.1858774140625 0.611398309375 0.1872453578125 0.60348365625 0.1854135875 0.598817059375 0.185836540625 0.593142790625 0.1852111984375 0.5872843890625 0.17919089375 0.5745292562500001 0.17919046875 0.5751976203125 0.17913353125 0.5823398984375 0.176875846875 0.588026109375 0.1771866140625 0.5939629453124999 0.176659084375 0.5992177812499999 0.1730950453125 0.5983243765624999 0.172619803125 0.603788928125
0 0.1889467625 0.648500965625 0.192565203125 0.646262271875 0.1974377109375 0.65039348125 0.2026281734375 0.649099353125 0.20148206562499998 0.637801978125 0.2026408578125 0.6290484625 0.20233389375000002 0.617096359375 0.1987757734375 0.6068458718749999 0.1902287328125 0.610758909375 0.1885428328125 0.6240988984375 0.19262636875 0.6324363640625 0.191103675 0.6363800546875 0.187696078125 0.636784159375 0.1852802609375 0.6438463140625 0.1889467625 0.648500965625
0 0.20617741562499997 0.673385465625 0.2111599953125 0.6692473859375 0.212627440625 0.6697725203125 0.21629225000000002 0.677100625 0.219072815625 0.67351156875 0.2161948625 0.6653190203125 0.21619782187499997 0.66064048125 0.21829906562499998 0.65365675625 0.22244714999999998 0.6428214109375 0.22098520000000002 0.6336075578125 0.2137487421875 0.6374165828125 0.20955005937500001 0.6453687609375 0.20818296093750002 0.6519466875 0.20666026718750002 0.655890378125 0.206291715625 0.6584325468750001 0.204191740625 0.6634111796875 0.20617741562499997 0.673385465625
0 0.21262165937500002 0.5960428703125 0.2156105296875 0.5946294046875 0.2177071234375 0.5949976734375 0.2214807375 0.5960615796875001 0.22394376875000002 0.597229496875 0.2213803890625 0.5889585187499999 0.222063515625 0.58633791875 0.22437560156249997 0.57751960625 0.2239636390625 0.5658164343750001 0.2195115515625 0.5600211359375 0.21253906875 0.5608685625 0.21268789843749997 0.57419660625 0.21294468906250003 0.582597178125 0.2122607171875 0.5865545046875 0.20963870624999997 0.5880992546875 0.20989760937500002 0.5931580109375 0.21262165937500002 0.5960428703125
0 0.2473873921875 0.6617741484375 0.2506372796875 0.6620776234375 0.2550944421875 0.6598525656249999 0.25331665000000003 0.6527222312500001 0.2522738515625 0.6438493765625 0.25107291875 0.6363524640625 0.247567509375 0.625643328125 0.24232898593750002 0.620044109375 0.24221553125 0.6336603015625 0.241318603125 0.6427940343749999 0.24393469375 0.6506063656250001 0.238375678125 0.6544426624999999 0.2427742109375 0.6620333328125 0.2473873921875 0.6617741484375
0 0.25982276875 0.643303734375 0.256205175 0.6442057015625 0.2559909484375 0.651387196875 0.256564003125 0.657035884375 0.2593399171875 0.660798821875 0.26174896875 0.664430475 0.2668820703125 0.6709469890624999 0.269346371875 0.6701098171875 0.27468989375 0.675460103125 0.2732802328125 0.666455965625 0.27165634375000003 0.6646333203125 0.277424090625 0.66230425 0.2739684328125 0.655815009375 0.26888465781250004 0.6541867531250001 0.2660560328125 0.6508824625 0.25982276875 0.643303734375
0 0.2494618640625 0.779984028125 0.2546502109375 0.782031715625 0.2592671984375 0.7757572625 0.25675483906249996 0.7697010890625 0.25749659375 0.757264759375 0.2535290484375 0.7313009203124999 0.24764615625 0.7499196359375 0.24428112343750003 0.7659058062499999 0.23573661875 0.765808665625 0.2408680296875 0.7749986296875 0.24626552968749998 0.7778851812500001 0.2494618640625 0.779984028125
0 0.285198934375 0.71894968125 0.3029596546875 0.734569165625 0.3120274609375 0.7360951 0.3144955671875 0.7292426609375 0.31282404218750004 0.7198583078125 0.30543579374999996 0.7150178296874999 0.285198934375 0.71894968125
0 0.238036215625 0.7507765234375 0.23919363124999998 0.75418349375 0.24115842187499997 0.7542411046875 0.242383990625 0.7517455828124999 0.24122839375 0.745463846875 0.24348753906249998 0.73846759375 0.240819553125 0.7298254984375 0.23234994375 0.7271466875 0.23247871875 0.727251453125 0.234856246875 0.7367871984375001 0.23601184375 0.743068934375 0.23349852656249998 0.7445168078125 0.23330289531249998 0.748261128125 0.2350077984375 0.7518053390625 0.238036215625 0.7507765234375
0 0.22392095156249997 0.7620975609375 0.22627180781249998 0.7628801484375 0.22875065781249998 0.7649995406250001 0.230618803125 0.7650812499999999 0.2297837140625 0.761320171875 0.2292712125 0.7567943015624999 0.230625815625 0.753992865625 0.228059671875 0.7371130546875 0.2220906515625 0.7531097359375 0.21848131875000001 0.755925853125 0.21876761875 0.7616030953124999 0.22056916875 0.76512320625 0.22392095156249997 0.7620975609375
0 0.2497680296875 0.9174996312499999 0.25483446249999997 0.9236794343750001 0.2584307359375 0.9221951781250001 0.2583873609375 0.9178968828125 0.26308671875 0.921426046875 0.26608416875 0.9193076187500001 0.2651197609375 0.913672015625 0.263692975 0.9103062484375 0.26180715781249997 0.9039210343749999 0.2619039453125 0.8966497640625001 0.25877859999999997 0.8823471171874999 0.2534785625 0.8811222734375 0.2532416125 0.8913665203125 0.252500025 0.8978192125 0.2536928359375 0.9067276375000001 0.2538289078125 0.9102193453125 0.24991042343749997 0.911000465625 0.2497680296875 0.9174996312499999
0 0.2491466515625 0.8796560484375 0.25477150625 0.877470140625 0.2535768375 0.871500209375 0.25399695312500004 0.8631689796875 0.253909459375 0.8557477875 0.2410064265625 0.8505425234375 0.2444562171875 0.8620221171875 0.24380770156249998 0.8670805265625001 0.24311543750000003 0.8684283390624999 0.24057813281249998 0.8718031203125 0.24495155781250003 0.8805061328124999 0.2491466515625 0.8796560484375
0 0.2888372609375 0.8738733078124999 0.29515549218750003 0.8685764921875 0.2889355359375 0.8642512437500001 0.28123984218750003 0.8610774109375001 0.27903144062499996 0.8545767578125 0.2682474578125 0.8513894484375 0.27164903906250004 0.8662108265624999 0.27786936875 0.869948378125 0.27929466718749996 0.8756649375000001 0.2841312125 0.8809227156249999 0.2861623953125 0.8761071765624999 0.2888372609375 0.8738733078124999
0 0.288695490625 0.9522560999999999 0.29275005 0.9549666890624999 0.29666928124999997 0.953010171875 0.2976848703125 0.9506024015625 0.3037680109375 0.952611340625 0.30165416875 0.9423656062499999 0.2974601890625 0.941452596875 0.2936822390625 0.9386730421875 0.2901853546875 0.9287721390625 0.28825244687499996 0.9239656140625 0.2800035375 0.920929715625 0.2793553921875 0.925400425 0.27994789375 0.936025471875 0.28298649062500003 0.9417315296875 0.286810046875 0.9452831875 0.2889750734375 0.9474855453125001 0.288695490625 0.9522560999999999
0 0.320263228125 0.9627970296875 0.3233989828125 0.9606441171875 0.32607570625000004 0.9554717578125 0.325801703125 0.9514268328125001 0.32888999218750004 0.9514403109374999 0.3311032265625 0.950300884375 0.3320732125 0.9471210093750001 0.33009283906250003 0.9444808734375 0.3274654375 0.9445483515624999 0.32488475625 0.943624840625 0.32308829375000003 0.941722325 0.32083205625 0.937975759375 0.3166885171875 0.930194771875 0.3118059921875 0.9247525890625001 0.3079805765625 0.9241394234375001 0.304749521875 0.9312128124999999 0.3084325453125 0.93832514375 0.313128928125 0.9465558968750001 0.3161237765625 0.9485513578125 0.3196262359375 0.9496367828125001 0.3174563765625 0.9550745046875001 0.320263228125 0.9627970296875
0 0.3269107359375 0.9470370796875001 0.3294013203125 0.9446532890625001 0.3304621453125 0.9436053203125001 0.331337575 0.9441705265625 0.3333190625 0.9450475656249999 0.3351626203125 0.945371390625 0.33640846875 0.9432979484375 0.3359494390625 0.9402784984375 0.3333691296875 0.9387672890625 0.33221858125 0.9359202546875001 0.33208548125 0.9277269578125 0.3300602453125 0.923139321875 0.32430155 0.9183073296875 0.321720125 0.9185592140625 0.322731628125 0.922616128125 0.3245699796875 0.9311677312500001 0.3270090109375 0.9374150140624999 0.328113209375 0.940665340625 0.3263137734375 0.9434644140625 0.3269107359375 0.9470370796875001
0 0.3422142578125 0.9465512484374999 0.3456718546875 0.9456891734375 0.348899565625 0.943905071875 0.3468305828125 0.9356068390625 0.3517661484375 0.9300671546875 0.3499737734375 0.92169995625 0.3447720109375 0.9108530484375 0.3310829 0.9095652796874999 0.334396990625 0.9169654656249999 0.337936503125 0.9323400609375 0.3362271625 0.9384464375 0.3341944921875 0.945612771875 0.339770021875 0.9485317453125001 0.3422142578125 0.9465512484374999
0 0.38586784375 0.9425225890625001 0.38541141562500003 0.9353892515625001 0.3907140546875 0.9325002046875 0.3838507875 0.9250055859374999 0.3808548234375 0.9247732203125001 0.37555924687500003 0.9164959937500001 0.36772784999999997 0.9092427546874999 0.3600258375 0.9160597984375001 0.3670255515625 0.926458428125 0.37121655468750003 0.932073025 0.37725297343749997 0.9350729546875 0.3777108890625 0.9398555 0.3807491125 0.9461492546875 0.38586784375 0.9425225890625001
0 0.41676078906249997 0.9267894984374999 0.41399880156249996 0.921014475 0.40916039687500005 0.918695190625 0.406633128125 0.9062021124999999 0.40101087656249995 0.90427413125 0.393268090625 0.902678990625 0.3980530828125 0.9165678390625001 0.40431641406249996 0.9251913843749999 0.4028833109375 0.9318164921875001 0.40882591562500004 0.9373861046874999 0.409937178125 0.929470159375 0.41676078906249997 0.9267894984374999
0 0.37820510625 0.741513240625 0.3707352109375 0.74572611875 0.3717478265625 0.7480199375 0.36819678906250003 0.7508639968749999 0.36243288749999997 0.7542597843750001 0.361277134375 0.7596405296875 0.3652823703125 0.7674560015624999 0.374272865625 0.76403920625 0.37671784375 0.7608833125000001 0.3800371375 0.7600557203125 0.3835418265625 0.7576149546875001 0.3802740875 0.7498114734375 0.37820510625 0.741513240625
0 0.4007400875 0.7494095734374999 0.403645584375 0.7469223359375 0.4072452015625 0.7401487906249999 0.40651402656249996 0.7301459265625 0.409746940625 0.72013404375 0.4031161609375 0.7094475609375 0.3959232453125 0.713003775 0.3943047421875 0.72124205625 0.3916747375 0.7254234265624999 0.3873850875 0.7300185906250001 0.394570196875 0.7388040453125 0.4007400875 0.7494095734374999
0 0.436640853125 0.8476902624999999 0.4429433234375 0.8534034 0.45096363124999994 0.8534850015625001 0.45879875625000005 0.8559542296875 0.4571498890625 0.8493409812499999 0.4570957328125 0.8381675468750001 0.44760235625 0.8439166078125 0.436640853125 0.8476902624999999
0 0.478624675 0.8728646281250001 0.48126101875 0.8670040859375 0.47918219687499997 0.862579328125 0.4779603203125 0.8584612328125001 0.4754540140625 0.8523219296875 0.46798283593749995 0.8552253500000001 0.46277812812499997 0.8562628671875 0.4551783921875 0.868824309375 0.454194865625 0.8750532421875 0.460254046875 0.8782254234375 0.4650317640625 0.8746927531249999 0.46803254687500007 0.8734242515625 0.473054540625 0.8708713203125 0.478624675 0.8728646281250001
0 0.483742634375 0.91217375 0.48563874218749997 0.9150830953125 0.489740253125 0.915881603125 0.492496759375 0.9136333593750001 0.491397515625 0.909224528125 0.49139948906250003 0.9061021 0.49617572499999996 0.90491125 0.49397476406249996 0.899996621875 0.4885878390625 0.8987381203125 0.48558853593749995 0.8976648 0.48142595625 0.8966213578125 0.47567705781249997 0.8868677796875 0.4734105859375 0.88873368125 0.463734496875 0.89296733125 0.47021968125 0.9001958796875 0.47444036718750004 0.9061679015624999 0.47805085625 0.9089099640624999 0.48068324999999995 0.90929428125 0.481662825 0.90931020625 0.483742634375 0.91217375
0 0.528345184375 0.8625492031249999 0.5308574140625 0.8593212203125 0.526697303125 0.8543747421875001 0.5217974484375001 0.8574175421874999 0.5168995703125 0.8573379140625 0.5124912312500001 0.85765655 0.50728455 0.8618164984375 0.512969415625 0.876008784375 0.516521303125 0.8746028750000001 0.51927929375 0.8700128109374999 0.5248509078125 0.869664296875 0.5272365578125 0.8729719093750001 0.5316483515625 0.8671890187500001 0.528345184375 0.8625492031249999
0 0.549052240625 0.8415165109375 0.5451388749999999 0.8336467359374999 0.54759151875 0.8278319968750001 0.5408605765625001 0.8219655296875 0.5392033140625 0.8286226046875 0.5332633078125 0.8306239375000001 0.5232823671875 0.832852303125 0.5141578765625 0.8361679390625 0.519540359375 0.84445190625 0.5252336171875001 0.8453738703125 0.530068946875 0.847550384375 0.53564105625 0.8464212640625 0.5397455296875 0.842536128125 0.544887190625 0.8443761046875 0.549052240625 0.8415165109375
0 0.5950011140625 0.889637121875 0.5958629953125001 0.8821377125 0.5948243265625 0.8787544234375 0.598500328125 0.8747159578125 0.5934822843750001 0.8710240296875 0.5901746734375 0.873409678125 0.585648640625 0.86621298125 0.575179640625 0.865701259375 0.568261046875 0.8661254515625 0.5666623859375 0.8769304984374999 0.571313025 0.880714028125 0.5802493703125 0.8844696593749999 0.5849019859375 0.8851307609375001 0.589003990625 0.8851486609375 0.5915718578125 0.8907522921875 0.5950011140625 0.889637121875
0 0.60659405 0.8555273140624999 0.6007791453125 0.8533348734375 0.5940407953125 0.859177515625 0.597711859375 0.862945121875 0.6004028546875 0.8674774078124999 0.6046870796875 0.869791328125 0.605423859375 0.8664856921874999 0.60830546875 0.8600436765625 0.60659405 0.8555273140624999
0 0.598389546875 0.8562721203124999 0.5979645312499999 0.8506545390625 0.5881732171875 0.8434698171875 0.5841923625 0.8455030015625 0.5718809171875 0.854035978125 0.5691820234375 0.8619934062500001 0.5775057015625 0.8664221140624999 0.58589489375 0.8640702921875001 0.589078390625 0.8643172015625 0.5942806296875001 0.8671827203125 0.597650790625 0.8627001859375 0.598389546875 0.8562721203124999
0 0.849061096875 0.6395760953125 0.8506039234375 0.638863721875 0.85237814375 0.6380936546875 0.8547696203124999 0.6368419875 0.85585339375 0.630345409375 0.8532348781250001 0.6247719171874999 0.8531598218750001 0.6215135984375 0.8510016031250001 0.6197577812499999 0.84807290625 0.6168832515625 0.846375609375 0.617961840625 0.8445226 0.621373178125 0.8430560734375 0.6233773390625 0.8417440171875 0.6250152859375 0.8396602359375 0.62750105 0.8359573265625 0.6294073984375 0.833332590625 0.6336665546875 0.8328679375 0.636731734375 0.8339448703125001 0.6410510703125001 0.8354089078125 0.64297996875 0.8386452999999999 0.64708859375 0.8398798109375001 0.6461253874999999 0.8421174390624999 0.644256671875 0.8438147359375 0.6431780812500001 0.8454351109375 0.64179096875 0.8471324078125001 0.640712378125 0.849061096875 0.6395760953125
0 0.8828253953124999 0.63769226875 0.8843058312500001 0.6369174265625 0.8854293171875 0.6344058078125 0.8851453328125001 0.630520765625 0.8843121843749999 0.626874078125 0.8826695078125001 0.6199805421875 0.8818851343749999 0.6146987828125 0.88169696875 0.610282690625 0.8817710921874999 0.6063083640625 0.8821543578125001 0.604184165625 0.8818216 0.6019341984375 0.8807724312499999 0.60016714375 0.87893465625 0.5998138984375 0.8765711406250001 0.6004031890625 0.8744935359375001 0.60183408125 0.8728934734375 0.603044478125 0.8704124500000001 0.6007215390625 0.8687663078125001 0.5993061921875 0.8676447484375001 0.5987743734375 0.866498609375 0.599364434375 0.8658052390625001 0.6011602218750001 0.8653250031249999 0.6056415328125 0.8666341531249999 0.611502475 0.86789664375 0.6156507078125 0.8693972328124999 0.62075389375 0.870111715625 0.623314415625 0.8712309656249999 0.6274983609375 0.8717547781249999 0.6295992640625 0.8725885046874999 0.63233291875 0.874089478125 0.63682741875 0.874017471875 0.6374539640625 0.8747102640625 0.6365712078125 0.8764756484375 0.6381596875 0.878456665625 0.6384772187500001 0.881106475 0.63812084375 0.8828253953124999 0.63769226875
0 0.84354476875 0.584801078125 0.8442149046875 0.5819967625 0.84588909375 0.5768120375 0.847584203125 0.57628796875 0.8497088500000001 0.575961096875 0.8509521531249999 0.57270958125 0.8504293031250001 0.569086959375 0.8488081234375 0.5659410453125 0.8471627515625 0.563308325 0.8469014218750001 0.5613448437499999 0.8466402859375 0.559077015625 0.8439205875000001 0.5567121546875 0.8421064296875 0.556758746875 0.8394552718750001 0.5592455296875001 0.8379022515625 0.5615599484375 0.83665971875 0.563594090625 0.8353680265625 0.5678719906249999 0.8342913921875 0.571791978125 0.8329762734375 0.5753656953124999 0.8320680406250001 0.57721505625 0.8322329749999999 0.58062261875 0.8328270625 0.5848360718750001 0.8330653515625001 0.5854866828125 0.834974171875 0.586735103125 0.8380757890625 0.5891061750000001 0.840485959375 0.59022959375 0.8428026234375 0.5882319375 0.84354476875 0.584801078125
0 0.7027486703125 0.6070491375 0.706166165625 0.606197059375 0.7080665625 0.6028999484375 0.708496428125 0.5985578359375 0.708259740625 0.59760853125 0.707550440625 0.59355044375 0.7091210046875001 0.5865039624999999 0.70679763125 0.5832516375 0.702003896875 0.584043521875 0.698585253125 0.5867108578125 0.6955937953125 0.5892716828125 0.6898059703125 0.5860764890625 0.6872432296875 0.5861104609375001 0.6838703921875 0.591388003125 0.68420175625 0.5927170296875001 0.6848644828125 0.59537508125 0.6876639109375 0.596290415625 0.6912680796874999 0.6004333828124999 0.6949680703125 0.603140815625 0.697245253125 0.604388021875 0.7006131156250001 0.6069765984375 0.7027486703125 0.6070491375
0 0.7357168484375001 0.6306920859375 0.74174480625 0.6293908109374999 0.7446873953125001 0.62906046875 0.7478682046875 0.6272590859375 0.7487733609375 0.6217901515625 0.7465461953125 0.6164972046874999 0.7443174984375001 0.6136246015625 0.7441289125 0.6116549859375 0.7429920437499999 0.6083084953125 0.7381544171875001 0.60346474375 0.73488008125 0.603071146875 0.7307979437500001 0.6042906015625 0.7296576296875 0.6063898859375 0.7294163484375 0.6127016140625 0.7278011281250001 0.61532263125 0.7258530125 0.6190349687500001 0.7236666765625 0.6242183453125 0.7246141953125 0.6268053921875001 0.72660696875 0.62751851875 0.7303077265625 0.629015778125 0.733913425 0.6307384046875 0.7357168484375001 0.6306920859375
0 0.7423522828125 0.5693452796875 0.7438755078125 0.562108934375 0.7466783796875001 0.55757849375 0.7463027421875 0.5512189171874999 0.74350484375 0.5478832406249999 0.73885350625 0.548639621875 0.7365747921875 0.5498127609375 0.7352462765625 0.5493373421875 0.73325465 0.5468089578125 0.7318780296875 0.5473538515625 0.729503875 0.5493574390625 0.7267498703124999 0.5516573984375001 0.7276931796875 0.560900390625 0.7288292828125 0.565457053125 0.729349996875 0.5675455234375 0.7293961859375 0.5695506421875 0.7292037734375 0.5736318875 0.7299123078124999 0.5789001453125 0.7327105875 0.5816307359375 0.7358891 0.5834598703125 0.738404884375 0.5826309515625 0.7413493875 0.5792751796875 0.7422060578125 0.5754316421875 0.7423522828125 0.5693452796875
0 0.7465890640625 0.5487275671875 0.748629940625 0.5484203828124999 0.7493907890625 0.5460123828125 0.74858605 0.542784746875 0.74849175625 0.5417999390625 0.7529548921875 0.5384688546875 0.7531453906250001 0.537413040625 0.7526250578125 0.5347194843749999 0.749829075 0.528358378125 0.74660169375 0.5287597265625 0.7428066453125 0.5262776578125 0.7382541921875 0.5207578171875 0.7373047609375 0.5211962 0.734313303125 0.523757025 0.7321292640625 0.5253098859375 0.730751878125 0.52706495 0.732598046875 0.5344695265625 0.7361079234375 0.5376276875 0.739381109375 0.53983654375 0.741941553125 0.5434330875 0.7436476234375 0.5472426515625 0.7465890640625 0.5487275671875
0 0.7639081375 0.628503134375 0.7656172671875 0.627472009375 0.76775396875 0.6257292890625 0.7685140500000001 0.6245314609375 0.768611021875 0.6212806671875 0.7661456375 0.6174587578125 0.7644368874999999 0.6178847968750001 0.763156475 0.6163890671875001 0.7612625859375 0.6093997156250001 0.75798786875 0.6096112046875 0.756230634375 0.611662640625 0.7551846125 0.6147467328125 0.7539007546875001 0.618696778125 0.7521427546874999 0.6219583875 0.7500991984375001 0.6265011734375 0.749195571875 0.6295497609375 0.750234321875 0.6379623046875 0.7526966453124999 0.6466249015625001 0.7546447609375 0.642912565625 0.7562599828125001 0.640291546875 0.7585394609375 0.6379082375 0.760771603125 0.635335065625 0.7625303703124999 0.6308632859375 0.7639081375 0.628503134375
0 0.765539184375 0.750909565625 0.7681026906249999 0.7496654203124999 0.7701916703125 0.748337925 0.7722333140625001 0.74682056875 0.7748914953125 0.7459561453125 0.7781654484375 0.7469548296874999 0.7805384546874999 0.7467665 0.7816310484375 0.745082440625 0.78139665625 0.7405026203125 0.7804491375 0.737915571875 0.7790732828125 0.7372502937500001 0.7767029562500001 0.7332030203125 0.7765151359375 0.730023234375 0.776326934375 0.7274485312500001 0.7754263703125 0.72565643125 0.77229443125 0.7252273312499999 0.7697786468750001 0.72605625 0.7680683671875 0.728902634375 0.766310365625 0.732164240625 0.76351055625 0.7318539953125 0.7612795625000001 0.7326119078125 0.7591420953125 0.7355648 0.757098921875 0.7395025015625001 0.75515080625 0.7432148375 0.7536306421875001 0.7456104921875 0.7550538343750001 0.74646563125 0.7559994375 0.752078109375 0.7600319421874999 0.7542993109375 0.7626905046875 0.7528298015625 0.765539184375 0.750909565625
0 0.78163436875 0.8148571984374999 0.7867590828125001 0.8159994265625 0.791409271875 0.8170583015625 0.7938292328125 0.8176649203125 0.7965832374999999 0.8153649609375 0.79649009375 0.81256489375 0.7946889671874999 0.8089806953125 0.7936460078125 0.8072240984375 0.7933150265625 0.8052899874999999 0.7950249234375 0.8030486890624999 0.79493063125 0.8020638812499999 0.7929874906250001 0.7979100984375 0.79118445 0.7973513296875 0.788763340625 0.7985599718749999 0.785772646875 0.799910625 0.782877778125 0.79982574375 0.7787490671875 0.7996451640625 0.7739087625 0.799037015625 0.7699686375 0.8008260546875 0.7673070125 0.8071362515624999 0.7649801953125 0.8093296999999999 0.765831125 0.8145624546875 0.76952996875 0.8190851453124999 0.773943853125 0.8185896312500001 0.7776946265625 0.81604115 0.78163436875 0.8148571984374999
0 0.732820965625 0.7822584390625 0.7283624234375 0.778328490625 0.7238057609374999 0.7794645953125 0.7206234203124999 0.7836863203125 0.720525684375 0.7881472875 0.7204748999999999 0.7934032015625 0.7206631046875 0.795977903125 0.7260703140625 0.8006796406250001 0.7300089062499999 0.8013109484375001 0.7353252671875 0.799582103125 0.736559109375 0.7996777984375 0.73954941875 0.79893223125 0.74258783125 0.7971663515625 0.7464340484374999 0.7937874203125 0.7467211359375 0.7900858984375 0.7438762828125001 0.7859552734374999 0.7398903515625 0.78513410625 0.7365679125 0.78576081875 0.732820965625 0.7822584390625
0 0.3279869953125 0.6918222328125 0.3282824609375 0.69682448125 0.326617025 0.6994151125 0.32524980625 0.7026565203125 0.3260147390625 0.707360434375 0.327632459375 0.712758134375 0.32937990781250004 0.7154042515625 0.331384740625 0.7158108046875 0.333774275 0.7150337453125 0.33522487968750003 0.71485335 0.33778428437499997 0.7153029156249999 0.3398738796875 0.716594746875 0.3420063734375 0.7175133171875 0.3433293171875 0.71682090625 0.343927475 0.7154027890625 0.343716428125 0.71182975625 0.3417164125 0.70380813125 0.3404401515625 0.6981440125 0.3392908625 0.694079778125 0.33835434062499997 0.690868909375 0.337460715625 0.687284778125 0.3355883609375 0.679775171875 0.3341854703125 0.6719672328125 0.3305580984375 0.6737780515625 0.3271867359375 0.675525040625 0.32590428125000004 0.679651728125 0.32649762187500003 0.685848684375 0.3279869953125 0.6918222328125
0 0.31358566875 0.6629632953125 0.3143502546875 0.668211140625 0.316778903125 0.6730440890625 0.318399721875 0.6735463875 0.31942410312499997 0.67274713125 0.320577521875 0.6702841625 0.32151610625 0.6702314281249999 0.32309437343749997 0.670563053125 0.3253123171875 0.6712790359375 0.3258679203125 0.669690246875 0.324462621875 0.66568984375 0.3229711859375 0.6629798953125 0.3205411609375 0.66032268125 0.3196032640625 0.6592875484375 0.3187944015625 0.6565886953125 0.3170500515625 0.649047175 0.31449649687500003 0.6393507375 0.3142394546875 0.64104636875 0.3141097296875 0.643797953125 0.3130396984375 0.6493219375 0.3123526484375 0.656381978125 0.31358566875 0.6629632953125
0 0.2974152171875 0.6657260625 0.2964731890625 0.6712181312500001 0.2951478375 0.67571808125 0.2961255375 0.6812753578125 0.297744634375 0.6844973249999999 0.29919455156249997 0.6854047984375 0.301328421875 0.684147634375 0.3021390015625 0.684126815625 0.3037587890625 0.6862609140625 0.305762934375 0.687755334375 0.3072560921875 0.6877456140625 0.3086644859375 0.6868506140624999 0.3079832859375 0.6846637828125 0.307088975 0.68216751875 0.3061956953125 0.6780394546874999 0.3072207640625 0.6761523328125 0.3084599765625 0.6729428390625001 0.3075231109375 0.6702759031250001 0.30509274375 0.668162621875 0.302450984375 0.6630202421875 0.3010031328125 0.6588491656250001 0.300281096875 0.6537719921875 0.29908512656249997 0.656064290625 0.2984873140625 0.6569384734375 0.2975905921875 0.6582497468749999 0.29682084375 0.66116090625 0.2974152171875 0.6657260625
0 0.23897868125000002 0.5829471421875 0.23906138124999998 0.5870960234375 0.2383777703125 0.588716728125 0.23752257187499998 0.5918304765625 0.2335537390625 0.5939077125 0.232613778125 0.59613618125 0.233464503125 0.600093571875 0.23487048906250002 0.6030061078125 0.2361920578125 0.60448943125 0.2383671046875 0.6055786750000001 0.2396042546875 0.605632784375 0.24216434687500002 0.60499448125 0.2445545703125 0.6031295531249999 0.24604910468750002 0.600944096875 0.246008271875 0.59805375625 0.24635110781249997 0.5956116015624999 0.2478881953125 0.59359681875 0.24989440468750002 0.5918276375 0.25010854843749997 0.5905052656249999 0.2497269421875 0.5867934765625 0.2490464296875 0.5835187765625001 0.2482804671875 0.5804466640625 0.246832271875 0.5768195203125 0.24538373125000001 0.5737363125 0.24338096406249998 0.5700661578124999 0.24244375312500002 0.5679431546875 0.24133564062500001 0.5662253296875 0.23988538125 0.565861790625 0.240651 0.5694778359375 0.241374065625 0.5729232078125001 0.2424801125 0.5779046359375 0.24179615937499999 0.5800692749999999 0.2397480859375 0.5805799171875 0.23897868125000002 0.5829471421875
0 0.242593090625 0.5341873484375 0.2475382453125 0.5398431234375 0.2501827578125 0.540634034375 0.25099368125 0.5400692828125 0.251507078125 0.5377658875 0.2514659 0.535419478125 0.2509974671875 0.5340860109375 0.2512967171875 0.5331049875 0.2533454796875 0.5315064765625 0.2548396703125 0.5298649546875 0.2553094796875 0.5290226875 0.2551821640625 0.5279667359375 0.25351913593750003 0.5267498296875 0.251513959375 0.5268872124999999 0.24920987499999997 0.527461684375 0.24716180156249998 0.5279723265625 0.2440920984375 0.5249307546875001 0.2428134265625 0.5230741703125 0.24089507812500002 0.520833228125 0.23829449687499998 0.51803725625 0.2366740203125 0.5169910265625 0.2354797703125 0.5165636546875 0.2336025984375 0.5166691203125 0.2318101890625 0.5176598671875 0.23074291093750002 0.5188323828125 0.229419965625 0.5195247953125001 0.2279271515625 0.5189905828125 0.22924631093749998 0.524281440625 0.2324004328125 0.5287522265625 0.2354275828125 0.531623128125 0.2379437453125 0.5329898859375 0.2402045875 0.5333326078125 0.242593090625 0.5341873484375
0 0.26577290468750003 0.7086157609375 0.2655587953125 0.7104787640625 0.267295040625 0.7147207156250001 0.2694951859375 0.714926165625 0.272088721875 0.7103586843749999 0.2754961375 0.7095091203125 0.277980615625 0.7090404718750001 0.27897520937500003 0.7075860796875 0.2783383234375 0.7045780421875001 0.2770988015625 0.7005138453125 0.2744047953125 0.69560588125 0.2724564453125 0.6900596 0.270509240625 0.682703415625 0.26806388281250004 0.677431853125 0.2671766296875 0.67750226875 0.26597021875000004 0.6771998546875 0.26409095 0.6746523796874999 0.2632399546875 0.6735073421875 0.262458896875 0.6740036843749999 0.2633096046875 0.6756011984375 0.265255378125 0.6852197624999999 0.26660109374999996 0.6897098859375 0.2661009359375 0.6949618390625 0.265991878125 0.6990606703125 0.2658819625 0.7045169296875 0.26577290468750003 0.7086157609375
0 0.3098657984375 0.8509872921875001 0.3081304125 0.8453879125 0.3065363359375 0.8408089125 0.30540415468750004 0.8353607375 0.30629484218749997 0.8298606124999999 0.3058004078125 0.8260630499999999 0.30331965 0.8206495125 0.3005868109375 0.8210292828125001 0.299449478125 0.8237256765625001 0.2981000421875 0.8251177375 0.296645840625 0.8238214953125 0.2933469109375 0.8214771796875 0.29100431250000003 0.8220612546874999 0.2906460328125 0.8274286375000001 0.292558125 0.8341903703125 0.2949678 0.8397724328124999 0.297236165625 0.8443341156249999 0.29833380625 0.8482828859374999 0.2987928421875 0.851938471875 0.2985770171875 0.8565163296874999 0.30074176406249997 0.856579803125 0.3026230359375 0.8559599468749999 0.307200034375 0.8575332 0.310218065625 0.8551219046874999 0.3098657984375 0.8509872921875001
0 0.664079646875 0.8214790796875 0.6675174859374999 0.8206219296875 0.6700177328125 0.8199985484375001 0.67168554375 0.8180335734374999 0.6704898890625001 0.8145694796875 0.6688245984375001 0.812550315625 0.6666900906250001 0.8113120593750001 0.6658061281250001 0.8090980890624999 0.665547225 0.806728275 0.6649234234375 0.80489205 0.6626854390625 0.8025730640625 0.6616435296875001 0.803054146875 0.6595065015625 0.8058000296875001 0.6582044312499999 0.805903365625 0.6564335625 0.8061235874999999 0.654662275 0.8070078296875 0.653358521875 0.8097672593749999 0.6507510171875001 0.8152861171874999 0.6488226234375001 0.81753736875 0.6515796734375 0.8226039171874999 0.65647375 0.8249245859375 0.6597553234375 0.824106396875 0.6610058671875 0.8231306828125 0.664079646875 0.8214790796875
0 0.8596801703124999 0.8091078265625 0.86354538125 0.8098328265625 0.8665436796874999 0.810313415625 0.8690365953124999 0.8101524187500001 0.8703734359374999 0.809972625 0.8720340203125 0.8120148921875 0.873983478125 0.8142921734374999 0.8762590109374999 0.8151064874999999 0.8783909812499999 0.814421409375 0.8797647312500001 0.8130042640624999 0.8797658984375 0.8111617499999999 0.8780341140625 0.8074485296875 0.8769161140625 0.8043498671875 0.8781820484375 0.8020384921874999 0.87829190625 0.7997083218750001 0.8739939671875 0.7977095453125 0.87243974375 0.79886465 0.8708137390624999 0.7992700593750001 0.865142925 0.797306540625 0.86279619375 0.794821275 0.860232078125 0.79331131875 0.8567275234375 0.793571028125 0.8539082406249999 0.795655621875 0.8517376109375 0.800341825 0.8515545156250001 0.804225440625 0.8511508453125 0.8062801531250001 0.8528898999999999 0.806348790625 0.8571878359375 0.80834756875 0.8596801703124999 0.8091078265625
0 0.8987967593749999 0.7674230875 0.900423346875 0.7660964234375001 0.90277211875 0.7653572890625 0.9051569265625 0.7647626890625 0.907144459375 0.76396010625 0.907542315625 0.7632468343750001 0.9070023546874999 0.7601575703125001 0.9051973328124999 0.7579977953125 0.9039697671875 0.756768675 0.90314093125 0.7534444 0.9028535140624999 0.7509062421875 0.9024949 0.7466971328125 0.9016282796875 0.7459920953125 0.8988456156250001 0.7472999640625 0.8964956796875001 0.7498816125000001 0.8948664703125001 0.755353934375 0.8903857296875 0.756778146875 0.8841726218750001 0.75541039375 0.8804140625000001 0.7574221390625 0.878135325 0.7616747390625 0.8776627734375 0.7662445984375 0.8779498984374999 0.769243384375 0.8819583796874999 0.7719284046875 0.887593740625 0.77282613125 0.8917120796875 0.7731809828125 0.8951808890624999 0.7723161109375 0.897350353125 0.769472421875 0.8987967593749999 0.7674230875
0 0.9324234953125 0.7803780921875 0.9350608499999999 0.7803346015625 0.9371216203125 0.7779785703125001 0.937484315625 0.7757388796875 0.93625820625 0.772206615625 0.935644421875 0.77159205625 0.9372707203124999 0.7707260171875 0.9386090171875001 0.76824308125 0.9386819640624999 0.767150265625 0.93673250625 0.764872984375 0.9341320640624999 0.7636791234375 0.9310236171874999 0.7659893328125 0.9293612828125 0.7667108359375 0.9241243625 0.7641785796875 0.9214855515625 0.766525215625 0.921013584375 0.77017381875 0.920758415625 0.7737683671875 0.9207924109375 0.7771373015624999 0.9214765187499999 0.7808047015625 0.92187525 0.77870954375 0.92462216875 0.7767965109375 0.9279828703125 0.7754980375 0.9297521468750001 0.77705265 0.931448184375 0.780160709375 0.9324234953125 0.7803780921875
0 0.9440415625 0.7470846921875001 0.9458120046875 0.746796790625 0.948810303125 0.7472773796875 0.9507975453125 0.7469354218750001 0.9520989328124999 0.7456898390625 0.95239071875 0.741318565625 0.9517781015625 0.7388614921875 0.9496839171874999 0.7369273328125 0.947733584375 0.7360319375000001 0.9463267109375 0.7326982640625 0.9458608609375 0.726673665625 0.9457533359375001 0.7253188078125 0.9439831859375 0.72514608125 0.94116419375 0.7267700453125 0.9384518546875 0.73113075625 0.93573980625 0.7350308375 0.93252325 0.7369074453125 0.9280055984375 0.739569009375 0.92536620625 0.7428369 0.9242795796875001 0.7472528296875 0.9251793218750001 0.7527086890625 0.9260450671875 0.7547956140625 0.9277053609375001 0.757298509375 0.9317150078124999 0.7581410156249999 0.9366287671875 0.7575299531249999 0.9393039046875 0.754867225 0.9421246453125001 0.7504794875 0.9434992687499999 0.74768045625 0.9440415625 0.7470846921875001
0 0.9251192906249999 0.676271371875 0.929709596875 0.67297761875 0.9328532062500001 0.6721938296875 0.9353095031249999 0.6728095546875 0.9395353703125 0.6745192640625 0.9430771265625 0.6725615734375 0.9437298593750001 0.6687143828125001 0.9421425140625 0.6651186671875 0.9415673890624999 0.660502984375 0.9391857874999999 0.6560306687499999 0.935935525 0.6540777140625 0.9318886765625001 0.6549331890625 0.9291065953125001 0.655319803125 0.9271184796874999 0.65704364375 0.9236490859375 0.6588297734374999 0.918732121875 0.6645077500000001 0.9161293484374999 0.66699891875 0.9159113812499999 0.6688954875 0.9159822875 0.6710270687500001 0.9176414156250001 0.6753724812499999 0.9208547671874999 0.6785627875 0.9251192906249999 0.676271371875
0 0.9363774812500001 0.697873853125 0.9369581421875001 0.69373759375 0.9402479375 0.6903075390625 0.94429536875 0.6885308078125 0.9471152343749999 0.68552495625 0.9492489531249999 0.68207610625 0.9497921187499999 0.68009845625 0.9475906999999999 0.6763488109375 0.9443398546875 0.6753171140625 0.9436534156249999 0.67533474375 0.9430407984375 0.67287766875 0.941849853125 0.6708718265625 0.9396106468750001 0.6697414171875 0.9380921687500001 0.671501684375 0.9376928546875 0.6745180984375 0.9356332484375001 0.675031615625 0.9330665109374999 0.67766731875 0.9293782765625 0.6827319000000001 0.92579844375 0.6877694578125 0.9265877453125 0.69647674375 0.92691178125 0.6982381765625 0.9295479703125 0.7000371984375 0.9337014703125 0.70191846875 0.935472203125 0.7011699375 0.9363774812500001 0.697873853125
0 0.924094925 0.6393752640625 0.9272748625 0.6382753796875 0.929480071875 0.636036853125 0.9314339 0.63140470625 0.9331343078125001 0.6276033375 0.93577224375 0.6266385875 0.9390966171875 0.6256562109375 0.9413018265625 0.623417684375 0.9417014312499999 0.6199406421875 0.9409092140625 0.615839640625 0.9397906328125 0.6136622375 0.9373349171875001 0.6121252562499999 0.9345534203125 0.6115906109375 0.9337591625 0.6107140109375 0.9328579640625 0.6075612953125 0.9322090187500001 0.605420315625 0.9312700359375 0.6048868374999999 0.9298962828124999 0.6063039828125001 0.9284853312499999 0.6094191078125 0.9267494703124999 0.6121546859375 0.9252309890625 0.613914953125 0.9240374203125 0.6160547671875001 0.9221925765625001 0.6197386296875 0.9204918765625001 0.624000628125 0.9169841156249999 0.629327253125 0.9141287968749999 0.6312673125 0.9139471578125 0.6328477859375 0.9169070890625 0.636868871875 0.9191820390625001 0.6386044421875 0.921349171875 0.6394457828125 0.924094925 0.6393752640625
0 0.9141105328125001 0.6030244359375 0.9141119921874999 0.60072129375 0.913536575 0.5965662390625 0.9125999218749999 0.5923477312500001 0.9129637828125 0.5882655265625 0.9138673109375001 0.5877332140625 0.9167226328125 0.585793153125 0.918205075 0.5838883515625 0.91759333125 0.5800493921875 0.9125746671874999 0.5751599390625 0.9118519015625 0.575493665625 0.9108765890624999 0.5752762812500001 0.9093598593750001 0.5742727765625 0.9085656015625 0.5733961765625 0.907482765625 0.571823934375 0.90542345 0.5718768234375 0.9037236234374999 0.5747569359375 0.9028174718749999 0.57943490625 0.9030319406249999 0.58306588125 0.9027410281250001 0.5860552671875 0.9037491718749999 0.5914840984375 0.90566084375 0.59638061875 0.906018875 0.6015109843750001 0.9051845046875 0.60693865 0.9067012359375 0.6079421546875 0.908796878125 0.6075731703125 0.911217721875 0.6071231046875 0.913061109375 0.6057423843749999 0.9141105328125001 0.6030244359375
0 0.9265405359375001 0.5997717703125 0.92776985 0.5982371171875001 0.9288916390624999 0.5953476078125 0.9301578625 0.5925756046874999 0.9329759796875001 0.5923335234375 0.93496293125 0.592452196875 0.9370951921874999 0.5913064890624999 0.9387220718749999 0.5895191953125 0.9390124015625 0.587451065625 0.938796184375 0.5865838625 0.9376058203125 0.5836567625 0.9354753062500001 0.582038696875 0.9330187171875 0.5818836015625 0.93240464375 0.58172966875 0.9322253359375001 0.5796251156250001 0.9314688640625001 0.576129278125 0.9301326062499999 0.5753878140625 0.9274952546874999 0.5754313046874999 0.926591140625 0.576884875 0.9258308812499999 0.5793772078125 0.924418471875 0.5847954765625001 0.9223582828125 0.5862302515625 0.921091184375 0.590384140625 0.918956009375 0.5961361328125 0.91866480625 0.59958615 0.9199638609375 0.6020255921875 0.9213004093749999 0.602306428125 0.92263725 0.6021266359374999 0.924263546875 0.6012605984375 0.9265405359375001 0.5997717703125
0 0.9061553515625 0.6713279390625 0.9076747031249999 0.6681857875 0.90966456875 0.663698171875 0.90934140625 0.6605548546875 0.9075020984375 0.655486775 0.9064916249999999 0.6537429703125001 0.9053352578125 0.6541848046875 0.90323903125 0.6554750453125 0.9011070609375 0.6561601234375 0.8989047671874999 0.6537923640625001 0.8981831671875 0.652283575 0.8963063640625 0.649374103125 0.8943906125 0.6509263843750001 0.8933769312500001 0.654249496875 0.8936640562499999 0.6572482796875 0.8951412546874999 0.66363479375 0.89586198125 0.6665254703125 0.896040415625 0.6700119109375 0.8978061953124999 0.677094065625 0.8990683390624999 0.6807708625 0.9038702031250001 0.68571436875 0.9054962078125 0.685308959375 0.9056066484375 0.6820575328125 0.9056101453125001 0.6765299890625001 0.9061553515625 0.6713279390625
0 0.8930350203125 0.56652208125 0.8925308031249999 0.5640379796875 0.89130556875 0.55912383125 0.8910201921875001 0.553361275 0.8913485984375 0.548213278125 0.8915314015625 0.5447902906250001 0.8899798015625 0.5417997375 0.8874874671875 0.5410394796875 0.885898371875 0.5402075359375 0.885068371875 0.538725771875 0.883624296875 0.5370900796875 0.881998 0.537956115625 0.8800459203125 0.5398244921875001 0.8792121312500001 0.5443309015625 0.8790287453125 0.548675146875 0.879349865625 0.555042865625 0.8800331 0.5600921484375 0.8821246625000001 0.5661719656249999 0.8861665578125001 0.5731471765625 0.8855885203125 0.5731377796875 0.8869962671874999 0.57508956875 0.8875391421875 0.573572546875 0.8891299859374999 0.57164071875 0.8917690875 0.5688334562499999 0.8930350203125 0.56652208125
0 0.894789821875 0.53384564375 0.894827315625 0.5316870359375 0.8949374640625001 0.5288962374999999 0.8953364859375 0.5263404515625 0.8969636578125 0.524092528125 0.8988791171875 0.5230008765624999 0.9007227984374999 0.5211595265625 0.901338328125 0.519010315625 0.9008701468750001 0.5166707484375 0.8993537093749999 0.515206615625 0.8971859921875 0.51528653125 0.8954184656249999 0.510968146875 0.8943356265625001 0.50939590625 0.8928906796874999 0.509142096875 0.8913001265625 0.510613296875 0.8909368499999999 0.5137742453125 0.891223975 0.516773028125 0.890789790625 0.5178023953124999 0.8885128015625 0.519291225 0.8868862140625 0.520617890625 0.8863418796874999 0.5244380546875 0.8876728937499999 0.533470834375 0.88843053125 0.5351241578125 0.8895863140625 0.53560358125 0.8914288296875 0.535604746875 0.8934884359374999 0.535091228125 0.894789821875 0.53384564375
0 0.900080065625 0.4520828703125 0.8998653046875 0.448912525 0.9004811281249999 0.446302684375 0.9021077156249999 0.44497601875 0.9032286296875001 0.4434683953125 0.9030862328125 0.44012648906249996 0.9025456875 0.43795848125000003 0.9011379406250001 0.43600669375 0.8998374265625 0.435870390625 0.8983558593750001 0.43639330625 0.8972358203124999 0.43651904375 0.8958641078125 0.4347117890625 0.895251490625 0.43225471562499995 0.8944581093749999 0.4299962296875 0.8927600312499999 0.4301125703125 0.891457478125 0.43320066874999996 0.8908053296875 0.43612660312499996 0.8906960546875 0.43753551718750006 0.890910815625 0.44070586250000005 0.8919198328125001 0.4447528078125 0.8915562640625 0.4483743859375 0.8910110578125 0.4535764359375 0.8903937781250001 0.45848941875 0.8928497828124999 0.4595657734375 0.8944397515625001 0.4590158296875 0.897873109375 0.45708516718750003 0.8998612250000001 0.455361325 0.900080065625 0.4520828703125
0 0.8086191609375 0.136141846875 0.805966515625 0.13575457500000002 0.8038667296875 0.1391619 0.80312428125 0.1424929640625 0.8028145953125 0.144405315625 0.803675146875 0.1494340078125 0.8052136203125 0.1556044875 0.8064458906249999 0.1581810375 0.8091600734375 0.158815128125 0.8118747531249999 0.1586626078125 0.81366485625 0.1571676359375 0.8125561609374999 0.1542981140625 0.811141759375 0.147048046875 0.8113904015625 0.14410226406249999 0.8117000875 0.1421899125 0.81053035 0.138286959375 0.8086191609375 0.136141846875
0 0.7755943765625 0.12849498125 0.7754066109375 0.12629115468750002 0.7755210390625 0.12481578281250001 0.775294621875 0.1239076734375 0.7742361796874999 0.12256397187500001 0.772836890625 0.121787534375 0.771739490625 0.1222219078125 0.7711320515625 0.125588559375 0.7709044140625 0.1266098765625 0.7697692796875 0.1268928984375 0.767461271875 0.1273075890625 0.765531846875 0.12730636875 0.7646237375 0.1275327859375 0.764395490625 0.129518815625 0.765604571875 0.131950278125 0.768099734375 0.134704125 0.77036848125 0.136549865625 0.771578478125 0.137534259375 0.7723338109375 0.139596575 0.7735797140625 0.14362645937500002 0.77494035 0.145698615625 0.7776248046875 0.1482445078125 0.7800457140625 0.148766228125 0.7822785546875 0.14756647812499998 0.783943828125 0.1465082390625 0.7821303578125 0.142619865625 0.7791832765625 0.13660273125 0.7779364578125 0.1340199171875 0.7771805140625 0.1329223140625 0.7762733203125001 0.13170166249999998 0.7755943765625 0.12849498125
0 0.7765180453125 0.1036683890625 0.7766327796875 0.10171066250000001 0.7790539953125 0.10175002500000001 0.7778461328125 0.0973891375 0.77561481875 0.09617710625 0.7727380234375001 0.0986627328125 0.7721680156249999 0.10266309375 0.7721290578125 0.1044411671875 0.77122064375 0.10514994062500001 0.7695562875 0.1047611109375 0.7676655140624999 0.10346417187500001 0.765698046875 0.1037939578125 0.764524259375 0.1053726953125 0.76701850625 0.1095736125 0.7700812359375 0.11218595 0.7711777203125 0.113198646875 0.77299210625 0.11563995 0.7742380109375 0.119669834375 0.776731646875 0.12483546406249998 0.7789626562499999 0.126529853125 0.7824054953124999 0.12631449687500002 0.7852433328124999 0.1256069453125 0.7847524578125 0.12412173281250001 0.7842232375 0.12344988125 0.781616390625 0.1178301984375 0.7796136296875 0.11414978125 0.7778759375 0.11008175312499999 0.776894796875 0.1061466171875 0.7765180453125 0.1036683890625
0 0.730314671875 0.1204932671875 0.7277440359375 0.1174367171875 0.7260422484375 0.11641417968750001 0.7249089453125 0.11380306250000001 0.7228678359375 0.1109360046875 0.7207497296875001 0.110178028125 0.7194621234375 0.112267425 0.7208973171874999 0.1160893546875 0.7210856921875 0.11732846718750001 0.719042753125 0.1173555484375 0.7176422453125 0.11850853593749999 0.7169970703125 0.1217238375 0.7186200281249999 0.12774959218749998 0.721040634375 0.12875366875 0.7232734734374999 0.12755391875 0.726299078125 0.1290501921875 0.7275468125 0.13018593750000002 0.7297781265625 0.13139796875 0.7340134234375 0.13436099375 0.7377578453125 0.13583880625 0.737534175 0.1305894890625 0.7362502296875 0.1268906109375 0.7340201359375 0.12374915312500001 0.73141115625 0.1215059640625 0.730314671875 0.1204932671875
0 0.733006753125 0.11098025156249999 0.7319492265624999 0.10818948125000001 0.7311932828125001 0.10709187812500001 0.7297924671875 0.10872722187499999 0.728617459375 0.112235384375 0.7282385734375 0.11313365312500001 0.7280867125 0.113975315625 0.7287285328124999 0.1160659328125 0.7316010562499999 0.1203332953125 0.734890509375 0.12337138593750001 0.7367809765625 0.1251506796875 0.7390877640625 0.1266654140625 0.740147121875 0.126562046875 0.741659925 0.1273101828125 0.739883884375 0.12405551875000001 0.7371242640625 0.12072456718749999 0.7357249765625 0.11994812656250001 0.7343649484375 0.1169112578125 0.73345928125 0.11327882656249999 0.733006753125 0.11098025156249999
0 0.59808205625 0.13658275312499998 0.5953589515625 0.1353325765625 0.592673278125 0.1347161109375 0.5898734796875 0.1350926578125 0.5890028015625 0.1359527828125 0.589644315625 0.13852575625000002 0.5905877203125 0.14230954375 0.591191803125 0.1442488078125 0.5897155171875 0.1455814484375 0.589033825 0.146715975 0.589221896875 0.14843744375 0.5903177703125 0.150414853125 0.5917922250000001 0.15197635 0.5934565828125 0.15236518125 0.5959161453124999 0.1515911828125 0.5982247625 0.150211778125 0.600078715625 0.149910296875 0.602802125 0.150678115625 0.6049208421875 0.15047138124999998 0.60741875 0.148884021875 0.610446490625 0.1470038 0.6074236328125 0.1411663203125 0.6056466765625 0.1393587234375 0.6031506 0.1380519453125 0.60129725625 0.1373887125 0.59808205625 0.13658275312499998
0 0.6493393281250001 0.14438017187500002 0.6478277453125 0.1417026078125 0.646165525 0.137937284375 0.6451064718749999 0.1375582953125 0.643025490625 0.13791638281250002 0.6422302875 0.139079209375 0.64253065 0.1427018015625 0.6426812890625 0.143789565625 0.6421888890624999 0.144716134375 0.6413939875 0.14539660625 0.640485575 0.14610537968749998 0.6394636484375 0.14684245468749998 0.6393872609375 0.1479868203125 0.640179109375 0.15212991250000002 0.6421063984375001 0.1555076265625 0.6454731546875 0.15595428281249998 0.6495587265625 0.156382475 0.653871021875 0.1572364203125 0.6574648046875 0.15762647031250002 0.65981115625 0.15639841875 0.660909778125 0.15403462031249998 0.6589803515625 0.15403340000000001 0.6562952875 0.1524522203125 0.653497015625 0.1504169859375 0.651682325 0.1484580375 0.6503597296875 0.1460548765625 0.6493393281250001 0.14438017187500002
0 0.6571258875 0.0953360578125 0.6556885578125 0.0948906234375 0.6543267 0.09474789375 0.6525862609375 0.0950210734375 0.6519036546875 0.0976026671875 0.6517131421875 0.09974004843749999 0.6516747953124999 0.10055340937499999 0.647929153125 0.101005021875 0.6475116140625 0.1031990078125 0.6497401828125 0.108752246875 0.6534085234375 0.11089206874999999 0.6579852749999999 0.11232311718750002 0.6620331125 0.11259995781250001 0.6659680453125 0.11194039062500001 0.66918385625 0.11178163906250001 0.672285846875 0.11213354687499999 0.6747076734374999 0.11120819687500001 0.6733077749999999 0.1113964703125 0.6672580921875 0.1059921421875 0.6643088765625 0.10335150312500001 0.6620778656249999 0.10165711562499999 0.6594698 0.09796685625 0.6571258875 0.0953360578125
0 0.6559447781250001 0.1084913484375 0.6521248843749999 0.1067108328125 0.6491756671875 0.10407019375 0.64758891875 0.100607571875 0.6458518359375 0.0955748328125 0.643810421875 0.0931901328125 0.6412756921875 0.09317907187499999 0.6404393953125 0.0994964671875 0.6405121203124999 0.1041403765625 0.6391128312500001 0.10336393749999999 0.6365768828125 0.105282303125 0.63789734375 0.11106195781249999 0.6406198359374999 0.1132768453125 0.6427376375 0.1145171796875 0.6444771625 0.11569106874999999 0.64701128125 0.11666684218750001 0.6500362765625 0.119127828125 0.653969071875 0.12184475312500001 0.6629722453125 0.1231367328125 0.66323761875 0.1222667671875 0.6641092093750001 0.1199595734375 0.664527359375 0.1168008765625 0.6632047640625001 0.11439771406250002 0.6594238265625 0.11083912656249999 0.6559447781250001 0.1084913484375
0 0.6609652109375 0.126209303125 0.6590367015624999 0.124761015625 0.6573349125 0.1237384765625 0.6550658625 0.12237509375 0.6529867125 0.1198390421875 0.65234489375 0.117748425 0.6510232125 0.1138981953125 0.6500411578125 0.1114101265625 0.6483019375 0.10975388125 0.6465992359375 0.1101784125 0.645842071875 0.1110102359375 0.6451603796875001 0.1121447609375 0.6447048 0.1146697515625 0.6442123984375 0.11559632187499999 0.6434555390625001 0.1159457875 0.6425851687499999 0.1163235546875 0.6413346875 0.119529015625 0.641674009375 0.1213735359375 0.643526740625 0.1230014796875 0.6446615718750001 0.12320081249999999 0.6460614703124999 0.123012540625 0.6472340375 0.12336322656250001 0.6496156859375 0.1261453765625 0.65207128125 0.1316420109375 0.661490159375 0.13363414375 0.661753703125 0.13565831718750002 0.6627756296875 0.134921240625 0.663005403125 0.1305234296875 0.6621368609375 0.128007059375 0.6609652109375 0.126209303125
0 0.3863187875 0.229644275 0.3825400921875 0.22804011875 0.37968354843749996 0.226010175 0.3777484078125 0.2247298421875 0.37641320624999997 0.22232058437500002 0.37512398125 0.2200957328125 0.37295746875 0.2202441671875 0.3706522796875 0.22101478281250003 0.3703285796875 0.222662440625 0.3717546203125 0.227203603125 0.37097077500000003 0.22759490625 0.368849496875 0.22910314375000002 0.368893615625 0.232226040625 0.3699525828125 0.23411656718749999 0.3714713203125 0.23785114375 0.3738202578125 0.24079112343750003 0.3768614546875 0.242383290625 0.37939652968750004 0.2425346984375 0.3807788265625 0.243365265625 0.3826679875 0.2444611953125 0.386353984375 0.2468719390625 0.39027172656250003 0.247266215625 0.393546528125 0.24390342343750002 0.3934564328125 0.2405961203125 0.3920737671875 0.24035325312500003 0.3932732671875 0.238683103125 0.39350501250000003 0.2366666375 0.3934134296875 0.23571012656249998 0.3904193234375 0.23253926875 0.3863187875 0.229644275
0 0.3855980203125 0.203185853125 0.3804359140625 0.2025142234375 0.3775319046875 0.2026506671875 0.3744436140625 0.20263719062500002 0.37140204374999997 0.2016327234375 0.3694672765625 0.199764690625 0.36698078125 0.1956837984375 0.3644920546875 0.1951290953125 0.36186391093750003 0.196371971875 0.360986621875 0.19874525781250002 0.361768609375 0.201292446875 0.362275103125 0.20214550781249999 0.3632873484375 0.2050270234375 0.3638850546875 0.20742429062499998 0.3628242296875 0.208472259375 0.36166921875 0.21267760781249997 0.3626810921875 0.2161468234375 0.36627550625 0.2176010578125 0.3693178203125 0.2174301296875 0.3720838984375 0.21674046875 0.3742504109375 0.216592034375 0.3764632734375 0.21604030624999998 0.378215246875 0.215407621875 0.3816268640625 0.21436113906249998 0.385451909375 0.21556200468750003 0.38996810000000004 0.21717815156250003 0.3938402390625 0.216800325 0.3961450546875 0.2166174078125 0.39568713906249997 0.2118348640625 0.3948595453125 0.20851557031249998 0.3921420484375 0.20527574531249998 0.3899303015625 0.204064378125 0.3855980203125 0.203185853125
0 0.3750061234375 0.1878067953125 0.3729801453125 0.18439455625 0.37219704375 0.18361046406249998 0.3701228578125 0.1835400109375 0.3684172328125 0.1837694015625 0.36707905625000004 0.18606173125 0.3673534328125 0.1895189578125 0.36642644999999996 0.19758482500000002 0.36730113593749997 0.19932542656250002 0.36955774375 0.20248429531249998 0.3715848390625 0.2041334375 0.37361267656249997 0.204607184375 0.375687978125 0.2029145421875 0.3785934734375 0.20042730312499998 0.3825579359375 0.1998305890625 0.389242128125 0.19894750781249998 0.3916863640625 0.1969670109375 0.3913656390625 0.193913078125 0.38975234062499997 0.1939235828125 0.382656584375 0.189620825 0.37846260625 0.188707815625 0.376894540625 0.190078121875 0.37601836875 0.1906883125 0.3750061234375 0.1878067953125
0 0.4012946421875 0.1642117640625 0.39774731874999997 0.1611788390625 0.39558229375 0.158976478125 0.3934187546875 0.154423325 0.3912552171875 0.149870171875 0.3871546796875 0.146975178125 0.38236002187499996 0.148366490625 0.38281644843749996 0.15549982812500002 0.3829072890625 0.1576317328125 0.381431553125 0.1587831515625 0.37930915781249996 0.162054484375 0.3800447953125 0.1650049671875 0.384928434375 0.168684053125 0.387647790625 0.1689853859375 0.389307065625 0.1691592875 0.390965225 0.17109628593749998 0.39322183437499997 0.174255153125 0.398152565625 0.1763555515625 0.4028078046875 0.1767618171875 0.4044663359375 0.1781111171875 0.40552790468750005 0.175887753125 0.40552976406249996 0.172949259375 0.4043347234375 0.1675670265625 0.40346003750000003 0.1658264234375 0.4012946421875 0.1642117640625
0 0.43382715781250003 0.17980059843750001 0.4312005 0.1786926796875 0.4287584953125 0.1771469859375 0.4267314015625 0.1754978421875 0.4233661296875 0.1761410296875 0.42179843906250003 0.1769236359375 0.4214287625 0.1783868875 0.424329053125 0.184127428125 0.424281959375 0.18570611718750002 0.42308245937500005 0.1873762671875 0.4233579515625 0.189070396875 0.4248766921875 0.192804975 0.4266742703125 0.19294439375 0.4285185703125 0.1920928203125 0.430546778125 0.19197886875 0.43225203125 0.192337175 0.43598512187500005 0.19316922812499998 0.439535415625 0.191500565625 0.4421643046875 0.18908229375000002 0.44548396874999996 0.187667003125 0.44424035 0.1862142546875 0.4421213 0.1841963 0.439495759375 0.1813252859375 0.43580901718750004 0.18008993906249998 0.43382715781250003 0.17980059843750001
0 0.1731282421875 0.4045915625 0.16988150156249998 0.4069770734375 0.166357675 0.40765866093750003 0.163807946875 0.4075063765625 0.15968221093749999 0.40695903125 0.15652795625 0.40971548281250003 0.1561553953125 0.4123693828125 0.1577754 0.4164964890625 0.15893297343749999 0.41876888437500004 0.1620346296875 0.42587558750000004 0.16393321562500002 0.42934223125 0.1665291875 0.42967998749999997 0.168896934375 0.42436162343749995 0.16880631875000002 0.4210352015625 0.17094060625000002 0.41833605625 0.17395501093750002 0.41679647812500004 0.1762284015625 0.414062646875 0.17854803749999998 0.411514290625 0.1807744375 0.40977718125000007 0.181378590625 0.407459540625 0.1809635234375 0.4040170140625 0.17920329375 0.40169787812499996 0.1763753578125 0.4016149578125 0.1731282421875 0.4045915625
0 0.1918886171875 0.355982896875 0.1892449046875 0.357824053125 0.1872959640625 0.36067398906250003 0.1883591828125 0.3655309203125 0.1894693921875 0.36939113125 0.19285075000000002 0.3740640859375 0.1957241796875 0.3755146671875 0.2004991875 0.37570313125 0.20267822343750003 0.3755538359375 0.20305041250000003 0.37349103281249996 0.202264653125 0.369746928125 0.2017559796875 0.367706746875 0.202961665625 0.3672091328125 0.2042620828125 0.363535890625 0.20546963749999997 0.3600828 0.2073283375 0.353315346875 0.20561397656249997 0.3517727796875 0.2018593078125 0.3509359140625 0.19763884375000002 0.3535642015625 0.19443909374999999 0.3549529921875 0.1918886171875 0.355982896875
0 0.1337069078125 0.3549261640625 0.13245236093749999 0.35937597499999996 0.12980939687499998 0.3600349390625 0.1272589203125 0.361064846875 0.12512351093750002 0.36553728125 0.126278840625 0.37135624843750004 0.128503371875 0.37257461875 0.132396396875 0.37455898906249996 0.1331362875 0.377526528125 0.1360089703125 0.3801593 0.138419221875 0.3809373625 0.1416667109375 0.3773696609375 0.14278140625 0.374136725 0.1424133296875 0.369697478125 0.1428325109375 0.366637953125 0.144689340625 0.3628259796875 0.14701159218749998 0.356139953125 0.1475683796875 0.355410128125 0.1465972734375 0.351515234375 0.143678346875 0.34869699062500004 0.138532271875 0.3487980453125 0.13565585 0.352076228125 0.1337069078125 0.3549261640625
0 0.113093190625 0.32854561250000003 0.1118845125 0.3337719890625 0.11480194375 0.33895461718750003 0.1163772015625 0.3405318703125 0.11781223437499999 0.34391709062500003 0.12138155625 0.34460316562500004 0.1230519171875 0.342413690625 0.1229613015625 0.33908726875 0.1242605953125 0.3371873125 0.1258373484375 0.33640018125000004 0.12811298437500002 0.3301197796875 0.1303405078125 0.326609384375 0.12899683906249998 0.325368390625 0.125474134375 0.3242766921875 0.1218585703125 0.323405146875 0.11708244062499999 0.324989971875 0.113093190625 0.32854561250000003
0 0.10954555625 0.29357599218749997 0.1066243875 0.2943043203125 0.1051389984375 0.29723567968750003 0.10750113593749999 0.30078375 0.1087985625 0.301839271875 0.1086575890625 0.30482943281249997 0.1094437234375 0.307982440625 0.1117130015625 0.31175066406249996 0.113474728125 0.3117054171875 0.11477439687499999 0.30921436406249997 0.11607369062499999 0.30731440781249997 0.11899448593749999 0.3071771734375 0.12275065 0.3056496546875 0.12646281406249998 0.300390090625 0.1280410625 0.29723857656249997 0.12438149999999999 0.2926349875 0.1217381625 0.2938850484375 0.11761093125 0.295702084375 0.1139953671875 0.2948305390625 0.10954555625 0.29357599218749997
0 0.11682442500000001 0.293140171875 0.1197922109375 0.29200621718750003 0.1223430609375 0.290385215625 0.125774775 0.28874159062500004 0.1296696671875 0.287770484375 0.132314128125 0.2847471359375 0.1348183609375 0.283531759375 0.1283756078125 0.281395103125 0.1241107703125 0.280882440625 0.1214215640625 0.28135593281250004 0.11984555937500001 0.28096087187499996 0.11753041093750001 0.2764160828125 0.11586191875 0.2756500796875 0.1138686015625 0.275359065625 0.1134024328125 0.2794153109375 0.114023415625 0.285399821875 0.11228624062499999 0.2850126296875 0.111773453125 0.28947449999999997 0.1143209390625 0.293173359375 0.11682442500000001 0.293140171875
0 0.10979995312499999 0.25785541875 0.1101698984375 0.2593391875 0.11141958593750001 0.2625736203125 0.1144772421875 0.2659482765625 0.113826846875 0.268080446875 0.11512277500000001 0.27150035 0.11836652656249999 0.27384360625 0.12045307499999999 0.2733233703125 0.1212903125 0.26897760625 0.1217094921875 0.26591808125 0.12425996875 0.264888175 0.1273676078125 0.2625373484375 0.1305218625 0.2597808953125 0.13307495625000001 0.25461331875000004 0.132008371875 0.2550762484375 0.128254078125 0.253648290625 0.12125379218750001 0.25342365 0.11573627500000001 0.25440531875 0.11137745624999999 0.25588609687499997 0.10979995312499999 0.25785541875
0 0.1062508234375 0.2252501796875 0.1031912984375 0.224831 0.09920504218750001 0.2236578765625 0.0970241359375 0.226762646875 0.09841255156249999 0.23055349375 0.1007277 0.23509828281249998 0.1027202671875 0.2365714890625 0.1030421 0.240825265625 0.1049865546875 0.24506847656250003 0.108138940625 0.245267503125 0.11031835000000001 0.2445271140625 0.110968746875 0.2423949453125 0.110786390625 0.237515390625 0.11046268749999999 0.23621709218750003 0.11208568593749998 0.23561543281250003 0.11542416562499999 0.23478305625 0.11723288125 0.233741090625 0.11885625156249999 0.23254833593750002 0.120715325 0.2251897890625 0.1209491578125 0.221979475 0.11974534218749999 0.219521609375 0.11668506875 0.220284621875 0.11432031250000001 0.220874221875 0.110981459375 0.22229769375 0.1062508234375 0.2252501796875
0 0.102457390625 0.2124059328125 0.1052372140625 0.215258859375 0.10574626250000001 0.21670794531249998 0.1058368796875 0.22003436718749997 0.10741213593750001 0.2216116171875 0.109591171875 0.221462325 0.11075061562499999 0.22077924062499998 0.11079985156250001 0.2162359484375 0.11219163125 0.21470693281250003 0.1145563875 0.21411733281249998 0.11891632968750002 0.21086326875 0.12221193281250001 0.2045255609375 0.12188823124999999 0.2032272625 0.1160481328125 0.2011373484375 0.10682294218749999 0.20028543437500002 0.10056291875000001 0.20243723593750002 0.10014224218750001 0.2078611421875 0.102457390625 0.2124059328125
0 0.09812425 0.24658244218749997 0.0958486140625 0.2528628421875 0.0997856375 0.2585792609375 0.09946043906249999 0.2596453453125 0.10052403125 0.2639111796875 0.10233087968750001 0.2658246921875 0.10455765312500001 0.2634964875 0.105672725 0.25967245625 0.1066956828125 0.2548863859375 0.109477746875 0.2541927390625 0.112121459375 0.2523515828125 0.11620394062499999 0.24798469218750002 0.11383955937500001 0.24798319531250002 0.1085085109375 0.2473423671875 0.1034556703125 0.24663217343750002 0.10086082031250002 0.24452113125000002 0.09812425 0.24658244218749997
0 0.1361046890625 0.22883881874999998 0.1329963046875 0.23237183906249997 0.12734005937499998 0.23279709531249998 0.121961646875 0.2337440828125 0.11968750624999999 0.237660103125 0.12098268906250001 0.242262196875 0.1251994140625 0.24554486718750002 0.125800575 0.247955990625 0.1272344859375 0.2531145 0.1317752875 0.257104371875 0.13553032812500002 0.25735013906250004 0.136551790625 0.2549284515625 0.137110821875 0.25065205156250003 0.1388304171875 0.243919284375 0.140825228125 0.241845915625 0.14509380624999998 0.236447621875 0.1474149375 0.23153488125 0.146811159375 0.2332614265625 0.1483882859375 0.2318832 0.147137103125 0.23101314999999997 0.1448204609375 0.22883274375 0.1397687421875 0.2263492625 0.1361046890625 0.22883881874999998
0 0.2004959453125 0.3075416609375 0.2025332609375 0.3115647203125 0.20573487968749998 0.307220453125 0.2071259125 0.3068736296875 0.211247534375 0.31392302656250004 0.21398261093749998 0.3142261 0.2157480765625 0.308269896875 0.21412769687500002 0.30473388749999997 0.21218249375 0.3016728671875 0.210933928125 0.296665146875 0.21135759375 0.286512475 0.212286196875 0.2843109390625 0.2103868625 0.2820264859375 0.2063021359375 0.28993995 0.20198806406249997 0.29397058125000003 0.2002688421875 0.3001122546875 0.2004959453125 0.3075416609375
0 0.2053896140625 0.2667243734375 0.202283096875 0.2673019125 0.20320646406249998 0.2733757171875 0.205197909375 0.27662220937500004 0.20936913906250001 0.2785372171875 0.209969553125 0.2821305328125 0.21335090937499998 0.2868034875 0.2146957015625 0.28627119375 0.21594875156249999 0.28418576562500003 0.216831109375 0.281798759375 0.2180375453125 0.28011895625 0.2200789734375 0.2776399625 0.2219343078125 0.276192371875 0.225458134375 0.275510784375 0.229306409375 0.274945303125 0.23079329375 0.2696495609375 0.228477771875 0.2656958671875 0.22481596406249998 0.26463885 0.2173991140625 0.263336065625 0.2105823046875 0.2662176921875 0.2053896140625 0.2667243734375
0 0.1984732109375 0.28046587343749996 0.20074435937500001 0.28127861875 0.2038527453125 0.2777456 0.20529039531249998 0.27699315156250004 0.20691189687499997 0.278755875 0.207698778125 0.2807266921875 0.2089040921875 0.28082017656249997 0.2105778171875 0.273310840625 0.2109503796875 0.2706569390625 0.211880103125 0.2666821171875 0.212487246875 0.2596357109375 0.212258275 0.2551617828125 0.212399246875 0.2521716234375 0.2125875859375 0.24759364687500002 0.212403734375 0.245078475 0.2089291421875 0.24121676875000003 0.205358325 0.24289507656249998 0.20039011874999998 0.2549688328125 0.19894835625 0.262223334375 0.198480315625 0.26923505625 0.198199865625 0.2728509953125 0.1976882 0.27553957812499996 0.1984732109375 0.28046587343749996
0 0.219808365625 0.1924060859375 0.21656461718750003 0.19006283125 0.21170011406250003 0.18477466250000002 0.20808679218749998 0.1803565421875 0.2062821890625 0.17489645625 0.20368509375000002 0.1763319875 0.20289522187500003 0.179089934375 0.2032178015625 0.18216151875 0.20187301249999998 0.182693815625 0.20057296875000002 0.1857759625 0.20126586875000002 0.18974022031249999 0.202932490625 0.1934617015625 0.2050649109375 0.1937180328125 0.20631571875 0.19517917812500002 0.20895718593749998 0.19688459687499998 0.21465743124999997 0.200191384375 0.22272243125000002 0.20290857343750002 0.224713503125 0.2067461609375 0.22476161718749998 0.203976153125 0.2255988546875 0.19963039062500001 0.225368759375 0.1969297484375 0.2238867359375 0.19454124687500002 0.219808365625 0.1924060859375
0 0.15271805 0.3560162546875 0.14979751875 0.3573423390625 0.147580165625 0.3592404953125 0.1489483140625 0.3651774828125 0.151057565625 0.367342203125 0.1544008546875 0.365013840625 0.1558066453125 0.367054996875 0.1572458203125 0.37192792343750003 0.15956645 0.37359150625000004 0.163050090625 0.3718260640625 0.164318934375 0.36792221875000003 0.165658234375 0.36385132656249997 0.1668919890625 0.35980675 0.167985675 0.3547507453125 0.1686215140625 0.3505562875 0.16795569375 0.34653689375 0.1667960875 0.3445838359375 0.165247109375 0.3464648265625 0.1606386671875 0.346866446875 0.1570825796875 0.35193848125 0.155919284375 0.35581601093750004 0.15532051875 0.35701165156250003 0.15271805 0.3560162546875
0 0.15653299375000002 0.3866050828125 0.1568810390625 0.392497453125 0.159657528125 0.396439034375 0.162402053125 0.3953063125 0.16352770625 0.3953246140625 0.16496886718749998 0.39705799375 0.167711971875 0.3981678046875 0.169366496875 0.396260496875 0.1698956546875 0.3938863828125 0.17105838125 0.3909058671875 0.1719401203125 0.387248015625 0.1724715484375 0.381285846875 0.17363370625000002 0.37920234375 0.174514028125 0.37778702656249996 0.1749747109375 0.3724404109375 0.172480909375 0.3664851234375 0.1700193609375 0.365155634375 0.16885947031249998 0.363651084375 0.16945511562499999 0.36738901875 0.1654762703125 0.37346332968749996 0.1632931546875 0.3768477359375 0.1606168203125 0.38140146875 0.1584345546875 0.3834403546875 0.15653299375000002 0.3866050828125
0 0.16743211875 0.3956964421875 0.16651699375 0.39652252187500003 0.1671830984375 0.40009341249999997 0.1697841484375 0.40333134218750005 0.17263251875000002 0.40486334375000005 0.17513085781249998 0.40364252343749996 0.1769265875 0.40095261718749997 0.18048210781250001 0.39677759687499997 0.1831581578125 0.3926723734375 0.18520092187499998 0.38872504375 0.1860470046875 0.3858234765625 0.18453935625 0.3779780484375 0.18067286875 0.37326188125000004 0.1771182 0.3760913828125 0.1766951578125 0.377542165625 0.17257624375 0.3826050515625 0.1706047921875 0.38503981249999997 0.16856089375 0.3907811671875 0.16852438593750002 0.39288297031249997 0.169015903125 0.39440468906250004 0.16743211875 0.3956964421875
0 0.1421299875 0.3000605125 0.1436755609375 0.303561603125 0.1461006046875 0.30699289687500003 0.146909046875 0.307987159375 0.1477166375 0.310326940625 0.1497908015625 0.31235093125 0.15179705937500002 0.31050540781249997 0.1521507765625 0.30742764375 0.1520828703125 0.3035581265625 0.15363099687499998 0.30302265781250004 0.1583823453125 0.29914739687499997 0.1583161421875 0.29258684218750003 0.1586687234375 0.2913031046875 0.1550820890625 0.2890583 0.1496994390625 0.289951909375 0.1454062203125 0.292517115625 0.1411107328125 0.2986703765625 0.1421299875 0.3000605125
0 0.1349069671875 0.2629969578125 0.13602836406250002 0.2697428609375 0.1320181203125 0.2698458546875 0.1307489921875 0.2741982078125 0.1317668296875 0.27783087812499996 0.1333837140625 0.2798194015625 0.1353865671875 0.283355959375 0.13693412656249998 0.283717503125 0.1402063890625 0.2824532 0.14076779687500002 0.284704884375 0.1430522046875 0.2880217640625 0.1460429109375 0.2869771390625 0.147100090625 0.2840229390625 0.1471026453125 0.27998637656250003 0.14668300625 0.2760550796875 0.1462981734375 0.2727130203125 0.146301578125 0.2673309390625 0.14679735 0.262125053125 0.14739866875000002 0.256892853125 0.1475797828125 0.24862636875000002 0.1485628140625 0.251669803125 0.147582903125 0.24369279531250002 0.1444161890625 0.24493078281249997 0.141706753125 0.246204234375 0.135794946875 0.24947195781249998 0.13357532656249999 0.25495816875 0.1349069671875 0.2629969578125
0 0.18835466875 0.2878971515625 0.1949127765625 0.2942290515625 0.198038925 0.2921217765625 0.198979878125 0.28657582656249997 0.1966941453125 0.27740825468749997 0.193676934375 0.2719639578125 0.1898277078125 0.264514046875 0.18587458437499998 0.256647428125 0.177755503125 0.24804905000000002 0.1763981234375 0.2532562171875 0.1771212015625 0.2628134015625 0.18138265468749998 0.277242328125 0.1848154546875 0.2843534546875 0.18835466875 0.2878971515625
0 0.3467907265625 0.4400456828125 0.3553321171875 0.43968652500000005 0.3607549171875 0.42948222343750003 0.362641025 0.4117500890625 0.35879515781250004 0.39898799375 0.354313309375 0.4036463421875 0.347537328125 0.412417578125 0.34159420156250003 0.4218663859375 0.340027346875 0.42889622968749996 0.34189749062499997 0.4363969703125 0.3467907265625 0.4400456828125
0 0.3542483515625 0.6710003 0.36612368281249996 0.669367284375 0.3702955203125 0.6608027203125 0.37154900468749996 0.6551788453125 0.3683265203125 0.6449169953125 0.36187315 0.6376737578125 0.35708969062499996 0.62514543125 0.3485567015625 0.6122241296875 0.3399105765625 0.6134946265625 0.3423010453125 0.6217508609375 0.34750093125000003 0.634617971875 0.35009919375 0.6437076203125 0.3508231125 0.6519367593750001 0.351753984375 0.662327359375 0.3542483515625 0.6710003
0 0.3386540046875 0.4593362703125 0.3419820671875 0.46735873593750005 0.33937708125 0.4688934546875 0.3398965671875 0.4709769953125 0.3434332625 0.478504828125 0.3485359734375 0.4803308640625 0.3532247765625 0.47783397812499995 0.3592633984375 0.482082340625 0.3677025703125 0.47865038125000003 0.372600846875 0.47433081875000005 0.367398440625 0.46544784375 0.3603166484375 0.46367263437500006 0.3515691453125 0.46054228750000004 0.341780153125 0.4572289984375 0.3386540046875 0.4593362703125
0 0.31521503281249996 0.4638524265625 0.32479539062499996 0.4676603453125 0.3354222796875 0.463682928125 0.34313249218749997 0.4599901078125 0.3444940734375 0.448142709375 0.3439796296875 0.43809089375 0.33960923906249996 0.43121353593749995 0.3358555078125 0.43746079375 0.3228305890625 0.4451343921875 0.3182490453125 0.4427358015625 0.3126226484375 0.44546645625 0.308972815625 0.452130421875 0.31521503281249996 0.4638524265625
0 0.33531838281250004 0.46326622031250003 0.329904821875 0.45886201406250005 0.3213617515625 0.461877265625 0.3141718625 0.46632557812500003 0.3189570015625 0.47619781562499996 0.321349990625 0.480469909375 0.32603459218749997 0.48461325312500003 0.33727982343749996 0.49110435937499997 0.3442568765625 0.49379090468750003 0.35144928750000004 0.48535845312500003 0.349161875 0.4788469734375 0.34510233437500004 0.474547784375 0.3402099390625 0.46957102500000003 0.33531838281250004 0.46326622031250003
0 0.18342092031249999 0.3192897328125 0.1805531828125 0.32016938437500003 0.17822682343750001 0.3227251265625 0.1775654390625 0.3270061078125 0.175394921875 0.328205853125 0.172915221875 0.3281655375 0.17097659062499998 0.330295325 0.17236884218749998 0.33439356249999996 0.174460815625 0.334859834375 0.1759718234375 0.334977028125 0.1767450890625 0.337583165625 0.17833151875 0.3409744171875 0.1811980046875 0.34207079687499997 0.182788496875 0.3390399515625 0.1839519875 0.33726807187499996 0.18581395 0.33384025624999997 0.1882945875 0.33239854687500003 0.19035072343749998 0.3282637453125 0.1924461171875 0.3230702578125 0.1914007734375 0.322074784375 0.188767421875 0.31993241875 0.18342092031249999 0.3192897328125
0 0.47840844374999997 0.1461681796875 0.4763731375 0.15167420468749998 0.47829401562499996 0.1580115046875 0.47904111875 0.16032451406249998 0.4827800875 0.1664357203125 0.4874309046875 0.16800263124999998 0.491016340625 0.163246153125 0.4962551234375 0.165120884375 0.5036874890624999 0.164858240625 0.49808097656249994 0.1526236453125 0.49391145625000005 0.1509367328125 0.48974236875 0.14856808906250002 0.4857861828125 0.14773681562500002 0.47840844374999997 0.1461681796875
0 0.5529930265624999 0.23822225156250001 0.562993175 0.235956140625 0.5664736687499999 0.22804492187499997 0.5631158 0.211159940625 0.5609282531249999 0.20375309062500002 0.5582034890625 0.200342715625 0.558837025 0.21313558906250002 0.553168984375 0.2136399609375 0.550492378125 0.2186242578125 0.5482433046875 0.2239563734375 0.5493073921875 0.2323249546875 0.5529930265624999 0.23822225156250001
0 0.470991171875 0.1225702640625 0.4679420921875 0.1246937296875 0.4642474015625 0.13311276875 0.4653678421875 0.13692315 0.47119286406249994 0.1418326203125 0.47824844375 0.14552645 0.48343475468749997 0.145823809375 0.4913501421875 0.14271424375 0.4937570625 0.14143250937500002 0.49333082343749995 0.13903949843750002 0.48542060937500003 0.13396829999999998 0.48103602968750003 0.13415266875 0.47900589687500006 0.13147793125 0.47777749687500004 0.12928492187500001 0.4747331609375 0.12390935781250001 0.470991171875 0.1225702640625
0 0.45398791562499996 0.1227199140625 0.45040291093749996 0.1267946625 0.44970655312499996 0.1287859453125 0.44676414062500003 0.13133723125000002 0.44804285781250003 0.1385162609375 0.4511426828125 0.1406970875 0.455314359375 0.13897534843749998 0.45686405625 0.1404066265625 0.4623140171875 0.1465456484375 0.4676624859375 0.1440760875 0.4646164234375 0.14142744375 0.46173122656250004 0.138057065625 0.45777763125000004 0.1331354109375 0.4560700875 0.127653753125 0.45398791562499996 0.1227199140625
0 0.5094067546875001 0.1300092484375 0.50636555625 0.1284170796875 0.5032286859374999 0.1323330875 0.502673240625 0.1359972109375 0.4976030890625 0.13569439218749998 0.5002712640625 0.1440390984375 0.5039568875 0.14703754062500002 0.5104108218750001 0.1458201328125 0.5170449453125 0.15121732968749999 0.5220224 0.1523267328125 0.524607540625 0.1461978640625 0.5202774890625 0.1417931453125 0.515392734375 0.1398771546875 0.512260325 0.1367407796875 0.5094067546875001 0.1300092484375
0 0.7012014328125 0.4740081140625 0.6884523953125 0.47779539687500006 0.6795732343750001 0.47696626093749994 0.6718369421875 0.4807209109375 0.6744026140625 0.5001647453125 0.6882899 0.5082655 0.6905837171875 0.5046506281250001 0.695599928125 0.4991398046875 0.702906490625 0.4954922984375 0.7086369921875 0.49284633906249997 0.706352415625 0.4818527046875 0.7012014328125 0.4740081140625
0 0.6889851578124999 0.14032646875000002 0.692081159375 0.14106447187499999 0.6954825984374999 0.140432103125 0.6977684656250001 0.137920840625 0.69771946875 0.1351289125 0.6966055359375 0.1306611734375 0.6922416578125 0.128082253125 0.68741961875 0.12755889375 0.6850835281250001 0.1292198640625 0.6866033453125 0.1340178125 0.6889851578124999 0.14032646875000002
0 0.6854441015625 0.12093323281249999 0.6834130375 0.12187104062500001 0.6805224359375 0.11741486718750001 0.6768159687499999 0.11877040000000001 0.6800103703125 0.1244450484375 0.6832578625 0.12643950312500002 0.6875204765625 0.12861226406249998 0.6886870890625 0.130047021875 0.69071610625 0.1323452765625 0.6978231921875 0.131651796875 0.7008183375 0.13133643125 0.7046260703125 0.13038705625 0.707113653125 0.1299825359375 0.7085354796875001 0.1291966265625 0.7076738953125 0.12703870781249998 0.702093175 0.1221747375 0.6978293343749999 0.1219436125 0.6927026781250001 0.12149620312500001 0.6892007921875 0.1204279921875 0.6854441015625 0.12093323281249999