0 0.6225325421875 0.6765752125 0.6174396453125001 0.6695520296875 0.6133690703125 0.6633786578125 0.6102272421875 0.671925740625 0.60949715625 0.677871809375 0.6090196156250001 0.6883153125 0.6111999921875 0.6954637375 0.6152641937500001 0.696445615625 0.6188714234375 0.694594959375 0.6225058 0.6938340609375 0.6260525671875 0.6937866921875 0.6287084265625 0.691819221875 0.6277214796874999 0.68674875625 0.6265155046875 0.6834621125 0.625395084375 0.6807895421875 0.6225325421875 0.6765752125
0 0.6582031828125 0.7032871453125 0.6514206015624999 0.7074036328125 0.6461465171875 0.7149646234375 0.6461736625000001 0.716054384375 0.6389446015625 0.7198746218750001 0.6391554 0.7234012171875001 0.6415735171875 0.7259916953125 0.645767075 0.727230884375 0.6515441953125001 0.7299923671874999 0.657496534375 0.7313267921875 0.66096391875 0.7266825375 0.662113340625 0.7199429578125 0.6615436703124999 0.7154065859375 0.662469953125 0.7131060359375 0.6582031828125 0.7032871453125
0 0.5215066546875 0.7063000546875 0.52309844375 0.7025119328125 0.525426690625 0.6979692375 0.5335049125 0.6950982625 0.52519491875 0.68937006875 0.5232921765625 0.6891364421875 0.51740873125 0.6898626171875 0.5092700453125001 0.6945368796875 0.5070649859375 0.7033196984375001 0.50184930625 0.7104050046875 0.5066355687499999 0.719925534375 0.510568353125 0.7219777046875 0.5144343 0.7206416703125 0.5196584093750001 0.7174202546874999 0.521120840625 0.713374821875 0.5211124093749999 0.70951093125 0.5215066546875 0.7063000546875
0 0.5813140640625 0.7317506140625001 0.582912025 0.7239796796875 0.569014934375 0.7231183328124999 0.55807005625 0.7244301828124999 0.5522012140625 0.725037434375 0.545322590625 0.7260035609375 0.5390907609375 0.72825624375 0.54403126875 0.7312771453125 0.5457587875 0.7329378281250001 0.5432886375 0.73601453125 0.5441920890625 0.739143315625 0.5519762187499999 0.7399783734375001 0.5624454109375 0.7386081140625 0.5734486984375 0.736820578125 0.578240925 0.73318399375 0.5813140640625 0.7317506140625001
0 0.499157465625 0.6890702140625 0.4965369796875 0.68681703125 0.49055955156250003 0.6830652390624999 0.48087679375 0.679341346875 0.4726922453125 0.6856999781249999 0.47084174062499995 0.6889734765625 0.47247959375 0.6926752921875 0.481035759375 0.6977094265625 0.48816281406249995 0.70389594375 0.49431340781250005 0.707548284375 0.49760145624999996 0.7069862921875 0.5000424046874999 0.7041474328125 0.50379359375 0.7024351656250001 0.5050974640625 0.6983702640625 0.503576421875 0.6937170765625 0.500811978125 0.6913255046875 0.499157465625 0.6890702140625
0 0.64405065 0.755629403125 0.6459324171875 0.7507904578125 0.6409583921875 0.7414883 0.631046321875 0.7461862484374999 0.6212782140625001 0.7510225875 0.6195696125000001 0.755762078125 0.6207025765624999 0.75964333125 0.6177880015625 0.7610961781250001 0.6148275625 0.7642333953125 0.615196921875 0.767779459375 0.6205859671875 0.76976900625 0.6240430671875 0.77176276875 0.6257997921875 0.7731856109375 0.6313786578125 0.77362918125 0.6388810390625 0.7702046453125 0.6427969609375 0.7645290359375 0.64405065 0.755629403125
0 0.6163965218749999 0.765874609375 0.6257849859375 0.7641302265625 0.6312678125 0.7614234343749999 0.6360474953125 0.7565781671875 0.6216350296875001 0.7533599671875 0.6131874500000001 0.752684878125 0.6070160828125 0.753134271875 0.6032794953125 0.7547276171874999 0.602801753125 0.755996815625 0.5938492828124999 0.7555011609375 0.5888149968749999 0.7571765984375001 0.5919237109375 0.7606968703125 0.59500528125 0.76312738125 0.5956208125 0.7659793859375 0.597302471875 0.7693244375 0.6039328640625 0.7703799765625 0.6082035453125 0.7683693515625001 0.6163965218749999 0.765874609375
0 0.45173844687500003 0.65186219375 0.45091643281250005 0.6520026921875 0.448233428125 0.6528804015625 0.45915753437499995 0.655670284375 0.4638977296875 0.657700878125 0.46637425468749993 0.6598156687500001 0.46993150781250004 0.6623045875 0.47349081875000004 0.6634659015625 0.478450040625 0.6637126734375001 0.4783957484375 0.6615331515625 0.47743388906249995 0.6588800515625 0.48294386093749997 0.6572630203125 0.4818401 0.653143928125 0.475426675 0.651632171875 0.46922816406249995 0.65099180625 0.461427375 0.651603275 0.45173844687500003 0.65186219375
0 0.4173619984375 0.6552462921875 0.4233102234375 0.6592359265625001 0.42921464531250003 0.6635823249999999 0.43590138749999996 0.66548978125 0.439882090625 0.6645299796875 0.43820454687500004 0.6585297203125 0.4313820703125 0.6511734578125 0.42541924375000006 0.6473027453125 0.4235331609375 0.64562259375 0.42063935625 0.6429737078125 0.4190975453125 0.6424222546875 0.41609947031249994 0.6419334234375 0.409890471875 0.6387567703125 0.405609303125 0.638231109375 0.40309740312500003 0.6403369703124999 0.406621340625 0.6457189375 0.4110695015625 0.650127959375 0.41338746562499995 0.6522232812500001 0.4173619984375 0.6552462921875
0 0.44571802343750005 0.6851643875 0.4492271546875 0.681490971875 0.4433352796875 0.67835325625 0.4355114578125 0.67521975625 0.43113013437500003 0.6741989390625001 0.42558252812499997 0.672189921875 0.42127215625 0.6719021046875 0.418284571875 0.673949559375 0.41809474843750005 0.6754955375 0.41740003750000004 0.6772209499999999 0.41412453437499996 0.6789916234375 0.41471086250000005 0.682081471875 0.4248421578125 0.684774009375 0.4348753578125 0.6856437875 0.4424299734375 0.6857263796875 0.44571802343750005 0.6851643875
0 0.45496394687499997 0.747501753125 0.45126273437500003 0.74487444375 0.439723096875 0.7392325578125 0.43199942968749994 0.7365942125 0.4240003875 0.7348877671875 0.4160430953125 0.7341521640625001 0.41526077343749995 0.7365911046875 0.41812331562500005 0.740805434375 0.41589933749999997 0.7431880796875 0.4169738953125 0.747545015625 0.42472882187499994 0.7486179140625 0.43891382968750003 0.7497560437499999 0.4458342 0.7497607578125 0.4514881328125 0.74828211875 0.45496394687499997 0.747501753125
0 0.46619344375000005 0.7858191109375 0.45700303125 0.7807071015625 0.446742375 0.777757253125 0.43525291718750003 0.7769500953125 0.4347356859375 0.7850951546875 0.43953017499999997 0.7893052703125 0.44405340156250006 0.7917920796875 0.4538821765625 0.7943267578125 0.46493769687500003 0.7960463468750001 0.47028499375 0.79706505625 0.4775516890625 0.7968708671875 0.4696589734375 0.791676765625 0.46619344375000005 0.7858191109375
0 0.43563522656250003 0.8000534531250001 0.446175371875 0.7994161921875 0.4349111109375 0.792842403125 0.4239911171875 0.7873973140625 0.41883364375000004 0.784832628125 0.41092221249999994 0.7824126546875 0.4003277734375 0.78087039375 0.39821855156249997 0.78362926875 0.402178484375 0.7867712 0.39714625468750003 0.7871190343750001 0.395439709375 0.7905309234375 0.3991826703125 0.7941290703125 0.407369478125 0.795617140625 0.4165660625 0.7967463390625 0.4258628015625 0.7983706921875 0.43563522656250003 0.8000534531250001
0 0.4589432015625 0.6105522265625 0.465737478125 0.6086318937499999 0.472579353125 0.6063238953125001 0.47636415625 0.6054113296875 0.48113848593749997 0.60284946875 0.48798706562499994 0.5962136890624999 0.48912274375000003 0.5912375125 0.48489580625000006 0.589341228125 0.4748845640625 0.5896860390625001 0.46978374531249995 0.5906337749999999 0.45878633124999996 0.5904639890625 0.454977728125 0.5915703890625 0.45436229062500005 0.59444614375 0.4547125796875 0.595866434375 0.44926147343749995 0.5953938796875 0.44348052187500003 0.5954710859375 0.4442967453125 0.5995063984375 0.44657178281250004 0.60234355 0.4481666890625 0.6043101703125 0.44886726718750003 0.60715075625 0.45118990312499996 0.6096002406250001 0.4589432015625 0.6105522265625
0 0.48059647656250004 0.5431662515625 0.47299268124999994 0.5367234937500001 0.4712449203125 0.5424115359374999 0.467215415625 0.54959020625 0.470398521875 0.5578512296875 0.4772541390625 0.56184106875 0.4831540875 0.5607946984375001 0.485976515625 0.559173703125 0.488469103125 0.5581024703125 0.4903258046875 0.5579369359374999 0.491271084375 0.55451141875 0.48887704843749996 0.5526434296875 0.4862483703125 0.5505498765625 0.485547790625 0.5477092906250001 0.48059647656250004 0.5431662515625
0 0.4902738609375 0.5156283046875 0.4985849375 0.5205838703125 0.5017747499999999 0.5245171125 0.499574465625 0.5189345765625 0.500359853125 0.51253810625 0.49938708906249996 0.5033679515625 0.49272522187499995 0.4956635625 0.48478487968749995 0.494098346875 0.4808539265625 0.49833779843750003 0.47976585 0.5029263109375 0.47403249843750006 0.5026158546875 0.47066603125000006 0.50653110625 0.4747977703125 0.509202721875 0.48057536718750005 0.5112894046875 0.48520019375 0.51421831875 0.4902738609375 0.5156283046875
0 0.6178965671875 0.5017852031250001 0.6161726046875 0.5072794125 0.6058690640625 0.514277990625 0.593501328125 0.51885881875 0.6044035437499999 0.5198039328124999 0.6093377656250001 0.520213025 0.61939660625 0.5194805484375 0.625724946875 0.5149451953125 0.6321994390625 0.507082959375 0.6365383390625 0.497384465625 0.6346883421875 0.49322222031249996 0.6280231234375 0.48768172187500003 0.6226196140625 0.4868215 0.6205215625 0.49108925000000003 0.61927359375 0.4927068109375 0.6178352265625 0.4958750296875 0.6178965671875 0.5017852031250001
0 0.779969596875 0.742188578125 0.782313728125 0.736967896875 0.7772235640625 0.7298764015625 0.7727088546875 0.7267673984374999 0.7697230328125 0.72767811875 0.77140356875 0.7261281281249999 0.7647117484375 0.7312141453125001 0.7595059734375 0.7372011265625 0.755874509375 0.742503240625 0.7531315968750001 0.7466371203125 0.7512814546875 0.7530361203125 0.7535623375 0.75786668125 0.75837504375 0.7594156078125 0.7623708765625 0.7589482328125 0.7686848578125 0.7638748265624999 0.7717934984375 0.7636976875 0.7749889140625 0.7567453656249999 0.7764292609375001 0.750216215625 0.779969596875 0.742188578125
0 0.8454054140625 0.7311429125 0.8399512843749999 0.73741873125 0.82963901875 0.7468502140625 0.8306684750000001 0.7532036171875001 0.8308534468750001 0.756898665625 0.8283382156249999 0.7617790015625 0.83616993125 0.765614615625 0.840771415625 0.7619484390625 0.8467762484374999 0.76332440625 0.8499028421875 0.7638679703125 0.8502710234374999 0.7539340078125 0.8501949953124999 0.7476178375 0.854601853125 0.7403352609375 0.8550364046875 0.736796115625 0.8454054140625 0.7311429125
0 0.8355129874999999 0.820379475 0.8376890078124999 0.8251971578124999 0.8434813921875 0.828303375 0.85016505 0.8284853578125 0.8565327578125 0.8295067140624999 0.8614778031249999 0.8256432218749999 0.8550325750000001 0.8131163406249999 0.8511316796875 0.8015405343750001 0.8390515625000001 0.7950277812500001 0.8330180281249999 0.806022459375 0.8344794515625 0.8166600703125001 0.8355129874999999 0.820379475
0 0.8173477765625 0.8642927515625001 0.8196339671875 0.8595439578124999 0.822176675 0.8492383265625 0.8212450109375 0.83515309375 0.8158269125000001 0.821599040625 0.80868464375 0.8247493718750001 0.8035051171875001 0.8322564078125 0.79825540625 0.84813733125 0.7948890234375 0.8608166640625001 0.8049435468749999 0.8638873703125001 0.8173477765625 0.8642927515625001
0 0.8216262421874999 0.8537212437499999 0.83221759375 0.8610890343750001 0.8361029875 0.8580534328124999 0.841332159375 0.84927515625 0.8436539875 0.83383306875 0.8444527734375 0.8290613125 0.8367825015625 0.8256446875 0.8287494890625 0.828650025 0.8196266296875001 0.83966455 0.8216262421874999 0.8537212437499999
0 0.8296876687499999 0.887762075 0.8231585171875 0.8863217296875 0.8149792953125001 0.8913847828125 0.8057102234375 0.9044570234375 0.8114143359374999 0.9091490671875 0.8136923640625 0.9096682749999999 0.8227382406249999 0.9114176359374999 0.8270458078124999 0.9066775359375001 0.8264468218750001 0.8994189875 0.8286171328125 0.8956139656250001 0.8316001015625 0.8903918921875 0.8327673390625 0.8878208781250001 0.8296876687499999 0.887762075
0 0.8099442140625 0.8795100484375 0.8047480953124999 0.8854183796875 0.7932340453125 0.8951014703125001 0.7859820015625 0.8986817 0.7850024578125 0.9031917625 0.7818041874999999 0.90583273125 0.78396089375 0.9108077109374999 0.78942209375 0.9122765953125 0.79268945625 0.9142744453124999 0.8002162390625 0.9179927843750001 0.8044934765624999 0.914366628125 0.8076487718750001 0.9025395453125 0.8168985296875 0.8896246015625 0.8166417453125 0.8830467359374999 0.8099442140625 0.8795100484375
0 0.7556667765625 0.8950392921875 0.743338440625 0.8948827296875 0.7303341328124999 0.9002315046874999 0.727324915625 0.9039335203125001 0.72450883125 0.906062584375 0.7230642703125 0.9091583796875 0.7198756546875 0.9117207031250001 0.7191471859375 0.9141859265625 0.7240440828125 0.9167830234375 0.7294763140625 0.9184878515625 0.7350616921875 0.919812315625 0.741030484375 0.913679521875 0.7470627921874999 0.9096301953125 0.7503342359375 0.9089940437499999 0.7556667765625 0.8950392921875
0 0.7215974078125 0.9020327703125 0.7234324515624999 0.89922441875 0.7274281484375 0.8926896921875 0.7344731859375 0.8873277109375 0.741032534375 0.8815867624999999 0.7269919687499999 0.8849721328125 0.7214177421875 0.888758371875 0.7108446093749999 0.8942459906250001 0.7064004859375 0.9009651562500001 0.705477521875 0.9058813328124999 0.7068532609375 0.9102814203125 0.7120081671875 0.91251103125 0.7201033359375 0.912467159375 0.7218694234374999 0.9110873406250001 0.7226931000000001 0.908713640625 0.722200471875 0.90665731875 0.7218609921875 0.9042206359374999 0.7215974078125 0.9020327703125
0 0.7303901765624999 0.876368209375 0.7034429624999999 0.8713031750000001 0.7017748015625 0.8710185156250001 0.6933829968749999 0.8717444656250001 0.6926807765625 0.875729746875 0.6972368328125 0.8767681609375 0.6952044390625 0.8777161124999999 0.6986278031250001 0.883644953125 0.699790959375 0.8837079359375 0.7053721234375 0.8815990484375 0.7080433546875 0.8806497015625 0.7112182312499999 0.8808000265624999 0.7208131796874999 0.8789444703125 0.7303901765624999 0.876368209375
0 0.6773372265625001 0.9200693125000001 0.679237146875 0.9184664265625001 0.6777358718750001 0.9150887578125 0.6775302265625001 0.91242900625 0.68154809375 0.9100483374999999 0.68946794375 0.906230771875 0.6969295828125001 0.8966089421874999 0.705376471875 0.891099753125 0.693032903125 0.8884664875 0.6895214015625 0.8901908296875 0.6795056374999999 0.8928728828124999 0.6730179703125 0.8954292984375 0.6705330703125 0.8991956921875 0.6690774921875 0.9032481390625 0.665986803125 0.9041459828124999 0.6618903234375 0.9080338328125 0.660634815625 0.9121906781250001 0.6648832171875 0.91486781875 0.6708494234375 0.9165583765624999 0.6709708796875 0.9181699562500001 0.6773372265625001 0.9200693125000001
0 0.64467923125 0.9207695828125001 0.6450448265625 0.918658971875 0.6468302265625 0.9171218578125 0.6491496031249999 0.915570475 0.655304728125 0.9122547265625001 0.6625084875 0.9090677359375 0.650529153125 0.90520185625 0.6493177140624999 0.9055321109375001 0.6433957109375 0.9060823140625001 0.6377386546875 0.9079423828125 0.6322499781250001 0.9118987921875 0.63016521875 0.915873984375 0.6309434656249999 0.9182048765624999 0.6339928046875001 0.9193776218749999 0.6377002953125 0.9203916781249999 0.638239846875 0.9229327609375 0.6402308921875 0.9240553984375 0.6432456875 0.9229087328125001 0.64467923125 0.9207695828125001
0 0.6146824093750001 0.9023970968749999 0.6183387625 0.8994930406250001 0.62162951875 0.89869959375 0.6281503749999999 0.8993405875 0.6356439703125 0.8998615187500001 0.648780884375 0.9012350281250001 0.6473389093749999 0.8965074749999999 0.645999078125 0.8935487953125 0.6408055453125 0.8916337765625 0.6321487921875 0.8910498609375 0.626733153125 0.8909437390624999 0.61707605 0.889837828125 0.6104476125 0.8909399578125001 0.6084621390625 0.8923726750000001 0.6107098375 0.894005825 0.61234630625 0.8962824250000001 0.6112839328125 0.8988663156250001 0.6125368546875001 0.9025328234375 0.6146824093750001 0.9023970968749999
0 0.5803242953125001 0.8926699499999999 0.584320128125 0.8922025765624999 0.5874287671875 0.892025434375 0.5915584328125 0.8913349937499999 0.593379740625 0.8912392890625 0.5938929078124999 0.8861929625 0.582214425 0.885078359375 0.5777715296875 0.8848521734375 0.5738612468750001 0.8854897171875 0.570026859375 0.8863760812500001 0.5656584953125 0.8872767140625 0.562863084375 0.88837048125 0.5621166640624999 0.890115 0.5663471109375 0.8920714343749999 0.5666410281250001 0.89314535625 0.56645483125 0.8963956625 0.5705900703125 0.8982605734375 0.575129534375 0.89770028125 0.5791391046875 0.8945202609375 0.5803242953125001 0.8926699499999999
0 0.596105925 0.8794393515625 0.6010717796875 0.880607915625 0.6069717484375 0.8819710078125 0.6138210640625 0.88600533125 0.6167062390625 0.8885150875000001 0.6187440750000001 0.884055134375 0.6174552484375 0.8789472171874999 0.614535528125 0.874118053125 0.6104871968750001 0.8715453109375 0.601318503125 0.869062371875 0.58719089375 0.86708821875 0.5859946875 0.8698951781250001 0.5885459578125001 0.8725236015625001 0.5877815828124999 0.8735474156249999 0.5867178484375 0.8770093062500001 0.588249453125 0.87927303125 0.59376995625 0.8793920312499999 0.596105925 0.8794393515625
0 0.6674844203125 0.8668081859375001 0.675994825 0.8633824656250001 0.681363540625 0.8630038265625 0.68358635 0.8622389187499999 0.6883658703125 0.8605904359375 0.689415865625 0.8598411921875 0.688057946875 0.8500944578125 0.6801159265625001 0.8497579671875 0.6688638359375 0.8503722187499999 0.661174384375 0.853180240625 0.6572903515624999 0.8553378421875 0.65615480625 0.8559169140625 0.6493773 0.8547654078125 0.6461238109375 0.8561222640624999 0.6465088531250001 0.8599217093749999 0.652341225 0.861835334375 0.6516610390625 0.8639073187499999 0.6523703296875001 0.8676667453125001 0.6561509921875001 0.87068561875 0.6621475296875 0.871262234375 0.6674844203125 0.8668081859375001
0 0.6087744296875 0.8508178359375 0.61412519375 0.84971849375 0.6163756109375 0.8495956421875 0.6183623078125 0.8412175749999999 0.606950134375 0.8405348375000001 0.5925424796875001 0.8408414671875001 0.587706378125 0.8420838359375 0.5812669921875 0.8442470140625 0.5799093421875 0.8466349828125 0.5793699265625001 0.8501612515625 0.5823420125000001 0.851963178125 0.5842185390625 0.8531515875 0.588600775 0.855605659375 0.5912499734375001 0.8565696078125 0.5931871625 0.8555301296875 0.5983295578125001 0.8535270359375 0.6013636640625 0.8522230765625001 0.6087744296875 0.8508178359375
0 0.6815541515625 0.8359099578125001 0.681765053125 0.8324129765625001 0.681456309375 0.8295895375000001 0.68389598125 0.8275131968749999 0.6879823859374999 0.82359086875 0.692353390625 0.8191299921875 0.697744003125 0.8197099484375 0.6886901859375001 0.81515733125 0.681743425 0.8147959406249999 0.6747046796875 0.8169630031249999 0.6663915953124999 0.8206121421875 0.6649913546875 0.8275678953125001 0.6636816999999999 0.832896221875 0.6652733 0.8350579015624999 0.668265278125 0.8364903265624999 0.6716409546875 0.8365770984375 0.6748977093749999 0.837632396875 0.6765586796874999 0.839229103125 0.6791045687499999 0.83806700625 0.6815541515625 0.8359099578125001
0 0.4783738609375 0.9088657421875 0.48164331875000005 0.9080382703125001 0.48487592968750004 0.9057315828125001 0.48695311874999997 0.9039384453125001 0.490154603125 0.9027749187499999 0.4951585890625 0.9002760921874999 0.500631275 0.8984083046875 0.5035806828125 0.8957391343750001 0.5037406390625 0.8935467359375 0.5037844687499999 0.89052080625 0.49815461718750004 0.89277893125 0.49143159843750006 0.8932642859375 0.4861386875 0.8927782531249999 0.4788577796875 0.8933589625 0.477836909375 0.8954456531250001 0.47660081249999997 0.89750591875 0.47315576718749996 0.897984121875 0.46982824531249995 0.8983948265624999 0.46824948437499997 0.9005768734374999 0.47195512187500005 0.9024246328125001 0.472980315625 0.9038613484375 0.47291806562499994 0.9061476718750001 0.47457903437500004 0.9077443765625001 0.4783738609375 0.9088657421875
0 0.41034920937499997 0.8846196390625 0.40887424531249994 0.8876538843749999 0.4090378 0.8883170359375001 0.415358665625 0.887715134375 0.42240668125 0.885181440625 0.427511296875 0.8835115312499999 0.432415890625 0.8834706703125 0.43934965468750004 0.88386269375 0.444001796875 0.8838827031250001 0.44546564687499995 0.8809389609375 0.44390163125 0.877715309375 0.44481769218749995 0.8742449734375001 0.44476369531250004 0.873687140625 0.44373479062500004 0.8720909328124999 0.4425169765625 0.8720332718750001 0.4369439234375 0.8715327203125 0.43364294531249997 0.8704843421874999 0.43011173593749996 0.869315828125 0.4231224125 0.8693763171875 0.42068365312499995 0.8712816859375 0.41989139375000006 0.8727461468750001 0.41645706562499996 0.8727838015625 0.4115318109375 0.8719953203124999 0.403267546875 0.8734610093749999 0.4022419265625 0.8768260265625001 0.407364071875 0.8780061484375 0.4094901203125 0.8796452015625 0.41034920937499997 0.8846196390625
0 0.46039276874999996 0.8351846374999999 0.46430820937500006 0.8362165953125 0.46951768749999995 0.8376830421875001 0.472642434375 0.8391691203124999 0.47461604375000005 0.8400545171875 0.47365381093750003 0.8379152937500001 0.47062265937500003 0.8326741625 0.46687703281250004 0.8282639734374999 0.46102288593749996 0.8250647624999999 0.4568327640625 0.824274678125 0.45550226250000003 0.8261323890625001 0.4550275640625 0.8280033109374999 0.4527332640625 0.8287321453125 0.4521474421875 0.8315080953124999 0.45450371718750004 0.8332672828125001 0.45671866562499996 0.8341823125 0.46039276874999996 0.8351846374999999
0 0.295187846875 0.8036922421874999 0.29546895 0.8057099187500001 0.2990678953125 0.806548446875 0.3005211671875 0.80619804375 0.3024794375 0.8060418546875001 0.306126359375 0.806489640625 0.3087770265625 0.8078727890625 0.310276021875 0.8085856859374999 0.31404862968749997 0.8094455359375001 0.3170009015625 0.8098080296875001 0.31821654062500004 0.809957290625 0.322178803125 0.8107082171875 0.3244204296875 0.8111156656249999 0.323942690625 0.8035209906249999 0.32265159374999997 0.8011148796875001 0.3171583484375 0.7999115515625 0.3109864453125 0.7984926812500001 0.3072458234375 0.7973723374999999 0.3052098453125 0.79672571875 0.30221185 0.795299925 0.297333296875 0.7948331234375 0.29668436875 0.7958111328124999 0.2972350890625 0.79706865 0.298114890625 0.799953103125 0.2973860015625 0.801582346875 0.295187846875 0.8036922421874999
0 0.3412600859375 0.8677863796875 0.34863614374999996 0.8665766734375 0.35285203125 0.8666976859375 0.36056392812500004 0.8627527875000001 0.35570361875 0.8607016984375001 0.35166364687499996 0.859147965625 0.3478613078125 0.8570945671875 0.3441526703125 0.855713728125 0.338469771875 0.8546193234375 0.33467891875 0.8553437625000001 0.3333353390625 0.856236478125 0.334279109375 0.8585999421875 0.3346721578125 0.859705890625 0.33381758437500003 0.86092306875 0.332426028125 0.8622065265625001 0.3323757984375 0.864051309375 0.3350402046875 0.866758253125 0.3412600859375 0.8677863796875
0 0.2366661375 0.8151484046874999 0.244275321875 0.8163471156250001 0.25643397968750004 0.8163856921875 0.2655444125 0.8168432593749999 0.2732470765625 0.8086664812500001 0.2670569265625 0.808831903125 0.2582640875 0.8072234343750001 0.250862803125 0.804331509375 0.241978515625 0.8005964375 0.23729412343749998 0.7971126296875 0.2333523578125 0.793323371875 0.2223498765625 0.7910469609375 0.22005802187499998 0.7924842984375 0.2237461609375 0.79690346875 0.21647979843749998 0.7986554875 0.21194181093750003 0.8025934609375 0.22164643593750002 0.8068258859374999 0.231353315625 0.8096042718750001 0.2366661375 0.8151484046874999
0 0.3128090984375 0.865482934375 0.3143263390625 0.8646115421875 0.317497775 0.8560106109375001 0.30909573125 0.8569621312500001 0.299793390625 0.85806753125 0.2954038390625 0.8579251937500001 0.288930334375 0.8575269796875 0.2778616296875 0.8572256015624999 0.27688137031250004 0.8580307156250001 0.280932828125 0.8623622843750001 0.2834098328125 0.8637241093749999 0.28330937343749996 0.867413678125 0.28317918125 0.8699096984375 0.2891934140625 0.8711769968749999 0.2978468296875 0.8710496046875 0.3075947046875 0.8677513265625001 0.3128090984375 0.865482934375
0 0.314490546875 0.8503529375 0.307715440625 0.8509753765625 0.29701005468749997 0.850586396875 0.28955628906249997 0.850993296875 0.28792484687500003 0.8542304625 0.29238759999999997 0.8580836890624999 0.2961282234375 0.859204034375 0.30032811875 0.8594552953125 0.30426065 0.8590126734375 0.3137229140625 0.856604803125 0.31675514531250004 0.856316059375 0.32027638125 0.8563517796875001 0.32675664531250004 0.8523878671875 0.314490546875 0.8503529375
0 0.1628391171875 0.8191724562499999 0.1656337171875 0.819383378125 0.16945430156250002 0.8198524875000001 0.1734165640625 0.8206034140625 0.17598952343750002 0.8211837546874999 0.17903549375 0.8222188062500001 0.1858380796875 0.8242439562499999 0.1888360734375 0.8256697515625 0.1877986015625 0.8226337265625 0.182924553125 0.8192588437499999 0.1772141734375 0.8155168484375 0.1746617125 0.8118981749999999 0.167923096875 0.8093520359375 0.1647629265625 0.81068275625 0.1653433796875 0.8131338203125 0.1649938 0.81454521875 0.1640935015625 0.814699096875 0.1600970015625 0.81566270625 0.159541775 0.8173132734375 0.1619548109375 0.8191960875 0.1628391171875 0.8191724562499999
0 0.14098506718749998 0.8191333328124999 0.1453106484375 0.8197966578125 0.148861615625 0.8210259265625 0.1535162765625 0.8233161875 0.1614203046875 0.827856371875 0.16253751562500002 0.820193109375 0.1580907546875 0.8162096359375001 0.150392375 0.81143028125 0.14487165156249998 0.8075793593749999 0.13809879687499999 0.8067477578125001 0.1366570125 0.809876 0.13565625312500001 0.813719446875 0.13322271875 0.8148749640625 0.13078693125000002 0.817484525 0.13229966875000002 0.8195212171874999 0.133499315625 0.8198007265625 0.13692685 0.8191638890625 0.14098506718749998 0.8191333328124999
0 0.1635105734375 0.8036540249999999 0.169566025 0.8088927078125 0.17154479375 0.8056981890625 0.1675115796875 0.7997823296875 0.1618994078125 0.793804809375 0.15006510312500002 0.7882532046875 0.143353965625 0.78835465625 0.141594584375 0.7926337984375 0.14416078593749998 0.7975762671875 0.147458128125 0.7994354484375 0.14914678125 0.800039421875 0.1510090953125 0.8006647171875001 0.15464002500000001 0.8012427499999999 0.1580493140625 0.8021902015625001 0.1635105734375 0.8036540249999999
0 0.1571942953125 0.7833112828125001 0.160523621875 0.7849099703125 0.16526973125 0.7893268328125 0.16596213124999998 0.79086616875 0.16849161875000002 0.788929165625 0.167646053125 0.7843301765625 0.16659484375 0.7799703578125 0.16239945312499998 0.7768110125 0.15915008749999998 0.7745610890625 0.156120109375 0.773395790625 0.1492375609375 0.7720218765625 0.14465835625 0.7719884640625 0.1423460015625 0.77646413125 0.143589121875 0.779260984375 0.1481660734375 0.7807484390625 0.1522540234375 0.7819114296875 0.1571942953125 0.7833112828125001
0 0.228728125 0.720436275 0.2319295140625 0.723076940625 0.2314360046875 0.7256605609375 0.232868778125 0.7283484890625 0.23966460625 0.734735765625 0.240699825 0.73922583125 0.2418902390625 0.735273459375 0.2424614578125 0.7334926453125 0.244412746875 0.7276505375 0.24467988749999997 0.7182963703125 0.24266666093749997 0.713157378125 0.23777661874999997 0.709912740625 0.22950476874999998 0.708368240625 0.22967617968749998 0.70984360625 0.23009670781249997 0.71359714375 0.22460346250000002 0.7123938140625 0.22300400781250002 0.715370484375 0.22306347187500003 0.71775758125 0.228728125 0.720436275
0 0.20632786093750002 0.71623155 0.21018740937499997 0.7221260843749999 0.212833571875 0.72641731875 0.215609928125 0.7282125296874999 0.2192728390625 0.72853006875 0.220449515625 0.723253903125 0.221973515625 0.718020384375 0.22212420625 0.7124860328125 0.2217334078125 0.70992604375 0.22053826718749997 0.70673845 0.216719934375 0.7048152984375 0.2127096953125 0.7044551140624999 0.21182538750000002 0.7044787453125 0.209757425 0.7040926203125 0.2082721671875 0.7047035187499999 0.2035352921875 0.7045185359375 0.19997981874999998 0.7061973515625 0.20047805625 0.71075369375 0.20632786093750002 0.71623155
0 0.23121550625 0.6743356921875 0.2352487171875 0.680251553125 0.23666775312500002 0.6816156859375 0.2392474703125 0.6778339 0.2436367984375 0.6679281875 0.2411483078125 0.663788525 0.246237015625 0.6611080703125001 0.24771078750000003 0.6577193343750001 0.24743193593749999 0.654247615625 0.24004664375 0.6512254421875 0.235181828125 0.6520824375000001 0.2327825328125 0.65152341875 0.22788798593749998 0.6511868656249999 0.2242548046875 0.652062875 0.22295244374999998 0.6569269765625 0.227186796875 0.6655117500000001 0.23121550625 0.6743356921875
0 0.19819724375 0.6948727703124999 0.20065600312499998 0.6978188859375 0.20486738437500002 0.7008479828125 0.2055138375 0.6912759671875001 0.2066333015625 0.6821586640625 0.20704685 0.6802262796874999 0.20925874218749999 0.679440178125 0.21150262031249997 0.678393584375 0.2129763921875 0.67500485 0.2107072875 0.6719498109375001 0.2043892 0.673157209375 0.2013409765625 0.6735762000000001 0.1944446890625 0.670878490625 0.190066625 0.6735139921875 0.190395928125 0.685188975 0.19394013593749998 0.6907803718750001 0.19819724375 0.6948727703124999
0 0.233272678125 0.585041253125 0.23108231406250002 0.5911394046875 0.2289791375 0.5965274593750001 0.2232922140625 0.599793609375 0.22156276406250003 0.6047470140625 0.2221878203125 0.60878818125 0.22301631875 0.61117245 0.2261473390625 0.6091542140625 0.2342428015625 0.607144865625 0.2416032984375 0.6072076828124999 0.2455503328125 0.6063708453125 0.2471199375 0.6027192859375 0.2475704140625 0.5990504484375 0.248735184375 0.5973914546875 0.2501449421875 0.5950417406249999 0.2474664453125 0.5920699171875 0.2456911484375 0.589569396875 0.24488966875 0.5882696484375 0.2424375328125 0.58736789375 0.24030099843750002 0.586504890625 0.233272678125 0.585041253125
0 0.2629494203125 0.591207909375 0.2611243890625 0.5930261 0.266130378125 0.5940011593750001 0.2773715953125 0.5989854234374999 0.2819872796875 0.6018347015625001 0.2875102625 0.6025128375000001 0.2921009796875 0.6029563734375001 0.2969782328125 0.603675359375 0.2996233703125 0.600396125 0.2959876390625 0.5947839578125 0.295289925 0.591334540625 0.294534084375 0.588358521875 0.28093221874999996 0.5882501625 0.271275340625 0.5886261890625 0.266396040625 0.5892284250000001 0.2629494203125 0.591207909375
0 0.1847617453125 0.5214042234375 0.1845474 0.5250474484375001 0.18334097031250002 0.5291804515625 0.18417914375 0.533739240625 0.187637221875 0.5378333828125 0.1876477 0.537864765625 0.1902601078125 0.5354469609375 0.193354103125 0.5320699421875 0.1961264328125 0.5275176171875 0.196965946875 0.5244753734375001 0.1955721171875 0.521595759375 0.19735846562499998 0.5203298046875 0.19908437968749998 0.5176585078125 0.197148440625 0.514450221875 0.19307129375 0.5125516890624999 0.1908470296875 0.5135891359375 0.1886876625 0.513149259375 0.18275167812499998 0.5121583015625 0.1804352765625 0.5120486234375 0.18101370781249998 0.5158765578125 0.18339813124999998 0.51922728125 0.1847617453125 0.5214042234375
0 0.138878771875 0.501354440625 0.1437003171875 0.5009853796875 0.1454775859375 0.498844609375 0.14470892500000002 0.49656597968750005 0.137747515625 0.490643759375 0.13458847499999999 0.48885795625000006 0.136314390625 0.4861866609375 0.1372580984375 0.48324458124999997 0.13300277968750002 0.4818483921875 0.12936965 0.4829749609375 0.1293757515625 0.48577155312500003 0.1234488484375 0.4856554109375 0.12080333750000001 0.4891748671875 0.12351091562500001 0.492740009375 0.1324277671875 0.49601911249999997 0.13610629375 0.49926662187500004 0.138878771875 0.501354440625
0 0.14167743906250002 0.5269480265625 0.1450176328125 0.526309709375 0.147367228125 0.52520028125 0.1471073375 0.5178292859375 0.144830084375 0.51265695 0.1429334390625 0.51102615 0.144168596875 0.5085567046875 0.1406259703125 0.5051511421875 0.136095871875 0.5059928375 0.13404978125 0.5065279406250001 0.12647540625 0.505597925 0.1241122640625 0.5087151999999999 0.1260543078125 0.514720078125 0.13308969531249998 0.5200397890625 0.137298275 0.52466293125 0.14167743906250002 0.5269480265625
0 0.1634811171875 0.5372263796875 0.1667230703125 0.532644346875 0.1647281859375 0.5270698296874999 0.1644080109375 0.5249336359375001 0.16757300625 0.5228758859375 0.16860126250000002 0.5192452265624999 0.163264696875 0.515269915625 0.159694978125 0.51588005 0.1570524453125 0.5174777296874999 0.1511149734375 0.5174476593749999 0.15036149375000002 0.5188404359375001 0.15230353593749998 0.5248453140625 0.15567558125 0.5305889234375 0.1599974359375 0.5361870468750001 0.1634811171875 0.5372263796875
0 0.12945090625 0.5382901984374999 0.1332653328125 0.5413796546875 0.13312794375 0.542498596875 0.134959690625 0.54560671875 0.14161610625 0.55306415 0.1434840234375 0.553031390625 0.144684496875 0.552741940625 0.14586383593750002 0.552624634375 0.14691933125 0.551618421875 0.1479807796875 0.54676865625 0.148081703125 0.535510309375 0.14448921406249998 0.53061333125 0.139346003125 0.529807084375 0.13604659531250002 0.531062 0.1351028875 0.5340040796875 0.1297090125 0.5333417953125 0.1265138015625 0.5346968750000001 0.12945090625 0.5382901984374999
0 0.156864771875 0.42982249531249994 0.160439103125 0.43296984062500005 0.1630198609375 0.437567853125 0.167433853125 0.4443130984375 0.1750339796875 0.44882845 0.1764714234375 0.4437627421875 0.1771055265625 0.43859839375 0.1760152015625 0.43514445625000003 0.17517405156250002 0.43250744374999994 0.173393659375 0.429929846875 0.1717793828125 0.4278968671875 0.172597759375 0.42502676875 0.170326609375 0.42265102499999996 0.16428643125 0.4215599015625 0.163480109375 0.423383040625 0.16236120468749998 0.4249056890625 0.157634775 0.42450009531250005 0.156681984375 0.426567359375 0.156864771875 0.42982249531249994
0 0.16260650000000001 0.45516585468750004 0.1651720765625 0.4560924578125 0.1738034359375 0.45505537343749997 0.17231449062499998 0.4529504125 0.1655735265625 0.4461815609375 0.1619795484375 0.4422454734375 0.16096171406249998 0.439149915625 0.155809425 0.43746885312500006 0.1534809640625 0.438406134375 0.15294644375 0.439913165625 0.14942956875 0.44009293749999995 0.1463174140625 0.4417203265625 0.14577991562499998 0.4451491328125 0.1512961421875 0.4476612109375 0.15338152968750002 0.4487035953125 0.157916240625 0.4516193796875 0.16260650000000001 0.45516585468750004
0 0.15607124375 0.46379939375 0.158168834375 0.4704349625 0.16301598281250002 0.4670110921875 0.162996334375 0.46622234999999995 0.1636803 0.462549415625 0.16430532343749998 0.4565102546875 0.16068261718750002 0.45091060625 0.1557372265625 0.450390759375 0.15481614375 0.45219980781249997 0.153574884375 0.45187265937500004 0.1505276296875 0.45202272343749994 0.15092178437499998 0.45355641249999995 0.15279580312500002 0.45632024375 0.15519079687499998 0.4595848953125 0.15607124375 0.46379939375
0 0.20885626093749998 0.40012240468750004 0.2095644890625 0.4009956953125 0.2127552359375 0.40252327968749996 0.2136915015625 0.40438564218749995 0.2146368453125 0.4071228171875 0.2173761296875 0.41042974218749995 0.2197197703125 0.4131638671875 0.22086442499999998 0.4152265546875 0.226711396875 0.4197887546875 0.22999279062500003 0.423424353125 0.2307145640625 0.4222897953125 0.23042758281250003 0.41893449531250004 0.22929037187499998 0.41206736718750003 0.2285473140625 0.40673392656249996 0.2280578984375 0.39933474687500004 0.22543337968750002 0.3960419125 0.220863984375 0.39530612187499997 0.2171160921875 0.3964186 0.21571481874999998 0.398343428125 0.214722734375 0.39883320625 0.211060878125 0.398296215625 0.20899364999999998 0.3990034640625 0.20885626093749998 0.40012240468750004
0 0.1882456140625 0.3943590421875 0.1855637859375 0.3943792359375 0.1854581015625 0.3952399609375 0.186593678125 0.3964278328125 0.18771868593750002 0.3977017765625 0.1886458703125 0.398689321875 0.18958362499999998 0.39959079375 0.18939339375 0.40114009843750004 0.1896275328125 0.4049257609375 0.1907918359375 0.40777719218749997 0.1924876828125 0.41104336718749995 0.19402798125 0.4136788546875 0.19613003906249998 0.41743175781249997 0.19804484218750001 0.42081218906249995 0.200078875 0.42132404687499997 0.2026216796875 0.416743540625 0.20271218124999998 0.4122114078125 0.20378717656249998 0.4053537953125 0.20598569218749999 0.4007310140625 0.207785584375 0.39745721093749997 0.206840240625 0.39472003437500003 0.2022089265625 0.393539790625 0.19948482343750001 0.393904271875 0.19716693125 0.3947554828125 0.19499550937500001 0.395362565625 0.193044534375 0.39512301562499996 0.1882456140625 0.3943590421875
0 0.176393440625 0.399806015625 0.17415711875 0.401890421875 0.17311070312500002 0.40377145 0.173328171875 0.40484659218749997 0.1783868359375 0.40634142031250003 0.1792098265625 0.40722880000000006 0.1781211390625 0.40945411875 0.178116671875 0.41233678281249997 0.181914575 0.4193558640625 0.18646297812499998 0.4269039421875 0.18630594218750002 0.427234140625 0.1922237671875 0.4264754671875 0.1923248390625 0.4218572625 0.191260115625 0.415348515625 0.190844678125 0.4073468296875 0.19136252812500001 0.4031292796875 0.1911057625 0.40047665 0.18962738750000002 0.3982856171875 0.186112 0.39750450000000004 0.1844207671875 0.3979958046875 0.1840946359375 0.3997031625 0.18297573125 0.40122580937499996 0.1799299640625 0.40041498593749997 0.176393440625 0.399806015625
0 0.1859680671875 0.37590641874999997 0.1981516984375 0.3772309046875 0.1949859890625 0.3745673171875 0.19456161875 0.3723309609375 0.1924111859375 0.36612575468749997 0.18774504218750002 0.36048535937500004 0.18394267343749998 0.35634894375 0.177413225 0.35449878749999997 0.1750953328125 0.355349996875 0.1752992578125 0.35843298749999997 0.1744642078125 0.35859256875 0.168037465625 0.35780346406249997 0.16929390625000001 0.36180201875 0.1713778046875 0.363805290625 0.1743481046875 0.36617950781249997 0.1777246140625 0.3690404546875 0.1805680921875 0.3724475421875 0.1859680671875 0.37590641874999997
0 0.1228915953125 0.346930671875 0.1278143578125 0.348583553125 0.1274987953125 0.35020483750000003 0.1287144515625 0.3535867953125 0.13427756562499998 0.35951206406249997 0.13752278906249998 0.3662885421875 0.14306745 0.3571838921875 0.1447707390625 0.3556456296875 0.14429650624999998 0.3519178578125 0.1444066546875 0.3481744671875 0.1427349234375 0.3428143703125 0.139782784375 0.3421897828125 0.137164365625 0.3416935421875 0.1350578421875 0.3408233015625 0.1289677984375 0.33824076718749996 0.12302734687500001 0.340132475 0.11973701875000001 0.34226220625 0.11808359375 0.345291884375 0.1228915953125 0.346930671875
0 0.18589247343749998 0.303467340625 0.187943178125 0.30668971875 0.190170565625 0.310370640625 0.19213821250000002 0.3133207078125 0.1930776015625 0.3199014390625 0.19605385625 0.31843210312500003 0.19948306093749998 0.3142225421875 0.19927452343750002 0.307382071875 0.199139965625 0.2999390921875 0.1943696265625 0.294198534375 0.1907591234375 0.2941920703125 0.19020197656249999 0.296832134375 0.18993925625000002 0.2980230578125 0.1837223921875 0.296473390625 0.18083976562499998 0.2981289625 0.18115994062500002 0.30026515625 0.18289046874999998 0.301351340625 0.18589247343749998 0.303467340625
0 0.161486753125 0.282122978125 0.1621708671875 0.2850901890625 0.1646036671875 0.2908932140625 0.17048993437499999 0.29703290312499997 0.17183985468750002 0.2945775484375 0.17565562343750002 0.290065971875 0.176049484375 0.2783193703125 0.1736800921875 0.2719999125 0.16816386562500002 0.2694878328125 0.1662008328125 0.2702952421875 0.1645413046875 0.270528328125 0.1589405296875 0.2687048296875 0.155213775 0.2696451625 0.1536947609375 0.273477675 0.15660164999999998 0.276368328125 0.1595085390625 0.27925898125000004 0.161486753125 0.282122978125
0 0.316368521875 0.3878807171875 0.3159057265625 0.38776425625 0.3154295203125 0.387109415625 0.31395761875 0.3854974046875 0.31187448125 0.3830350640625 0.30858543437499997 0.3819752140625 0.3078577640625 0.382720784375 0.30631585625 0.3849169359375 0.3071177984375 0.38680450781250003 0.3092019515625 0.3886109671875 0.3098482375 0.38982342187499996 0.3066210671875 0.390202453125 0.3049028828125 0.3912438609375 0.3034465234375 0.39339088125 0.3052265828125 0.3937883546875 0.3103039203125 0.39453104687499996 0.311385165625 0.3954390875 0.3106008 0.395998784375 0.310662675 0.397437665625 0.31264482031249996 0.40072252343750003 0.3143631046875 0.404213528125 0.3157278171875 0.406050925 0.3176841546875 0.40760314375 0.3194972359375 0.4096745046875 0.3218287890625 0.41270408124999997 0.32453758593750004 0.415899246875 0.32547859843750004 0.41803440625 0.32585281875 0.41749202187499995 0.3293355203125 0.413089059375 0.32962813281250003 0.4081154921875 0.3286168953125 0.4033992890625 0.32763451093749996 0.39844808125000003 0.3269686140625 0.39610012031249997 0.325937865625 0.394780821875 0.32453708593749997 0.39323718125 0.3239485078125 0.3915547171875 0.3246844078125 0.390094515625 0.3244029734375 0.38785339531249996 0.323458790625 0.3858290859375 0.32166531875 0.3848932328125 0.3187875546875 0.38501698281249996 0.3180382421875 0.38593880625 0.316368521875 0.3878807171875
0 0.3569909640625 0.42358150625 0.36325978281250004 0.423039209375 0.37323269375 0.40851959843749996 0.36638464531250003 0.41054133437500007 0.3583790484375 0.41033365 0.354353084375 0.41138988125 0.35110427187500004 0.41194516718749996 0.34733698749999997 0.4115422390625 0.3419669359375 0.4112407 0.33955715 0.412733921875 0.34102701875 0.41565769374999995 0.34327403749999996 0.418080521875 0.3433493234375 0.42005778125 0.344199728125 0.42284585625000004 0.34764341249999997 0.42523670312500006 0.3524012125 0.4253437921875 0.3569909640625 0.42358150625
0 0.365707884375 0.383025284375 0.3653131625 0.384944834375 0.367765315625 0.3882874 0.372688015625 0.3876990953125 0.3806286875 0.388435540625 0.3849072328125 0.38985543125 0.3906659078125 0.3921727046875 0.4001197328125 0.3954804140625 0.4031563 0.39859655312500003 0.402269725 0.39156981874999996 0.40085655 0.38883191875 0.39747880625 0.38525642968749996 0.3941154890625 0.3815634390625 0.387493096875 0.380452128125 0.38282907499999996 0.37958127343750003 0.3792926296875 0.37729830937500003 0.37304128593749997 0.3757554625 0.3688658671875 0.37673370781250004 0.3684360921875 0.3782911328125 0.3700708625 0.380519509375 0.36786204218749996 0.38102358125 0.365707884375 0.383025284375
0 0.41809255937499995 0.35725341093749996 0.417446271875 0.35604095625 0.41697311406250004 0.353418475 0.4104280390625 0.3529726625 0.404434459375 0.3551589484375 0.4016278171875 0.35535106875 0.39566512343750004 0.35599058906250003 0.39179278125 0.3590337 0.38957685 0.364128934375 0.38924501718750004 0.36683148593750003 0.3896254140625 0.36956185 0.3952974234375 0.3680517234375 0.403860609375 0.3669562234375 0.40736606875000003 0.3662535390625 0.4090914671875 0.36515338124999996 0.4123598890625 0.365733603125 0.4145027671875 0.3664141734375 0.4176712125 0.3671610296875 0.4210262 0.367036240625 0.420994196875 0.36470647343749996 0.419443959375 0.36308484375 0.4196521421875 0.362036940625 0.4213857703125 0.36022215156250004 0.420712659375 0.3579329390625 0.41809255937499995 0.35725341093749996
0 0.4138477625 0.29727426874999996 0.40908996406250003 0.2971671796875 0.407014140625 0.29917850156250003 0.407361515625 0.3002349796875 0.4102083921875 0.3016579953125 0.413332540625 0.30341324062499997 0.4156733390625 0.3050723015625 0.4172586265625 0.3070560578125 0.4181451 0.3095503765625 0.41969950312500004 0.31308089687499996 0.41901003281250004 0.31675336249999997 0.4174568484375 0.3216317890625 0.41454626406250006 0.3291464796875 0.424665784375 0.325737325 0.4262715984375 0.32366829375 0.4282206234375 0.32074685000000003 0.4290946015625 0.317514496875 0.4299190984375 0.3140375203125 0.43118465156249997 0.306320846875 0.4298054109375 0.3000685375 0.427854153125 0.295236915625 0.4243022640625 0.2937273359375 0.42063292187499995 0.294469534375 0.4189652328125 0.2950996828125 0.41544331406249996 0.29723163124999996 0.4138477625 0.29727426874999996
0 0.4403193390625 0.3271226078125 0.438287815625 0.3281255421875 0.4343701578125 0.332832921875 0.43341164687499995 0.33545852656249997 0.43565866875000003 0.3378813515625 0.438105640625 0.3399709078125 0.43991363906250003 0.34532167187499996 0.44175049375000003 0.3504374328125 0.44308431718749997 0.3538215953125 0.4465516734375 0.354724428125 0.4497314 0.3527890125 0.45152680156249997 0.3478806890625 0.451306125 0.34320192031249996 0.44956101718749997 0.33863415625000004 0.448027240625 0.3355832640625 0.44830654374999995 0.33460373125 0.44954029218749997 0.333622115625 0.45012572031250003 0.3327398078125 0.4495938375 0.331243215625 0.44580694374999996 0.32970478124999997 0.44525859843750004 0.32963745312500004 0.4437496109375 0.3289750765625 0.44188400312500004 0.3286267359375 0.4403193390625 0.3271226078125
0 0.445354609375 0.336626753125 0.4509556015625 0.33958066875 0.4566875546875 0.345353596875 0.46037142500000006 0.349026309375 0.4670711359375 0.3508031203125 0.47753803125000005 0.3484504453125 0.47644530781250005 0.341159853125 0.46351274687500005 0.3350991703125 0.46039164843749997 0.331376284375 0.4603256078125 0.328028509375 0.462003559375 0.32537196874999996 0.46133045 0.3230827578125 0.454779178125 0.3220398140625 0.45263843125000003 0.324579896875 0.4523498828125 0.326929940625 0.44680050624999995 0.3274413 0.4454399578125 0.32751279218749996 0.44408977343749995 0.33009030781250004 0.4433992875 0.3344186546875 0.445354609375 0.336626753125
0 0.13141807656249999 0.253056240625 0.13550279999999998 0.254542525 0.1398364515625 0.2566748359375 0.14038547031249998 0.26289688906249997 0.1403303125 0.2700295015625 0.14376200156250002 0.275497665625 0.148874303125 0.27797176874999996 0.1530057953125 0.27774049375 0.15318446875 0.27628531875 0.15406294375000001 0.26913070625 0.153162871875 0.261757715625 0.15243518125 0.25699083749999996 0.1500757375 0.2521467 0.1472717109375 0.2495867390625 0.147320575 0.24651541875 0.146120615625 0.2429214828125 0.1382575515625 0.241463646875 0.13736838125 0.24603199999999997 0.13447291875 0.2455533890625 0.12603755625 0.2434098203125 0.12478244375 0.24694849687499998 0.1279375234375 0.25065939843749996 0.13141807656249999 0.253056240625
0 0.12179365625000001 0.2592600796875 0.128007984375 0.26211568125 0.12964833125 0.26613296875 0.1318142109375 0.272553546875 0.13474175625 0.28079094531250004 0.13696279218750002 0.28007891093750004 0.1399092140625 0.27613243593750003 0.140238878125 0.27211085156250003 0.1402046984375 0.265705828125 0.139336503125 0.25673654375 0.13693029375000002 0.25360996406249997 0.1304798359375 0.251340834375 0.12784609062500002 0.2527407484375 0.1279759 0.2543568953125 0.1214233109375 0.251582853125 0.116421734375 0.2535536859375 0.1182833265625 0.257105765625 0.12179365625000001 0.2592600796875
0 0.190360971875 0.2501999078125 0.191988528125 0.2529846953125 0.20069630156249998 0.25959305312500003 0.2043383328125 0.25265466875000003 0.20314047343750002 0.24770697031250002 0.20529335468749998 0.24353996718749998 0.20792919531249998 0.24078628906250002 0.2087567109375 0.23805675937499998 0.206748321875 0.2343635625 0.2026614984375 0.23423104062500003 0.197776940625 0.23658552031250002 0.19336884375000002 0.23505953124999998 0.190371253125 0.234076009375 0.1883970453125 0.23678783593750002 0.1896970328125 0.242240446875 0.18942482968750002 0.24713073593749998 0.190360971875 0.2501999078125
0 0.235447515625 0.2332098515625 0.2332094921875 0.2353969140625 0.2292992453125 0.23516298125 0.222765946875 0.238915228125 0.2150073171875 0.245963621875 0.2275827671875 0.251815940625 0.22927407500000002 0.25140814375 0.23478839218749997 0.250608103125 0.24156851562499998 0.24885564843750002 0.246336059375 0.2461175234375 0.25192692031249997 0.24335739531249997 0.253535184375 0.2396158953125 0.2513779015625 0.2371353421875 0.2506290296875 0.2365510203125 0.2496056453125 0.232855675 0.24433375468750002 0.2290079546875 0.23914071250000002 0.23120146406250003 0.235447515625 0.2332098515625
0 0.2398728046875 0.2426158921875 0.234235178125 0.24709357656250003 0.2319461953125 0.25370572343750003 0.23115705625 0.26013275 0.231489025 0.26411247968749996 0.23246774062500003 0.268171621875 0.23982435781250003 0.26439737343749997 0.2473149796875 0.25953174375 0.2505103265625 0.25623129843750003 0.2527632375 0.253922971875 0.255337425 0.2530081140625 0.260466715625 0.2540071890625 0.2639109890625 0.2513527734375 0.26041974218749997 0.24636966718750003 0.25249711874999997 0.2453968921875 0.25151211406249996 0.245399040625 0.25132484375 0.2429141921875 0.24963563125000002 0.241968225 0.24591685000000002 0.24151161562499998 0.2398728046875 0.2426158921875
0 0.260570734375 0.2438032578125 0.2625705265625 0.2435564296875 0.27398418593749996 0.24015723125 0.2757648328125 0.239021846875 0.2799686734375 0.2395380140625 0.2847894796875 0.24037611874999998 0.2867955640625 0.2360680015625 0.28368515 0.23199330625 0.2828341484375 0.2309040734375 0.28478067500000004 0.2270810140625 0.275075309375 0.22859738593749998 0.27028218437499996 0.22887051406249997 0.2642104609375 0.22886355625000002 0.259002528125 0.23117833124999998 0.25802192343749997 0.23782803281249998 0.260570734375 0.2438032578125
0 0.15877892968750001 0.14784786249999998 0.15978742343750002 0.151664475 0.1592216265625 0.1562725296875 0.15671559375 0.16064235625 0.155756171875 0.163109503125 0.1568114296875 0.1652085578125 0.162496028125 0.1683683953125 0.166382790625 0.16478356562500002 0.1691505390625 0.16229226875 0.17008228125 0.15871388749999998 0.170250259375 0.15467245000000002 0.1706480796875 0.15410583125 0.1742668296875 0.15270376562500002 0.17616449375 0.1519520265625 0.1761389109375 0.149487028125 0.172613690625 0.14745397968750001 0.16923317031250001 0.1469158109375 0.1670461078125 0.1446777875 0.1617104640625 0.144022653125 0.15854699375 0.14572680625 0.15877892968750001 0.14784786249999998
0 0.17852163125 0.1487948484375 0.181187459375 0.15515371875 0.18221084062499998 0.158849065625 0.18238531875 0.16010141718749998 0.18705702500000002 0.1527970890625 0.1904885046875 0.1489101734375 0.193756203125 0.14635716875 0.1946560671875 0.14437507968750002 0.196275028125 0.1432198421875 0.1984811734375 0.1426290734375 0.1985279390625 0.14091151562499998 0.1954005390625 0.13831185 0.19303480312500002 0.137529003125 0.19087542500000002 0.1364022125 0.18548231875 0.1348783734375 0.17830647187499998 0.1358436828125 0.1755068484375 0.1399312734375 0.17852163125 0.1487948484375
0 0.183530121875 0.1708279640625 0.1818792859375 0.17357949374999998 0.1834175046875 0.1770918703125 0.1889850875 0.17986806093750002 0.19068918906250001 0.1806927625 0.1983882625 0.174129428125 0.20220686875 0.16708963125 0.2027833609375 0.1650678390625 0.20561066874999998 0.16209148125 0.20848264374999997 0.15875133125000002 0.20328310156249998 0.1556510515625 0.19903459375000002 0.155498678125 0.19671352656250002 0.15435203749999998 0.19139486875 0.152221875 0.189395078125 0.1524687015625 0.18600826406249998 0.155991825 0.18607432343750002 0.1608005546875 0.18631485781249998 0.1668616375 0.183530121875 0.1708279640625
0 0.203510225 0.13241439531250002 0.2043719203125 0.1360898890625 0.20601226874999998 0.1401071765625 0.20575705156250002 0.1435224390625 0.20594432031249998 0.1460072890625 0.20797179531249999 0.14687169687499999 0.210243790625 0.141734578125 0.2120116453125 0.13936669375 0.213675271875 0.1378476609375 0.2166323890625 0.1364874515625 0.21903 0.1356740046875 0.2205149546875 0.13561014843750002 0.2215744078125 0.1350016765625 0.22079785468750002 0.1333061203125 0.2166237921875 0.132547425 0.21402192343749998 0.1323510484375 0.2123327125 0.13140508281250002 0.209613825 0.130825059375 0.20551211406249997 0.13081380468749998 0.203510225 0.13241439531250002
0 0.21041407343750002 0.14569445625 0.20898028750000003 0.1506883078125 0.2077805359375 0.156449453125 0.2079529171875 0.1590555671875 0.2082848859375 0.1630352984375 0.21224630156250002 0.1681992265625 0.21681168281250002 0.163097515625 0.22015802187500003 0.157230659375 0.22213432812499997 0.15316507031249998 0.224048978125 0.150938303125 0.2257105078125 0.150773034375 0.227740078125 0.15028367812500001 0.22868461093749998 0.1479377953125 0.22501469375 0.14440986718749999 0.2223532671875 0.14469854843750002 0.220106646875 0.142945584375 0.21602192343749999 0.1414593015625 0.21284775625000002 0.14057719062500001 0.211567059375 0.1416508703125 0.21041407343750002 0.14569445625
0 0.227063346875 0.14109171874999998 0.22830587656249998 0.1456756234375 0.2295653921875 0.1487844984375 0.23154609843750001 0.15136646250000002 0.2367584328125 0.1556992421875 0.2433003265625 0.155887021875 0.24858270624999998 0.15296592343749998 0.251235534375 0.148737215625 0.25087588437499997 0.1436462515625 0.2466166796875 0.140907615625 0.2436360765625 0.13844906562499998 0.24378706874999997 0.13588265625 0.245084753125 0.13333394999999998 0.24258711093750002 0.13228872187500001 0.2399256859375 0.132577403125 0.2345432765625 0.133639825 0.22650363593749998 0.132283403125 0.2249719140625 0.13406481718750002 0.2249677203125 0.13677234375 0.227063346875 0.14109171874999998
0 0.2551690609375 0.14343482968750002 0.2538990578125 0.1470947703125 0.2516419515625 0.152110625 0.251327175 0.15601094531249998 0.255277896875 0.158588609375 0.2590839171875 0.15967139531250002 0.25910299999999997 0.1568426046875 0.264702253125 0.14866742187499998 0.26584244687499997 0.1433913359375 0.264463815625 0.1412525765625 0.2680953578125 0.141083009375 0.268963346875 0.1406972140625 0.266952859375 0.13835777968750002 0.26364678750000003 0.1372132875 0.2622065 0.1369133484375 0.259768415625 0.1353830625 0.25428807343750004 0.13323304687499998 0.25152242187499996 0.13437058125 0.2541159 0.1399820125 0.2551690609375 0.14343482968750002
0 0.2584820484375 0.1685832703125 0.2564333921875 0.17190141875 0.255399521875 0.1749748890625 0.2542614265625 0.17889721249999999 0.24853446406250002 0.18410248437500001 0.244313634375 0.185061346875 0.2432095140625 0.1860336125 0.24329465468749997 0.1880135515625 0.25499561718749997 0.188957878125 0.25815908906249996 0.18725372499999998 0.26186717656249997 0.185124071875 0.267383590625 0.18297026875 0.2715639453125 0.1796676734375 0.27314243125000004 0.176168703125 0.2711617234375 0.1735867390625 0.2654750265625 0.1717806640625 0.2642708734375 0.17089425625000002 0.2615115125 0.1679705 0.2584820484375 0.1685832703125
0 0.22575621093749998 0.1971846421875 0.221686375 0.19557709375000001 0.215148675 0.19268178593750002 0.20621126875 0.19195368906250002 0.19960771875 0.19360473125 0.2020309140625 0.19525628281250001 0.20475420312499998 0.20248385937500002 0.20761988437499998 0.203205 0.214102221875 0.20387783750000002 0.222105790625 0.2095380796875 0.22625007187500001 0.2105393046875 0.23025175312499999 0.2086918859375 0.23432997968749997 0.2048843796875 0.236640353125 0.2034447578125 0.2390847296875 0.20091375625 0.2375614 0.19728011406249998 0.2327831625 0.19743197968749998 0.22575621093749998 0.1971846421875
0 0.25051369375 0.2161034515625 0.2460737203125 0.21617375625 0.24260386406249998 0.216363175 0.2376660390625 0.21514142343749998 0.23211544375 0.210890203125 0.22623728125000003 0.20930680625 0.22215905625 0.21311431249999999 0.22174424843749999 0.21515595781250002 0.22092533125 0.22182551250000002 0.22571426093750002 0.2242599109375 0.23294337187499997 0.22687083437500002 0.2394236125 0.22889743437500001 0.24564213437500002 0.22904550937499998 0.24967359375 0.22695556093749997 0.25219241875 0.2238182359375 0.25603241250000003 0.2219509640625 0.2574789921875 0.21818961093749997 0.25601102343750004 0.2167784390625 0.25051369375 0.2161034515625
0 0.2974710734375 0.13976618125 0.2968796921875 0.1419092390625 0.2929482625 0.1458578625 0.29041455 0.149116453125 0.30027740625 0.150327459375 0.30183890468749996 0.14830351718749998 0.3048981515625 0.1474482171875 0.31044224531250003 0.146405646875 0.31083146875 0.14189900312499998 0.30974643125 0.1400424765625 0.3051149921875 0.14033545625 0.3025577921875 0.13977528749999998 0.3017663484375 0.13820099531250002 0.2991537859375 0.1354183578125 0.29709443593749996 0.13615024375 0.297400821875 0.1376649765625 0.2974710734375 0.13976618125
0 0.349716890625 0.1419960046875 0.345874796875 0.1452170390625 0.3451047421875 0.1488152734375 0.3436325796875 0.150111628125 0.3408988046875 0.14965287031250002 0.33860541875 0.1496174640625 0.335852559375 0.151987496875 0.334552778125 0.155889965625 0.33226379375000004 0.1625021125 0.32464755625 0.16304407031249998 0.3403885765625 0.16583847499999999 0.3418884203125 0.165653353125 0.3451391296875 0.16457537656250001 0.3489195671875 0.1631931640625 0.35425940625 0.161140771875 0.3580994015625 0.1592735 0.36423278125 0.157441634375 0.3649751546875 0.1527321671875 0.3615669546875 0.1510827640625 0.35679081562500004 0.1498808640625 0.3547526484375 0.1464301953125 0.3528335953125 0.142009409375 0.349716890625 0.1419960046875
0 0.38590815312500004 0.201462225 0.382791446875 0.2014488203125 0.3824341015625 0.2043591703125 0.3823128890625 0.2066830515625 0.3820448796875 0.208865815625 0.3806152875 0.211152140625 0.3761839109375 0.21516246875 0.37501603437500003 0.21932732187499998 0.37456725625 0.22431902343750001 0.37849029375 0.2257854546875 0.38317919375 0.22636117812499998 0.3885190328125 0.2243087859375 0.391627140625 0.22038216562500001 0.39350131718750003 0.2158116640625 0.3956372125 0.2131196921875 0.3993283125 0.2124650671875 0.4021109515625 0.2098525046875 0.401130140625 0.2071471265625 0.39457755156249996 0.204373084375 0.390137578125 0.2044433890625 0.3884781453125 0.20325489375 0.38590815312500004 0.201462225
0 0.437628853125 0.219998915625 0.43395054218749995 0.221886040625 0.42914043125 0.22363419687500002 0.42440266875 0.22612979375000003 0.41409103125 0.22991049062500002 0.40645990625 0.23057371093749998 0.40534089375000004 0.23166724218749998 0.4113360734375 0.23363428593750002 0.41943527343750003 0.23450565 0.426785596875 0.2347926921875 0.43288710156250004 0.2345571203125 0.44157558437500005 0.2346391890625 0.4478834421875 0.23405967656249999 0.4503745859375 0.229811115625 0.44651320156249996 0.2265058625 0.444281471875 0.22463163281249998 0.4443601140625 0.2213177828125 0.43937971718749996 0.2191060609375 0.437628853125 0.219998915625
0 0.45338644375000003 0.2026081328125 0.44271096249999997 0.20400539062499998 0.4299209734375 0.2132671453125 0.4236024203125 0.21126039687499998 0.420879340625 0.21338790156249998 0.42409607656250004 0.21525997968750002 0.44157517031250004 0.2159290296875 0.451674159375 0.216553565625 0.4612008515625 0.2164923671875 0.46482170156249997 0.21373653906249998 0.46287287031249996 0.2095582828125 0.462628140625 0.2062047265625 0.46551290625 0.2040970765625 0.4640044671875 0.20034217031249998 0.4582114453125 0.20073871250000003 0.45534156875000004 0.20272509843750003 0.45338644375000003 0.2026081328125
0 0.3411676421875 0.18489042656250002 0.342220803125 0.1883432453125 0.3416145328125 0.1906075671875 0.33875954375 0.192472690625 0.32953504218749996 0.196756146875 0.32120411249999997 0.20311880625 0.3278120625 0.2081153171875 0.32956083281250004 0.208576225 0.3368218203125 0.20959085625 0.345088996875 0.20642078125 0.34770995 0.203788365625 0.35387520625 0.20036020937500001 0.3578066359375 0.196411584375 0.358166078125 0.192147471875 0.3555365296875 0.190839859375 0.3527899625 0.18914860312499998 0.3508369359375 0.1876778734375 0.346371378125 0.18528317968750002 0.3411676421875 0.18489042656250002
0 0.363152559375 0.1809428234375 0.3612507015625 0.1844020890625 0.35794903125 0.18990515 0.35974896562500003 0.19529605156250002 0.3621977453125 0.1994126015625 0.3716286015625 0.194785203125 0.3747388078125 0.18950481875 0.3741132453125 0.185242853125 0.3772937046875 0.18206367343750002 0.38089546875 0.182136634375 0.38091664999999997 0.17795407968750002 0.3749384578125 0.1745120078125 0.3735854109375 0.174838246875 0.36728384375 0.1713564703125 0.36359484062499997 0.1706573296875 0.36213547031250004 0.1731861859375 0.36217594218750004 0.1755299171875 0.36256956875 0.1776708265625 0.363152559375 0.1809428234375
0 0.351551421875 0.17250209218749998 0.3498877953125 0.17402112187500002 0.34888160625000003 0.1782058265625 0.3455117796875 0.1802539203125 0.3397315515625 0.1818829625 0.331787746875 0.185092740625 0.331947334375 0.1864663578125 0.3362533046875 0.18748743437499998 0.34225058124999996 0.1881007140625 0.3503390859375 0.1863858171875 0.3585404125 0.187762090625 0.36288035625 0.1858331140625 0.3633568171875 0.18195264375 0.361729259375 0.17916785625 0.359718775 0.176828421875 0.35916136718749997 0.176021425 0.3562552109375 0.17295655000000001 0.35340441718750004 0.17211414687499998 0.351551421875 0.17250209218749998
0 0.2954320515625 0.19379975625 0.28958156874999996 0.1933275921875 0.285505440625 0.195781334375 0.2861777703125 0.198325740625 0.284703509375 0.2009758609375 0.2813187953125 0.20314521874999997 0.27725755625000004 0.205477696875 0.2749557796875 0.21085734375 0.2741708359375 0.2145768421875 0.2743134375 0.2174254859375 0.2746347125 0.21881895468749998 0.276868540625 0.2193394203125 0.2814276296875 0.21829899843749997 0.28848855625000003 0.21559628125 0.2942262140625 0.21297726875 0.297861953125 0.2101001765625 0.2980725015625 0.2070487078125 0.29898515937500003 0.20629911875 0.30196995625 0.2060501421875 0.303588915625 0.2048949046875 0.3034909828125 0.20168246562499997 0.302420834375 0.1997046765625 0.2976595859375 0.19838150937500001 0.296542671875 0.198121278125 0.296663884375 0.195797396875 0.2954320515625 0.19379975625
0 0.4894776765625 0.260215678125 0.4884266140625 0.255409096875 0.48055495156249994 0.2500112359375 0.4758085921875 0.24856680781249998 0.47474704062499995 0.25052904374999996 0.47121343125 0.2539110484375 0.47045826562500004 0.2573880171875 0.47119875 0.26338739218749996 0.48091711249999997 0.2724585984375 0.48879087187500003 0.2765026953125 0.49188199375 0.2740511015625 0.49425402187499995 0.2707726578125 0.4963410515625 0.27115200625 0.49925769531249997 0.26744806250000003 0.4972472109375 0.265108628125 0.4927816515625 0.262713934375 0.4894776765625 0.260215678125
0 0.5744904515625 0.1693485421875 0.572977815625 0.1683011625 0.5667890734375 0.1679105609375 0.5568880484375 0.17235713749999998 0.5504589765625 0.17526053125000002 0.55432245625 0.1772120203125 0.5634939 0.1787074109375 0.5718569140625 0.1801035390625 0.5795157203125 0.18055155 0.5852491843750001 0.1806400671875 0.5920144203125 0.1790088765625 0.59110805625 0.1756971765625 0.5878487484375 0.1728351265625 0.587955071875 0.1706325109375 0.585712646875 0.16617201875 0.581185434375 0.16561614687499998 0.5786538171875 0.16752097500000002 0.5744904515625 0.1693485421875
0 0.6312466999999999 0.1829643453125 0.63063183125 0.18128864218750002 0.6274597625 0.17905276875 0.6283596296875 0.17707068125 0.6260981203125 0.17543898125 0.6200433828125 0.1739569953125 0.6166735562500001 0.1760050890625 0.617358675 0.17978199687500002 0.615697146875 0.17994726562500002 0.61030194375 0.1797771875 0.5997158 0.180446859375 0.5910847765625 0.18123349375 0.587485109375 0.17980676874999998 0.587923403125 0.181583884375 0.5900190296875001 0.1859032578125 0.5934677046875 0.18989639375 0.600858503125 0.19252716875 0.6043879171875 0.19185269062500002 0.607593959375 0.1911385078125 0.6156526859375 0.18966613906250002 0.6226647484375001 0.19003473906249999 0.627060053125 0.19032822968750002 0.6296193515625 0.1895346375 0.63174035625 0.1869639296875 0.6312466999999999 0.1829643453125
0 0.6527490703125001 0.19631357968750002 0.645779578125 0.19693494843749998 0.6408801296875 0.19941069218750002 0.6324703515625 0.199732121875 0.618222884375 0.2008138875 0.61377011875 0.19965169375 0.62102061875 0.2074351390625 0.624988325 0.2085377765625 0.6278242296875 0.209501446875 0.6391869296875 0.2105273328125 0.6476392796875 0.211195871875 0.6576936015625 0.2121842015625 0.6629015328125 0.20986942812499998 0.6615249984375 0.2063769046875 0.6588103078125 0.20308935468749997 0.659605946875 0.20195611875 0.661609934375 0.1990017640625 0.6584953265625 0.197634596875 0.6527490703125001 0.19631357968750002
0 0.62343563125 0.2238568265625 0.6154832296875 0.2231265796875 0.6016889453125 0.225864196875 0.5972766515625 0.2270457328125 0.5992829421875 0.23209269531249999 0.60278048125 0.2330145109375 0.6113945171874999 0.23370290312500003 0.6232720546875 0.23454581718749998 0.6331498015625 0.235635559375 0.6395214109375 0.23186346093750002 0.636587575 0.22768735312500002 0.63545786875 0.226194621875 0.634845096875 0.22316515468749998 0.6306177703125 0.2188302265625 0.627971234375 0.21899764375 0.6253332953124999 0.22310508750000002 0.62343563125 0.2238568265625
0 0.6171688671875 0.2548453125 0.6130564609375 0.2522477953125 0.6101035390625 0.250900478125 0.6074760859375 0.24823910468750002 0.6021318453125 0.24364394374999998 0.595532490625 0.242587459375 0.5946900859375 0.24543825312499998 0.5957134703125 0.2491336 0.598811090625 0.251975796875 0.606448715625 0.2566063640625 0.6065147734375 0.26141509375 0.6093762625 0.2648437609375 0.6138311234375 0.26465219375000004 0.6154798625 0.2632544265625 0.6185837765625 0.2620353328125 0.619804915625 0.2614467125 0.6204132859375 0.2578286265625 0.620092009375 0.25643515781250004 0.6171688671875 0.2548453125
0 0.558310284375 0.22226126562499998 0.5541171375 0.2243313609375 0.552276934375 0.22595180468749998 0.5513409968749999 0.2322377140625 0.5599997015625 0.2325623109375 0.567558478125 0.23115165000000001 0.5727685078125 0.2274831109375 0.5785466390625 0.227207834375 0.583354653125 0.22681344218750002 0.58634155 0.2252107015625 0.5844799578125001 0.2216586203125 0.58270350625 0.22008647812499998 0.5836182609375 0.2179831265625 0.5814311984375 0.21574510156249999 0.57508286875 0.2139808828125 0.569949384375 0.215689334375 0.5631927453125 0.22126055 0.558310284375 0.22226126562499998
0 0.5553378640625 0.20503258125 0.554544321875 0.204812053125 0.553265721875 0.20453196875000001 0.5423413140625 0.2052831984375 0.5377673359374999 0.20644488437500003 0.5363484390625 0.21131747031249998 0.532936040625 0.2123755953125 0.530844815625 0.21470377499999999 0.5426606984375 0.21738551093749997 0.5525384453125 0.218475253125 0.557512340625 0.2153931859375 0.5620735265625 0.21299900156249998 0.5669538921874999 0.2133520484375 0.5745382515624999 0.214406384375 0.5775698171875 0.21243984999999999 0.571708640625 0.2093814234375 0.5712405671874999 0.20784683906249998 0.5743337890625 0.20404148125 0.570795775 0.20077593437500002 0.5632411937499999 0.19947906875000002 0.5582800906250001 0.20379363593750002 0.5553378640625 0.20503258125
0 0.60297696875 0.26750462656249996 0.5934672625 0.26609079687500004 0.6040898953125 0.279827465625 0.608670371875 0.2839595703125 0.6143549734375 0.2871194078125 0.6180121 0.2894148390625 0.621526625 0.288861625 0.6225604953125 0.28578815468749996 0.6235029296875 0.2847960359375 0.6244325734375 0.28257141875 0.623349634375 0.2793611296875 0.6197946359375 0.2775706109375 0.61594604375 0.2754978546875 0.6121272296875 0.273182571875 0.60297696875 0.26750462656249996
0 0.6347041515625 0.29515715 0.6264006953125001 0.2932759625 0.6099045109375 0.29395852968749997 0.6075175953125 0.2973582375 0.6172613359375 0.2995393609375 0.6223310671875 0.3010234953125 0.6355127890625 0.3046114921875 0.6424504046874999 0.3055864171875 0.6439076781249999 0.30441132656250003 0.6428545171875 0.3009585078125 0.6421375203124999 0.29877789374999997 0.645196765625 0.29792259374999996 0.6440244890625 0.2954398921875 0.640188690625 0.2945996375 0.6369677578124999 0.2954350859375 0.6347041515625 0.29515715
0 0.6813825921875 0.3039658625 0.6749705078125 0.305394228125 0.6671904875 0.307270096875 0.6583680000000001 0.308279409375 0.6494880515625 0.3084200171875 0.651845396875 0.3146179171875 0.657298059375 0.3156566984375 0.6677927703125001 0.3170683796875 0.672541228125 0.3171590453125 0.68418263125 0.3185884296875 0.694358165625 0.3172528796875 0.6941432140625 0.31365679687500003 0.6927369015625 0.3104068015625 0.694109034375 0.30725177187499997 0.6915581265624999 0.30263031093750004 0.6831504453125 0.3015979765625 0.681693171875 0.30277306875 0.6813825921875 0.3039658625
0 0.6933085796875 0.28302729531250004 0.692478965625 0.2871105875 0.695512834375 0.2931453703125 0.6966851125 0.2956280703125 0.6953129796875 0.2987831015625 0.696544815625 0.30078074374999997 0.7017485515625 0.3011734953125 0.7051630453125 0.2987616078125 0.7090286234375001 0.299359334375 0.7114688046875 0.2995358578125 0.7118899046875 0.293432921875 0.7056925656249999 0.2891022921875 0.7036416062499999 0.28441912343750003 0.698722865625 0.28036858124999997 0.6933085796875 0.28302729531250004
0 0.68292858125 0.2739979453125 0.68266266875 0.27482694375 0.6817202328125 0.2758190625 0.679571546875 0.27727853593749996 0.6678854734375 0.2762129453125 0.654171928125 0.2742829484375 0.6564929953124999 0.2754295890625 0.6607649890625 0.279400725 0.6692259375 0.2840092890625 0.67744425 0.283910534375 0.6829585671875 0.2831104953125 0.6909258578124999 0.283719475 0.6931936578125 0.281289884375 0.6923745343750001 0.2786043609375 0.6883046984375001 0.2769968109375 0.689644953125 0.275438075 0.6884577875 0.2730766390625 0.68493046875 0.272397353125 0.68292858125 0.2739979453125
0 0.6703738984375 0.245252909375 0.668503915625 0.24711588125 0.66481071875 0.2491242703125 0.6622663109375 0.24979659999999998 0.658896484375 0.25184469374999996 0.6629386390625001 0.2523410078125 0.6754331437500001 0.2535058609375 0.6796837484375 0.252304471875 0.6851236187499999 0.25211075312500003 0.6884296921875 0.25325524375 0.6930739234375001 0.2541947625 0.6962246015625 0.2512581125 0.6934375609375001 0.247223121875 0.69273335625 0.24627500468750002 0.6938544656250001 0.2438277109375 0.6884634593750001 0.240950109375 0.6833916296875 0.2408197375 0.6747882890625 0.2427176078125 0.6703738984375 0.245252909375
0 0.5204860390625 0.1843774671875 0.516670840625 0.185006046875 0.5136393640625 0.1871935578125 0.5129378765625 0.1889358046875 0.512790434375 0.190136621875 0.50656945 0.19315142968750001 0.496408878125 0.192513328125 0.4914876625 0.1928842140625 0.4865897046875 0.1970366046875 0.4927033234375 0.1975434796875 0.49814702187500004 0.19821188125 0.506487421875 0.1991140609375 0.5108566671875 0.1979440515625 0.5132013984375 0.19737870468750002 0.5163298515625 0.198372290625 0.51900746875 0.1990667359375 0.5205369109375 0.19852317656250001 0.52110778125 0.1965211078125 0.5203261359375 0.19362161875 0.5191632187499999 0.1925036953125 0.5226033765625 0.1896350125 0.5232921984375001 0.186672290625 0.5204860390625 0.1843774671875
0 0.5071885 0.17884419375 0.50332906875 0.17983301875 0.500895871875 0.181118853125 0.4996424140625 0.18206197500000001 0.498595371875 0.18132395625 0.49482648281249997 0.180251734375 0.48741309531250004 0.18238878281249998 0.47934037187499995 0.18724838906250002 0.47357645625 0.18654066875 0.4890881078125 0.19124877499999998 0.4937902390625 0.19133855625 0.4975317171875 0.19131038281249999 0.5027858171874999 0.19219929062500002 0.5061628453125 0.1924920453125 0.5108670515625 0.1912412703125 0.5126598125 0.1898767984375 0.5111345234375 0.1877392453125 0.50906993125 0.18602304218750002 0.509202628125 0.184942309375 0.50962605625 0.18414105625 0.5097039296875 0.18085953593749998 0.5071885 0.17884419375
0 0.732688696875 0.1914175390625 0.7278686140625 0.192288409375 0.7255807812499999 0.1937139859375 0.72240601875 0.1944212015625 0.7176596546875 0.1946916640625 0.724112596875 0.2017004734375 0.733312515625 0.202220621875 0.738686646875 0.20080831875 0.7433887765625 0.2008981015625 0.747450471875 0.2009092484375 0.7487797296875 0.1980251609375 0.7488702703125 0.195964115625 0.743689890625 0.194474803125 0.7456300953125 0.191909515625 0.74287024375 0.187913890625 0.738892859375 0.18986336718750002 0.73731710625 0.1921077265625 0.732688696875 0.1914175390625
0 0.7445180515625001 0.20493730000000002 0.738488740625 0.2063910484375 0.7374502140625 0.20955461562500002 0.7356132203125 0.21127933125 0.7311849968749999 0.2129296671875 0.7253579515624999 0.2153833859375 0.7123555015624999 0.21671229374999998 0.7034147453124999 0.21805234375000002 0.7088922906249999 0.22506328125000002 0.7155283921875 0.2266094453125 0.721380771875 0.2265966734375 0.7294767515625 0.22551857343749998 0.740993990625 0.22437298125 0.744996709375 0.224864453125 0.7517106874999999 0.22312909687500002 0.7560861640625001 0.21793741875 0.756381046875 0.2155357875 0.7525552578125 0.21360333593749997 0.7520643421875 0.21098332812499998 0.74857766875 0.2062890015625 0.7445180515625001 0.20493730000000002
0 0.7904304140625 0.263841396875 0.7971549796875 0.2646670703125 0.8045199828125 0.265571378125 0.8116110765625001 0.26473556875000004 0.81709049375 0.2611421390625 0.8178403703124999 0.2563585359375 0.8170502109375001 0.24955746093750003 0.8085455500000001 0.251316734375 0.801424965625 0.2523927078125 0.7984987765625 0.2523990921875 0.791468734375 0.25141402031250004 0.78547306875 0.2499464921875 0.7798565953125001 0.2480379578125 0.77432443125 0.24809004375 0.773780975 0.25119250625 0.7748259390625 0.2532710828125 0.7755211953125001 0.2555505046875 0.7728520921875 0.2587576453125 0.7747418328125 0.26057427031249997 0.7834298609375 0.2626161609375 0.7904304140625 0.263841396875
0 0.8250195187499999 0.23627461562500002 0.8220237625 0.23420029531250003 0.8173384531250001 0.23264987656249997 0.8104959328125 0.23278485624999998 0.8077593390625 0.2325707359375 0.79838664375 0.2308104546875 0.7924331328124999 0.2303232390625 0.7883419484374999 0.23055225625000003 0.7836609984375 0.2355845359375 0.7901369921875 0.23711103906250003 0.8021557390625 0.2411464875 0.807540459375 0.24229521406250001 0.81101861875 0.2430879546875 0.813215909375 0.2437234234375 0.8162538203124999 0.24677805468749997 0.8211139828125 0.24822804999999998 0.824330903125 0.24850114687499997 0.8270274171875001 0.24639439843750002 0.8296522859375 0.243547503125 0.8315335140625001 0.2414625421875 0.8304885515624999 0.239383965625 0.8273474296875 0.23716990624999998 0.8250195187499999 0.23627461562500002
0 0.8233278890625 0.238139071875 0.8245391921874999 0.2362156390625 0.82841336875 0.23510673125 0.8277959859375 0.22954579062499997 0.823692134375 0.2285543328125 0.8201697421875 0.22812183749999998 0.8181325609375 0.227506028125 0.8145553453125001 0.22487274687499997 0.8036405390624999 0.22243555 0.7935831765625 0.2209568765625 0.7867701453125 0.22085169218749998 0.7848573531249999 0.22451737500000002 0.7847836328125 0.22511778124999998 0.7892645984375 0.22700878593749999 0.795230778125 0.2287164765625 0.8036870546875001 0.22999855937499997 0.8077593390625 0.2325707359375 0.811406121875 0.237284721875 0.814022684375 0.23980005000000001 0.8160577890624999 0.241756415625 0.8187775593750001 0.2434311734375 0.8220387125 0.243344025 0.8231193937500001 0.24116076875 0.8233278890625 0.238139071875
0 0.8603688843749999 0.19722145 0.8509457265625 0.19984307968749998 0.8429824453125001 0.199840446875 0.8364728078124999 0.20123521875 0.8347959234375001 0.20297959375 0.8342377203125 0.2062021359375 0.8352720937500001 0.2057196828125 0.8447986671875001 0.2115212921875 0.8511735296875 0.212547809375 0.8590061921875 0.21229062031249998 0.863958971875 0.21033901562500001 0.86764355 0.2094506140625 0.8730577593750001 0.2103591796875 0.877976896875 0.21132884999999998 0.8777640437500001 0.20776784843749999 0.8726594625 0.20433757031250002 0.8742478828125 0.203313684375 0.8755476515625 0.20066976093750002 0.8668469546875001 0.197407396875 0.8603688843749999 0.19722145
0 0.732218290625 0.3540854875 0.73337269375 0.351301825 0.736448403125 0.34875406875000003 0.738592946875 0.345848196875 0.738527534375 0.3410863796875 0.738668540625 0.33464342187499996 0.7382997312499999 0.3283816484375 0.7375074953125 0.32292113125 0.7353249500000001 0.32216558125 0.731120171875 0.3299379484375 0.72665623125 0.3358501171875 0.722472428125 0.3394807359375 0.7193946421875 0.3433690484375 0.716580175 0.3464364484375 0.7157353984375 0.3466983984375 0.7143934734374999 0.348362009375 0.7153225609375 0.3500606828125 0.717286021875 0.3512769 0.72115604375 0.3528491078125 0.723075271875 0.35442556875000003 0.726450221875 0.35605888124999996 0.730046334375 0.35589096875 0.732218290625 0.3540854875
0 0.72729084375 0.35847804375000003 0.7201870828125 0.35809337812500003 0.7051771437500001 0.367830121875 0.7019498390625001 0.3742598046875 0.7060221234374999 0.37683198125 0.719898840625 0.37500096250000003 0.7308387749999999 0.3706152984375 0.7377444265624999 0.3673188796875 0.74330815625 0.3656860734375 0.744742696875 0.3606208609375 0.742897190625 0.358443990625 0.7366971828125 0.35731704999999997 0.7355973953125 0.3530376875 0.7320328468749999 0.3516248796875 0.72922045625 0.353351725 0.72874864375 0.35719433437500003 0.72729084375 0.35847804375000003
0 0.634621315625 0.33491046406249997 0.629044921875 0.33532279531250003 0.621460834375 0.334879153125 0.6051592296875 0.33263378593750004 0.60291770625 0.3323585609375 0.6003223249999999 0.33496529375 0.606840475 0.337472109375 0.6112772093750001 0.339723359375 0.6186675453125 0.34306861718750004 0.626045215625 0.3451933984375 0.6328835828125 0.34773953125 0.6389529703125 0.34860665 0.6417653609375 0.34687980625 0.6409710484375 0.34275984375 0.6411922109375 0.3409586203125 0.6421148609375 0.33741515 0.6387125 0.334681446875 0.634621315625 0.33491046406249997
0 0.88279698125 0.210457978125 0.870595075 0.21188517812500002 0.8593664875 0.21465080625000002 0.8681494171875 0.22121434999999998 0.8767699531250001 0.21983498125 0.8859825406249999 0.2215756046875 0.8928377281250001 0.2226611 0.898704853125 0.222528246875 0.9002531953125 0.21918349374999999 0.897988415625 0.2151267640625 0.8977419171875001 0.214487040625 0.9010367125000001 0.211478615625 0.8946344390625001 0.20935170468750003 0.8886198734375 0.210685371875 0.887105175 0.21110885000000001 0.88279698125 0.210457978125
0 0.9232506984375 0.25954994375 0.9257576140625 0.2576636984375 0.928624828125 0.258137640625 0.9300847062500001 0.25551337812499997 0.9295643 0.2531335328125 0.92611770625 0.25076007499999997 0.9236296859375001 0.2498451234375 0.9214639625000001 0.247628934375 0.9190517406250001 0.244773021875 0.91290011875 0.2406047234375 0.9037465078125001 0.2383837734375 0.9037001984374999 0.24008457499999997 0.901425034375 0.2427306265625 0.901812740625 0.24619120468750003 0.906786703125 0.24936165937500002 0.908560565625 0.2507983828125 0.91494809375 0.253045375 0.9173181593749999 0.2549209765625 0.9165134625 0.2575037953125 0.9151547171875001 0.26062804375000004 0.9174068296875 0.2634643 0.9186582109374999 0.2638617328125 0.921063996875 0.2614755046875 0.9232506984375 0.25954994375
0 0.9268995562500001 0.2629233734375 0.9235351953125001 0.2638510921875 0.922778884375 0.263392553125 0.918110396875 0.260381496875 0.9047391375 0.2554486296875 0.9016233484375 0.25567551875 0.8989289109374999 0.2564417109375 0.9003362484374999 0.2595399171875 0.901229615625 0.2655004203125 0.9038146125000001 0.2695964671875 0.9154709875 0.27261228437499996 0.91821816875 0.275387434375 0.9222188125 0.2772194625 0.9277362296874999 0.27728745625 0.9263731249999999 0.27382900781249997 0.9274243203125 0.27188591562500003 0.9329290703125 0.2707334359375 0.9310455624999999 0.264895140625 0.9268995562500001 0.2629233734375
0 0.9126251578125 0.28652421562499997 0.90505996875 0.28327938124999996 0.8915686781250001 0.2806477234375 0.891634090625 0.2854095390625 0.8928939859374999 0.28970856093749997 0.8968904734375001 0.2942217 0.9055153703125001 0.2994250296875 0.9128066515625 0.30092974687499996 0.9249790718750001 0.29974270937499997 0.9249558125 0.29596120312499996 0.9263714578125001 0.293697184375 0.9279766984375 0.2912126625 0.9273003390625 0.286132046875 0.9208833234375 0.2841252171875 0.915915796875 0.28619690468750003 0.9126251578125 0.28652421562499997
0 0.8869232421875 0.2721543609375 0.8879661296875 0.2755734921875 0.8991716656250001 0.2782901703125 0.9074383421875 0.2797927578125 0.9117612796874999 0.2803235484375 0.9146116703124999 0.282258128125 0.919166359375 0.283548725 0.92159955625 0.28226288906249997 0.9221999125 0.28002065625 0.9218227953125 0.279121109375 0.9239210312499999 0.27791603593750003 0.919178821875 0.27550538750000003 0.9097639703124999 0.2727647953125 0.903113125 0.2713387140625 0.8939574374999999 0.27045832187499996 0.8869232421875 0.2721543609375
0 0.9215036031249999 0.3254008453125 0.9206461593749999 0.324442321875 0.9188174734375 0.3208048140625 0.9094510093749999 0.3150228640625 0.9034131859375 0.312575025 0.901024221875 0.313500615625 0.9000004390624999 0.3165441015625 0.8985974609375 0.3200285953125 0.9008265218749999 0.32834715625 0.905080096875 0.3360610515625 0.9124409453125001 0.3396464734375 0.9175517578125 0.33905508281249996 0.9208170625 0.33628682187500003 0.9237158421875 0.33518004375 0.9270822796875 0.33291176875 0.9279627749999999 0.32838798593749996 0.9256369421875 0.326152140625 0.9215036031249999 0.3254008453125
0 0.914097059375 0.3513076578125 0.9106336453124999 0.3503948375 0.9057460703125001 0.347844446875 0.8983704781249999 0.3443791078125 0.8900743125 0.34311668281249996 0.8900280031250001 0.344817484375 0.8927899281249999 0.34747255312499997 0.8927205671875 0.354655659375 0.8958764328125 0.3567496375 0.9037176078125 0.360394034375 0.9106234640625 0.366361428125 0.9146724921875 0.36515209843749996 0.915536165625 0.3620889546875 0.9174194703125 0.3586634390625 0.9213821109375001 0.3568340421875 0.9220435218749999 0.352770928125 0.9181165984374999 0.3503384921875 0.914097059375 0.3513076578125
0 0.892897496875 0.35321468125 0.8912268421875 0.35093738750000003 0.8902113671875 0.3486186484375 0.8888503421875 0.3438196421875 0.8907083109375 0.337953175 0.8951869968749999 0.3319209265625 0.8865411249999999 0.33085934687499996 0.8821276453125 0.332389603125 0.8794838765625 0.3380376921875 0.8779587921875001 0.34516395 0.8761450546875 0.350670171875 0.8744872734375001 0.3588771625 0.8789387515625 0.36100833125 0.8821282609375001 0.360181034375 0.8854483890625 0.3596135609375 0.8888991374999999 0.3593059078125 0.8918253281249999 0.359299521875 0.8926447703125 0.3565966234375 0.892897496875 0.35321468125
0 0.8811329406249999 0.3166653015625 0.8815731890625 0.31440341250000003 0.8779770750000001 0.3145713234375 0.872472325 0.3157238046875 0.8666853578125 0.32049839062499996 0.8593668687499999 0.3271570921875 0.8532702750000001 0.334453390625 0.8609008781249999 0.342460040625 0.867233584375 0.3425062484375 0.87229165 0.33837351718750003 0.8768841343749999 0.3340617265625 0.8784598875 0.33181736562499997 0.877431746875 0.3282781515625 0.8784723515625 0.3237740296875 0.8811329406249999 0.3166653015625
0 0.8276140265624999 0.3845699671875 0.8224064406249999 0.3912440703125 0.8226720406249999 0.39834641249999997 0.8295104078125 0.4008925453125 0.8348108171874999 0.40008065156250006 0.8378381390625 0.40057425156250004 0.8407074281250001 0.3997076375 0.84132460625 0.3960047671875 0.8386069125000001 0.3929894546875 0.8377220578125 0.3909305375 0.8371574203125001 0.38891093906249996 0.8369761312499999 0.38376921875000003 0.8369099984374999 0.3830860046875 0.83338001875 0.38393713125 0.8276140265624999 0.3845699671875
0 0.858544503125 0.38812396875 0.855814346875 0.393151990625 0.84613430625 0.4018366765625 0.838192203125 0.4069561046875 0.8383145171875 0.41257815156250005 0.8348575359374999 0.4169074734375 0.8402254359375 0.41951683749999996 0.845334171875 0.42026600468749997 0.8529604140625 0.42168995625 0.8606707625000001 0.41581072187499996 0.859457178125 0.4098109 0.8628593359375 0.4032807921875 0.8653535859374999 0.40017407499999996 0.864691971875 0.394973378125 0.858544503125 0.38812396875
0 0.88835275625 0.4206723453125 0.8886266640624999 0.4224124640625 0.8848052359375 0.4270627125 0.884169159375 0.43356677499999996 0.8892527640625 0.441138803125 0.89747749375 0.45092489062499996 0.900256240625 0.452119321875 0.90261779375 0.4500933359375 0.9074694421875 0.447641746875 0.9145626140625 0.44546538125 0.9156474515624999 0.44060101406249996 0.9110506062500001 0.4383301046875 0.90885539375 0.4363540796875 0.9061545203125 0.431878128125 0.88835275625 0.4206723453125
0 0.8684348843749999 0.45979188281249994 0.8684473453124999 0.4517485453125 0.8719653781250001 0.44559834218749994 0.8726816124999999 0.44373601406249996 0.8647056624999999 0.44251290625 0.85447780625 0.4477173546875 0.85066904375 0.453588078125 0.845126496875 0.4603429453125 0.8453879421874999 0.4701264 0.8538168046875001 0.4703080921875 0.8595090765625001 0.4702756640625 0.86129560625 0.472932859375 0.8686520968749999 0.46993558125 0.8660945109375 0.46693992812499996 0.863480025 0.46308404375 0.8684348843749999 0.45979188281249994
0 0.8435451265625 0.49440040781250005 0.8395864359375 0.484284878125 0.8410652109375001 0.4788594203125 0.8395316125000001 0.4820840921875 0.83179800625 0.48418182343750005 0.827563740625 0.4921943546875 0.827262625 0.49861765468749997 0.8231020812500001 0.506029778125 0.828377359375 0.5120407453125 0.834986053125 0.512486515625 0.8394965078125001 0.51413735625 0.8452772453125 0.5133844390625 0.850103559375 0.5084918984375 0.8442721546874999 0.5043629187499999 0.8423107703125 0.5018061453125 0.8435451265625 0.49440040781250005
0 0.8923330093749999 0.5484162203125 0.8895710828125001 0.5457611515624999 0.8837942953125 0.5345691453125 0.8842281078124999 0.5270651140625 0.8751504999999999 0.5321670109375 0.8759659937500001 0.5414090359375 0.8770173921875 0.548729753125 0.8768342328125 0.5541924 0.8788483609375 0.560290515625 0.8846986640625 0.561618303125 0.889638778125 0.5584462234375 0.892741896875 0.5569988593749999 0.898724896875 0.5572459125 0.8997339375 0.554322509375 0.8965338390625 0.552588775 0.8939741765625 0.5509336765625 0.8923330093749999 0.5484162203125
0 0.8749461593750001 0.532507596875 0.8722473624999999 0.5266910890625 0.8685289375 0.52123695625 0.8675261296875 0.520138690625 0.86042444375 0.518413471875 0.8604140593749999 0.5251162515625001 0.8581579984375001 0.53422491875 0.8503022828125 0.5399644140625 0.8517538531250001 0.542702375 0.85218786875 0.5444621515625 0.8489794640625 0.5480906421875 0.8525988328125 0.5517042359375 0.85753479375 0.55121326875 0.8621357921874999 0.5508030640625 0.868276825 0.55241033125 0.8704024703125001 0.5523056515625 0.8737309062499999 0.5463759515625 0.8756351859375 0.5388086859375 0.8749461593750001 0.532507596875
0 0.2181413921875 0.8233062171875 0.2220059703125 0.8217596531250001 0.2237842515625 0.8212430609375 0.22285050625 0.81488145 0.213263565625 0.8131531203125 0.2057788828125 0.8142551921875001 0.20250497812499998 0.8169766875000001 0.200374234375 0.818368671875 0.194931396875 0.81880278125 0.189507653125 0.821076575 0.18992053125 0.8236995484375 0.19481088124999998 0.82576988125 0.1949188734375 0.8268855453124999 0.194607728125 0.82941961875 0.1980722625 0.8311311484375 0.204918690625 0.8312368484375 0.2122540625 0.82736043125 0.2181413921875 0.8233062171875
0 0.0171399453125 0.6626630796875 0.0160127484375 0.66785296875 0.018419890624999997 0.672190678125 0.019512339062500002 0.6752645609375 0.0270796578125 0.6774798484375 0.035002573437500004 0.676799053125 0.0417410109375 0.6757890890625 0.046853609375 0.67604936875 0.053064915625 0.6753421484375 0.0544303203125 0.672202584375 0.052372510937500005 0.6690101703125 0.049701803125 0.6648238328125 0.04360788125 0.66058464375 0.037444154687499995 0.6589091625 0.03329691875 0.6587674140625001 0.025132664062499997 0.6594185765625 0.0213347609375 0.6604221265625 0.0171399453125 0.6626630796875
0 0.13326065625 0.7245080515625 0.1338481984375 0.7277036734375 0.13658245 0.7333676890625 0.1392691203125 0.7414144031250001 0.14354970312499998 0.7404701203124999 0.1486241140625 0.737051028125 0.15168203281249998 0.732098203125 0.153663465625 0.7279318734375 0.155533778125 0.72467056875 0.15352355 0.7190954546875 0.146854915625 0.7175417140625 0.1409738484375 0.7175545453125001 0.13864621093750001 0.7185548875000001 0.137023503125 0.7178044406249999 0.133841628125 0.7177812234375 0.13317802031249998 0.7211906921875 0.13326065625 0.7245080515625
0 0.1513934203125 0.7484151046874999 0.157138009375 0.7515089953125 0.16439731562499998 0.7542376671875 0.16447338281249999 0.747632578125 0.1606657765625 0.7407343671875 0.15904933125 0.7359425390625 0.15844269375 0.7309072328124999 0.1582044859375 0.7288569093749999 0.15441284375 0.725819075 0.1498718265625 0.724894040625 0.149055775 0.727549853125 0.1479317109375 0.7307190515624999 0.14652498593750002 0.732199934375 0.14463245 0.7356422421875 0.1457662171875 0.7403748046875 0.14786534375 0.7452259 0.1513934203125 0.7484151046874999
0 0.1407481625 0.7074214578125 0.1424629 0.705427190625 0.14244693749999998 0.7015668140625 0.13690863125 0.69280249375 0.13463170625 0.6893994421875 0.1337806 0.6863551921875 0.133831309375 0.6819518 0.1274515984375 0.6780449890625 0.12380300468750001 0.681822884375 0.12401899062499999 0.6840542125 0.11771878437500001 0.6854854546875 0.11354306249999999 0.68956609375 0.11711245781249999 0.6944139796875 0.1262358109375 0.6979227296875 0.1352449140625 0.7043571984375 0.1407481625 0.7074214578125
0 0.14181463593750002 0.6847693703125 0.14404398125 0.6905551234375 0.14605421093749998 0.6961302390624999 0.14782623125 0.6996550296875 0.148940903125 0.7025479078125 0.155155340625 0.6998199953124999 0.1597786859375 0.6900985578125 0.15665065312499998 0.683651259375 0.15626313281249998 0.6788265890625 0.15723475781250001 0.6749037390625 0.159219321875 0.6687167171875 0.156459715625 0.6652543984375 0.15318894375 0.6659552046874999 0.1500483859375 0.6675906671875 0.1410045375 0.66941996875 0.1384768796875 0.672049359375 0.13855951718749998 0.67536671875 0.141185775 0.67991506875 0.14181463593750002 0.6847693703125