0 0.6511259359375 0.32529618125000004 0.648729646875 0.3230197078125 0.645215090625 0.32254045 0.641700534375 0.3213423046875 0.6383457296875 0.31906583125 0.6341921625 0.3195450890625 0.6311568640624999 0.3263745109375 0.6303581015625 0.3367983671875 0.6303581015625 0.3427890890625 0.6324348843750001 0.35165535625 0.6372274625000001 0.346024078125 0.6431383078125 0.3396739125 0.6464931109375 0.33583985156249996 0.647930884375 0.3333237484375 0.6495284109374999 0.3302085734375 0.6511259359375 0.32529618125000004
0 0.6845142234375 0.28959148125 0.6784436265625 0.29019055312500003 0.672373028125 0.2922273984375 0.668059709375 0.29294628437500003 0.6653439156250001 0.295222759375 0.6647049046875 0.298697378125 0.6714145125 0.303370140625 0.6712547609375 0.3044484703125 0.6755680796875 0.31259585156249997 0.6817984312500001 0.31750824375 0.68723001875 0.30828253125 0.6865910078125 0.30588624375 0.6877092765625 0.30145310937500003 0.6873897703125 0.2946236875 0.6845142234375 0.28959148125
0 0.5460087421875001 0.2865961203125 0.5412161640625001 0.28276205781249997 0.5375418546875 0.2809648421875 0.5333882890625 0.2825224296875 0.5274774421874999 0.291388696875 0.5317907625 0.2990568203125 0.5329090296875 0.308042903125 0.5404174015625001 0.31367418125 0.54616849375 0.3151119546875 0.5480855250000001 0.3151119546875 0.55703166875 0.3104391921875 0.5493635453125 0.3066051296875 0.5476062671874999 0.301812553125 0.546488 0.2978586765625 0.546488 0.2946236875 0.5469672578125 0.290789625 0.5460087421875001 0.2865961203125
0 0.580834803125 0.268144696875 0.5730069265625 0.2680248828125 0.57172890625 0.27102024375 0.5738056890625 0.2743750484375 0.571888659375 0.275812821875 0.5666168234375 0.278209109375 0.57252766875 0.2812044703125 0.579237278125 0.2830016875 0.5849883703125001 0.2843196453125 0.5956917921875 0.2869555625 0.6095902671875 0.2877942640625 0.60895125625 0.2798865109375 0.606075709375 0.2780892953125 0.601762390625 0.273895790625 0.5910589671875 0.270780615625 0.580834803125 0.268144696875
0 0.529234721875 0.3037295828125 0.5284359578125 0.299536078125 0.5249214015625 0.29737941874999996 0.52284461875 0.29426424375 0.5196495671875 0.293305728125 0.5130997109375001 0.296181275 0.505271834375 0.30145310937500003 0.4961659375 0.30540698593750004 0.49408915468750003 0.3088816046875 0.495526928125 0.3123562234375 0.502875546875 0.319664903125 0.5129399593749999 0.3171488 0.5193300609375 0.3141534390625 0.5222056078125 0.3122364078125 0.5241226390625 0.31019956249999997 0.5271579375 0.3081627171875 0.529234721875 0.3037295828125
0 0.6637463890624999 0.24442144062499999 0.65815505 0.24418181093750002 0.65623801875 0.24537995625 0.6525637093750001 0.24693754375000002 0.64697236875 0.2482555015625 0.64617360625 0.2517301203125 0.648729646875 0.25520473906249996 0.651445440625 0.2570019546875 0.649847915625 0.260716203125 0.6509661828125 0.26562859375 0.6600720796874999 0.271619315625 0.6693377296875 0.27749022343749996 0.675408328125 0.268863584375 0.67413030625 0.263831378125 0.6739705546875 0.2548452953125 0.670775503125 0.248734759375 0.6637463890624999 0.24442144062499999
0 0.6361091937500001 0.244301625 0.6293995859375 0.24454125468750001 0.627322803125 0.24765642968749998 0.6263642875000001 0.25041216093749996 0.6230094828125 0.25244900625 0.6194949265624999 0.25556418281250004 0.6242875031249999 0.25784065625 0.6332336484375001 0.258439728125 0.633553153125 0.2597576875 0.637067709375 0.2617945328125 0.6431383078125 0.2629926765625 0.65160519375 0.2633521203125 0.66630243125 0.261914346875 0.6621488640625001 0.25652269843750003 0.65703678125 0.25316789375000004 0.647930884375 0.250292346875 0.640103009375 0.246817728125 0.6361091937500001 0.244301625
0 0.49408915468750003 0.3465033359375 0.5006390109375001 0.3457844484375 0.5022365359375 0.3418305734375 0.4969647015625 0.3395540984375 0.49824272187499996 0.3370379953125 0.49856222656250004 0.33488133593749997 0.49360989687499995 0.3345218921875 0.48993558750000005 0.3352407796875 0.48610152656250005 0.33727762499999997 0.4833857328125 0.33907484062500004 0.47843340312500005 0.3405126140625 0.467250721875 0.3419503875 0.46980676250000003 0.34314853125 0.47060552656250004 0.3433881609375 0.48019068125000003 0.34482593281249996 0.4878588046875 0.34638352031249997 0.49408915468750003 0.3465033359375
0 0.4325844140625 0.3383559546875 0.43002837187500004 0.3401531703125 0.42507604218750006 0.3439872328125 0.42092247499999996 0.348899625 0.4231590109375 0.35129591250000003 0.42747233125 0.35129591250000003 0.4340221859375 0.348899625 0.4370574859375 0.34877980937499997 0.43865501093750003 0.3484203671875 0.44185006250000003 0.3461438921875 0.443926846875 0.34470611875 0.45031694843750003 0.34159094375 0.45798507343750006 0.3351209640625 0.4603813609375 0.329369871875 0.4565473 0.3279320984375 0.4496779390625 0.32901042812500003 0.4432878359375 0.33260486093749997 0.4368977328125 0.33583985156249996 0.4325844140625 0.3383559546875
0 0.43753674374999996 0.3088816046875 0.43657822812499997 0.311876965625 0.4396135265625 0.314033625 0.440092784375 0.315830840625 0.440092784375 0.317388428125 0.442808578125 0.3197847171875 0.447121896875 0.32002434687500003 0.45287299062499997 0.3187063875 0.4573460625 0.3182271296875 0.46549344374999996 0.3160704703125 0.47172379375 0.31367418125 0.4686884953125 0.309600490625 0.46549344374999996 0.308641975 0.45798507343750006 0.30780327500000004 0.4479206609375 0.30744383124999997 0.43753674374999996 0.3088816046875
0 0.4477609078125 0.24418181093750002 0.44616338281249995 0.248375315625 0.44808041249999997 0.251011234375 0.444725609375 0.2548452953125 0.44520486718749996 0.2573613984375 0.45319249531250005 0.25760102812499996 0.4613398765625 0.25688214062500003 0.46932750624999997 0.25520473906249996 0.4814687015625 0.251011234375 0.485462515625 0.2488545734375 0.48210771093749993 0.24765642968749998 0.4766761234375 0.2454997703125 0.46980676250000003 0.24466106875000002 0.455588784375 0.24406199687500002 0.4477609078125 0.24418181093750002
0 0.47523835156249994 0.20548175 0.469966515625 0.2090761828125 0.46948725781249995 0.21722356406249999 0.48098944374999997 0.2178226359375 0.4915331140625 0.21614523437500002 0.5012780203125 0.2121913578125 0.5054315875000001 0.20679970781249998 0.5138984734375 0.202606203125 0.5067096078125 0.20152787343749998 0.5012780203125 0.20188731718750003 0.49009534062500004 0.2022467609375 0.480030928125 0.20356471874999998 0.47523835156249994 0.20548175
0 0.4357794640625 0.19577678125 0.4316258984375 0.19889195625 0.43290391875 0.2024863890625 0.43785624843750004 0.20344490468749998 0.43354292812499995 0.20608082187500001 0.43530020625 0.2090761828125 0.44600362968749996 0.2088365546875 0.45415101093750004 0.20739878125 0.4595825984375 0.20548175 0.471084784375 0.201408059375 0.4830662265625 0.1962560390625 0.472682309375 0.1943390078125 0.46277765000000004 0.194818265625 0.4533522484375 0.1952975234375 0.4440865984375 0.1952975234375 0.4357794640625 0.19577678125
0 0.48574136562500003 0.391126890625 0.4792317625 0.38800228125 0.47272215937500006 0.38526824843749996 0.4649106359375 0.38526824843749996 0.4623067953125 0.3874164171875 0.461265259375 0.39015045000000004 0.4594425703125 0.39190804218749997 0.456838728125 0.3944467875 0.45553680781250006 0.39835254999999997 0.461265259375 0.3991337015625 0.46673332500000003 0.399328990625 0.46621255625 0.40069600625 0.466472940625 0.40362532812499996 0.47011831875 0.40518763281250003 0.4810544515625 0.4063593609375 0.48600174999999995 0.407921665625 0.49589634687500006 0.40948397031250006 0.5003228765625 0.40811695468750003 0.4998021078125 0.4030394640625 0.49381327343750003 0.395618515625 0.48938674375 0.39249390625 0.48574136562500003 0.391126890625
0 0.4974586515625 0.44131592968750005 0.4956359625 0.44092535312500003 0.49329250468749997 0.43955833593750004 0.4906886640625 0.43760545625 0.48496021406249995 0.4358478625 0.47766945781250003 0.438972471875 0.4735033125 0.4467839953125 0.476627921875 0.45440023125 0.47766945781250003 0.4602588734375 0.48600174999999995 0.45479080781250003 0.49146981562500003 0.45088504531250007 0.492511353125 0.4481510125 0.495375578125 0.44639342031250007 0.49797941874999996 0.4448311140625 0.4974586515625 0.44131592968750005
0 0.47168062343750006 0.48994266406250003 0.4745448484375 0.49423900156249995 0.4802733 0.49462957812499997 0.48079406718750006 0.49931649218749996 0.48417906093749996 0.5040034062500001 0.49225096874999996 0.5034175421875 0.4998021078125 0.4965824578125 0.50188518125 0.48759920625 0.50188518125 0.4811547 0.50474940625 0.475881921875 0.501104028125 0.47939710625 0.49225096874999996 0.48330286874999995 0.48704328593749996 0.48408402031250003 0.4820959875 0.486427478125 0.47610715312499996 0.48779449531249996 0.47168062343750006 0.48994266406250003
0 0.618537265625 0.5235322140625 0.6200995703125 0.528023840625 0.6255676375 0.527828553125 0.6328583921875001 0.5231416390625 0.63520185 0.5192358765625 0.6320772406249999 0.5090808953125 0.6266091734375 0.5004882203125 0.6208807234375 0.4952154421875 0.6109861265625 0.4932625609375 0.606038828125 0.4930672734375 0.5951026953125 0.492676696875 0.6068199812499999 0.498730628125 0.616193809375 0.5069327265625 0.6172353453125 0.51259608125 0.61645419375 0.518454725 0.6174957296875 0.521774621875 0.618537265625 0.5235322140625
0 0.804862484375 0.28533711093749997 0.8042285781249999 0.27868109375 0.8019042546874999 0.2713911703125 0.7988403734375 0.270836503125 0.7919730546875 0.27495689375 0.7880639656249999 0.27400603437500004 0.783098365625 0.27495689375 0.7802457859375 0.279473478125 0.7813022968750001 0.28605025624999997 0.7835209703125 0.29048759999999996 0.7864791999999999 0.2961927578125 0.79091654375 0.3027695375 0.7969386546874999 0.308633171875 0.795459540625 0.30688992812500004 0.79831211875 0.308157740625 0.8031720671875 0.30562211562499997 0.8090885265625 0.2992038140625 0.807398109375 0.2937363703125 0.804862484375 0.28533711093749997
0 0.8794521359375 0.28074129062500003 0.8762826031250001 0.2808997671875 0.8701548421874999 0.2815336734375 0.8660344500000001 0.27733404375 0.8577936671874999 0.280186621875 0.8596953875000001 0.28533711093749997 0.85906148125 0.28898207343750004 0.8572654125 0.2951626609375 0.8663514031249999 0.3057805921875 0.8710000499999999 0.3126743234375 0.8812482046874999 0.3082369796875 0.8812482046874999 0.30467125625 0.8777617187500001 0.296905903125 0.8786069265625001 0.290646078125 0.8794521359375 0.28074129062500003
0 0.8875872671874999 0.21663750624999997 0.88093125 0.2160036 0.8748034890625 0.21838074999999998 0.8720565609375001 0.2228973328125 0.870577446875 0.22646305625 0.86783051875 0.23684327343749997 0.8724791656249999 0.248491303125 0.8852629437499999 0.24349929062500003 0.8905454984375 0.23248516718749998 0.8984693281249999 0.2208371359375 0.8940319828125001 0.2163997921875 0.8875872671874999 0.21663750624999997
0 0.86106885 0.18208960937500002 0.8593784328125 0.17709759687499999 0.847017259375 0.1759882609375 0.8366634546875 0.177810740625 0.8384595234375001 0.190805821875 0.8417347062499999 0.20720814999999998 0.8459607484375 0.21529045624999998 0.85266585 0.219287728125 0.8596953875000001 0.20649500468749998 0.8623366640624999 0.192628303125 0.86106885 0.18208960937500002
0 0.8586388765624999 0.20181994531249997 0.8663514031249999 0.21386416718749998 0.8739582796875001 0.21782608125 0.8819877609375 0.21536969374999998 0.881776459375 0.2105361578125 0.8813538546874999 0.1949262140625 0.8772334640624999 0.18557609375 0.873746978125 0.18208960937500002 0.8623366640624999 0.1881117203125 0.8586388765624999 0.20181994531249997
0 0.861280153125 0.1316148125 0.8589558296875 0.13185252812499998 0.8527224171875 0.1358144421875 0.8603292937499999 0.149918859375 0.86783051875 0.1559409703125 0.8744865359375 0.1553070640625 0.8775504171874999 0.15562401718750002 0.8767052078124999 0.152929915625 0.874380884375 0.147383234375 0.8726904671875 0.14334208125 0.8741695828125 0.136210634375 0.8704717953125 0.13098090625 0.861280153125 0.1316148125
0 0.848918978125 0.1217100265625 0.8409951484375 0.124483365625 0.8375086640625 0.1260681328125 0.8319091578125001 0.126860515625 0.8291622296875 0.131535575 0.8320148078124999 0.1345466296875 0.8324374125 0.1391424515625 0.8391990796875 0.143579796875 0.8494472343749999 0.15459392031250002 0.853884578125 0.161091459375 0.8609631999999999 0.1583973578125 0.8620197109375001 0.1518998171875 0.8544128343749999 0.1379538765625 0.8527224171875 0.12583041718750002 0.848918978125 0.1217100265625
0 0.7787666718749999 0.112597621875 0.773167165625 0.11362771875 0.7679902625 0.1156086765625 0.7684128671875 0.1181443015625 0.771265446875 0.1210761203125 0.77232195625 0.12432488906250001 0.7748575828125001 0.1267812765625 0.7773932078125 0.1308224296875 0.78964873125 0.13771616250000002 0.8019042546874999 0.1390632125 0.79831211875 0.1245626046875 0.7951425859375 0.12353250625000001 0.78964873125 0.11877820937500001 0.7844718296875001 0.111963715625 0.7787666718749999 0.112597621875
0 0.770103284375 0.12345326875 0.7708428421875 0.1214723109375 0.7703145859375 0.1190159234375 0.7687298203124999 0.11743115781249999 0.7607003390625 0.116401059375 0.7553121359375 0.1179858265625 0.753410415625 0.12218545624999999 0.75372736875 0.12717746875 0.75731950625 0.13438815312500002 0.7671450546874999 0.141123409375 0.77221630625 0.145560753125 0.7857396421875 0.1506320046875 0.7799288328125 0.1441344640625 0.77358976875 0.1379538765625 0.7704202375 0.13098090625 0.7689411234375 0.12796985156250001 0.7694693781249999 0.12583041718750002 0.770103284375 0.12345326875
0 0.7439018203125001 0.14342131875 0.7397814296874999 0.1488887625 0.7416831484374999 0.1500773359375 0.7370345015625 0.150552765625 0.737245803125 0.15459392031250002 0.7454865859375001 0.15633716250000002 0.747177003125 0.1562579234375 0.7745406296875 0.15451468125 0.7653489859375 0.15079048125 0.7560516921875 0.1477794265625 0.7528821609375 0.1475417109375 0.7503465359375 0.1462738984375 0.7450639828125001 0.14350055781249998 0.7439018203125001 0.14342131875
0 0.7288993687499999 0.10649627187499999 0.727208953125 0.10467379218749999 0.7206585859375 0.10578312812499999 0.7203416328125 0.10736789375 0.714213871875 0.10831875312499999 0.709670875 0.1104581875 0.7104104328124999 0.11473705625 0.71400256875 0.1190951625 0.7169608000000001 0.120362975 0.717911659375 0.1245626046875 0.7199190296875 0.1286037578125 0.726046790625 0.131931765625 0.7356610375 0.1358144421875 0.7389362203125 0.1379538765625 0.751508696875 0.136844540625 0.7437961703125 0.130347 0.73756275625 0.11988754531250001 0.7301671828125 0.115133246875 0.7264693953125 0.11228066875 0.72699765 0.10966580468750001 0.7288993687499999 0.10649627187499999
0 0.693717565625 0.097700821875 0.6908649859375 0.09619529375 0.6887519656250001 0.097066915625 0.6879067562500001 0.0995233015625 0.68410331875 0.10007797031250001 0.6809337859375 0.10087035312499999 0.6798772765625001 0.1030890265625 0.6814620421875001 0.10728865624999999 0.6864276421875 0.1118844765625 0.6918158453125 0.11442010312499999 0.6976266546875001 0.115687915625 0.6987888156250001 0.11616334531250001 0.711149990625 0.1137861953125 0.7043883234375 0.1097450421875 0.698683165625 0.10570388906249999 0.69657014375 0.10388140937499998 0.6949853781249999 0.102138165625 0.6948797265625 0.0999987328125 0.693717565625 0.097700821875
0 0.6607544328125 0.11418238750000001 0.659064015625 0.11766887343750002 0.6598035734375001 0.120362975 0.6579018546875 0.12242317031250001 0.6554718796875 0.123770221875 0.6572679484374999 0.1254342265625 0.6637126624999999 0.1273359453125 0.6734325609375 0.1274151828125 0.678820765625 0.12796985156250001 0.687484153125 0.12844528125000002 0.69287235625 0.12717746875 0.6945627734375 0.12440412812499999 0.69657014375 0.11988754531250001 0.6833637609375 0.1196498296875 0.6758625359375 0.1192536390625 0.66931216875 0.1190951625 0.6661426374999999 0.1179065875 0.6628674546875 0.1145785796875 0.6607544328125 0.11418238750000001
0 0.6275799984375 0.12004602187499999 0.6266291390625 0.11806506406249999 0.623037003125 0.11442010312499999 0.6185996578124999 0.113310765625 0.6142679656250001 0.11465781718750001 0.6140566625 0.1179065875 0.6136340578125 0.1189366859375 0.6091967140625 0.120362975 0.6097249687499999 0.12218545624999999 0.6123662453125001 0.12361174531250001 0.6165922890625 0.125038034375 0.620290075 0.1263850859375 0.6240935140625 0.12749442187499999 0.6285308578125 0.127811375 0.6402581265625 0.128128328125 0.640363778125 0.1230570765625 0.638567709375 0.1227401234375 0.63455296875 0.12155155 0.6314890890625 0.12099688125000001 0.6275799984375 0.12004602187499999
0 0.6338134109375 0.134308915625 0.6320173437500001 0.13636911093749998 0.63265125 0.139934834375 0.63328515625 0.1410441703125 0.630432578125 0.14334208125 0.6312777859375001 0.1462738984375 0.6455406796875 0.1460361828125 0.654943625 0.1446891328125 0.65927531875 0.14262893593749998 0.662761803125 0.1381915921875 0.664663521875 0.1332788171875 0.6631844078125 0.1286037578125 0.660014875 0.1307431921875 0.652724953125 0.1339127234375 0.6467028421875 0.1345466296875 0.6416315906250001 0.13510129843750002 0.6393072671875 0.1348635828125 0.6338134109375 0.134308915625
0 0.71896816875 0.16077450625 0.7109386890625 0.15633716250000002 0.706184390625 0.1512659109375 0.7001622796875 0.15110743437500002 0.6960418890625 0.153643059375 0.6948797265625 0.157288021875 0.69530233125 0.15942745625000002 0.6892802203125 0.1606160296875 0.6884350125 0.1643402296875 0.6914988921874999 0.16608347343750002 0.6983662125000001 0.1657665203125 0.699422721875 0.1664796640625 0.703014859375 0.169094528125 0.7103047828125 0.17281872812500002 0.72139814375 0.1747996859375 0.7293219734374999 0.17543359218750001 0.7318575984375 0.165924996875 0.7309067390624999 0.165053375 0.72636374375 0.16283470312499998 0.7242507218750001 0.1618046046875 0.71896816875 0.16077450625
0 0.64068073125 0.161091459375 0.6358207828125 0.158476596875 0.6340247140625 0.1572087828125 0.6312777859375001 0.1578426890625 0.6266291390625 0.159744409375 0.62462176875 0.16069526875 0.6214522375 0.16212155781249998 0.6215578875000001 0.16568728125 0.6226143984375 0.16822290625 0.6287421609375 0.1711547234375 0.6333908078125 0.1729772046875 0.6476537015625 0.1750374 0.659064015625 0.1757505453125 0.65811315625 0.167192809375 0.655894484375 0.1667966171875 0.65071758125 0.165053375 0.643533309375 0.16275546406250002 0.64068073125 0.161091459375
0 0.7211380000000001 0.18871975000000002 0.7189695546875 0.18628024999999998 0.716584265625 0.18481655 0.7147410875 0.1861989328125 0.7113799984375 0.1868494671875 0.708018909375 0.1865242 0.7048746640625 0.18758131718749999 0.7030314859375 0.1895329171875 0.70368201875 0.194981134375 0.7042241296875 0.2020556859375 0.71203053125 0.2066907359375 0.7187527109375 0.209699453125 0.725691734375 0.21018735312499998 0.7352328906250001 0.206772053125 0.7298117796875 0.2066907359375 0.7260169999999999 0.20173041875000003 0.7224390671875 0.19733931875 0.720270621875 0.194981134375 0.7209211546875001 0.1922163671875 0.7211380000000001 0.18871975000000002
0 0.5393139046875 0.099027453125 0.53627808125 0.0974824359375 0.534434903125 0.09544951874999999 0.5315075031250001 0.09276606875 0.5283632578125 0.0915463171875 0.5244600578124999 0.0921968515625 0.5226168796875 0.093579234375 0.522400034375 0.09585610156249999 0.521207390625 0.09715716875 0.5173041890625 0.09853955156250001 0.51860525625 0.1008977359375 0.5218579234375 0.101710903125 0.5252190125 0.10260538593749999 0.5261948125 0.1048009375 0.52695376875 0.10699648749999999 0.5341096359375 0.1084601875 0.5394223265625 0.10862282031249999 0.5460360828125 0.1099238875 0.5513487734375 0.1128512875 0.5516740390625 0.1098425703125 0.5517824609375 0.1076470203125 0.5491803281250001 0.104638303125 0.5439760609375 0.1021174859375 0.5393139046875 0.099027453125
0 0.49120273125 0.1121542359375 0.486582828125 0.11160714218750001 0.47965297187499994 0.11115123125 0.474789915625 0.1105129546875 0.469926859375 0.108233396875 0.4632401578125 0.10485965156249999 0.4570397609375 0.10349191718749999 0.4567966078125 0.10413019375000002 0.45789079531250004 0.10732157499999999 0.45643187812499997 0.1121542359375 0.4541219265625 0.11352197187499999 0.44889414062500005 0.11406906562500001 0.44950202343749995 0.1175339921875 0.45752606562500003 0.119995915625 0.4625106984375 0.11981355 0.4659148390625 0.1202694625 0.4665227203125 0.12181956093749999 0.4687110953125 0.1240079359375 0.47564095 0.124919759375 0.47928824375 0.1241903015625 0.48269238281250004 0.123552025 0.48828489687500004 0.1237343890625 0.4895006609375 0.12382557187500001 0.490716425 0.1223666546875 0.4908380015625 0.12181956093749999 0.490351696875 0.1182634515625 0.49229691875 0.115254434375 0.49120273125 0.1121542359375
0 0.4929048015625 0.16513115625000002 0.493147953125 0.1679578078125 0.49533632968749997 0.16896081406250002 0.49557948124999995 0.1708756421875 0.49667366875 0.17288165312499998 0.50092884375 0.17260810625 0.5071292406250001 0.1701461828125 0.511384415625 0.16622534375 0.51503170625 0.16139268281250002 0.5162474718750001 0.159386671875 0.5141806718749999 0.160024946875 0.510898109375 0.1611191359375 0.505548746875 0.1619397765625 0.5015367265624999 0.1624868703125 0.49776785781250005 0.16303396406249998 0.49545790468749995 0.1636722390625 0.4929048015625 0.16513115625000002
0 0.347722628125 0.1711178296875 0.3449231546875 0.1721676328125 0.3412488453125 0.1721676328125 0.33932420625000004 0.17177395625 0.3379244703125 0.1712490546875 0.33425016093750004 0.17164273125 0.333725259375 0.17361111093749998 0.3356498984375 0.1759731671875 0.3361748 0.177679096875 0.3349500296875 0.180434828125 0.33425016093750004 0.18161585625 0.3347750625 0.18266565937499998 0.339674140625 0.182796884375 0.34282355 0.18174708125 0.3449231546875 0.18135340625000002 0.34877243125 0.1806972796875 0.355071246875 0.1800411515625 0.36067019375 0.1795162515625 0.3622448984375 0.1772854203125 0.363644634375 0.1698055765625 0.3613700625 0.1699368015625 0.35734581875 0.170199253125 0.35612105 0.170199253125 0.35314660781249996 0.170199253125 0.34929733125 0.170592928125 0.347722628125 0.1711178296875
0 0.3779919375 0.11823402187500001 0.3778169703125 0.12007117656249999 0.379041740625 0.1215146546875 0.3797416078125 0.12282690781250001 0.3792167078125 0.1238767109375 0.3779919375 0.1261075421875 0.3792167078125 0.12715734375 0.3828910171875 0.128338371875 0.38866493125 0.127944696875 0.3925142078125 0.12702611875 0.39653845 0.125451415625 0.4007376609375 0.1244016125 0.4058117078125 0.122958134375 0.39863805625 0.118102796875 0.3944388453125 0.1177091203125 0.38726519375 0.11560951562499999 0.380966378125 0.11587196562499999 0.3779919375 0.11823402187500001
0 0.2710870359375 0.1599636765625 0.26111391093749997 0.16153838125 0.25096581875 0.1645565625 0.2549900625 0.16901822500000002 0.2619887453125 0.17164273125 0.2577895359375 0.175579490625 0.259889140625 0.1772854203125 0.2710870359375 0.17636684375 0.2754612140625 0.17308620937500002 0.280535259375 0.170199253125 0.289808515625 0.1675747453125 0.29750706875 0.165606365625 0.306430390625 0.1650814640625 0.3125542390625 0.1660000421875 0.30590548906250004 0.15694549375 0.2968072 0.1562893671875 0.2847344703125 0.15484588906250002 0.2770359171875 0.1551083390625 0.2710870359375 0.1599636765625
0 0.33599983125 0.10589884062499999 0.3298759828125 0.10642374218749999 0.329701015625 0.10891702343750001 0.32935108125 0.1125913328125 0.326726575 0.1136411359375 0.32217743125 0.1174466703125 0.323052265625 0.11836524687500001 0.33407519375 0.11941505 0.3405489765625 0.1198087265625 0.3449231546875 0.12020240156249999 0.35402144375 0.1224332328125 0.3622448984375 0.1244016125 0.3601452921875 0.115478290625 0.35874555625000004 0.11442848750000001 0.3538464765625 0.1115415296875 0.3445732203125 0.10707986875 0.33599983125 0.10589884062499999
0 0.3456230234375 0.11889014843750001 0.3414238125 0.11862769843750001 0.33757453593750003 0.11928382500000001 0.33267545625 0.1225644578125 0.3339002265625 0.1259763171875 0.3412488453125 0.12728857031250002 0.35192183906249996 0.128207146875 0.3585705890625 0.129650625 0.37099325312500003 0.129125725 0.365044371875 0.1244016125 0.3615450296875 0.1240079359375 0.3585705890625 0.12335180937500001 0.3494723 0.1198087265625 0.3456230234375 0.11889014843750001
0 0.20704907499999997 0.1422482578125 0.2042496015625 0.14211703125 0.203374765625 0.14198580624999999 0.200750259375 0.1435605109375 0.20110019375000002 0.145266440625 0.20494947031250002 0.14670991875 0.2058243046875 0.14697236875 0.20599927187499997 0.1484158484375 0.20512443593750002 0.150777903125 0.20809887656249998 0.1524838328125 0.21509756093750002 0.150777903125 0.2180720015625 0.14749727031249998 0.2241958515625 0.1444790875 0.22944486406250003 0.14172335625000002 0.2308446015625 0.1388363984375 0.22769519374999997 0.1398862015625 0.22069650937500002 0.14106722968750002 0.21754710156249998 0.14172335625000002 0.21492259531250002 0.14198580624999999 0.21089835156249997 0.1422482578125 0.20704907499999997 0.1422482578125
0 0.1752050609375 0.13791782187499999 0.1739802921875 0.138049046875 0.1722306203125 0.1398862015625 0.1743302265625 0.14277315937499999 0.17660479843750002 0.1442166375 0.1771297 0.148153396875 0.1781795015625 0.15143403125 0.18500321875 0.15143403125 0.1909521015625 0.148284621875 0.19917555468749998 0.1444790875 0.204074634375 0.14106722968750002 0.20389966718750002 0.13332493437499998 0.1955012453125 0.13686801875000001 0.1906021671875 0.13857394843749998 0.18692785781250001 0.1393613 0.1825536796875 0.139492525 0.17852943593749998 0.1389676234375 0.1752050609375 0.13791782187499999
0 0.1865779234375 0.1598324515625 0.18307858125 0.16127592968749999 0.17992917343749998 0.1658688171875 0.18115394375 0.170330478125 0.18780269375 0.1712490546875 0.2002253578125 0.1671810703125 0.20652417343749999 0.16193205625 0.2112482859375 0.15655181875 0.20967358125 0.153139959375 0.20302483124999998 0.1576016203125 0.197425884375 0.1583889734375 0.1939265421875 0.158913875 0.1902522328125 0.1590451 0.1883275953125 0.159438775 0.1865779234375 0.1598324515625
0 0.1802791078125 0.179385025 0.178704403125 0.1820095328125 0.180454075 0.18673364374999998 0.18500321875 0.1872585453125 0.192001903125 0.18673364374999998 0.1951513109375 0.1859462921875 0.19865065312500002 0.1841091375 0.20319979843749997 0.18148463125 0.2047745015625 0.1772854203125 0.20617423906250001 0.172823759375 0.20389966718750002 0.170592928125 0.20302483124999998 0.17203640781250001 0.19777581875 0.1758419421875 0.1942764765625 0.1770229703125 0.1892024296875 0.177810321875 0.18500321875 0.17846644843749998 0.1802791078125 0.179385025
0 0.25166568749999996 0.250115478125 0.251315753125 0.252477534375 0.252540521875 0.25562694218750004 0.2581394703125 0.255102040625 0.25726463437499997 0.25877635 0.2569147 0.260219828125 0.2653131203125 0.25969492656250004 0.270562134375 0.2570704203125 0.273186640625 0.2522150828125 0.2740614765625 0.242898084375 0.27283670625 0.2368617203125 0.27248677187500003 0.235024565625 0.2717869046875 0.2309565796875 0.2702122 0.23528701562499998 0.2626886140625 0.2407984796875 0.26093894375 0.2432917609375 0.26111391093749997 0.2459162671875 0.25761456875 0.2481470984375 0.25166568749999996 0.250115478125
0 0.22839506250000002 0.2543146890625 0.227345259375 0.25877635 0.23066963437500002 0.2608759546875 0.23539374531249999 0.26126963124999997 0.2367934828125 0.2620569828125 0.2388930875 0.2619257578125 0.2397679234375 0.2620569828125 0.2437921671875 0.2621882078125 0.2478164109375 0.2607447296875 0.24939111406249997 0.25772654687499996 0.25009098281250003 0.255233265625 0.25061588437500004 0.2497218015625 0.2497410484375 0.24434156406250002 0.249216146875 0.238961325 0.2455418390625 0.2388301 0.242567396875 0.240273578125 0.23941798906249998 0.24421033906249998 0.2348688453125 0.2495905765625 0.22839506250000002 0.2543146890625
0 0.2448419703125 0.3154656921875 0.24834131250000002 0.31677794531250003 0.253240390625 0.317040396875 0.25568992968750004 0.31677794531250003 0.26041404218749997 0.318221425 0.2681125953125 0.31612181875 0.2688124640625 0.31270996093750003 0.2677626609375 0.3091668765625 0.2630385484375 0.30588624375 0.2660129890625 0.302080709375 0.26286358125 0.2917139078125 0.2607639765625 0.287645921875 0.259189271875 0.28882694999999997 0.2544651609375 0.2942071890625 0.24939111406249997 0.302474384375 0.2441421015625 0.3104791296875 0.2448419703125 0.3154656921875
0 0.2135228578125 0.290007978125 0.21754710156249998 0.29315738593749996 0.224720753125 0.29132023125 0.22769519374999997 0.292107584375 0.2338190421875 0.29407596406250003 0.23644354843749998 0.29132023125 0.23539374531249999 0.2877771484375 0.23329414062499998 0.2864648953125 0.2311945359375 0.2854150921875 0.23101956875 0.28344671250000003 0.23101956875 0.27426093906250004 0.23154447031249997 0.2646814890625 0.226995325 0.2671747703125 0.2241958515625 0.269799278125 0.2194717390625 0.2733423609375 0.215272528125 0.27846015 0.2135228578125 0.290007978125
0 0.244193884375 0.3767671125 0.2456247453125 0.3830867484375 0.25277905 0.38249055625 0.25500483281249997 0.3818943640625 0.2575485859375 0.38129817187500004 0.2585024921875 0.3801057875 0.26056929218749997 0.377840259375 0.2635899984375 0.3752170140625 0.26247710625 0.3727130078125 0.2615231984375 0.37092443125 0.2615231984375 0.36722804062500003 0.2604103078125 0.3634124125 0.25659467812500003 0.362100790625 0.249281390625 0.3612661203125 0.24149114843750003 0.3582851609375 0.23862942656250002 0.35590039375 0.237516534375 0.358165921875 0.23640364218749998 0.362100790625 0.237516534375 0.36722804062500003 0.2427630234375 0.3711629078125 0.244193884375 0.3767671125
0 0.306833790625 0.3872600921875 0.30794668281250004 0.3843983703125 0.309059575 0.3810596953125 0.3133521578125 0.37593244375 0.3111263734375 0.3723552921875 0.306197853125 0.37247453125 0.3015873015625 0.3723552921875 0.2960228421875 0.3723552921875 0.291094321875 0.374620821875 0.2793294671875 0.3781979734375 0.27424196093750003 0.37855568906250003 0.2758318078125 0.3805827421875 0.2790114984375 0.382967509375 0.283781034375 0.38415989375000004 0.29332010625 0.38570999375000004 0.306833790625 0.3872600921875
0 0.1892575015625 0.43244602656250003 0.18995125156249998 0.43669525 0.1897200015625 0.440337440625 0.18810125 0.4423319734375 0.1853262484375 0.4453671328125 0.184285621875 0.4490960421875 0.18659812343749999 0.4492694796875 0.1926106296875 0.4490093234375 0.1948075078125 0.4488358859375 0.196888759375 0.45013666875 0.20116688906250002 0.4487491671875 0.203479390625 0.44580072656249997 0.2020918890625 0.44293900468749997 0.2004731375 0.4414647859375 0.2022075140625 0.4387765015625 0.20174501406249998 0.4356546234375 0.1995481375 0.43079836875 0.196888759375 0.4270694578125 0.19459048125 0.424351303125 0.19457625625 0.424381175 0.190645003125 0.428023365625 0.1892575015625 0.43244602656250003
0 0.1254324375 0.46132339843750003 0.12231055937499999 0.4645319953125 0.1245074375 0.468347625 0.1304043171875 0.46895465625000005 0.13005744218749998 0.47172965937500005 0.133526196875 0.4732905984375 0.13791994999999999 0.472423409375 0.137341825 0.46938825 0.1359543234375 0.46652652968749997 0.1393074515625 0.465139028125 0.146938709375 0.46010933437499996 0.14797933593749998 0.45794136406249997 0.146476209375 0.45559995625000005 0.1417355796875 0.4546460484375 0.1387293265625 0.456380425 0.134682446875 0.459155428125 0.1254324375 0.46132339843750003
0 0.127976190625 0.4455405703125 0.1299418171875 0.4489226046875 0.137573075 0.4489226046875 0.13953870156249998 0.44970307500000006 0.14393245625 0.4510905765625 0.1478637109375 0.4481421359375 0.146938709375 0.4455405703125 0.1490199609375 0.44415306875000005 0.1519105890625 0.43929681406250004 0.153066840625 0.4320124328125 0.1508699640625 0.43062493125 0.147632459375 0.42958430468750003 0.1430074546875 0.43131868124999995 0.138266825 0.4353944671875 0.13063556875 0.4398171265625 0.127976190625 0.4455405703125
0 0.15584184375000001 0.44016400312500004 0.1617387234375 0.440857753125 0.1641668515625 0.4427655671875 0.1676356046875 0.44380619374999997 0.1734168609375 0.440510878125 0.17283873593750002 0.43678196874999997 0.1699481078125 0.43435384062500004 0.17052623281249998 0.4322725890625 0.1731856109375 0.4269827390625 0.17052623281249998 0.422039765625 0.1669418546875 0.42264679687499995 0.16196997500000002 0.427676490625 0.15792309531249998 0.4329663390625 0.1552637171875 0.4386897828125 0.15584184375000001 0.44016400312500004
0 0.1365324484375 0.421779609375 0.14196682968750002 0.421779609375 0.1425449546875 0.42481476875 0.14566683281249998 0.4264624265625 0.1508699640625 0.4262889890625 0.1550324671875 0.42186632812499997 0.15630434375 0.4106795984375 0.15584184375000001 0.405736625 0.1549168421875 0.40460927968749993 0.153760590625 0.40434912343749996 0.152604340625 0.4039155296875 0.1507543390625 0.40365537187499995 0.14323870625 0.41024600468749994 0.141041828125 0.413107725 0.141041828125 0.41423507031250006 0.136879325 0.4168366359375 0.133526196875 0.42004523281250006 0.1365324484375 0.421779609375
0 0.1502918375 0.53104534375 0.15098558906249998 0.5332133140625 0.15572621874999998 0.5333867515625 0.15665121875000002 0.535034409375 0.1572293453125 0.536942225 0.1633574765625 0.5365953484375 0.16590122812500002 0.534514096875 0.165438728125 0.53156565625 0.1672887296875 0.5297445609375 0.16936998125 0.5274031515625001 0.17052623281249998 0.52488830625 0.172029359375 0.5215929906250001 0.172029359375 0.516389859375 0.171219984375 0.5111867296875 0.163126225 0.5147422015625 0.15792309531249998 0.5208992390625 0.1548012171875 0.5251484625 0.1508699640625 0.527836746875 0.1502918375 0.53104534375
0 0.14751683437500002 0.509452353125 0.1417355796875 0.5112734484375 0.1418512046875 0.5147422015625 0.1447418328125 0.5167367359374999 0.1482105859375 0.5173437671875 0.1485574609375 0.5189047062500001 0.1507543390625 0.5201187703125 0.15607309375 0.51907814375 0.1574605953125 0.5161297031250001 0.1615074734375 0.51266095 0.16902310625 0.50676406875 0.1707574828125 0.5048562546875 0.16231685 0.502775003125 0.15965747187499998 0.5033820343750001 0.1545699671875 0.5063304750000001 0.1497137125 0.508671884375 0.14751683437500002 0.509452353125
0 0.1502918375 0.5055500046875 0.1515637140625 0.5053765671875 0.15225746406250001 0.5072843828125 0.1572293453125 0.5073711015625 0.1615074734375 0.5022546890624999 0.1616230984375 0.496184371875 0.1613918484375 0.4924554609375 0.1615074734375 0.4916749921875 0.15711372031249998 0.48768592499999996 0.15422309218750002 0.4940164 0.15283559062500002 0.4980921859375 0.1500605875 0.5010406265625 0.1478637109375 0.503555471875 0.147285584375 0.5050296921874999 0.1502918375 0.5055500046875
0 0.2041731421875 0.5600094343750001 0.203016890625 0.5617438124999999 0.1996637625 0.5628711562500001 0.1988543859375 0.5636516265625 0.1988543859375 0.5647789703125 0.2008200125 0.5657328781250001 0.2045200171875 0.565646159375 0.20544501718750002 0.566253190625 0.20660126874999998 0.56833444375 0.21018564843749998 0.5698953828125 0.21481065312499997 0.5697219453125 0.21781690468749998 0.5667735046875 0.21920440624999998 0.559489121875 0.2205919078125 0.5542859921875001 0.222557534375 0.547608640625 0.2232512859375 0.544313325 0.22267315937499998 0.5430992625 0.21897315625 0.5463078593749999 0.21261377499999998 0.5501234875 0.21122627343749997 0.5520313015625 0.208566896875 0.5544594296875001 0.20544501718750002 0.5574078703125 0.2041731421875 0.5600094343750001
0 0.17966061718749998 0.5602695921875 0.17966061718749998 0.56183053125 0.178619990625 0.562611 0.177579365625 0.5634781890625 0.1763074890625 0.5646055328124999 0.1750356125 0.565646159375 0.1750356125 0.5665133484375 0.177694990625 0.5668602234375 0.1825512453125 0.5666867859375 0.18451687187500002 0.5666867859375 0.18659812343749999 0.5675539734374999 0.1887950015625 0.56868131875 0.1914543796875 0.56937506875 0.196195009375 0.5687680375 0.19746688437499998 0.566166471875 0.196079384375 0.56269771875 0.19446063125 0.5578414640625 0.19422938125 0.5509039578125 0.1946918828125 0.5463945781249999 0.1927262546875 0.5415383234375 0.190645003125 0.5417984796875001 0.1883325015625 0.5449203578125 0.18578874843749998 0.5483891109375 0.183938746875 0.5508172390625 0.18185749375 0.553852396875 0.1803543671875 0.55654068125 0.17966061718749998 0.5602695921875
0 0.16936998125 0.553765678125 0.1641668515625 0.5546328671875 0.1638199765625 0.55567349375 0.1646293515625 0.5576680265625 0.1665949796875 0.5600094343750001 0.1701793578125 0.559835996875 0.1733012359375 0.559402403125 0.1742262375 0.5610500609375 0.1743418625 0.5627844375 0.17596061406250002 0.5634781890625 0.1795449921875 0.5631313125 0.18127936875 0.5611367796875 0.18185749375 0.5585352140625 0.18185749375 0.5542859921875001 0.1832449953125 0.5463945781249999 0.1850949984375 0.540064103125 0.1855574984375 0.5354680046875 0.1797762421875 0.533993784375 0.1798918671875 0.534340659375 0.1744574875 0.541278165625 0.16983248281250002 0.5477820796875 0.1694856078125 0.5506438 0.1702949828125 0.552985209375 0.16936998125 0.553765678125
0 0.1641668515625 0.590707903125 0.1604668484375 0.59313603125 0.1572293453125 0.5951305640625 0.1549168421875 0.596864940625 0.15318246562499999 0.60068056875 0.15965747187499998 0.60068056875 0.1604668484375 0.6009407265625 0.159888721875 0.6039758859375 0.1620856 0.6051032296875001 0.16879185624999998 0.6040626046875001 0.1730699859375 0.6004204125 0.17838874062500001 0.5953907203125001 0.18127936875 0.5894938390625 0.18197311875 0.58732586875 0.18543984062500002 0.5850679390625 0.1731856109375 0.584897740625 0.16740435468749998 0.58767274375 0.1641668515625 0.590707903125
0 0.1020761640625 0.60701104375 0.103348040625 0.610219640625 0.10635429375000001 0.6127344875 0.11201992499999999 0.615336053125 0.11837930625 0.6135149578125 0.1205761828125 0.612907925 0.12323556093750002 0.6127344875 0.12624181406249999 0.61247433125 0.128554315625 0.6073579203125 0.1289011921875 0.603629009375 0.1298261921875 0.5999868187499999 0.128323065625 0.5982524421875001 0.1239293109375 0.5885399328124999 0.1198824328125 0.5948704078125 0.1136386765625 0.6000735374999999 0.11201992499999999 0.603282134375 0.11213555 0.6049297921875 0.1070480453125 0.60597041875 0.1020761640625 0.60701104375
0 0.159194971875 0.6593892218749999 0.158616846875 0.6614704734375 0.1612762234375 0.6634650078125001 0.1676356046875 0.6626845375 0.1677512296875 0.6638986015625 0.16798248124999998 0.6665868859375 0.171566859375 0.6670204796875 0.1770012390625 0.66190406875 0.178041865625 0.6545329671875 0.1790824921875 0.6477688984375 0.1761918640625 0.6431728 0.1734168609375 0.641351703125 0.171682484375 0.6477688984375 0.16936998125 0.65045718125 0.1667106046875 0.6538392156249999 0.1642824765625 0.65678765625 0.1610449734375 0.6585220328125 0.159194971875 0.6593892218749999
0 0.12866994062499998 0.6826298703125 0.12971056718750001 0.6866189359375 0.1332949453125 0.6880064375 0.1390762015625 0.68687909375 0.140694953125 0.6873126875 0.1425449546875 0.6883533125 0.1483262109375 0.6865322171875 0.1514480890625 0.68054861875 0.152488715625 0.668841575 0.1492512109375 0.6638986015625 0.1482105859375 0.6612970359375 0.1416199546875 0.6666736046875 0.1384980765625 0.672136890625 0.13745745 0.6749986125 0.1351449484375 0.677600178125 0.13190744375000002 0.6801150234375 0.12866994062499998 0.6826298703125
0 0.3098347671875 0.56765446875 0.307782765625 0.56948943125 0.30565184218749997 0.5707916625 0.30407337968750003 0.572449046875 0.30194245625 0.575704625 0.2995747625 0.578723434375 0.29933799375 0.58014405 0.3000483015625 0.580795165625 0.2988644546875 0.5815646671875 0.2937344515625 0.5816830515625 0.2919192203125 0.5818606281250001 0.2931030671875 0.5841691296875 0.2946815296875 0.58541216875 0.297838453125 0.58618166875 0.2970492234375 0.5873063234375 0.294760453125 0.5888453234375 0.2937344515625 0.59062109375 0.294997221875 0.5929887859375 0.29562860625 0.5938174796875 0.29902229999999996 0.5931663640625 0.30138999375000003 0.590976246875 0.3030473796875 0.58955563125 0.303599840625 0.5889637078125001 0.30407337968750003 0.588904515625 0.3054939953125 0.5910354390625 0.3061253796875 0.592041709375 0.3089666125 0.5925152484375 0.3108607671875 0.591804940625 0.3120446140625 0.5899107859375 0.312597075 0.5877206687500001 0.3120446140625 0.58618166875 0.3128338453125 0.584583475 0.31441230625 0.5832220515625 0.315596153125 0.5820382046875 0.31654323125 0.579788896875 0.31812169375 0.5749943171874999 0.3197001546875 0.5704365078125 0.32001584843750003 0.5654643515625 0.3170956921875 0.5606697734375 0.3167903609375 0.5600858265624999 0.315596153125 0.5620903890625 0.312518153125 0.5649316203125 0.3098347671875 0.56765446875
0 0.335958315625 0.5575917718750001 0.33477446875 0.5602554265624999 0.3344587765625 0.5622087734375001 0.33193323750000003 0.5643396984375 0.33011800625 0.5670625453125 0.332327853125 0.568838315625 0.337694625 0.56919346875 0.34148293281250003 0.5692526609375 0.3446398578125 0.5701997390625 0.34850709062499996 0.5717387390625001 0.356478325 0.5725082390625 0.36302894218750004 0.575349471875 0.3548998625 0.5597226953125001 0.34874385937499996 0.5584204640625 0.3444030890625 0.5561119640625 0.3396677015625 0.5556384249999999 0.335958315625 0.5575917718750001
0 0.35513663125 0.59476455625 0.3522954 0.597783365625 0.3524532453125 0.5997367125 0.3543474 0.6019860203125 0.356478325 0.602755521875 0.3545841703125 0.6047680609375 0.3548209390625 0.606366253125 0.3588460171875 0.6078460625 0.3652387890625 0.6070765625 0.36902709843750003 0.6052416 0.3737624859375 0.6049456375 0.38047095 0.6046496765625 0.384259259375 0.6013940984375 0.38804756875 0.5982569046874999 0.3897838765625 0.595711634375 0.39152018593750004 0.5888453234375 0.3881264921875 0.5915681703125 0.3783400265625 0.59369909375 0.3723418703125 0.5952972875 0.367922175 0.596185171875 0.3599509421875 0.595948403125 0.35513663125 0.59476455625
0 0.3847327984375 0.6315821875000001 0.38749510625 0.6321149187499999 0.3931775703125 0.6350153421875 0.3997281890625 0.635370496875 0.4005174203125 0.6328252265625001 0.4013066515625 0.631700571875 0.40399003593750005 0.6313454187499999 0.40493711406250005 0.6291553015625 0.403437575 0.6271427625 0.4033586515625 0.6260773000000001 0.4050949609375 0.624656684375 0.405410653125 0.6223481828125 0.40209588125 0.621815453125 0.398860034375 0.62217060625 0.39665018750000003 0.622584953125 0.3933354171875 0.6227625296875 0.3917569546875 0.6214602984375001 0.3883632609375 0.62033564375 0.3799974109375 0.6182047203125001 0.3745517171875 0.6160146046875 0.373841409375 0.618678259375 0.373841409375 0.62140110625 0.3754198703125 0.6267284156249999 0.37889248750000004 0.6302207640625 0.3847327984375 0.6315821875000001
0 0.3925461859375 0.6831979015625 0.390020646875 0.684559325 0.386705875 0.6859207484375001 0.383706796875 0.6869862109375 0.38323325937499997 0.6879924796875 0.385048490625 0.6902417890625 0.3897838765625 0.690715328125 0.3913623390625 0.690952096875 0.39459818593749996 0.6934973671875 0.3961766484375 0.694326059375 0.3997281890625 0.6955099062500001 0.403437575 0.6944444437499999 0.4059631140625 0.689886634375 0.40809403906249997 0.6838490171875 0.4077783453125 0.6760356296875 0.40738373125000005 0.6724840890625 0.4069101921875 0.6691693187500001 0.4053317296875 0.666032125 0.40399003593750005 0.6637828156250001 0.3943614171875 0.6591658140625001 0.3963344953125 0.6669792015625 0.397281571875 0.67201055 0.39751834218750004 0.6757396671875 0.3955452640625 0.6790544374999999 0.3943614171875 0.68142213125 0.3925461859375 0.6831979015625
0 0.416380965625 0.6530690046875 0.41385542500000005 0.6551999281249999 0.41448681093750006 0.6579227750000001 0.41780158125 0.6630725078124999 0.41969573593750004 0.6643155468749999 0.42143204375 0.663013315625 0.42332619843749997 0.66289493125 0.4249046609375 0.6624213921875 0.4254571234375 0.6624213921875 0.429403278125 0.6613559312499999 0.4301135859375 0.6599353140625001 0.429640046875 0.6589882375 0.4285351234375 0.6578635828125 0.428377278125 0.6568573125 0.4302714328125 0.65401608125 0.432560203125 0.6496950406249999 0.4333494328125 0.6450780390624999 0.4321655875 0.6399874984375 0.42924543125000003 0.637678996875 0.42569389218750003 0.6381525359375 0.423957584375 0.6413489218749999 0.42151096718750003 0.6462026937500001 0.4190643515625 0.651293234375 0.416380965625 0.6530690046875
0 0.42585173750000005 0.6554958890625 0.423641890625 0.6574492359375 0.4237997375 0.6618294687499999 0.42482573749999997 0.6645523171875001 0.42616743125 0.6647890859375 0.431613125 0.6659729328124999 0.431613125 0.668340625 0.43342835625 0.671122665625 0.4400578984375 0.6708858953125 0.44100497499999997 0.6686957796875 0.4396632828125 0.6658545484375 0.44013682187500003 0.6625397765625001 0.4436883609375 0.65922500625 0.4572631359375 0.65478558125 0.45923621406250004 0.6476825015625 0.44913405624999997 0.6440717703125001 0.4422677453125 0.645018846875 0.43816374375 0.6482152328125 0.43177097187499996 0.65324658125 0.42585173750000005 0.6554958890625
0 0.11417038125000001 0.69150979375 0.112867178125 0.6976185593750001 0.10830596562499999 0.6992068375 0.10407055624999999 0.700184240625 0.1003238453125 0.7021390453125 0.0967400375 0.7054377781250001 0.0975545390625 0.7091030375 0.1061882609375 0.708003459375 0.10912046875 0.707881284375 0.10944626875 0.712523946875 0.1174283890625 0.7120352453125001 0.11905739374999999 0.7086143359375 0.11938319374999999 0.7055599531250001 0.12247830156249999 0.7033607984375 0.125410509375 0.6988403125 0.12671371250000002 0.69419765 0.1285056171875 0.6869893078125 0.1285056171875 0.6797809640625 0.1285056171875 0.6783148609375 0.12443310625 0.6775818078125 0.11905739374999999 0.6794144375 0.11498488281250001 0.684423625 0.11417038125000001 0.69150979375
0 0.08924661874999999 0.6978629093750001 0.0939707296875 0.700428590625 0.100812546875 0.6984737859375 0.100486746875 0.700062065625 0.102930253125 0.70177251875 0.10960916875 0.700306415625 0.1123784765625 0.6974963843750001 0.11433328125 0.6886997609375001 0.1151477828125 0.6823466453125 0.11531068281250001 0.6783148609375 0.112867178125 0.6740387250000001 0.11074947187499999 0.673061321875 0.1068398625 0.6808805421875 0.1039076546875 0.6869893078125 0.10178994999999999 0.6907767421875 0.09527393281249999 0.6928537218749999 0.0915272234375 0.6945641765625 0.08924661874999999 0.6978629093750001
0 0.1586421921875 0.7232753734374999 0.160271196875 0.72620758125 0.1633663046875 0.7255967046875 0.167927515625 0.7246193015625 0.1724887265625 0.727551509375 0.1765612375 0.727918034375 0.17900474375 0.7244971265625 0.1785160421875 0.7216870937500001 0.17623543749999998 0.7186327125 0.1746064328125 0.7142343999999999 0.1763983375 0.7094695640625 0.1736290296875 0.7021390453125 0.16418080625 0.707636934375 0.1622260015625 0.710202615625 0.1609227984375 0.7131348234375 0.160596996875 0.718021834375 0.1586421921875 0.7232753734374999
0 0.2132138296875 0.737814234375 0.21891534375 0.7346376765625 0.22038144843750002 0.73109459375 0.22119594999999997 0.7306058921874999 0.22363945625 0.7284067359375 0.22249915312500002 0.7244971265625 0.217286340625 0.7210762171875 0.212888028125 0.717777484375 0.2063720125 0.715211803125 0.2009962984375 0.7137457 0.1993672953125 0.7131348234375 0.1861723625 0.7174109578125 0.193014178125 0.725352353125 0.19904149375 0.729872840625 0.20295110312500003 0.7301171906249999 0.204905909375 0.732560696875 0.20832681718749999 0.735004203125 0.2132138296875 0.737814234375
0 0.210444521875 0.723764075 0.21630893750000002 0.7255967046875 0.22005564687499998 0.7255967046875 0.22184755156249997 0.7248636515625 0.222336253125 0.722420146875 0.2233136546875 0.722542321875 0.23129577499999998 0.722542321875 0.2353682859375 0.718021834375 0.23227317812499998 0.714967453125 0.22706036406250002 0.715333978125 0.2246168578125 0.7141122249999999 0.222662053125 0.71154654375 0.219892746875 0.707881284375 0.2130509296875 0.7021390453125 0.20620911249999999 0.6974963843750001 0.20474300781250002 0.70140599375 0.20392850624999997 0.7053156031250001 0.20392850624999997 0.7117908953125001 0.205394609375 0.7186327125 0.210444521875 0.723764075
0 0.23895209374999998 0.74111296875 0.24367620625000003 0.7419681953125 0.25312442968750004 0.7446560515625 0.2516583265625 0.7406242671875 0.252635728125 0.7396468640625 0.2562195375 0.7359816046875001 0.25475343437500003 0.73146111875 0.24986642187500002 0.73170546875 0.2456310109375 0.73170546875 0.24400200625 0.7303615406249999 0.23308767968750002 0.7255967046875 0.231132875 0.725108003125 0.22787486562499998 0.7307280671874999 0.22803776718750002 0.737447709375 0.23292477968749997 0.7403799171875 0.23895209374999998 0.74111296875
0 0.1198718953125 0.8042776015624999 0.11840579062500001 0.8079428609375 0.117917090625 0.810019840625 0.12084929687499998 0.8120968218750001 0.1262250109375 0.8120968218750001 0.1286685171875 0.8101420171875 0.1320894265625 0.810019840625 0.1358361359375 0.8084315625 0.13616193593749998 0.80598805625 0.13437003125 0.805010653125 0.1309491234375 0.8031780234375001 0.130623321875 0.802567146875 0.1309491234375 0.7985353625 0.130460421875 0.794870103125 0.128016915625 0.792060071875 0.12459600625 0.7880282859375 0.11856869218749999 0.7904717921875 0.1172654890625 0.792426596875 0.117917090625 0.794992278125 0.1198718953125 0.7996349406250001 0.1198718953125 0.8042776015624999
0 0.1363248359375 0.8222373718749999 0.143329553125 0.8240700015625 0.14886816875 0.823214775 0.1511487734375 0.822359546875 0.1535922796875 0.8218708453125 0.1570131890625 0.819671690625 0.1571760890625 0.8179612359374999 0.155058384375 0.817106009375 0.1535922796875 0.8157620812499999 0.152940678125 0.8136851 0.1500084703125 0.8107528937499999 0.14707626406250002 0.8064767578125001 0.143329553125 0.7986575375 0.143003753125 0.7998792906250001 0.14153765000000001 0.803422375 0.13811674062499998 0.8094089640625001 0.13404423125 0.8178390609375 0.1363248359375 0.8222373718749999
0 0.148053665625 0.792426596875 0.14707626406250002 0.7984131875 0.1464246609375 0.8031780234375001 0.14935686875 0.807087634375 0.15131167343750002 0.807576334375 0.15685028750000002 0.8061102312499999 0.15929379375 0.8052550046875 0.1635292046875 0.8056215296874999 0.16906781875000002 0.8031780234375001 0.1666243125 0.7995127656250001 0.16418080625 0.79621403125 0.16385500625 0.7941370515624999 0.1609227984375 0.7866843578125 0.15408098125 0.7792316640625 0.1522890765625 0.779842540625 0.1464246609375 0.7819195203125 0.14446985625 0.7852182546875001 0.1457730609375 0.7881504609375 0.148053665625 0.792426596875
0 0.1609227984375 0.8287126625000001 0.162714703125 0.8305452921875001 0.1667872125 0.83103399375 0.1695565203125 0.83078964375 0.171348425 0.8300565921875 0.17395483125 0.8301787671874999 0.1781902421875 0.8299344171874999 0.17916764375 0.8283461375 0.1781902421875 0.8276130859374999 0.1767241375 0.827368734375 0.1744435328125 0.8262691562500001 0.171674225 0.824558703125 0.170208121875 0.8228482484375 0.16874201718749998 0.8202825671875 0.1671130140625 0.814906853125 0.1649953078125 0.8155177296874999 0.16450660781249998 0.8179612359374999 0.16434370625 0.8213821453125 0.1622260015625 0.8251695796874999 0.1609227984375 0.8287126625000001
0 0.16939361875 0.8163729578125001 0.17004522187499999 0.8205269171875 0.1711855234375 0.8217486703124999 0.1744435328125 0.82125996875 0.1786789421875 0.8202825671875 0.1811224484375 0.8188164640625001 0.18372885625 0.8194273390625 0.187801365625 0.8163729578125001 0.1871497640625 0.8139294515625 0.185194959375 0.8131964 0.1835659546875 0.8128298734375001 0.1819369515625 0.8103863671875 0.18047084687499998 0.8061102312499999 0.177864440625 0.7998792906250001 0.17395483125 0.7942592265624999 0.16939361875 0.7989018890625 0.16857911718750002 0.8028114984375 0.168090415625 0.8053771796875001 0.16857911718750002 0.8112415937499999 0.16939361875 0.8163729578125001
0 0.185357859375 0.8229704234374999 0.18275145312500002 0.827002209375 0.18242565156249999 0.8296900656249999 0.18372885625 0.8316448703124999 0.1918738765625 0.8312783453125 0.1970866890625 0.8329887984375001 0.19969309531249999 0.833599675 0.20229950156249998 0.8328666234375 0.2013221 0.8301787671874999 0.201485 0.8276130859374999 0.20474300781250002 0.8255361046875 0.2093042203125 0.8233369500000001 0.21028162187500002 0.8183277625 0.2081639171875 0.8138072765625 0.20327690468749998 0.8102641921875 0.1967608875 0.8096533156250001 0.19105937343749999 0.813318575 0.18877876875 0.81563990625 0.1871497640625 0.8185721125000001 0.185357859375 0.8229704234374999
0 0.2135396296875 0.8240700015625 0.2120735265625 0.827368734375 0.20881551874999998 0.8326222734375 0.211421925 0.8340883765625 0.2171234390625 0.8326222734375 0.2197298453125 0.8314005203124999 0.22119594999999997 0.8312783453125 0.2246168578125 0.8305452921875001 0.22689746406250003 0.8284683125000001 0.22608296249999998 0.8279796109375 0.22249915312500002 0.827368734375 0.2241281578125 0.8254139296874999 0.22363945625 0.8200382171875 0.21907824374999998 0.8112415937499999 0.2194040453125 0.8084315625 0.2154944359375 0.8090424390625 0.211259025 0.81111941875 0.211096125 0.8150290281249999 0.212725128125 0.8202825671875 0.2135396296875 0.8240700015625
0 0.222824953125 0.8004901671875 0.2259200609375 0.7979244859375 0.227223265625 0.797191434375 0.23308767968750002 0.79609185625 0.2353682859375 0.793770525 0.2342279828125 0.790105265625 0.2304812734375 0.78631783125 0.225268459375 0.7835078 0.22184755156249997 0.78094211875 0.21891534375 0.7788651375 0.2071865140625 0.7783764375 0.2068607140625 0.7803312421874999 0.207838115625 0.78143081875 0.2119106265625 0.7828969234375001 0.2169605390625 0.7887613375 0.217612140625 0.7927931234375001 0.2182637421875 0.79596968125 0.219892746875 0.7995127656250001 0.222824953125 0.8004901671875
0 0.202625303125 0.7684802375 0.20458010781249997 0.765059328125 0.20246240312500002 0.762249296875 0.200344696875 0.7605388421875 0.1967608875 0.75626270625 0.193014178125 0.7539413749999999 0.18877876875 0.7544300765624999 0.180145046875 0.7590727390625001 0.1736290296875 0.7589505625 0.17069682343749998 0.7593170890625001 0.1671130140625 0.76615890625 0.16450660781249998 0.767502834375 0.1708597234375 0.769946340625 0.1798192453125 0.7703128671874999 0.1866610625 0.7682358859375 0.1908964734375 0.7671363078125 0.197901190625 0.767747184375 0.202625303125 0.7684802375
0 0.2233136546875 0.75137569375 0.224942659375 0.750153940625 0.22396525625 0.74624433125 0.22038144843750002 0.743923 0.2182637421875 0.7405020921875 0.21451703281249998 0.7379364109375001 0.20832681718749999 0.737325534375 0.2016479 0.7385472859375 0.19415448125 0.7402577406249999 0.18910456874999998 0.7420903703125 0.18910456874999998 0.7488100125 0.1892674703125 0.7508869921875 0.192851278125 0.755163128125 0.19887859375 0.7543079015624999 0.204905909375 0.7507648171875 0.209955821875 0.750153940625 0.2133767296875 0.7507648171875 0.217775040625 0.75137569375 0.2233136546875 0.75137569375
0 0.2562195375 0.8373871093749999 0.25915174531249996 0.8349436046875001 0.260129146875 0.8334775000000001 0.262735553125 0.8332331500000001 0.267296765625 0.8340883765625 0.26859996875 0.8323779218749999 0.26876286875 0.8278574359374999 0.26338715625 0.82614698125 0.2604549484375 0.8249252281249999 0.25915174531249996 0.8227260734374999 0.24921482031250003 0.8227260734374999 0.251332525 0.8262691562500001 0.25475343437500003 0.83066746875 0.255079234375 0.8328666234375 0.25475343437500003 0.8349436046875001 0.2542647328125 0.8364097078125001 0.2562195375 0.8373871093749999
0 0.30215745312500003 0.8282239625000001 0.30346065625 0.8296900656249999 0.30378645625 0.833355325 0.307207365625 0.837020584375 0.3103024734375 0.8373871093749999 0.3127459796875 0.8332331500000001 0.3151894859375 0.8300565921875 0.3200764984375 0.8294457156249999 0.32366030625 0.8282239625000001 0.32349740625 0.823459125 0.31763299218749996 0.82089344375 0.3140491828125 0.8185721125000001 0.3089992703125 0.81588425625 0.3054154609375 0.8140516265625 0.302320353125 0.8125855234375001 0.30085425 0.812218996875 0.28489000937500003 0.8130742234375001 0.292383428125 0.8145403281249999 0.29384953281250004 0.8213821453125 0.294664034375 0.8254139296874999 0.297107540625 0.8281017859375 0.29938814687500004 0.8283461375 0.30215745312500003 0.8282239625000001
0 0.347280865625 0.7791094890625 0.347280865625 0.7820416953125 0.3503759734375 0.782408221875 0.35314528125 0.78094211875 0.3549371859375 0.779964715625 0.359335496875 0.7805755921875 0.3661773140625 0.7786207875 0.3674805171875 0.7760551062500001 0.36503701093749996 0.7731228984375 0.3614532015625 0.7720233203125 0.35966129687500004 0.7690911140625001 0.35835809375 0.7643262765625 0.3557516875 0.760050140625 0.350701775 0.757362284375 0.3459776625 0.757362284375 0.341905153125 0.7583396859375 0.34174225156250004 0.7633488734375 0.3423938546875 0.767625009375 0.3463034640625 0.7721454953125 0.34744376718750003 0.7745890015625 0.34744376718750003 0.7767881578125 0.347280865625 0.7791094890625
0 0.40559921250000003 0.77141244375 0.4108120265625 0.769824165625 0.41113782656250003 0.7665254328125 0.4135813328125 0.764937153125 0.41781674375 0.7621271203125 0.41586193906249996 0.757606634375 0.4096717234375 0.75626270625 0.40103800156249997 0.755285303125 0.3950106859375 0.7543079015624999 0.38768016875 0.753697025 0.379535146875 0.75357485 0.37334493125 0.754796603125 0.374322334375 0.75601835625 0.381815753125 0.757606634375 0.391589778125 0.762615821875 0.3959880890625 0.7656702046875 0.40054930000000005 0.7679915359375 0.403970209375 0.7703128671874999 0.40559921250000003 0.77141244375
0 0.42775366875 0.7930374734375001 0.42970847343749996 0.7894943890625 0.4271020671875 0.7870508843749999 0.42775366875 0.78375215 0.430197175 0.779842540625 0.426939165625 0.7766659828125 0.41749094218750005 0.7754442296875 0.40739111718750004 0.774833353125 0.3899607734375 0.77336725 0.386539865625 0.774833353125 0.38898337031249997 0.777276859375 0.3954993875 0.7760551062500001 0.40706531718749994 0.7868065328125 0.41749094218750005 0.7894943890625 0.41944574843750004 0.789616565625 0.4220521546875 0.7919378953125 0.42775366875 0.7930374734375001
0 0.3091621703125 0.79364835 0.31388628281250003 0.7918157203125 0.31600398749999997 0.7905939671875 0.3189361953125 0.7892500390625 0.3217055015625 0.7882726359375 0.321868403125 0.7839965015625 0.31844749375000003 0.7795981890625 0.3127459796875 0.7754442296875 0.31046537343749997 0.772512021875 0.3026461546875 0.7683580609375 0.2953156359375 0.7684802375 0.29352373125 0.7687245875000001 0.2863561140625 0.7728785484375 0.29384953281250004 0.7802090671874999 0.3024832546875 0.7855847796875 0.3050896609375 0.7877839359375 0.3054154609375 0.790105265625 0.3039493578125 0.793404 0.3091621703125 0.79364835
0 0.324311909375 0.8031780234375001 0.32366030625 0.8052550046875 0.32333450625000004 0.807576334375 0.324474809375 0.8102641921875 0.32822151875 0.810019840625 0.33490043593749996 0.807331984375 0.3362036390625 0.8078206859374999 0.3425567546875 0.8051328296875001 0.34304545625 0.80097886875 0.33946164687499997 0.8006123421875 0.33669233906249996 0.797069259375 0.33783264218750003 0.7929152984375001 0.33538913593749997 0.7872952343749999 0.3265925140625 0.7815529953125 0.32366030625 0.7853404296875001 0.3212168015625 0.7904717921875 0.32382320781249996 0.79633620625 0.3252893109375 0.8000014656250001 0.324311909375 0.8031780234375001
0 0.314537884375 0.807576334375 0.3174700921875 0.807087634375 0.3207281 0.8043997765625001 0.3213797015625 0.803666725 0.32366030625 0.8015897453124999 0.3256151125 0.7990240640625 0.3256151125 0.795114453125 0.3215426015625 0.7926709484375001 0.31323468125 0.7930374734375001 0.3054154609375 0.7903496171875 0.29938814687500004 0.7902274421875 0.29498983437500004 0.7907161421875 0.294664034375 0.792060071875 0.30215745312500003 0.79621403125 0.30769606718750003 0.7985353625 0.310791175 0.80097886875 0.3112798765625 0.8052550046875 0.3127459796875 0.8069654578125001 0.314537884375 0.807576334375
0 0.24302460468749998 0.765181503125 0.2467713140625 0.7679915359375 0.24986642187500002 0.7705572171874999 0.251006725 0.77336725 0.250029321875 0.7758107546875 0.25377603125000003 0.7787429625 0.259640446875 0.7789873125 0.26110655 0.777154684375 0.26126945 0.774833353125 0.262409753125 0.774711178125 0.267296765625 0.773978125 0.26859996875 0.7721454953125 0.2690886703125 0.7689689375000001 0.26762256562500003 0.767625009375 0.26469035937499996 0.7670141328125 0.26387585625 0.76615890625 0.26403875781249997 0.7631045234375 0.2607807484375 0.759805790625 0.2554050359375 0.75650705625 0.24872611875 0.7529639734375 0.24432780781250002 0.75137569375 0.2420472015625 0.7516200453125 0.2415585 0.7529639734375 0.2410698 0.7557740046875 0.24139560000000002 0.7595614390625001 0.24302460468749998 0.765181503125
0 0.4709222765625 0.7307280671874999 0.4684787703125 0.72669628125 0.466361065625 0.7268184578125 0.46440626093750004 0.7232753734374999 0.461636953125 0.720465340625 0.45332903281250003 0.7235197234374999 0.44257760625 0.73133894375 0.44111150156249995 0.7372033578125 0.441437303125 0.7407464421875 0.4445324109375 0.7445338765625 0.44534691249999997 0.74661085625 0.45023392500000003 0.7457556296875001 0.45870474687499996 0.74135731875 0.46033375000000004 0.7367146578125 0.463917559375 0.7346376765625 0.46864167187500005 0.732805046875 0.4709222765625 0.7307280671874999
0 0.53982915 0.8417854218749999 0.5443903609375 0.8417854218749999 0.54715966875 0.8376314609375 0.5473225687500001 0.8354323046875001 0.550906378125 0.8329887984375001 0.55220958125 0.829812240625 0.5456935640625 0.827368734375 0.5399920500000001 0.8267578578125001 0.53233573125 0.8262691562500001 0.5238649093750001 0.8266356828125 0.5145795859375 0.827002209375 0.5105070765625 0.8284683125000001 0.5165343921875001 0.8321335718749999 0.525819715625 0.8377536359375 0.53200993125 0.8381201624999999 0.533638934375 0.837264934375 0.53754854375 0.8395862656249999 0.53982915 0.8417854218749999
0 0.57941395 0.8382423375 0.5856041656250001 0.8375092859375 0.588047671875 0.8361653562500001 0.58739606875 0.8340883765625 0.590816978125 0.832255746875 0.5916314796875 0.83066746875 0.5926088828125 0.8267578578125001 0.590816978125 0.8239478265625 0.588373471875 0.8228482484375 0.5839751609375 0.8226038984375 0.57697044375 0.822115196875 0.5691512234375 0.819671690625 0.566056115625 0.8185721125000001 0.5626352078125 0.817472534375 0.5549788875 0.8191829890625 0.5510692781250001 0.8227260734374999 0.548462871875 0.8267578578125001 0.5478112703125 0.8284683125000001 0.5515579796875001 0.8274909109375 0.5600288015625 0.8293235390625 0.5704544265625 0.8312783453125 0.575830140625 0.8317670453125 0.57745914375 0.8321335718749999 0.5763188421875001 0.83579883125 0.57941395 0.8382423375
0 0.620464853125 0.8194273390625 0.6237228609375001 0.8184499375 0.62209385625 0.8152733796874999 0.6214422546875 0.8140516265625 0.6245373625 0.81111941875 0.6263292671875 0.8078206859374999 0.6214422546875 0.8048884781250001 0.6113424296875001 0.8046441281250001 0.6028716078125 0.8042776015624999 0.5914685796875 0.8039110765625 0.588536371875 0.804521953125 0.5844638625 0.8051328296875001 0.5763188421875001 0.8119746453125 0.580880053125 0.8113637703125001 0.5948894890624999 0.8141738015625 0.603197409375 0.8155177296874999 0.6077586203124999 0.8185721125000001 0.6146004375 0.8200382171875 0.620464853125 0.8194273390625
0 0.5953781890625 0.794992278125 0.6001023015625 0.79120484375 0.6010797046875 0.7882726359375 0.6023829078125 0.7869287078125 0.6058038156250001 0.7831412734375001 0.5999394015624999 0.7786207875 0.5900024765625 0.7784986125 0.578110746875 0.7778877359374999 0.5694770250000001 0.777521209375 0.565893215625 0.7780099109374999 0.563286809375 0.7827747484375001 0.5675222203125 0.7844852015625 0.580880053125 0.7888835125 0.5888621734374999 0.7891278640625 0.590654078125 0.790105265625 0.5927717828125 0.7945035781249999 0.5953781890625 0.794992278125
0 0.589513775 0.75638488125 0.5900024765625 0.755040953125 0.589839575 0.75137569375 0.5886992734375001 0.7506426421875 0.585767065625 0.7490543625 0.5843009609375 0.747466084375 0.5799026515625 0.7467330328124999 0.5766446421875 0.749787415625 0.575993040625 0.7545522515624999 0.5678480203125 0.7582175109375 0.5644271125 0.7606610171875 0.5629610078125 0.7642041015625 0.563449709375 0.7671363078125 0.5701286265625 0.7668919578125 0.575993040625 0.7629823484375 0.5789252484375 0.7606610171875 0.5820203562499999 0.7596836140625001 0.5864186671875 0.757606634375 0.589513775 0.75638488125
0 0.5347792375 0.7907161421875 0.53966625 0.7930374734375001 0.5461822656249999 0.792060071875 0.5486257718750001 0.790105265625 0.5479741703125 0.7879061109375 0.549928975 0.7865621828125 0.55220958125 0.7832634484375001 0.5494402734375 0.78130864375 0.5447161625 0.7803312421874999 0.5390146484375 0.7793538390625 0.5342905359375 0.775077703125 0.5269600171875 0.7727563734375 0.5183262953125001 0.7720233203125 0.518489196875 0.7783764375 0.5201182 0.7802090671874999 0.5240278109375 0.7827747484375001 0.528751921875 0.7843630265625 0.5347792375 0.7907161421875
0 0.5168601921875 0.7997571156250001 0.5181633953125 0.7996349406250001 0.5189778984375 0.7995127656250001 0.5217472046875 0.8011010437499999 0.526145515625 0.80598805625 0.533801834375 0.8056215296874999 0.5377114453125 0.8028114984375 0.5351050374999999 0.7986575375 0.5357566406250001 0.797191434375 0.5419468562499999 0.794870103125 0.5391775484375 0.7925487718750001 0.5315212296875 0.7926709484375001 0.5266342171875 0.792426596875 0.52239880625 0.7894943890625 0.5178375953125001 0.7858291296875 0.5079006703125 0.7857069546875 0.4958460390625 0.7869287078125 0.49763794375000003 0.7894943890625 0.500895953125 0.79096049375 0.5017104546875 0.79596968125 0.506108765625 0.7976801359375 0.5168601921875 0.7997571156250001
0 0.59700719375 0.7309724171875 0.5963555921875 0.7286510875000001 0.595541090625 0.727551509375 0.5948894890624999 0.7243749515625 0.5914685796875 0.7233975484374999 0.5875589703124999 0.725230178125 0.5815316546875 0.727673684375 0.5764817421874999 0.73121676875 0.5642642109375 0.7435564734375 0.5738753359375 0.7433121234375 0.5836493593750001 0.7387916375 0.5877218703125 0.7369590078125 0.59179438125 0.735370728125 0.595541090625 0.7340268 0.59700719375 0.7309724171875
0 0.61948745 0.7182661859375 0.6165552421875 0.7170444328125 0.6175326453125 0.714967453125 0.6189987484375 0.71166871875 0.6176955453125 0.710324790625 0.610690828125 0.710446965625 0.59717009375 0.7124017703125001 0.59195728125 0.7132569984375 0.5820203562499999 0.7142343999999999 0.5839751609375 0.717899659375 0.6002652015625001 0.7205875171875 0.6087360234375 0.7197322890625 0.6110166296874999 0.7197322890625 0.6141117375 0.7209540421875 0.618021346875 0.7205875171875 0.61948745 0.7182661859375
0 0.6576061453125 0.7192435890625 0.6660769671875 0.7192435890625 0.669172075 0.714967453125 0.668194671875 0.71166871875 0.6699865765624999 0.7086143359375 0.670638178125 0.7050712531250001 0.6607012531249999 0.702505571875 0.648972425 0.702505571875 0.6442483125 0.7020168703125 0.6336597859374999 0.7021390453125 0.6281211718749999 0.702505571875 0.6250260640625 0.7083699859375 0.6338226859375 0.7095917390625 0.6424564078125 0.71166871875 0.6499498265625 0.7144787515625 0.6561400421875 0.7166779062499999 0.6563029421875 0.717899659375 0.6576061453125 0.7192435890625
0 0.685462115625 0.7247414765625 0.683018609375 0.7246193015625 0.679109 0.7247414765625 0.6760138921875 0.7219314453125001 0.6708010796874999 0.7216870937500001 0.669334975 0.7235197234374999 0.670312378125 0.7268184578125 0.6688462734375 0.7291397875000001 0.6650995640625 0.7347598515625 0.665425365625 0.7389138125 0.670475278125 0.7422125453125 0.6758509921875 0.7387916375 0.6784573984375 0.7343933265625 0.685136315625 0.7308502421874999 0.685462115625 0.7247414765625
0 0.655814240625 0.7484434859375 0.65939805 0.7481991359375 0.6608641546875 0.7459999796875 0.6597238515625 0.7442895265625 0.6639592624999999 0.7431899484375 0.6650995640625 0.7406242671875 0.663144759375 0.7379364109375001 0.655162640625 0.737569884375 0.6497869265625 0.73610378125 0.6416419062500001 0.735004203125 0.6326823828125 0.7385472859375 0.6279582718750001 0.7419681953125 0.625514765625 0.7428234218750001 0.6393613 0.742579071875 0.6510901296875 0.7429455984375 0.653044934375 0.7446560515625 0.6538594359375 0.7457556296875001 0.6540223375 0.74661085625 0.655814240625 0.7484434859375
0 0.6421306078125 0.7766659828125 0.650438528125 0.7795981890625 0.655488440625 0.780086890625 0.6611899546875 0.7778877359374999 0.660375453125 0.7753220546875 0.6611899546875 0.7744668265625 0.6644479624999999 0.7708015671874999 0.66167865625 0.767502834375 0.6569545437500001 0.7678693609375 0.6535336359375 0.7686024125 0.648157921875 0.767747184375 0.6440854125000001 0.76603673125 0.6315420796875 0.7656702046875 0.6274695703125001 0.7656702046875 0.630564678125 0.7681137109375 0.6330081843750001 0.7690911140625001 0.6364290921875 0.7715346203125 0.638058096875 0.7736116 0.6421306078125 0.7766659828125
0 0.47493225 0.8103222999999999 0.47541618281250003 0.8121370499999999 0.47815847187499994 0.8146777000000001 0.481868628125 0.81576655 0.4849335390625 0.8138308171874999 0.4846109171875 0.8108062328125 0.48154600625 0.8075396828124999 0.4828364953125 0.806571815625 0.48396567343749997 0.8037891984375 0.48364304999999996 0.80173248125 0.48219124999999996 0.80100658125 0.4794489609375 0.80136953125 0.4762227390625 0.8019744484375 0.4739643828125 0.8011275640625 0.46977029375 0.7994337984375 0.4613821140625 0.7993128140625 0.455897534375 0.7993128140625 0.4497677125 0.7990708484375 0.45412311250000004 0.8037891984375 0.45896244687500004 0.804757065625 0.46912504843749997 0.8053619828125 0.47493225 0.809112465625 0.47493225 0.8103222999999999
0 0.46202735781250004 0.816613434375 0.46428571406249997 0.8181862171875001 0.4679958703125 0.8196380171875 0.470738159375 0.8179442515625001 0.4710607828125 0.8146777000000001 0.470738159375 0.8138308171874999 0.470738159375 0.8127419671875 0.47299651562499995 0.8112901671875001 0.47477093750000005 0.8093544328125001 0.4731578265625 0.8077816500000001 0.468641115625 0.8059668984374999 0.46525358125 0.8058459156250001 0.45993031406249996 0.8060878828125 0.4562201578125 0.8056039484375 0.451542134375 0.8051200156249999 0.43557233125000006 0.8079026328125 0.44137953281250003 0.8079026328125 0.4487998453125 0.8137098328124999 0.455897534375 0.8167344171875 0.4597690015625 0.8161295000000001 0.46089818125 0.8155245843750001 0.46202735781250004 0.816613434375
0 0.6993160406250001 0.8369386375 0.703026196875 0.8393583046875 0.7062524203125 0.8357288031250001 0.7046393078125 0.8329461859375 0.709962575 0.8320993031249999 0.7101238875 0.8300425859375 0.7091560203125 0.8270180015624999 0.7051232421875 0.82653406875 0.70044521875 0.8260501359375001 0.6952832625 0.82399341875 0.686088528125 0.8233885015625001 0.6788295265625 0.8295586531250001 0.6835075500000001 0.8304055359375001 0.6865724609375 0.8314943859374999 0.68866950625 0.8331881531249999 0.693347528125 0.8346399531250001 0.6980255515625 0.8345189703125 0.6993160406250001 0.8369386375
0 0.7009291515625 0.8204849015625 0.7067363531249999 0.8226626015624999 0.7109304421875 0.8218157187499999 0.7149632203125 0.8175813015625 0.7157697765625 0.81504065 0.7198025546875 0.81358885 0.7198025546875 0.8111691828125001 0.7160923984374999 0.805482965625 0.7096399531250001 0.802942315625 0.705607175 0.802942315625 0.6943153953125 0.8004016640625 0.68641115 0.7983449484375 0.6806039484374999 0.797619046875 0.67382888125 0.7983449484375 0.667537746875 0.8046360828125 0.6762485484375 0.8070557484374999 0.688992128125 0.80995935 0.69447670625 0.8131049171875 0.698670796875 0.8152826171875001 0.7002839078124999 0.8172183499999999 0.7009291515625 0.8204849015625
0 0.7662601625 0.7697928765625 0.7594850953125001 0.7697928765625 0.7523874046875 0.7701558265624999 0.7435152921875 0.77112369375 0.741418246875 0.7726964765625 0.7436766031250001 0.77620499375 0.7427087375 0.77838269375 0.741418246875 0.780318428125 0.7415795578125 0.7834639953125 0.7470641375 0.7841898953124999 0.7528713390624999 0.7829800625 0.7590011609375 0.7822541609375 0.7660988515625 0.7821331781249999 0.7690024515625 0.782496128125 0.77593883125 0.7844318625 0.7841656984375 0.7872144796875 0.7857788109375 0.7805603953125 0.7856174984375001 0.7757210609375 0.780616853125 0.77148664375 0.773680475 0.7697928765625 0.7662601625 0.7697928765625
0 0.7756162093750001 0.8030632984375 0.7823912765625 0.8040311656249999 0.7872306109375 0.8030632984375 0.7904568328125 0.80136953125 0.7928765 0.8007646140625001 0.796264034375 0.7989498640625 0.7975545234375 0.79701413125 0.7959414109375 0.794715446875 0.79368305625 0.7915698796874999 0.7912633890625 0.7891502125 0.788037165625 0.7890292296875 0.7830365203125 0.7898761125 0.7796489875 0.792537746875 0.7773906312500001 0.7929006968750001 0.7738417859375 0.7932636468750001 0.7683572078124999 0.7937475796875 0.75593625 0.7962882312499999 0.74932249375 0.79701413125 0.7533552718750001 0.802579365625 0.75738805 0.8033052656249999 0.7633565625000001 0.8035472312499999 0.77287391875 0.802942315625 0.7756162093750001 0.8030632984375
0 0.7881984765625 0.8088704999999999 0.7923925671875 0.808386565625 0.79368305625 0.802942315625 0.7899729 0.80136953125 0.7890050328125 0.7993128140625 0.78916634375 0.7962882312499999 0.7883597890625 0.793989546875 0.785133565625 0.7935056140625 0.782229965625 0.79483643125 0.779971609375 0.796530196875 0.777068009375 0.7987078984375 0.77287391875 0.802942315625 0.76851851875 0.8049990328125001 0.759969028125 0.8052409984375 0.7538392046875 0.8062088656249999 0.7491611828125 0.8075396828124999 0.7491611828125 0.8081445984375 0.7506129828125 0.8120160671875001 0.75738805 0.8127419671875 0.7675506515625 0.8125 0.7786811203124999 0.81141115 0.7825525875 0.80923345 0.7846496328125 0.8088704999999999 0.7881984765625 0.8088704999999999
0 0.8207833265625 0.8444396046874999 0.827235771875 0.845044521875 0.8362691968749999 0.842866821875 0.8353013296875 0.8400842046875001 0.8338495296874999 0.8388743703125 0.8393341078125 0.836091753125 0.8399793515624999 0.8325832359374999 0.83497870625 0.8329461859375 0.8294941281250001 0.8331881531249999 0.8259452828124999 0.8318573359375 0.8212672609375 0.8293166859375001 0.813524325 0.828106853125 0.8070718796874999 0.82834881875 0.796909278125 0.8329461859375 0.7959414109375 0.8323412703124999 0.7961027234375 0.8356078203124999 0.7975545234375 0.8375435546875 0.8038456578125001 0.8397212546875 0.8117499031250001 0.8406891218749999 0.8207833265625 0.8444396046874999
0 0.7180281328125 0.6820799453124999 0.7162537109375 0.678934378125 0.7135114203125 0.676030778125 0.712704865625 0.673127178125 0.71076913125 0.6710704609375 0.7072202859375001 0.67046554375 0.7036714421875 0.671675378125 0.701574396875 0.67300619375 0.69754161875 0.6740950453125001 0.6954445734375 0.6750629109374999 0.6943153953125 0.6766356953125 0.6954445734375 0.6784504453125 0.6962511296875 0.6788133953125 0.698670796875 0.6822009296875 0.701251775 0.686435346875 0.70496193125 0.69054878125 0.7086720859375 0.6969608984375 0.711898309375 0.7051877656250001 0.714156665625 0.7047038328124999 0.715608465625 0.6993805656250001 0.7167376437499999 0.6932104140625001 0.7173828875 0.6867982968749999 0.7180281328125 0.6820799453124999
0 0.71222093125 0.6755468453125 0.7159310875 0.674578978125 0.7175442000000001 0.67046554375 0.723835334375 0.67010259375 0.725932378125 0.6681668593750001 0.7251258234375 0.6629645765625 0.7198025546875 0.6606658921874999 0.713350109375 0.6565524578125 0.703026196875 0.650866240625 0.6894760609375 0.6473577234375 0.6851206609375 0.649414440625 0.687540328125 0.6561895078125 0.701251775 0.6676829265625 0.7083494640625 0.6681668593750001 0.7096399531250001 0.6696186609375 0.7096399531250001 0.673490128125 0.71222093125 0.6755468453125
0 0.6212414500000001 0.6786924125 0.6207575171874999 0.6750629109374999 0.6207575171874999 0.6732481609375001 0.62204800625 0.6692557109374999 0.619467028125 0.66719899375 0.6133372046875001 0.6673199765625 0.606239515625 0.66901374375 0.598657890625 0.6702235765625 0.59091495625 0.67264324375 0.586236934375 0.6743370109375 0.579461865625 0.676030778125 0.581720221875 0.678934378125 0.583978578125 0.678934378125 0.6004323140625 0.6786924125 0.6080139375 0.6791763453125 0.613498515625 0.6802651953125001 0.61753129375 0.6809910953125 0.6212414500000001 0.6786924125
0 0.862885534375 0.8352448703125 0.8599819328124999 0.8318573359375 0.86030455625 0.8312524203124999 0.8630468453125 0.8275019359375 0.8619176671875 0.82399341875 0.856110465625 0.823146534375 0.8491740875 0.8233885015625001 0.8398180406250001 0.82399341875 0.8314298625 0.8215737515624999 0.8219125046875 0.8270180015624999 0.8327203515624999 0.8311314359375 0.844657375 0.8340350359375 0.8490127765625 0.8339140531250001 0.8504645765625 0.8345189703125 0.8562717765625001 0.8365756875000001 0.862885534375 0.8352448703125
0 0.8962769390625 0.79737708125 0.8970834953125 0.7950783968749999 0.8959543171875 0.7922957796875 0.893050715625 0.7924167640625 0.8907923609375 0.7902390625 0.8888566265625 0.7880613624999999 0.88675958125 0.7853997296874999 0.8854690921874999 0.7856416953124999 0.8828881140625 0.788182346875 0.88385598125 0.791448896875 0.8843399140624999 0.7941105312500001 0.8817589359375001 0.7956833140625 0.8751451796874999 0.7971351140625 0.873209446875 0.7983449484375 0.8678861781249999 0.8008855984375 0.8670796234375 0.8042731312500001 0.86901535625 0.8071767328125 0.8688540453125 0.8088704999999999 0.8782100921874999 0.8077816500000001 0.8848238484375001 0.804394115625 0.8875661375 0.801853465625 0.8899858046875 0.79991773125 0.8925667828125 0.7993128140625 0.8962769390625 0.79737708125
0 0.8991805390625001 0.7858836625000001 0.9017615171875001 0.780318428125 0.8964382499999999 0.778503678125 0.8956316937500001 0.7764469609375 0.8974061171875001 0.7731804109375 0.8919215390625 0.77257549375 0.8877274484375001 0.7739063109375001 0.8846625375 0.776325978125 0.8727255125 0.7778987609375 0.8696606015624999 0.7816492453125 0.868047490625 0.7874564453125 0.8662730671875 0.7903600468749999 0.8688540453125 0.791448896875 0.8719189578125001 0.7920538140625 0.885791715625 0.7887872625 0.8907923609375 0.7863675953125 0.8915989156249999 0.7860046453125 0.8948251390624999 0.7873354625 0.8991805390625001 0.7858836625000001
0 0.8993418500000001 0.7593883078125 0.8980513609375 0.756726675 0.8969221828125 0.7543070078125 0.8974061171875001 0.7505565234375 0.8854690921874999 0.7478948890625 0.8780487796875001 0.74849980625 0.8688540453125 0.752613240625 0.8643373343749999 0.756605690625 0.8625629109374999 0.7607191249999999 0.8619176671875 0.7654374749999999 0.8756291140625001 0.7644696093750001 0.8835333593750001 0.762170925 0.88675958125 0.762896825 0.8914376046875001 0.765558459375 0.8980513609375 0.764348625 0.8993418500000001 0.7593883078125
0 0.8886953156249999 0.7739063109375001 0.8936959609375 0.7720915609375 0.8917602265625 0.7706397593750001 0.8922441609374999 0.7697928765625 0.8919215390625 0.7674941921875 0.8896631828125001 0.765921409375 0.884985159375 0.7666473093749999 0.8819202484374999 0.76822009375 0.8775648468749999 0.76822009375 0.86917666875 0.7687040265625 0.857723578125 0.77003484375 0.8562717765625001 0.77330139375 0.8630468453125 0.77584204375 0.8722415796874999 0.7760840109375 0.879016646875 0.77547909375 0.8886953156249999 0.7739063109375001
0 0.9038585625 0.7224883859375 0.9035359406250001 0.7178910187499999 0.900471028125 0.7152293843749999 0.8977287390625 0.713777584375 0.8948251390624999 0.7106320171875 0.88982449375 0.7094221828125 0.882081559375 0.7120838171874999 0.8769196031250001 0.719221834375 0.8736933796875 0.7272067359375 0.8746612468749999 0.7308362374999999 0.875306490625 0.7339818046875 0.8775648468749999 0.7351916375 0.88385598125 0.7334978703125 0.8938572718750001 0.728900503125 0.896115628125 0.72551296875 0.8970834953125 0.7246660859375 0.9012775843749999 0.72442411875 0.9038585625 0.7224883859375
0 0.9009549625 0.697565815625 0.9007936515624999 0.69345238125 0.8970834953125 0.6911536968750001 0.8956316937500001 0.687524196875 0.8951477609375 0.6843786296875 0.8912762937500001 0.6826848625 0.8836946703124999 0.6877661640625 0.8754678015625 0.690427796875 0.8720802687500001 0.6921215640625 0.8712737125000001 0.69925958125 0.8682088015625 0.701558265625 0.868047490625 0.7032520328125 0.8764356687499999 0.703010065625 0.8841786031250001 0.700469415625 0.8893405609375 0.69853368125 0.8928894046875 0.6980497484375 0.896760871875 0.6995015484375 0.9009549625 0.697565815625
0 0.8722415796874999 0.6901858296875 0.871757646875 0.6874032140625 0.8688540453125 0.6870402624999999 0.8654665125 0.6863143625 0.8622402890625 0.685346496875 0.8591753765625001 0.6841366625 0.8544973546874999 0.685709446875 0.8551425984375 0.694057296875 0.8562717765625001 0.699743515625 0.856917021875 0.7070025156249999 0.8588527546875 0.7129307 0.8630468453125 0.7149874171875 0.871757646875 0.7149874171875 0.868047490625 0.7084543171875 0.8669183125 0.7024051484375 0.8688540453125 0.69780778125 0.8701445343750001 0.69563008125 0.8720802687500001 0.6935733640625 0.8722415796874999 0.6901858296875
0 0.84981933125 0.7057926828125 0.8453026203125 0.7010743328125 0.8390114859375 0.7003484328125 0.8304619953125 0.7073654671875 0.8356239515624999 0.7153503671875 0.842076396875 0.7228513359375001 0.847238353125 0.7282955859375 0.8525616203125 0.7301103375 0.856110465625 0.730715253125 0.8559491546875 0.7284165703125 0.8541747328125 0.7210365859375 0.8536907984375001 0.7164392187499999 0.8551425984375 0.713051684375 0.8538521093749999 0.7106320171875 0.84981933125 0.7057926828125
0 0.8219125046875 0.649414440625 0.8230416828125 0.64747870625 0.82610659375 0.6448170734375 0.8259452828124999 0.6410665890625 0.8232029937500001 0.63985675625 0.8201380828125 0.6399777390625 0.8149761265625 0.6385259390625 0.8078784359375 0.64021970625 0.8067492578125 0.647236740625 0.811104659375 0.654495740625 0.8167505484375001 0.6558265578125 0.8201504906249999 0.6571015359375 0.82029939375 0.656431475 0.8211059484375 0.6513501734375 0.8219125046875 0.649414440625
0 0.8477222859375001 0.6275164531249999 0.8407859078125 0.6207413859375001 0.8330429734375 0.62122531875 0.8278810171875 0.6213463031249999 0.8222351265625001 0.6232820359375 0.825138728125 0.6280003875 0.824332171875 0.633565621875 0.8315911734375 0.6396147890625 0.8401406640625 0.649414440625 0.8422377078125001 0.6547377078125 0.8491740875 0.648688540625 0.8504645765625 0.6436072390625001 0.8483675312500001 0.64021970625 0.8457865531250001 0.6333236546875 0.8477222859375001 0.6275164531249999
0 0.9048264296875 0.6046506 0.8980513609375 0.6016260156250001 0.89353465 0.5986014328125 0.8914376046875001 0.5963027484375 0.8885340046874999 0.5971496328125 0.8791779578125001 0.6058604328125 0.873209446875 0.612756484375 0.8730481359375 0.6192895859374999 0.8762743578125001 0.6243708859375 0.8757904249999999 0.626064653125 0.8948251390624999 0.6171118859375 0.8980513609375 0.6129984515625 0.900471028125 0.6113046843750001 0.9053103625000001 0.6096109171874999 0.9048264296875 0.6046506
0 0.855303909375 0.5708962453125 0.853206865625 0.5733159109375 0.847560975 0.5725900109375 0.839172796875 0.5717431281249999 0.837720996875 0.5814217968750001 0.8423990187499999 0.58880178125 0.84546393125 0.595092915625 0.8549812875 0.6015050328125 0.8630468453125 0.601263065625 0.8625629109374999 0.5993273328125001 0.8598206218750001 0.59279423125 0.8607884890624999 0.5848093296875 0.8562717765625001 0.5809378625 0.8593366890624999 0.5774293453125 0.8622402890625 0.5747677125 0.855303909375 0.5708962453125
0 0.844334753125 0.5287940375 0.8386888625 0.5273422375 0.834010840625 0.5284310875 0.8273970828125 0.5280681375 0.8214285718750001 0.5333914046875 0.8246547937500001 0.5412553234375 0.8241708609374999 0.547667440625 0.8273970828125 0.556136275 0.8348173953125 0.559160859375 0.8359465734375 0.56254839375 0.83514001875 0.556983159375 0.840301975 0.5474254734375 0.8399793515624999 0.53992450625 0.8422377078125001 0.5376258234375 0.8485288421874999 0.5342382890625 0.844334753125 0.5287940375
0 0.9033746296875 0.494797715625 0.9027293843749999 0.49177313125 0.896760871875 0.4912891984375 0.8938572718750001 0.4894744484375 0.8893405609375 0.4857239640625 0.8833720484375001 0.48632888124999996 0.8806297593749999 0.4921360828125 0.8801458249999999 0.4975803328125 0.8782100921874999 0.50471835 0.8762743578125001 0.5137921015625 0.8846625375 0.519962253125 0.8851464703125 0.5124612859375001 0.8922441609374999 0.5020567171875 0.895309071875 0.49975803281250003 0.89724480625 0.49745935 0.8999870953125001 0.4961285328125 0.9033746296875 0.494797715625
0 0.8775648468749999 0.5072590015625 0.8765969796874999 0.4995160671875 0.8740160015624999 0.49322493281249996 0.8719189578125001 0.4928619828125 0.8656278234375 0.49370886562500005 0.8611111109375 0.4927409984375 0.8562717765625001 0.4916521484375 0.8522389984375 0.494797715625 0.8549812875 0.4987901671875 0.85433604375 0.5004839328124999 0.8525616203125 0.5030245843750001 0.8596593109375 0.50967866875 0.8607884890624999 0.5189943859375 0.8599819328124999 0.5256484703125001 0.8672409343749999 0.5248015875 0.8683701125000001 0.5238337203125 0.8727255125 0.518873403125 0.876113046875 0.5134291515625 0.8775648468749999 0.5072590015625
0 0.24748579999999998 0.135270775 0.240677521875 0.1345413171875 0.237030228125 0.13581786875 0.237030228125 0.1383709734375 0.23678707656250003 0.1394651609375 0.2316808671875 0.14092407812500002 0.23095140781249998 0.1434771828125 0.2360576171875 0.14639501562499999 0.24140697968749997 0.1474892046875 0.24335220156249998 0.1491304859375 0.2462700359375 0.152230684375 0.25356462031250004 0.1542366953125 0.2632907328125 0.1536896015625 0.264992803125 0.1474892046875 0.2632907328125 0.1467597453125 0.259643440625 0.144753734375 0.254294078125 0.1400122546875 0.24748579999999998 0.135270775
0 0.048100490625 0.283897934375 0.0561245328125 0.285539215625 0.06025813125 0.28590394531249996 0.0665801046875 0.284992121875 0.07314522968750001 0.28152719375 0.0763062171875 0.27769753750000004 0.0787377453125 0.274779703125 0.077765134375 0.271497140625 0.0716863140625 0.2700382234375 0.0665801046875 0.26967349375 0.06001497812499999 0.2678498484375 0.052234087500000005 0.26620856718749997 0.0444531984375 0.26748511875 0.04299428125 0.27040295312499996 0.040076446875 0.2744149734375 0.040562753125 0.2797035484375 0.0444531984375 0.28243901718750003 0.048100490625 0.283897934375
0 0.166272759375 0.23958333281250002 0.167974828125 0.2390362390625 0.17016320468749999 0.24031279218749999 0.17599887187500002 0.24104225 0.1828071515625 0.24031279218749999 0.18548183125 0.23502421875 0.1840229140625 0.231559290625 0.18256399843749999 0.22718253906250002 0.1801324703125 0.221893965625 0.175512565625 0.21788194375 0.17137896875 0.216423028125 0.16773167656250002 0.22408234062500001 0.1643275359375 0.22937091562499998 0.16335492499999998 0.23247111406249998 0.1628686203125 0.2357536765625 0.16311177187499998 0.2392186046875 0.166272759375 0.23958333281250002
0 0.17599887187500002 0.2228057890625 0.1774577890625 0.22645308125 0.178673553125 0.22809436249999998 0.1794030109375 0.2313769265625 0.1798893171875 0.2341123953125 0.1845092203125 0.233747665625 0.18864281875 0.2311945609375 0.1891291234375 0.22918855 0.1903448875 0.22426470625 0.1925332625 0.219705590625 0.1971531671875 0.2133228296875 0.197882625 0.206757703125 0.1903448875 0.2085813484375 0.1842660671875 0.2109520890625 0.180375621875 0.2136875578125 0.17770094218750002 0.2182466734375 0.17599887187500002 0.2228057890625
0 0.13952595 0.26474965 0.143173240625 0.269308765625 0.1492520625 0.271497140625 0.14876575625 0.273685515625 0.15192674374999998 0.27787990156250003 0.158735021875 0.274779703125 0.159221328125 0.27040295312499996 0.1604370921875 0.26748511875 0.16311177187499998 0.2643849203125 0.1696768984375 0.256360878125 0.17016320468749999 0.25253122031249997 0.1687042875 0.2503428453125 0.1628686203125 0.2527135859375 0.15314250625 0.25800215937500004 0.143659546875 0.2603728984375 0.13952595 0.26474965
0 0.165786453125 0.27769753750000004 0.16262546718749998 0.2818919234375 0.1621391609375 0.2851744859375 0.1643275359375 0.2880923203125 0.17308103749999998 0.2910101546875 0.17599887187500002 0.29301616406250003 0.1791598578125 0.294110353125 0.18232084531249998 0.2910101546875 0.18110508125 0.2846273921875 0.180618775 0.2806153703125 0.1815913859375 0.275873890625 0.18548183125 0.269855859375 0.1820776921875 0.259643440625 0.176242025 0.2561785125 0.1747831078125 0.2589139828125 0.17259473281249998 0.26219654531250003 0.1699200515625 0.26748511875 0.1670022171875 0.2729560578125 0.165786453125 0.27769753750000004