0 0.5608009328125 0.4014172796875 0.5608576546874999 0.3992087390625 0.5595193109375 0.39665236875 0.5547329921874999 0.3947181125 0.55239905625 0.3954945015625 0.5518193421875 0.39781961093749996 0.550173484375 0.39913800625 0.5469674734375001 0.39944999999999997 0.5418144203125 0.39964698906249996 0.5377275109374999 0.400850690625 0.5322846 0.4022102328125 0.5221057640625 0.40473514218749995 0.5206438999999999 0.40597592968749996 0.5172060046875 0.407217965625 0.5142331312499999 0.4085759453125 0.5132551953125 0.4091964953125 0.5087536578125 0.41338387968749996 0.51738491875 0.4144245515625 0.5228190015624999 0.414421115625 0.5315750359375 0.41364066250000003 0.5361950171875 0.4129403171875 0.5421810765624999 0.41270405625000006 0.5474412453124999 0.4133981515625 0.5516831625 0.412233096875 0.5548299515624999 0.41017758437499996 0.5556818640625 0.4094021328125 0.5632381546875 0.410792196875 0.5652809859375 0.40920233125000005 0.5639615499999999 0.40590978125 0.5617712906250001 0.404128865625 0.5608009328125 0.4014172796875
0 0.5499594906249999 0.3517908984375 0.5529827578125001 0.3535325421875 0.557866109375 0.3557379578125 0.5657135078125 0.3579414984375 0.5653140359375 0.3542609109375 0.560448340625 0.3493432828125 0.5538498296875 0.34609281875 0.5520842781249999 0.34194814687499997 0.5496508046875 0.33850131875 0.5465607390625 0.338348290625 0.5455349093749999 0.339821275 0.5458461734375 0.3418746015625 0.5439482734375 0.342883190625 0.5397945625 0.3456755078125 0.540803984375 0.3488907625 0.5459293015625 0.35078605937499996 0.5499594906249999 0.3517908984375
0 0.52133753125 0.3081038546875 0.524244853125 0.3103105203125 0.5282183203125 0.31352389999999997 0.5315818359375 0.31720261562499996 0.54084695625 0.32494589375 0.5475828171875 0.330947215625 0.5502746625 0.329395684375 0.551620584375 0.3286199203125 0.5511341562500001 0.325288096875 0.5473207765625 0.314829171875 0.5429465875 0.3059591734375 0.5417216859375 0.298985721875 0.5279739359375 0.29469364531250003 0.5254660828125 0.29616756875 0.52454736875 0.2985316375 0.5212153374999999 0.298688728125 0.5180105796875 0.30097675156250003 0.518060971875 0.304076375 0.52133753125 0.3081038546875
0 0.57521075 0.31918979375 0.573663178125 0.322755375 0.5742642984375 0.323646146875 0.58423515625 0.3292192203125 0.5882376078125 0.3323163453125 0.5938581843749999 0.3361873578125 0.6011157875 0.34009608281250003 0.6049405765625 0.33796265000000003 0.6026230453125 0.3340508 0.6026419515625 0.33331462031250003 0.6047515828125001 0.3301361390625 0.60244413125 0.3268442125 0.59594390625 0.3258409375 0.5863624421875 0.3233285265625 0.580480996875 0.32050381250000004 0.57521075 0.31918979375
0 0.5829055624999999 0.340495059375 0.58088921875 0.338016609375 0.5819616109375 0.34890347187500004 0.5852986421875 0.3566505 0.5879942359375 0.36102706093750003 0.5922209953124999 0.366526275 0.5982776078125001 0.37062948906250004 0.6066479984375001 0.3727164609375 0.6087198125 0.371010340625 0.608436284375 0.3668647296875 0.602611559375 0.3618314734375 0.59772695625 0.357650028125 0.5925991390625 0.351802671875 0.5871033359375 0.3461105296875 0.5842149203125 0.343167684375 0.5829055624999999 0.340495059375
0 0.589689034375 0.2604883203125 0.5877408625 0.260546434375 0.58448649375 0.2639045296875 0.5910580875 0.2666307078125 0.59955009375 0.2703795484375 0.6091669609375 0.2764029546875 0.61653594375 0.2807782046875 0.62460058125 0.28333279375 0.6269724531249999 0.2786669703125 0.625719934375 0.276904421875 0.6256033999999999 0.27252458281249997 0.62692439375 0.270134703125 0.622883759375 0.26695186875 0.6122881625 0.26485393749999997 0.6054334906250001 0.264232571875 0.5970136296875 0.2621332640625 0.589689034375 0.2604883203125
0 0.5962405562499999 0.20900598124999997 0.5916208046875 0.2120236484375 0.5933858015625 0.21463910312499998 0.607938759375 0.22316219531249998 0.6191467359375 0.2266817890625 0.6268283921875 0.23077243281249998 0.632319515625 0.23395435 0.6359161484375 0.2321318515625 0.6310059765625 0.2256504109375 0.6298959156249999 0.22428594687499998 0.6343880078125 0.221780296875 0.6342011624999999 0.21865190625 0.625183715625 0.2160410390625 0.6145178078125 0.21519455625 0.6025272375 0.21093599218749998 0.5962405562499999 0.20900598124999997
0 0.5707422828125 0.20754317812499998 0.56975988125 0.2056666953125 0.5687941109375 0.20760129374999997 0.5681872375 0.21488257187499998 0.5729697484375 0.22187602968750003 0.578318415625 0.2246598640625 0.5857429125 0.2268735640625 0.594960165625 0.23062194531250002 0.5985993515625 0.22862877343750002 0.5990951984375 0.225670596875 0.5976428734375 0.222770534375 0.5942146187499999 0.22100936249999997 0.5884681734375 0.2188514796875 0.577600625 0.21396650468749998 0.5707422828125 0.20754317812499998
0 0.5845812390625 0.1888771359375 0.5896875453125 0.190694128125 0.5935838875 0.1905779 0.5948475328125 0.1874485921875 0.593365615625 0.182728325 0.592353621875 0.1790316359375 0.5901334984375 0.1763027046875 0.5834490390625 0.174998646875 0.5793824828125 0.1757975671875 0.5740356515625 0.1759147125 0.5695713171875 0.1773395875 0.577467575 0.183477846875 0.5845812390625 0.1888771359375
0 0.7071327296875001 0.2101872390625 0.7000782515624999 0.20842835937499998 0.696039453125 0.2081465046875 0.6943780296875001 0.2119017671875 0.7025573656249999 0.21593521249999997 0.711802375 0.2186028171875 0.71609833125 0.2207616140625 0.7181186484375 0.2223530328125 0.7233544515625 0.22655898749999998 0.730096259375 0.2286024734375 0.7315023609375 0.22587125156250001 0.729879821875 0.2236538796875 0.7316133890625001 0.22154815 0.7348973515624999 0.2200102578125 0.73371514375 0.21699626093750002 0.729731859375 0.21455285625 0.7214119 0.2130223046875 0.7071327296875001 0.2101872390625
0 0.6454077671875 0.1300795703125 0.6364495046875 0.13110911249999999 0.62749124375 0.1321386546875 0.6179631578125 0.1315758609375 0.6097153453125 0.1316948421875 0.605051203125 0.131982203125 0.5998338671875 0.1344883109375 0.60643321875 0.13613371406250002 0.626188715625 0.14124059687499999 0.6344235671875 0.1431124921875 0.640910053125 0.146180015625 0.6462864796875001 0.147883075 0.65136319375 0.1478798640625 0.6538645609375 0.14560300312500002 0.6555407796875 0.1427578421875 0.653220753125 0.1394601546875 0.6504326375 0.13803986875000002 0.6520810984375001 0.13627548437499998 0.6544400078125 0.1336005390625 0.65323004375 0.1316673171875 0.6454077671875 0.1300795703125
0 0.578602071875 0.11106636406249999 0.5880450515625 0.11197050312500001 0.5928498156249999 0.10918024687500001 0.5933456609375 0.1062220703125 0.5897176 0.1033233828125 0.5903411078125 0.0998531890625 0.590041396875 0.09814691875 0.5799582796875 0.09690189375 0.5748834 0.099806084375 0.5714736125 0.10475697343749998 0.564480153125 0.1095394828125 0.5634440734374999 0.1127255296875 0.5665300625 0.11295110625 0.578602071875 0.11106636406249999
0 0.6675923703125 0.1535577953125 0.675644046875 0.1581032609375 0.6887021265625 0.16389696250000002 0.6980618359374999 0.1680434265625 0.70848721875 0.17082405 0.70942523125 0.1699702265625 0.70774350625 0.16411244687499998 0.7072735828125001 0.1630888671875 0.70963249375 0.160413921875 0.7094604453125 0.1581956328125 0.7035289890625 0.15581034375 0.6933459656250001 0.1539965609375 0.6754979203125 0.1519032171875 0.6710465484375 0.1513372125 0.6675923703125 0.1535577953125
0 0.7409049703125 0.1629538296875 0.7316044453125 0.1624477734375 0.719375184375 0.1630243296875 0.717939490625 0.16393534999999998 0.7143021390625 0.1688295015625 0.723262234375 0.1707009390625 0.738677390625 0.170918715625 0.7455154312500001 0.167729 0.7466662109375 0.1660218125 0.7409049703125 0.1629538296875
0 0.8050943687500001 0.2273605125 0.7962453015625 0.2211659734375 0.7849374203124999 0.21707762343749998 0.770415890625 0.21327571562499997 0.760817490625 0.213964371875 0.7565973515625 0.219257065625 0.765912671875 0.220673221875 0.7782584671875 0.22447650624999999 0.782881890625 0.2272607984375 0.7841214484375 0.23101422500000002 0.7873091765625 0.23470953749999998 0.7921324046875 0.23863134375 0.7983062203125 0.241983475 0.804733521875 0.24141058906250001 0.8065096437499999 0.23913418593750002 0.804987009375 0.23748557187500002 0.8069629375 0.2363466828125 0.810872240625 0.2342395765625 0.8085799703125 0.22986111406249998 0.8050943687500001 0.2273605125
0 0.7437486 0.162212565625 0.7481444578125 0.16494011875 0.751202690625 0.1662464703125 0.7606327109375 0.1691414875 0.7703606078125 0.1708417921875 0.7753522140625 0.1711799265625 0.77889333125 0.171518978125 0.7807416 0.1708921078125 0.776843421875 0.16810735625 0.7753355828124999 0.16736884375 0.7801681031250001 0.1634978125 0.779298565625 0.16019920781250002 0.76969833125 0.1579868828125 0.7570139421875 0.1584499625 0.748653265625 0.159991065625 0.7437486 0.162212565625
0 0.8232293937499999 0.188555528125 0.8229611125 0.19157044375 0.8209296687500001 0.1948708828125 0.8181304265625 0.198342453125 0.8133978109375001 0.2027822421875 0.8176512109375 0.20511171250000002 0.8205947468750001 0.2049392046875 0.828955421875 0.203398103125 0.8356214140624999 0.19799009843749998 0.8411921390625 0.1921277296875 0.8405353703125 0.18797576093749999 0.8376473515624999 0.18598671875 0.8361968609374999 0.1859876359375 0.8322006156249999 0.1855351078125 0.8296955796875001 0.182010009375 0.827392184375 0.1825234046875 0.823810346875 0.1852560046875 0.8232293937499999 0.188555528125
0 0.871593128125 0.21076578906250001 0.8670177640625001 0.21651376406249997 0.871273003125 0.22174421562500002 0.8832802046875001 0.2298138609375 0.8877038203125001 0.231460640625 0.89495810625 0.23435703281250003 0.9046860000000001 0.23605733906249998 0.9051818468749999 0.23309916249999998 0.9022512734375001 0.23128079218750003 0.9046675343749999 0.2293452765625 0.9077942421874999 0.22649919999999998 0.9017906421875 0.2224643765625 0.8957759140625001 0.2233214109375 0.8870563421875 0.21951583281249998 0.8772692624999999 0.21417511875 0.871593128125 0.21076578906250001
0 0.8735985328125 0.2337448421875 0.86642935625 0.23050710468750002 0.8577209109374999 0.2218096703125 0.8564258390624999 0.22021779375 0.8540391703125 0.22397351406250002 0.8545109296875 0.22789807187500002 0.8570307640625 0.23233327343750002 0.86317865625 0.23966716093749998 0.8747159359375001 0.2467132265625 0.881997978125 0.24852884375 0.8848397734375 0.2448866 0.88375746875 0.24244135937500003 0.888421609375 0.2421539984375 0.8902828375 0.2395362515625 0.8847491609375 0.23652500468749998 0.8803255453125001 0.23487822656250001 0.8735985328125 0.2337448421875
0 0.8748158390624999 0.24728198437499999 0.871430140625 0.2453501375 0.86656435625 0.2415990046875 0.8616708171875 0.2389286484375 0.8613895734374999 0.243934440625 0.8630972203124999 0.24581046562500003 0.86601483125 0.2496197125 0.87055498125 0.25564633125 0.877696403125 0.25996484375 0.884478928125 0.258936678125 0.883239371875 0.2551832515625 0.8835372453125 0.253988540625 0.8867508953125001 0.25370209843749997 0.8889821453125 0.251539171875 0.8859942234375 0.24898137187499997 0.8811876265624999 0.24887065000000003 0.8748158390624999 0.24728198437499999
0 0.8823623765624999 0.2625784640625 0.8773707703125 0.2622403296875 0.8730470578125 0.2611623078125 0.8666290468750001 0.25394235468750004 0.865250703125 0.2555928046875 0.862864034375 0.259348525 0.8637483687499999 0.2635572328125 0.8676039921875001 0.26651265625 0.8715021703125 0.2692974078125 0.8753429984375 0.271342728125 0.883109759375 0.2750920265625 0.886180953125 0.2744075015625 0.8857943015625 0.270141596875 0.8890782640625 0.26860370625 0.8879534046875 0.2663291375 0.8862883125 0.2642824390625 0.8823623765624999 0.2625784640625
0 0.8667529203125 0.2699261140625 0.8708657015625001 0.27475848125 0.8722181250000001 0.2770897859375 0.8767564390624999 0.280215425 0.8799700890625 0.27992898125 0.8806231875 0.278278990625 0.8825565624999999 0.277310775 0.8844473859375 0.27651323125 0.8856684765624999 0.2735545953125 0.8842735015625 0.2713939609375 0.878071928125 0.26912260625 0.87090275 0.2658848671875 0.8606494171874999 0.265322534375 0.8667529203125 0.2699261140625
0 0.7922615546875 0.3079135171875 0.7912791515625 0.3060370328125 0.790709325 0.3044446984375 0.7851035015625001 0.29978392187499997 0.7823968234375 0.2922203296875 0.7816308609375 0.2952924421875 0.777736353125 0.29830965 0.77655965 0.3039985921875 0.779083153125 0.314235753125 0.7790738625 0.322028590625 0.78361034375 0.32225325 0.7888850281249999 0.32048657187499996 0.7917138640625 0.318835203125 0.793364159375 0.3199718 0.7970329390625001 0.3197988328125 0.797854415625 0.314565171875 0.7974677640625 0.310299265625 0.7922615546875 0.3079135171875
0 0.7833289828125001 0.349556778125 0.7789627171875 0.3486494296875 0.7784391140625 0.35268838125 0.774860946875 0.3612229421875 0.7713235 0.36668585 0.7677842171875 0.369247778125 0.7679007515625 0.37362761718750004 0.7759376312499999 0.3772629796875 0.77991908125 0.3768054046875 0.7822243125 0.379192990625 0.7869328421875 0.3816359375 0.7936876093749999 0.381688546875 0.7952047390625 0.37463422031250004 0.7922131484375 0.3662744625 0.786858975 0.3547876875 0.7833289828125001 0.349556778125
0 0.8081556921875 0.34595750937499997 0.807635759375 0.355798421875 0.8072823687499999 0.35915468125 0.8010844671875 0.362685284375 0.80270700625 0.36490265625 0.8097744453125 0.36467065781249997 0.8120926374999999 0.365067365625 0.8204421890625 0.3684181203125 0.8248473374999999 0.3633528359375 0.8212008109375001 0.3537420890625 0.817754090625 0.345268853125 0.8152916078124999 0.3415730828125 0.8104276609375001 0.3407229296875 0.8081556921875 0.34595750937499997
0 0.7998044234374999 0.3174080359375 0.8008478437500001 0.325825909375 0.8041058828125 0.328269775 0.8020355562500001 0.337542846875 0.80968761875 0.3398132859375 0.8116043625 0.3350339859375 0.8149179156249999 0.3353163015625 0.8232915546875 0.3317843203125 0.8240852765625 0.32763143437500003 0.8142242140624999 0.3177402078125 0.807493534375 0.3108048625 0.8055435281250001 0.307961996875 0.8037951624999999 0.309157625 0.7998044234374999 0.3174080359375
0 0.8189754140625001 0.29771474375 0.8156969578125001 0.3079555734375 0.8155563359375 0.3104584703125 0.811776528125 0.31495453906250004 0.815162228125 0.316886384375 0.8217893359374999 0.31745101249999996 0.8225848921875001 0.3161991046875 0.8262980593749999 0.31875644531249997 0.8302073625 0.3166493390625 0.8299465359375 0.3089704359375 0.8266126796875 0.2990750796875 0.8258560078125001 0.2943543546875 0.8234379125 0.293388890625 0.8189754140625001 0.29771474375
0 0.8304700234375 0.32722922187500003 0.8347122984374999 0.33445055 0.8372062109374999 0.34286750625 0.8363699359375 0.3471910640625 0.8410507078125 0.35071478749999996 0.8443494671874999 0.3500869984375 0.8450451187500001 0.3482663359375 0.8508896328125 0.3480919921875 0.853918271875 0.3475781390625 0.8553095781250001 0.3439368125 0.849104334375 0.33586349531250004 0.8407251921875 0.33069253593750003 0.8349491546875001 0.32671445 0.8331564 0.32517977187499997 0.8304700234375 0.32722922187500003
0 0.8489397421874999 0.322951390625 0.8523179859375001 0.335577053125 0.8532910953125 0.345246375 0.853649990625 0.3505930546875 0.8538090781250001 0.35480222031249997 0.8577202171874999 0.35559609375 0.8603510796875 0.35570819375 0.8662825359375 0.358093484375 0.8709041234375 0.357976796875 0.8692371953125001 0.35302911875 0.8633594171875 0.345581296875 0.8554169375 0.33381175 0.8515446828125001 0.3270452453125 0.8501922609375001 0.3247139375 0.8489397421874999 0.322951390625
0 0.9871874 0.3840689515625 0.9769618234375 0.38242584218750003 0.9692116937499999 0.3824876265625 0.96931343125 0.3859573640625 0.9702680750000001 0.3889146234375 0.974223603125 0.392438803125 0.9815056453125001 0.3942544203125 0.9876498687499999 0.395786346875 0.9880346843750001 0.397151271875 0.9895277281249999 0.39697968281249996 0.9946303656250001 0.392994715625 0.9954962328124999 0.390491359375 0.9931466125 0.38537346875 0.9855223078125 0.3820222546875 0.9871874 0.3840689515625
0 0.8756607109375001 0.3689520109375 0.8751241453124999 0.374981840625 0.879749403125 0.38066711249999996 0.8822544406249999 0.3841922109375 0.8789871093749999 0.38954118437499996 0.88385289375 0.3932923171875 0.89092033125 0.39306031875 0.8900803875 0.39158191875 0.8949998499999999 0.390270521875 0.900886915625 0.3899255046875 0.8996603203125 0.3841812 0.894196953125 0.3799185078125 0.8847225453125 0.3742931859375 0.8770556859375 0.37111264374999997 0.8756607109375001 0.3689520109375
0 0.8801436265625 0.3519414625 0.8825931484374999 0.3576281109375 0.88669296875 0.36445135624999997 0.8855569843750001 0.3670686453125 0.884791021875 0.37014075625 0.8852905375000001 0.37298454062499997 0.8915772171875 0.37491455 0.8938510203125001 0.3725809515625 0.8986576171875 0.3726916734375 0.9045298875000001 0.37143655625 0.9016252375 0.36563643125 0.8949814984375 0.361260721875 0.8892332187499999 0.3562018609375 0.88620274375 0.353814734375 0.8801436265625 0.3519414625
0 0.8743455687499999 0.3131516171875 0.87572941875 0.320204109375 0.8780068906249999 0.32367246875 0.8761179046875001 0.3273709921875 0.87902071875 0.3302701375 0.8824471375 0.3291303296875 0.88487819375 0.3281049171875 0.8928281312499999 0.3291806453125 0.8942767859374999 0.326278746875 0.88970704375 0.318431925 0.883773753125 0.3131456546875 0.8785805046874999 0.3087690265625 0.8753964453125 0.3108756734375 0.8743455687499999 0.3131516171875
0 0.8641126515625001 0.2999045890625 0.8651819953125001 0.30434070625 0.8655964046875001 0.3075258359375 0.8701772734375 0.3104808015625 0.8746120156250001 0.3072357234375 0.877185528125 0.30660839375000004 0.8827451296875 0.30563788281250004 0.8832687328125 0.30159893125 0.8745621218749999 0.295802475 0.867035884375 0.2901190375 0.8564106953125 0.286200903125 0.8633837375000001 0.2941030875 0.8641126515625001 0.2999045890625
0 0.7748180484375 0.4282868265625 0.776494265625 0.4254416671875 0.784599621875 0.424924603125 0.7969417484375 0.4229259265625 0.7919483046875 0.4196868109375 0.7848216796874999 0.41627840000000005 0.77859235 0.41508781875 0.7688366984375 0.4144682890625 0.7635768078125 0.41714506875 0.7561411828125 0.419823225 0.7517619546875001 0.420906753125 0.7526629203125 0.42892654375 0.754583334375 0.4299492046875 0.7572567484375 0.42989063125 0.7630735046875 0.4307970640625 0.769928178125 0.43141842812500003 0.7748180484375 0.4282868265625
0 0.7304356453125 0.42791672812500003 0.7404762109374999 0.429332425 0.74413019375 0.4282493578125 0.740942465625 0.42455404531249996 0.7316826609375 0.42097633593749995 0.726163778125 0.4188751953125 0.722422853125 0.4173986296875 0.7186819296875 0.41592206562499995 0.7166190578125 0.4145013203125 0.71078750625 0.4126847859375 0.7072482234375 0.4152467140625 0.7092407828125 0.41791890625 0.7054739375 0.420424096875 0.7054184234374999 0.4225856453125 0.71244514375 0.4254253015625 0.7203673234375 0.4275818046875 0.7304356453125 0.42791672812500003
0 0.8165358609375 0.5101136109375 0.8173018234375 0.5070414999999999 0.810935540625 0.514155775 0.80667285 0.5196191406249999 0.806887453125 0.5216667562499999 0.806206596875 0.524397521875 0.80487080625 0.5258772984375 0.7993833515625 0.5284973421875 0.8004231015625001 0.5311132546875 0.807435028125 0.53304280625 0.8094683046875 0.532643346875 0.8159399953124999 0.53480076875 0.8228649796875 0.5341706859375 0.8228335515625 0.5294495015625 0.8177346999999999 0.516938690625 0.8165358609375 0.5101136109375
0 0.835077725 0.5074853109374999 0.83119434375 0.5056106609375 0.83006019375 0.51112893125 0.8316882390625 0.5220492421875 0.82890379375 0.5264309171875 0.8282377328124999 0.530071784375 0.8342135781250001 0.5351873828125 0.8376973453125001 0.5347870046875001 0.839373565625 0.531941846875 0.8443522109374999 0.5342708578125 0.8457453515625 0.5335305109374999 0.8466112171875 0.5310271546875 0.84703491875 0.5264194468750001 0.8430479640625 0.51817408125 0.8395031765625 0.5120330703125 0.835077725 0.5074853109374999
0 0.8462448671875 0.53637429375 0.846829490625 0.53887673125 0.8460357703125 0.54302961875 0.8511143203125 0.5459273859375 0.8566165703124999 0.5442174468750001 0.86340093125 0.5460902609375 0.8658449484374999 0.54307396875 0.86097733125 0.5364218562499999 0.8552549734375001 0.5273812421875 0.853275375 0.5227181703125 0.8461765078125 0.518228984375 0.8448610171875 0.529321803125 0.8462448671875 0.53637429375
0 0.8561430921875001 0.5150941703125 0.8591901984374999 0.5212923796875 0.859334490625 0.5245914421875 0.8578432812499999 0.5276640125000001 0.8613288859375 0.5301646171875001 0.8666479609375 0.53112824375 0.8688088984375 0.5302167671875 0.8729476015625 0.531067378125 0.8743537031249999 0.5283361531249999 0.8735267203125 0.5248668765625 0.868544403125 0.5167359046875 0.8602207734375 0.50940339375 0.8547000578124999 0.5044012703125 0.8561430921875001 0.5150941703125
0 0.8558468203125 0.5637853359375 0.856148365625 0.5683925859375 0.8604165640625 0.5716321578125 0.8672138859375 0.5715140937500001 0.8658892203124999 0.5681020140624999 0.8708808296875 0.5684401484375 0.8749325890625 0.566731125 0.866893875 0.5601947828125 0.8564241046875001 0.554683853125 0.8504352984375 0.5515591328125 0.84116253125 0.5499723015625 0.8562705218750001 0.5591776281249999 0.8558468203125 0.5637853359375
0 0.8168979625 0.6104531984375 0.813510428125 0.6056203734375 0.8122708703124999 0.601866946875 0.8103689234375 0.6075563484375001 0.8119803359375 0.6146655765625 0.8139747296875001 0.6202387500000001 0.8128683390625 0.62467624375 0.8140801390625001 0.629510446875 0.8170403046875 0.6331490203125 0.8233695375 0.6349083578125 0.8253029125 0.6339401421875 0.8258709046874999 0.632631496875 0.8337634921875001 0.6329677953124999 0.8355248187500001 0.629781290625 0.8306571999999999 0.623129178125 0.8263168562500001 0.6182400734375 0.8168979625 0.6104531984375
0 0.8214751609375 0.607606203125 0.8282465609375 0.611469896875 0.8297673624999999 0.6102175296875 0.83126040625 0.6100459390624999 0.8382149796875 0.6112360625 0.8405035812499999 0.6098125640625 0.837499028125 0.6034436828125 0.8342539484374999 0.5990089421875 0.8271402859375 0.5936096531249999 0.8195437359375 0.5891776640625 0.8158583281249999 0.5855395484375 0.8199747765625001 0.5961738750000001 0.8214751609375 0.607606203125
0 0.8260154265624999 0.5913350859375 0.8324334375 0.5985550374999999 0.8382520296875 0.60236245 0.8411973968750001 0.605090921875 0.8461612484375 0.60650983125 0.84701231875 0.603096375 0.846769959375 0.602129534375 0.8498689109375 0.6003642328125001 0.8491825484375 0.5943920578124999 0.8455970421875 0.5913226984375 0.8341744625 0.5857554890625 0.82754551875 0.5822898828125 0.821120053125 0.5857637484375 0.8260154265624999 0.5913350859375
0 0.772045521875 0.631357259375 0.7697236609375 0.6251585921875 0.7654684234375 0.6199281421875 0.759265015625 0.6147558046875 0.7558497234375 0.6110037546875 0.7521383921875 0.61134739375 0.757720128125 0.6228909046875 0.7584786359375 0.6305126109375 0.75964788125 0.6355174859375 0.75892630625 0.6413199046875 0.75833055625 0.643709325 0.761886471875 0.6449584796875001 0.7661084453125 0.642566765625 0.7680991703125 0.642337978125 0.7729631171875 0.64318813125 0.7754663203125001 0.6438122500000001 0.77845240625 0.64346906875 0.7793034765625 0.6400556109375 0.7758733890625 0.635393459375 0.772045521875 0.631357259375
0 0.7979489140625 0.643798028125 0.794633525 0.6406147343749999 0.7939064453125 0.6377142124999999 0.7929647625 0.6327660765625 0.7905411625000001 0.623097671875 0.7851037171875 0.614853225 0.78368281875 0.616674346875 0.7808521515625 0.6154247328125 0.774965084375 0.61576975 0.77295210625 0.6257822515625 0.7767891484375 0.64432335 0.7816142125 0.6511461359374999 0.7905447171875 0.6511973703125 0.7911552625 0.6497180515625 0.7948665953125 0.6493744109375 0.7991625499999999 0.6515332093749999 0.8004557859375 0.6502241062499999 0.800126484375 0.64669763125 0.7979489140625 0.643798028125
0 0.8079468109375 0.6676821359375 0.8054843281249999 0.663986365625 0.7992383656250001 0.6589847015625 0.7932347640625 0.6549498781249999 0.7906057375 0.657738759375 0.7901802015625 0.6594454875 0.791149640625 0.6633128484374999 0.7957045875000001 0.6702495703125 0.8064203890625 0.6825293 0.8150548531249999 0.686676221875 0.8166145374999999 0.6794512234375001 0.8174526468750001 0.67802864375 0.823652384375 0.6773990203125 0.8217449312499999 0.6743854812500001 0.8172639671875 0.6719992734375 0.8129680109375 0.6698404765625 0.8079468109375 0.6676821359375
0 0.8507842078125 0.6984850734375 0.8472986062500001 0.695984471875 0.8441959828125001 0.6919478140625 0.84002401875 0.6834750374999999 0.8380851390625 0.6757403125 0.834690146875 0.6816013046875 0.8340388828125 0.686152275 0.8340129609375 0.6901340312500001 0.8324939953125 0.6942873765625001 0.83259756875 0.70065809375 0.8334966984375001 0.7057769015625001 0.8389323078125 0.7111203703125 0.8436094093750001 0.7088421328125001 0.8440756625000001 0.70406375 0.8533928187500001 0.7083808890625 0.8577850078125 0.7053064828125 0.8561624671875 0.7030891125000001 0.8507842078125 0.6984850734375
0 0.662946103125 0.63171068125 0.6715842359375 0.6416595640625 0.6752844421875001 0.6462077828125 0.6817727640625 0.6521762875 0.687474821875 0.651603859375 0.6902463046875 0.6492130640625 0.6974691625 0.6473882703125 0.6968531125 0.6401646484375 0.6877320921875001 0.6311830656249999 0.6831068359375 0.6254977921875 0.6677028078125 0.6203881578125 0.6613587765625 0.6177187187500001 0.6574346765625 0.618915721875 0.662946103125 0.63171068125
0 0.609831284375 0.6072281453125 0.623581346875 0.6053992234375001 0.6319420234375001 0.6038581234375 0.6428798828125 0.6074916499999999 0.649932528125 0.6063495484375 0.647725365625 0.601629740625 0.6417643171875 0.5974242453125 0.644293440625 0.594066609375 0.6441917015625 0.590596871875 0.629457403125 0.5876483296874999 0.6188229234375 0.59152303125 0.6134520046875 0.5985229125 0.6105954140625001 0.6012550546875 0.610382646875 0.60210841875 0.609831284375 0.6072281453125
0 0.6211797671875 0.6305425796875 0.6172538328125 0.6288386046875 0.6136738328125 0.6344721859375 0.6178014078125 0.6402146546874999 0.6260843171875 0.6506188171875 0.630067603125 0.6530622234375 0.6314773734375 0.656132959375 0.6339398578125001 0.65982873125 0.640011934375 0.6597111250000001 0.6416881531249999 0.656865965625 0.6422135921875001 0.65572799375 0.644857415625 0.653849215625 0.6483819015625001 0.6503771859375 0.6449518140625 0.6457150328125 0.635904775 0.6412839609375001 0.6244526031250001 0.633896546875 0.6211797671875 0.6305425796875
0 0.5865658640625 0.651098871875 0.59695981875 0.649158309375 0.6021623593750001 0.6457421 0.6029283234375 0.6426699874999999 0.5927045828125 0.6439278578125001 0.584356865625 0.643478084375 0.577757515625 0.64183268125 0.5733061421875 0.6412666765624999 0.5707603875 0.64081323125 0.5680425828125 0.638141496875 0.55909728125 0.6371801625 0.5579890562500001 0.6387166765625001 0.5623146046875 0.6426956796875001 0.5604681703125001 0.6462235296875 0.5589492046875 0.650376875 0.5696317421875 0.6550344406249999 0.576086803125 0.6533807796875 0.5865658640625 0.651098871875
0 0.78068514375 0.711100334375 0.77765466875 0.70871320625 0.774515 0.7135501625 0.7725001859375 0.720661684375 0.7739247546875 0.724642521875 0.7739987359375 0.7291930343749999 0.774100475 0.7326627703125 0.7793085203125 0.7379495015625 0.784144709375 0.739880428125 0.7870864078124999 0.736806940625 0.788309334375 0.7367492859375 0.7934989125 0.735323953125 0.7938800609375 0.7308869171875 0.7889273359375 0.7245761500000001 0.7840726796874999 0.715933159375 0.78068514375 0.711100334375
0 0.7180620765625 0.7848589968749999 0.7252849359375 0.7830342046875 0.7254385171875 0.7785404312499999 0.727455165625 0.7743298890625 0.7358565593749999 0.7697171328125 0.7419397640625001 0.7647076703125 0.742492959375 0.7624889234375 0.737543903125 0.761980115625 0.726820646875 0.760394203125 0.7225413234375 0.7620464874999999 0.7181509703125 0.7680218734375 0.708637678125 0.768369184375 0.703135428125 0.7700791234375 0.70187361875 0.7761094125 0.70700951875 0.779746609375 0.708545115625 0.779404346875 0.7070391109374999 0.7815668140625001 0.714023278125 0.7845771421875 0.7180620765625 0.7848589968749999
0 0.6885453046875 0.7927273828125 0.690493475 0.7926692671875 0.69795869375 0.791811315625 0.70475418125 0.788792271875 0.71587338125 0.7868512515625 0.711690290625 0.7832703328124999 0.706896653125 0.78116873125 0.7001418859374999 0.781116121875 0.6880976328124999 0.7819200875 0.6783697390625 0.7802197828125 0.672299496875 0.7832383671875001 0.6761699171875 0.7871038953125 0.6749913796875 0.7898918562499999 0.676131034375 0.7930765281250001 0.68021605625 0.79898966875 0.68711328125 0.7994403609375 0.6870688921875 0.7967100546875 0.6885453046875 0.7927273828125
0 0.7719781875 0.772197090625 0.7653417874999999 0.7794253015625 0.7617192328125 0.7852295546875 0.7622761 0.7888127671875 0.7603297640625 0.7917718609375 0.755752565625 0.79461885625 0.7587996718750001 0.8008170640625 0.7636765796875 0.799676340625 0.7646571468750001 0.7986518453125 0.7735321359375 0.800864628125 0.776433115625 0.8008627921875 0.77819260625 0.7947753078125 0.77500120625 0.7852780359375 0.7721650328125 0.7753254828125 0.7719781875 0.772197090625
0 0.8383472218750001 0.7978088828125001 0.839240846875 0.794224753125 0.8372020625 0.785921271875 0.8340254593750001 0.7773341015625 0.830256778125 0.7769383125 0.8273428375 0.7789310265625 0.8252281218749999 0.785473790625 0.8259847953125 0.7901945171875 0.826856165625 0.7963941015625 0.8277275375 0.8025936859374999 0.8315128515625 0.8068005578124999 0.8325211749999999 0.8046952875000001 0.8332593796875001 0.8027039515625001 0.8394757500000001 0.805885409375 0.84401039375 0.8032090890625 0.843283315625 0.8003085671875001 0.8383472218750001 0.7978088828125001
0 0.8275999921875 0.7808079671875 0.8232874062500001 0.7748380890625 0.820454903125 0.7706874953125 0.8165567250000001 0.76790274375 0.8079148046875 0.7744496390625 0.8120886046875 0.7858233953125 0.8168303984374999 0.7958885062500001 0.81754268125 0.797878925 0.8158257437499999 0.8037957359375 0.8186008984375001 0.8072069000000001 0.8246433828124999 0.805269090625 0.8255665999999999 0.803505165625 0.8303584 0.8027057859375001 0.83249158125 0.8028750828125 0.8361862828125 0.7987203609375 0.837192771875 0.793714109375 0.8328949796874999 0.78865433125 0.8275999921875 0.7808079671875
0 0.74377839375 0.8387668500000001 0.756179703125 0.84040858125 0.768266509375 0.8394339437499999 0.760013190625 0.8308499843750001 0.7574674359375 0.8303965390625001 0.749957828125 0.8285241828125001 0.7416360359375 0.824092653125 0.7355195703125 0.82147995 0.7279414875 0.823760025 0.72851315 0.8282533390625 0.726394765625 0.8289941453124999 0.7223855578125 0.8305324953125 0.7280487328125 0.8359327000000001 0.737946840625 0.836950315625 0.7416581718749999 0.836606675 0.74377839375 0.8387668500000001
0 0.70932564375 0.8218378124999999 0.7129629953125 0.8169436609374999 0.7150813796875 0.81620285625 0.7179675640625 0.8152909171875 0.7172978328124999 0.8131298265625 0.7063470125 0.8114871750000001 0.7000196140625 0.8126288171875 0.6973905859375 0.8154176968750001 0.696197253125 0.8172955578125001 0.694406334375 0.8186618578125 0.6926431734375 0.8189473828124999 0.6894165625 0.8212247046875 0.691394325 0.82298679375 0.6938124203125 0.8239522578124999 0.69375690625 0.826113809375 0.6946116453125 0.8285023109375 0.700300740625 0.8299207624999999 0.7033701 0.8263352546875 0.70932564375 0.8218378124999999
0 0.797570165625 0.8993121343749999 0.796202946875 0.8960707265625001 0.79258785 0.8911811625 0.793425959375 0.8897585828125001 0.7955998578125001 0.8868562265625 0.7956831296875 0.8836139 0.7962196953125 0.8775840703125001 0.7978385625 0.8739994828125001 0.796343684375 0.8712700921875 0.7914945343750001 0.8713300421874999 0.7843290265625 0.8738942640625 0.7814872312500001 0.8775365078125 0.7782069390624999 0.884876359375 0.7764881671875 0.8878921906249999 0.7756666890624999 0.8931258546875 0.7779441625 0.8965942140625 0.78142793125 0.8961938359375001 0.785096709375 0.89602086875 0.78475628125 0.8973862515625 0.7875166390625 0.8998873140624999 0.797570165625 0.8993121343749999
0 0.7736593328125 0.8895435578124999 0.7764308171875001 0.8871527625000001 0.7739535375 0.8825468890625 0.7631174171875 0.882383096875 0.7614541578125 0.883237378125 0.7592543359375 0.8901214906250001 0.7578907890625 0.8926820421875 0.7564125421875 0.893763734375 0.7527437625 0.8939367015625 0.75165033125 0.8963833187500001 0.7520924984375 0.8984876734375 0.75708410625 0.89882580625 0.75842173125 0.900247009375 0.7622921515625001 0.9041125375 0.77086743125 0.90461905 0.7725714078125 0.9006931140625 0.76967971875 0.8929021140625 0.7736593328125 0.8895435578124999
0 0.74920643125 0.877101871875 0.74829250625 0.8710729609375001 0.7478928921875 0.868797934375 0.7456450109375 0.867149778125 0.7349550171875 0.8731860296875 0.7306349734375 0.8779099671875 0.730694159375 0.8815503765624999 0.7273250906250001 0.8834296140625 0.723515690625 0.8861054765624999 0.724115109375 0.889518015625 0.7286090359374999 0.889913346875 0.7310548890625 0.8897980375 0.7324924171875 0.891787996875 0.73651825625 0.8940607296874999 0.7404830734375001 0.8897920718749999 0.7417744749999999 0.8855819875 0.7450140484375 0.881313790625 0.74920643125 0.877101871875
0 0.7206314578125 0.8676206562500001 0.71900891875 0.8654032859375 0.7119137203125 0.866716059375 0.707834203125 0.86950585625 0.707014559375 0.8776405 0.7077989890625 0.88128045 0.7079284859375 0.8836694109375 0.7044891062499999 0.8868000953124999 0.7054289546875 0.888847253125 0.7105482234375 0.8886733687499999 0.7129237640625 0.88980950625 0.7172049234375 0.8910582015624999 0.7208755359375 0.893786215625 0.7238616234374999 0.8934430328125 0.7244407421875 0.8872425312500001 0.7221595984375 0.8779722109374999 0.7206314578125 0.8676206562500001
0 0.7067814921875 0.8688808218749999 0.703567840625 0.869167265625 0.6976104624999999 0.8707637281249999 0.6901063609375 0.8775943125 0.6865670796875001 0.880156240625 0.684818715625 0.88135186875 0.682587465625 0.8835147953125 0.68145148125 0.886132084375 0.6846096171875 0.8880071921875 0.688505959375 0.8878909640625 0.6908685390625 0.8910179796875 0.697497484375 0.8944835859375001 0.7020728468749999 0.8887356109375 0.7041986875 0.8773009890625 0.7065687234375 0.8697341859375 0.7067814921875 0.8688808218749999
0 0.6367656984375001 0.87825375625 0.64006629375 0.880526946875 0.648088375 0.8832522078125 0.6489690390625 0.8816589562500001 0.650673015625 0.8777330203125 0.6563566062499999 0.8704485312499999 0.6617208703124999 0.865317965625 0.6501957515625 0.8651055234375 0.6464714578125 0.8674400406249999 0.6367472328125 0.87154169375 0.634075653125 0.874501246875 0.6367656984375001 0.87825375625
0 0.6139316671875 0.86222748125 0.6197909765625 0.862963240625 0.6272969125000001 0.8590336359374999 0.63392035 0.853796303125 0.6355688109375001 0.8520319187500001 0.634501303125 0.8504967812500001 0.6256115171875 0.8473738953125001 0.6150029609375001 0.8472668421874999 0.6074822281250001 0.8502863453125 0.598594278125 0.8500644390625001 0.59330663125 0.8538219937499999 0.5943889343750001 0.856267234375 0.6001224203125 0.86041599375 0.5992139984375 0.8630900203125 0.6052028046875 0.8662147421874999 0.612198096875 0.8643332109375 0.6139316671875 0.86222748125
0 0.6005073515625 0.8394831796875 0.6023833765625 0.837775534375 0.604757084375 0.836010690625 0.6094193890625 0.83282235 0.61852010625 0.8321908921875 0.6132287890625 0.8301464875000001 0.6080244140625 0.8306617171875 0.5982114125 0.8293027578125001 0.5933197078125 0.8295333796875 0.5882004390625 0.8297072640625001 0.5844058359375001 0.8332932296875001 0.58786368125 0.83687460625 0.59218739375 0.8379526281249999 0.590908953125 0.840171834375 0.5941836234375 0.8464267812499999 0.5977247421875 0.8467658328125 0.59888848125 0.8430677687499999 0.6005073515625 0.8394831796875
0 0.5830442375 0.8164570234375 0.5812551546875 0.820724303125 0.5761969062500001 0.8274395765625 0.5749314265625001 0.82766790625 0.5704652578125 0.8261917999999999 0.5680194046875 0.826307109375 0.567723365625 0.8304028015625 0.5708685390625 0.8342687859375 0.5715808250000001 0.8362592062499999 0.5764188484375 0.8410911125 0.580968290625 0.83932489375 0.58471850625 0.8330086218750001 0.5850718953125 0.829652359375 0.5842726703125 0.8251023078124999 0.5830442375 0.8164570234375
0 0.5888925359375 0.799786903125 0.591647390625 0.7935850249999999 0.595101565625 0.7913644421875 0.588559565625 0.79045846875 0.5805541140625 0.791544290625 0.57309073125 0.795303221875 0.5678030828125 0.799060778125 0.5666689328125 0.804579046875 0.5728705062499999 0.8068504031250001 0.5766243921875 0.8063360921875 0.579086875 0.8100318640624999 0.58390826875 0.8110526890624999 0.58649474375 0.80843448125 0.5864503546875001 0.805704175 0.5884540406250001 0.803484509375 0.5888925359375 0.799786903125
0 0.7017659125 0.8531276859375 0.7058879828125 0.8501672140625001 0.709982296875 0.84828751875 0.7115308546875 0.845954378125 0.7058417593749999 0.8445359281249999 0.6990444375 0.8446539921875 0.6955902609375 0.846874571875 0.6930740984375 0.8482413328125 0.6905431390625 0.8486979890624999 0.686846603125 0.84995173125 0.684970578125 0.8516593765625 0.684432178125 0.8547882281250001 0.6909889765624999 0.856604303125 0.6887854828125 0.8576864546875 0.687194371875 0.86019026875 0.6943191609375 0.8606977 0.6999046828125 0.8557454328125 0.7017659125 0.8531276859375
0 0.7702255734375 0.8790794453125 0.7702662921875 0.8760077921875 0.7739905859375 0.8736732765624999 0.77801091875 0.86724306875 0.7787732109375 0.8583689968750001 0.780051653125 0.8561497906250001 0.779879603125 0.853931503125 0.7766529921875 0.8562088234375 0.7720480359375 0.8601365921875 0.764144321875 0.8646921515624999 0.7561832578125001 0.8685082796874999 0.7499575984375 0.8731196578124999 0.75381505625 0.8789760624999999 0.7549954296875 0.8790890796875 0.7599574453125 0.877607009375 0.7599315234375 0.8815887640625 0.7655651046874999 0.885168765625 0.7691617359375 0.883346265625 0.7702255734375 0.8790794453125
0 0.607498975 0.8317996890625 0.6125442624999999 0.8270752921875 0.6151992125 0.8203046593750001 0.6180391734375 0.8137614328125 0.62274403125 0.8104024203125 0.623154771875 0.8077855890625001 0.6136562750000001 0.8090430015625 0.605240084375 0.8127456531249999 0.60278310625 0.817752821875 0.600011621875 0.8201436187500001 0.59593026875 0.8200324374999999 0.5919340234375 0.819579909375 0.588990490625 0.8197524171874999 0.5877546015624999 0.8218009500000001 0.5895621515625 0.8242457328125001 0.5922929171875 0.8249265890625 0.5935879890625 0.826518465625 0.5957525984375 0.831408946875 0.6027219703125 0.8335091718750001 0.607498975 0.8317996890625
0 0.5168120390625 0.8048381140625 0.52241419375 0.8036969296875001 0.5252855796875 0.8018748890625 0.5306601703125 0.80067696875 0.5314390953125 0.7956139796875 0.5365842859375001 0.791458340625 0.5352596203125 0.788046259375 0.5270821203125 0.7869137921875 0.520682575 0.7864059015625 0.507285903125 0.7848785625 0.4981426296875 0.78568069375 0.4931251 0.7893243156249999 0.49777811562499996 0.7939288140625 0.4996134234375 0.7952928203125 0.4996152578125 0.7981938000000001 0.5011119703125 0.80382416875 0.51064189375 0.807287940625 0.5130156015625 0.8055230984374999 0.5168120390625 0.8048381140625
0 0.542221653125 0.7785425640625 0.550382521875 0.7758639484375001 0.5527673546874999 0.7692072484375 0.5438220546875 0.7682459125000001 0.5345363265625 0.768649959375 0.5249083359375 0.7675184109375001 0.5172155546874999 0.768319625 0.5177317015625 0.774974490625 0.522412475 0.7784982125 0.5221016374999999 0.7816837999999999 0.52534488125 0.7832175609375 0.531729628125 0.78281535 0.5355538265625001 0.7810495890625 0.5385251156249999 0.77979630625 0.542221653125 0.7785425640625
0 0.5686304125 0.7356368437499999 0.5694389296875 0.732394059375 0.5700901953125 0.7278430874999999 0.5705842062500001 0.72198393125 0.5757441921875001 0.7187383953125 0.564793371875 0.7170957437500001 0.558025640625 0.7190340125 0.55611073125 0.7267142921875 0.5545380875 0.7359301687500001 0.556504725 0.7425841156249999 0.56131499375 0.7484967984375 0.564926421875 0.7475844031250001 0.567540653125 0.7438854203124999 0.570783896875 0.7454191828125001 0.573684875 0.7454173468749999 0.5766265734375 0.742343859375 0.5738366234375001 0.73802259375 0.5686304125 0.7356368437499999
0 0.4872846046875 0.72840740625 0.49021701249999994 0.73312675625 0.49906424375 0.736420315625 0.5074249203125001 0.7348792125 0.5042519875 0.7320940031250001 0.4979616375 0.72436203125 0.494601859375 0.71844843125 0.48953810625000005 0.7164607640625 0.48317927968749996 0.712881221875 0.4796363265625 0.7096411890625001 0.4769055625 0.7089603328125 0.47360863750000004 0.7124891015625 0.47663911406250004 0.714876228125 0.46714061874999996 0.7161336406250001 0.4716937296875 0.7201693812500001 0.479530803125 0.72266723125 0.4838841078125 0.7255654578125 0.4872846046875 0.72840740625
0 0.347926190625 0.799711803125 0.3552341546875 0.7975456640624999 0.363637384375 0.7958338890625 0.3649010296875 0.79270458125 0.35901029375000004 0.7872476374999999 0.3500354 0.784466096875 0.3420299484375 0.78555191875 0.3351197609375 0.787092103125 0.329887628125 0.7886881078125 0.32574892499999997 0.787837496875 0.3192920328125 0.786590178125 0.3167481109375 0.7890377125 0.32071843437499997 0.7934719953125 0.3219283984375 0.7954052171875 0.318916390625 0.799730153125 0.32268690625 0.8030269234375 0.333637728125 0.8046695734375 0.347926190625 0.799711803125
0 0.40818254375 0.8062151156249999 0.400560075 0.8057648796875 0.3859552703125 0.8052052984375001 0.379613075 0.8054368390625 0.3776797 0.80640505625 0.37344109531249997 0.8049856859375 0.3702699984375 0.8051014562500001 0.36846611875 0.8084586359375001 0.3700886578125 0.8106760046874999 0.36928014062500003 0.8139187906249999 0.3784844328125 0.8196580484375 0.391196578125 0.8181141937499999 0.3968098578125 0.8120811531250001 0.40390322031250003 0.8078673984375 0.40818254375 0.8062151156249999
0 0.4120605359375 0.7770890859375 0.4150447875 0.7738449265625 0.41291160624999995 0.7736756296875 0.39681375937499996 0.7732876375 0.390528915625 0.77425860625 0.387359653125 0.7772753578125 0.38096194375 0.7796684468749999 0.374462496875 0.7785918015625 0.3723885 0.7820629140625 0.3751358953125 0.7865548515625 0.377113659375 0.7883169421875 0.3844844796875 0.795593175 0.3916647828125 0.7939390546875 0.3990282625 0.7896113671875 0.40744261875000004 0.783007734375 0.4120605359375 0.7770890859375
0 0.3308793203125 0.7827717546875 0.3372770296875 0.780378665625 0.34657388437500003 0.775082759375 0.3529863890625 0.7735997703125 0.352956796875 0.7717795656249999 0.34369515625 0.7653008796874999 0.33034103593749997 0.7636028671874999 0.31653362500000004 0.764692359375 0.307762209375 0.7688502921875 0.3098842640625 0.773911446875 0.3118194734375 0.775844209375 0.308635415625 0.7779508578125001 0.31205254375 0.7846038875 0.317641734375 0.7854535828125 0.32484979687500004 0.7827186875 0.3275232125 0.7826601140625 0.3308793203125 0.7827717546875
0 0.356745896875 0.7594906609375001 0.3603869171875 0.7603984703125 0.359674634375 0.7584080515625 0.3571695953125 0.754882953125 0.3473529234375 0.7477220328125 0.33475180625 0.7449427875 0.3214439109375 0.7488760609375 0.325756496875 0.7548459421875 0.32591375 0.756154128125 0.3261579453125 0.7600219484374999 0.333042209375 0.7624635203125 0.3373363296875 0.7617213375 0.33838720625 0.75944539375 0.3467904375 0.7577336171875 0.356745896875 0.7594906609375001
0 0.3944698765625 0.7322772109375 0.39231822968749996 0.7253958515625001 0.3868826203125 0.720052384375 0.3798133453125 0.717383403125 0.3754063609375 0.71954770625 0.3755395265625 0.7277386265625 0.3866808625 0.7383116281250001 0.39611271718749996 0.7441076234375 0.3957556578125 0.741661925 0.395639125 0.7372820859375 0.3944698765625 0.7322772109375
0 0.37270346875000004 0.6954883359374999 0.36386919687499997 0.6902039 0.359007084375 0.692254728125 0.3589848328125 0.7020384421875 0.3674379578125 0.711759915625 0.376712559375 0.716247725 0.379428528125 0.716018478125 0.380688503125 0.7070872109375 0.3777708921875 0.7032779625 0.37270346875000004 0.6954883359374999
0 0.344485553125 0.6884528203125 0.3546815375 0.6882757265625 0.3578951875 0.6879892812499999 0.359414153125 0.6838359374999999 0.35484808125 0.6817910734375 0.3487445765625 0.67718749375 0.33885759375 0.671278021875 0.3349057375 0.6735558 0.3337993453125 0.6779932953125 0.3315532984375 0.6792461203125 0.3295773703125 0.680385009375 0.3314145125 0.6846499968749999 0.336975946875 0.686580465625 0.3387539046875 0.6872050421875 0.344485553125 0.6884528203125
0 0.293938628125 0.676937753125 0.2983752046875 0.6765936531250001 0.299966315625 0.674089840625 0.3015444671875 0.6735769046875 0.3081845359375 0.6721506546875 0.31658776718750004 0.6704388796874999 0.3203990015625 0.670663996875 0.32348315625 0.6679885921875 0.3183472578125 0.66435139375 0.311705353125 0.662876665625 0.3011541453125 0.6635090406249999 0.2912985890625 0.662320753125 0.2868897703125 0.661584075 0.28664924531249997 0.663518215625 0.287433675 0.6671581671875 0.28919867187500004 0.669773621875 0.28695262499999996 0.6710264453125 0.286471575 0.6748947234375 0.2888896703125 0.6758601875 0.293938628125 0.676937753125
0 0.266046346875 0.6676267515625 0.2661332890625 0.670186384375 0.2735466625 0.67729194375 0.27659193437499996 0.680589171875 0.278266315625 0.6748430328125 0.279017484375 0.67086081875 0.28043654687499997 0.6661387171875 0.2795818046875 0.6637502140625 0.278016615625 0.6622722734375001 0.2781572375 0.659769378125 0.27851062656250003 0.656413115625 0.27540984062499996 0.6552774375 0.27036271875 0.657100853125 0.26895478125 0.6569310984375 0.266166665625 0.6555108125 0.2630677140625 0.657276115625 0.2629992390625 0.6614285421874999 0.26403899062499997 0.6640444546875 0.266046346875 0.6676267515625
0 0.28016252656249996 0.7050461671875 0.289078234375 0.704187296875 0.2916369515625 0.7026498640625001 0.2836426265625 0.698843828125 0.275335628125 0.6953224015624999 0.26257725781249996 0.69123496875 0.25673274375 0.6914093109375 0.257959340625 0.697153615625 0.25852916875 0.6987459515625 0.2573210375 0.699713709375 0.2575504375 0.7026714265625 0.26154668124999997 0.7031239546875 0.2667233015625 0.7036895000000001 0.272497503125 0.7047666046875001 0.28016252656249996 0.7050461671875
0 0.2876035421875 0.7333686875 0.29667650156250003 0.733818003125 0.2957366546875 0.731770846875 0.2860938671875 0.7297291953125 0.276578740625 0.727175525 0.2638925171875 0.724737625 0.26289898906250003 0.727752996875 0.2662439703125 0.732756496875 0.26603120156250004 0.7336098609375 0.26518013125 0.7370233171875 0.2705435953125 0.7407172546874999 0.273557440625 0.7392932984375 0.277623996875 0.738494378125 0.2795703328125 0.735535284375 0.2876035421875 0.7333686875
0 0.2204959546875 0.77664144375 0.2245051625 0.7751030953125 0.23403325000000003 0.7756658875 0.22938023593749998 0.771061390625 0.22218330000000003 0.768904428125 0.211785675 0.7650430296875 0.20551379062500003 0.7640231203125001 0.202757103125 0.76732401875 0.20369695000000002 0.7693711765625 0.205859725 0.771360678125 0.205021615625 0.7727832578125 0.205363878125 0.7743188546875001 0.20779677031250002 0.776194421875 0.21352841875 0.7774422000000001 0.21587436875 0.77675813125 0.2204959546875 0.77664144375
0 0.2243387328125 0.7592900078125 0.2358297890625 0.7607047890625 0.25068991406249996 0.7602403328125 0.24647722968750002 0.754839209375 0.2353821171875 0.7498974953124999 0.222240765625 0.7473461203125 0.20932697656250002 0.74485148125 0.205105003125 0.7472431953124999 0.206202103125 0.7505985374999999 0.2105276515625 0.7545775406249999 0.20961923124999998 0.7572515671875 0.21094389531250002 0.7606636484375 0.215437821875 0.7610589796875 0.21820930624999998 0.758668184375 0.219332328125 0.758041771875 0.2243387328125 0.7592900078125
0 0.15877638125 0.727534453125 0.1741082640625 0.73099455625 0.1857991265625 0.73354685 0.1847741703125 0.7318410375 0.177220178125 0.727238375 0.1709187015625 0.7243982625000001 0.15791613437500002 0.716443009375 0.1458126984375 0.7136065671875 0.1424306703125 0.71747668125 0.1419348234375 0.720434859375 0.13937610625000002 0.721972290625 0.13815501562500002 0.724930925 0.1418108328125 0.7267488375 0.1498606734375 0.7283933218749999 0.1543823578125 0.727707878125 0.15877638125 0.727534453125
0 0.1815772671875 0.7136408249999999 0.19612472187500002 0.713460978125 0.20334941406249998 0.714537165625 0.21013560937500003 0.719310959375 0.2173047890625 0.722548696875 0.22275152343750002 0.7230003078125 0.220586915625 0.7181098265625 0.21993197968749997 0.7168588375 0.22479409218750002 0.714808009375 0.22018363124999998 0.710032840625 0.209943259375 0.707479628125 0.198892534375 0.7052682203125 0.1904467515625 0.70715066875 0.1856142328125 0.7110217 0.1815772671875 0.7136408249999999
0 0.072522121875 0.7390222921875 0.0765461234375 0.7383940453125 0.0838133703125 0.739299559375 0.088734665625 0.74088914375 0.10076962812500001 0.7478780140625 0.10175202812499999 0.7497544984375 0.1007400359375 0.7460578078125 0.0994986421875 0.7394034015625001 0.09404823749999999 0.7331498328125 0.0863388234375 0.7301399640625 0.0741206890625 0.7258246609375 0.0726276453125 0.7259962515625 0.0707238625 0.7287846734375 0.07041302656250001 0.7319702609375 0.0691475484375 0.7321985890625 0.06661842343749999 0.7355562265625 0.06709018125 0.739480784375 0.072522121875 0.7390222921875
0 0.1659121796875 0.7454477640625 0.16488722656250002 0.743741953125 0.1581990984375 0.736635934375 0.14757390937499998 0.7327177984375 0.1382697140625 0.7264097859375 0.1241755546875 0.723802128125 0.1204383 0.7281275234375 0.12009970781249998 0.7323938859375 0.1186232953125 0.736376559375 0.12427167187499999 0.7408666625 0.13404028437499999 0.7394953156249999 0.14089495624999998 0.74011668125 0.15264316875 0.74340840625 0.1659121796875 0.7454477640625
0 0.0723871203125 0.7279303921875 0.0757728203125 0.7298622375 0.0896394171875 0.7324131546875 0.10462903593749999 0.7343376609375001 0.1075300171875 0.7343358265625 0.1105420265625 0.7300108890625 0.10432565625000001 0.7268294296875 0.0936153609375 0.7232526406249999 0.07991714375 0.7171180515625 0.073388103125 0.7142212 0.064727715625 0.7140560328125 0.063138440625 0.7194608265625 0.0627129046875 0.7211675546875 0.0610792390625 0.7238420421875 0.0649366984375 0.729698446875 0.07255916875 0.7301486796875001 0.0723871203125 0.7279303921875
0 0.0552903578125 0.699557096875 0.053027679687499996 0.6969988375 0.0641246265625 0.7048415328125001 0.06688315 0.7044416140624999 0.07196170156250001 0.707339384375 0.07586916875000001 0.7023312953125 0.0699636359375 0.6959642515625 0.0673550265625 0.6860684359375 0.054354293750000005 0.6810141625 0.053188718749999996 0.6818112484375 0.05189548125 0.6831203515625 0.04821190625 0.6823832171875 0.0433497953125 0.6844340421874999 0.043238765624999995 0.68875714375 0.0447058859375 0.6925673078125001 0.0497844375 0.6954650765625 0.0552903578125 0.699557096875
0 0.099643165625 0.6981069921875 0.098582996875 0.7081757734374999 0.1054044078125 0.7011749734375 0.117219259375 0.697413290625 0.1266326484375 0.6964972234375 0.1380663546875 0.697172575 0.142928465625 0.6951217468750001 0.14350941875 0.691822225 0.1420293359375 0.6900029375 0.1404345546875 0.6867047921875 0.13815708124999998 0.6832364296875 0.126068440625 0.681310090625 0.11674016093749999 0.6818848109375 0.1099872265625 0.6847331828125001 0.09905487187499999 0.68980259375 0.099643165625 0.6981069921875
0 0.0467466203125 0.68147403125 0.0524634734375 0.68181170625 0.06880735 0.6889684968750001 0.0775972328125 0.6915226265625 0.08392463125 0.6903809859375001 0.08235760625 0.6860020640625 0.0776749984375 0.6795773609375 0.069865684375 0.6759987375 0.060278409374999994 0.671795534375 0.0557252984375 0.6677597937499999 0.0479159828125 0.6641811671875 0.044974284375 0.66725465625 0.0459585203125 0.6720321203124999 0.04315744375 0.6726027109375 0.0393905984375 0.6751079015625 0.0433905140625 0.681362390625 0.0467466203125 0.68147403125
0 0.0832789875 0.6813371578125 0.0853825765625 0.6796862484374999 0.0874547375 0.67331415625 0.080341075 0.66791486875 0.06541993125 0.661837934375 0.056359931249999995 0.659397740625 0.054113885937499995 0.6606505640625 0.050617156249999996 0.6630418203125 0.05293901875 0.6692404875 0.055897346875 0.6699780828125 0.058300646874999994 0.67003344375 0.06023585625 0.6719662078125 0.07421898906249999 0.6788969640625 0.0832789875 0.6813371578125
0 0.056872409375 0.660250646875 0.06274651406250001 0.6618965078125 0.0727445265625 0.6634828781250001 0.0842374171875 0.6677986390624999 0.0947774984375 0.6720581203125 0.0923427734375 0.667281575 0.08979518125 0.6639271484375 0.08202475000000001 0.6543758921875 0.071710396875 0.6472721671875 0.061980667187500005 0.64267088125 0.053292521875 0.6435864890625 0.051077904687499995 0.6495604984375001 0.050952078125 0.652973496875 0.0465728515625 0.654057025 0.0433758328125 0.65815455 0.05132760468749999 0.662131259375 0.05536457031250001 0.659512134375 0.056872409375 0.660250646875
0 0.06646541875 0.6285613140625 0.074078596875 0.6368043859375 0.08741608749999999 0.6346913140625 0.0864466453125 0.630823953125 0.0797011671875 0.6229785062500001 0.0776346265625 0.615755803125 0.0717550171875 0.605407 0.06788643125 0.604442453125 0.064532159375 0.60723179375 0.058572946875 0.6059272765625 0.05166459375 0.6103684406250001 0.0570280578125 0.6140623781250001 0.0597162703125 0.61491390625 0.060543253124999995 0.6183831843750001 0.06646541875 0.6285613140625
0 0.1084333953125 0.633767909375 0.1021226265625 0.6387206328125 0.1082261328125 0.6433242124999999 0.1128902734375 0.643036853125 0.11660160625 0.6426932125 0.129369265625 0.6389878078125 0.12839615625 0.6293184859375 0.1249494359375 0.62084525 0.11915676718749998 0.6130560843749999 0.1163279328125 0.61470745 0.10865178281250001 0.6193197453125 0.10896628906250001 0.62193611875 0.111356628125 0.6239823578125 0.111715521875 0.6293290375 0.1084333953125 0.633767909375
0 0.0904725984375 0.6107989484375 0.0996472984375 0.6147180031249999 0.09772505000000001 0.6107943609375 0.09665570625 0.6063582421875 0.09284080156249999 0.600331165625 0.084672590625 0.5914058609375 0.07415659687500001 0.5802636453125001 0.066393503125 0.5823163078125 0.0649170921875 0.5862989796875 0.0614481203125 0.5876094593750001 0.0594758625 0.594550309375 0.0681806375 0.5974457828124999 0.073884528125 0.5997743375 0.077242471875 0.6027869578125 0.0904725984375 0.6107989484375
0 0.1045926828125 0.60942485 0.10799879999999999 0.598672 0.1093605125 0.5932104687499999 0.10866119062499999 0.589229171875 0.10666862968749999 0.5865569796875 0.0978066015625 0.58235331875 0.09375300625 0.5811613609374999 0.0895476640625 0.5873641562499999 0.09219882812499999 0.5970892984375 0.0964429390625 0.60721160625 0.0966038609375 0.614321753125 0.09918104375 0.6194963828125 0.10286461875 0.62023351875 0.1045926828125 0.60942485
0 0.1587308515625 0.5881167406250001 0.166018515625 0.5763375609375 0.1669121390625 0.57275343125 0.15871800625000002 0.56780988125 0.156187046875 0.5682665390625 0.156231434375 0.5709968453125 0.15053121249999998 0.5744702515625 0.1507476515625 0.5794188484375 0.1517189265625 0.586187190625 0.1549232859375 0.593693584375 0.1586901328125 0.59118839375 0.1587308515625 0.5881167406250001
0 0.1417709234375 0.5737363281250001 0.1497893359375 0.5706596296875001 0.15806123593750002 0.5636579109375 0.16084568125 0.5592762375 0.1667882640625 0.5567696718749999 0.1714228125 0.5546621078125 0.16800568437500002 0.5480090765625001 0.1643646640625 0.5471012671875 0.16084946875 0.5427804609375 0.1526997234375 0.5405672187499999 0.14914748125 0.545120025 0.1429514125 0.5515516078125 0.1366702375 0.5583245359375 0.1395193734375 0.5662862125 0.1417709234375 0.5737363281250001
0 0.1260358734375 0.5399015015625 0.1294160671875 0.5331304078125 0.141380834375 0.5190729890625 0.148346534375 0.5153712546875 0.15855547812499998 0.51320328125 0.1616525953125 0.508537 0.1515102921875 0.503651565625 0.1479839703125 0.5042226140625 0.1441413078125 0.4992763125 0.1337621484375 0.502126978125 0.1277677234375 0.5125970546875 0.12423394375 0.523861921875 0.1284355015625 0.5341549046875 0.12708675 0.5376255578125 0.1260358734375 0.5399015015625
0 0.0954794671875 0.5228562359375 0.0992092640625 0.5292246578124999 0.101558884375 0.5343425515625 0.11245981093749999 0.5245519546875 0.1086171484375 0.519605653125 0.109782725 0.5188085671875 0.103420228125 0.5094270640625 0.10104285312500001 0.505389946875 0.1006414046875 0.5002139421875 0.0971262078125 0.495893134375 0.0910670921875 0.49401986249999996 0.0866749046875 0.4970942671875 0.090090196875 0.5008463187500001 0.078284634375 0.4968151640625 0.075910928125 0.4985800078125 0.079982990625 0.506484028125 0.0872391109375 0.5122814 0.0954794671875 0.5228562359375
0 0.2433827578125 0.606322309375 0.23556048125 0.6047345625 0.229603103125 0.6063310265624999 0.22844119687500003 0.6129300718749999 0.2323541703125 0.616624925 0.231419828125 0.6232807078125 0.2422133953125 0.623615171875 0.247884025 0.6183215609375 0.2566831984375 0.613082853125 0.262496284375 0.6081873250000001 0.26574881875 0.6019282484375 0.25029294375 0.6047821265625 0.2433827578125 0.606322309375
0 0.259856015625 0.6381658 0.26939339375000004 0.6309357546875 0.2731732015625 0.6264396875 0.27681055312499997 0.6215455359375001 0.2785848390625 0.616368153125 0.2680761859375 0.6168298562500001 0.264290871875 0.612622984375 0.2602076859375 0.609610821875 0.2569810734375 0.6118881421875 0.2548681921875 0.6213318875 0.252627653125 0.631287653125 0.2533417703125 0.6361790515625 0.2577727265625 0.6494297515625 0.259856015625 0.6381658
0 0.3480991234375 0.6480542859375 0.35088925312499997 0.6487499437500001 0.3564173390625 0.65035051875 0.3648399046875 0.65222823125 0.37940075625 0.6556363921874999 0.38571370781250003 0.6576549234375 0.3820820390625 0.6496368609375 0.37899475312500003 0.6477557734375 0.370395275 0.641833121875 0.3597746375 0.6380737578125 0.3507759046875 0.6349410484375 0.3423351984375 0.6319474703125 0.339529175 0.633692803125 0.339043715625 0.638017128125 0.3371450484375 0.6408777625 0.3363624328125 0.644016659375 0.336870534375 0.6479219046875 0.343340009375 0.6493126578124999 0.3480991234375 0.6480542859375
0 0.5307325625 0.669140403125 0.5260914375 0.6639824125 0.518467378125 0.6565248140625 0.51250150625 0.6519256 0.506728440625 0.6489303343749999 0.4952548734375 0.6474032609375 0.48372913281249996 0.64608545 0.49949449375 0.6517943421875 0.5017288468750001 0.655907721875 0.5033711421875 0.6612070937500001 0.505519290625 0.6668548578125 0.51002203125 0.67375649375 0.5117868171875 0.6797532125 0.516253275 0.6844231187500001 0.5233306984375 0.6821868890625 0.5259801984375 0.6810693375 0.5300950765625 0.68120621875 0.533059871875 0.6823899609375 0.5356209140625 0.6792499390625 0.5352693359375 0.674716915625 0.5307325625 0.669140403125
0 0.5424125765625 0.6662735843750001 0.5428595046875 0.6561606734375001 0.5318418640625 0.65874810625 0.5300497953125001 0.6647470734375001 0.524494425 0.6751421843750001 0.5278629734375 0.6806496921875 0.529484878125 0.681276346875 0.5323453234375 0.682878609375 0.5374038421875 0.686362521875 0.544866878125 0.6873341921875 0.547584440625 0.6835663921874999 0.5484872984375 0.6775679859375 0.5410923265625 0.6739460671875 0.540568334375 0.6724818109374999 0.5424125765625 0.6662735843750001
0 0.8109453234374999 0.814468746875 0.8127302921874999 0.8122802468750001 0.8134939343750001 0.80921744375 0.810927975 0.8062539640624999 0.80955251875 0.802657825 0.808638715625 0.7988669609375 0.807275903125 0.7960485453125 0.8068079750000001 0.7863271921874999 0.8065139265625 0.7825359359374999 0.8019084515625 0.782781890625 0.7993219093749999 0.7857000203125 0.7968333828125 0.7898819046875001 0.7947100609375 0.7950843296875 0.7932428625 0.8001405140625 0.7922009515624999 0.8051478218750001 0.793065746875 0.8083068109375 0.7957170765625 0.81175631875 0.7998261015625 0.8143299562499999 0.803482978125 0.812918003125 0.8038466171875 0.8114595250000001 0.80866076875 0.8145187999999999 0.8109453234374999 0.814468746875
0 0.3837615890625 0.48413974687500005 0.3842276859375 0.48135906093749997 0.38604333125 0.4777220171875 0.392429365625 0.47215719375000004 0.4046031515625 0.46616095937499996 0.3992154015625 0.464988046875 0.391810278125 0.46552742187499996 0.38083650156250004 0.4667106828125 0.3712540015625 0.4696040734375 0.3657792421875 0.47880421718750005 0.3641392296875 0.48538194843750004 0.3667896 0.49115493125 0.36816869375 0.49473648593749997 0.37652509218749997 0.49767199843750004 0.3782085546875 0.4963876765625 0.3794085640625 0.4915747 0.38276158125 0.4881505609375 0.3837615890625 0.48413974687500005
0 0.48764723749999994 0.4766418328125 0.4942279890625 0.48305395781250005 0.4954609890625 0.4881327390625 0.4975096296875 0.4935852875 0.5004278203125 0.5001066671875 0.508772034375 0.5049136062499999 0.51379805625 0.5048034875 0.516135434375 0.5018077421875 0.5222170968750001 0.501108796875 0.527375303125 0.49864595625 0.5254327562500001 0.4918566140625 0.5150294421875 0.48619547343749997 0.5048000375 0.4807481 0.501603571875 0.47807666875 0.48764723749999994 0.4766418328125
0 0.5254015984375 0.46373190624999994 0.5280624265625 0.4649065421875 0.5364710078125 0.46581019687499997 0.5323771765624999 0.4603589421875 0.530474628125 0.4534091671875 0.530031175 0.4497200828125 0.5286259890625 0.4471544578125 0.5281703515625 0.44533679687500005 0.5281808109374999 0.4407384515625 0.5231269734375 0.43913757656249996 0.5188904984375 0.4406373890625 0.516177484375 0.44149461093750003 0.5133705640625 0.44181720156250004 0.5129079171875001 0.45005172968749996 0.5203564921875 0.4548057640625 0.5207199453125 0.45881571406250005 0.5254015984375 0.46373190624999994
0 0.3984475328125 0.307682546875 0.400910084375 0.3123862671875 0.40523000937500003 0.31601942968749996 0.40811865625 0.31810289687500004 0.4110455796875 0.317299009375 0.40959866875 0.31216689375 0.41000912968750003 0.3059642234375 0.40995349687499993 0.30254223750000003 0.41033959218750005 0.30008241875 0.4110456875 0.2963391359375 0.4125413328125 0.2939855515625 0.4092509578125 0.2907794890625 0.40419884375 0.2919055359375 0.402233653125 0.2915859640625 0.3998667359375 0.29014379687499997 0.39609808125 0.2915898453125 0.3953919828125 0.2953331265625 0.3971467140625 0.30105320625 0.3984475328125 0.307682546875
0 0.3633664015625 0.2779759390625 0.3660133234375 0.278295078125 0.370863709375 0.2752442734375 0.37738365156250003 0.27005365000000003 0.380054940625 0.266629940625 0.38740615625 0.26539550312500004 0.38932962031249996 0.263148584375 0.3839540546875 0.2601042484375 0.38225495781249996 0.257806153125 0.3798063140625 0.2539579296875 0.3760359328125 0.2526770578125 0.3696759921875 0.25722595 0.36660470312500004 0.2622539859375 0.36630205781249997 0.269846784375 0.3622690359375 0.275998278125 0.3633664015625 0.2779759390625
0 0.49970717656249997 0.2906688 0.5015001828125001 0.293501528125 0.513700059375 0.2864893609375 0.51954873125 0.2767008234375 0.5199052843749999 0.2698030890625 0.517041003125 0.2639767734375 0.514286265625 0.2622675046875 0.51155934375 0.26226923125 0.50892633125 0.2628055859375 0.5052654953125 0.2656417625 0.5044254890625 0.2690108453125 0.5037333 0.27360962187500004 0.5055019374999999 0.2801851984375 0.5032984703125 0.2835551421875 0.5024984640625 0.28676379218750003 0.49970717656249997 0.2906688
0 0.477356278125 0.26822593281249996 0.479949290625 0.2678500078125 0.49613863281250004 0.2703528125 0.49989510312499996 0.270778190625 0.505282853125 0.2719511015625 0.5129679796875 0.27028869843750003 0.5084341453125 0.2666022015625 0.507484596875 0.265854234375 0.5108776140625 0.2622696625 0.50949851875 0.25868810625 0.50028820625 0.2582661796875 0.49177353281249997 0.25869931875 0.4840901296875 0.2630886421875 0.48071102187500003 0.2675287125 0.477356278125 0.26822593281249996
0 0.46976333593749997 0.26769604375 0.4730710703125 0.27721144531249997 0.47313371093749995 0.2705812421875 0.47639109687500003 0.26389554843749996 0.47535809687499997 0.2580146046875 0.47003298750000005 0.25021149062500003 0.46032703750000004 0.2481323359375 0.45589056250000004 0.25043431250000003 0.4538331890625 0.25230703125 0.45196190625000005 0.252522090625 0.44919843437500007 0.25813809062500004 0.45290272187499997 0.26059532500000004 0.4615530296875 0.26326330625 0.46472168125 0.26422374375 0.46976333593749997 0.26769604375
0 0.43295356875 0.2312534265625 0.440962146875 0.23376140781250002 0.448448996875 0.2356280890625 0.46044013906250003 0.23674335468750002 0.47101391406250004 0.23716441718749998 0.47911295000000004 0.23475318750000002 0.47495302656250005 0.23047829375 0.47119483124999995 0.22732599531250003 0.47538957968749995 0.22325969375 0.4710035640625 0.220802890625 0.46188543437499996 0.218188675 0.4502560203125 0.2183564390625 0.443320440625 0.22156896874999998 0.43437967187500004 0.2246223609375 0.43295356875 0.2312534265625
0 0.4025053578125 0.2139487109375 0.4013731640625 0.220312246875 0.4022444375 0.22410799843749998 0.40558872187499995 0.22800912499999998 0.41752250625 0.22297548437499998 0.42631545937500004 0.218692396875 0.42850501718749995 0.21446695624999998 0.429372840625 0.212808865625 0.433823225 0.2113623859375 0.4372301515625 0.2086333078125 0.4374162453125 0.20697565 0.43034330781249996 0.2043601390625 0.427242475 0.20495026093750002 0.421851275 0.19832350781250002 0.41591570312500004 0.197525225 0.40992967187499996 0.2014857234375 0.4064044703125 0.20742301875 0.4025053578125 0.2139487109375
0 0.15673647500000001 0.4576655703125 0.1607404921875 0.466680009375 0.1604935 0.470097125 0.16221459375 0.47128247968750003 0.1640715765625 0.462216875 0.16633450156250001 0.457184921875 0.169653240625 0.45196247031250003 0.1721909078125 0.449872725 0.17453871406250002 0.44773564062500004 0.175508115625 0.442229928125 0.1703448359375 0.43867386406250003 0.166478140625 0.4404322453125 0.16592090312500002 0.44104954999999996 0.161635921875 0.43801496249999994 0.15801775 0.438776575 0.154127896875 0.4414366703125 0.153229503125 0.446657590625 0.15673647500000001 0.4576655703125
0 0.1451689296875 0.439354196875 0.1453804171875 0.43607947812500003 0.1492502703125 0.42055834687500004 0.153839375 0.41671136718749996 0.1602097640625 0.4154259765625 0.16060958281249998 0.40977825156250003 0.1550789265625 0.40688682812500004 0.149514296875 0.40655814375 0.142844475 0.40338269374999997 0.13889442968750002 0.40466655156250003 0.13733381875 0.41335230625 0.1332494140625 0.42730746875000003 0.1368737109375 0.4362272328125 0.140934859375 0.4417772203125 0.1451689296875 0.439354196875
0 0.1293287484375 0.4187675546875 0.129844359375 0.40861126875 0.13364473593749998 0.395795271875 0.13309678125 0.3923312046875 0.132987209375 0.38791770312499996 0.12862969062500001 0.3827475640625 0.1219258953125 0.382134853125 0.1154011484375 0.3832305109375 0.10879457968749999 0.3862719859375 0.1081693984375 0.3920147671875 0.114936446875 0.39884440312499997 0.11775498124999999 0.409378240625 0.12020614062499999 0.42057671875 0.1242657578125 0.42370636250000004 0.1293287484375 0.4187675546875
0 0.1490696921875 0.4164296375 0.1539336359375 0.396921425 0.1548428453125 0.39003947656250004 0.153273046875 0.384203165625 0.1486546609375 0.37927048281250003 0.1417486609375 0.3778511171875 0.137739953125 0.38017908437500003 0.1357826828125 0.38074981406249997 0.13377909375000002 0.38312396875 0.134163409375 0.3904796765625 0.1380964203125 0.3997789078125 0.1413163046875 0.40708536406249995 0.1443216375 0.4128258515625 0.14590071875 0.4145807890625 0.1490696921875 0.4164296375
0 0.20779414375 0.37178220624999997 0.21819946093749998 0.372107828125 0.21869344375000002 0.3652735984375 0.21533307812500002 0.36095706875 0.21523585 0.357302884375 0.2086833515625 0.35203921875 0.201862234375 0.35351472500000003 0.1912731796875 0.362823140625 0.181547015625 0.367053034375 0.1807319734375 0.372748478125 0.1808909234375 0.3801992453125 0.195752615625 0.373166096875 0.20779414375 0.37178220624999997
0 0.175204765625 0.3002839921875 0.17861766875 0.2938750375 0.18213708281250002 0.2870388953125 0.18253843125 0.2838115140625 0.18136069999999999 0.2788291953125 0.17623292343750002 0.275130734375 0.17065595 0.2740427359375 0.16529352656250001 0.2745207046875 0.1650959140625 0.2809750828125 0.16505419062499999 0.2900395390625 0.16772765 0.296302271875 0.16709012343750002 0.3012857375 0.1685179078125 0.30769163125 0.175204765625 0.3002839921875
0 0.1917707078125 0.2678124140625 0.1911347125 0.275216225 0.1914218 0.27891774687500004 0.190120525 0.284945703125 0.19701417968749999 0.2856057515625 0.19742787343749998 0.2831376875 0.2050114984375 0.286692221875 0.20840277343750002 0.2836053234375 0.20552710937500002 0.2765359375 0.20637612343749998 0.2682777515625 0.20352361718749998 0.2603066546875 0.20125609843749998 0.258077575 0.1973045234375 0.2569410890625 0.1917707078125 0.2678124140625
0 0.16990282343750002 0.246327884375 0.1691834765625 0.2532571734375 0.167965553125 0.2597596546875 0.1723555125 0.2599467078125 0.17574678906250002 0.25685980937499997 0.180050334375 0.25173165000000003 0.1836299421875 0.24627174531249998 0.1843739796875 0.240861090625 0.1818564078125 0.2372084375 0.17746644843749998 0.2370213828125 0.17645848125000002 0.2378288015625 0.17626709062499998 0.23536112031249998 0.16970530781249998 0.2341788265625 0.1693271171875 0.236504496875 0.170457 0.24086989375 0.16990282343750002 0.246327884375
0 0.1810183015625 0.22520215625 0.179783440625 0.2236842890625 0.1763906328125 0.22435084375 0.1744920234375 0.22387746718749998 0.16931793125 0.2219824296875 0.1675998984375 0.22563776406249997 0.17003565 0.23123623750000002 0.17521280625 0.23797196406249999 0.18246149375 0.2372080546875 0.18258963125 0.233458809375 0.1818873171875 0.22980500781250002 0.1810183015625 0.22520215625
0 0.183906409375 0.2144274203125 0.1826298234375 0.221974009375 0.1845314953125 0.227288075 0.19063489218750002 0.2165587625 0.1990304984375 0.20957716406250002 0.20408267656249998 0.20629938281250002 0.20530213125 0.20221724531250002 0.2057359203125 0.1940067796875 0.2050938 0.19172921406250001 0.19952917187500002 0.19140052968750002 0.19542476875 0.1924946546875 0.1912709859375 0.19055151406249998 0.187544775 0.1893199703125 0.1845687234375 0.192359146875 0.184300103125 0.19909831875 0.184448240625 0.2082101125 0.183906409375 0.2144274203125
0 0.19449259375 0.163071440625 0.197984159375 0.1684794140625 0.199160359375 0.1710413890625 0.20096480468750003 0.17270126875 0.20209784531250002 0.16330391718749998 0.20281719374999999 0.15637463125 0.201259740625 0.1512976359375 0.2013153390625 0.1454128421875 0.201384815625 0.14270770625 0.19865422500000002 0.139909425 0.1935279796875 0.13863130937499998 0.190206178125 0.1390130734375 0.1853161109375 0.1359788703125 0.179847178125 0.1368840265625 0.1791864921875 0.1427692046875 0.18443465312500001 0.1492201390625 0.190312590625 0.157189321875 0.19449259375 0.163071440625
0 0.225512659375 0.1357161546875 0.22556203749999998 0.1387534171875 0.22728312968750003 0.1399387734375 0.2289379078125 0.130066515625 0.2294210765625 0.12489331562499999 0.23372462187499998 0.1197651546875 0.23447019062500002 0.1167748453125 0.2363425796875 0.11330924687499999 0.237288821875 0.1087052453125 0.2298502734375 0.10942181718749999 0.227275571875 0.109233615625 0.22366668281250002 0.10591385625000001 0.21925356406250002 0.1066285140625 0.2168841296875 0.11208765312499999 0.2183597640625 0.11911046562500001 0.22115360781249999 0.12812567187499999 0.225512659375 0.1357161546875
0 0.210823890625 0.13477629062500002 0.21542227656250001 0.1268479375 0.219216434375 0.1229540015625 0.22013951875 0.11925171406249999 0.21740739687500002 0.114033090625 0.2119724359375 0.11237550624999999 0.209374575 0.113089015625 0.2051513171875 0.11385101093750001 0.2039225796875 0.12201452187499999 0.2015531453125 0.1274736609375 0.201438884375 0.134402565625 0.205867409375 0.13928791093749998 0.2081580859375 0.1406152796875 0.210823890625 0.13477629062500002
0 0.233149109375 0.072734890625 0.2352576765625 0.0675132046875 0.2343546875 0.0654730921875 0.2402033421875 0.064662609375 0.241209778125 0.0614348484375 0.23750672343749998 0.059301590625 0.2348610171875 0.0593981796875 0.23069488906250002 0.0566957234375 0.22715853749999998 0.055511517187500005 0.22391080468750002 0.0604491765625 0.221484240625 0.06937276875000001 0.22155983906249999 0.076349009375 0.22137810624999998 0.081012396875 0.227433184375 0.07705716093750001 0.233149109375 0.072734890625
0 0.239598159375 0.08326643125 0.23725341718749998 0.090244203125 0.240552059375 0.090764153125 0.24515044375 0.0828358 0.25498005468749996 0.07333803125 0.261088046875 0.0698697515625 0.264053284375 0.0684916015625 0.27056415624999997 0.0642162875 0.26587476250000003 0.0595683921875 0.260737703125 0.059951303125 0.2564635359375 0.055255690625 0.25442138281250004 0.0529315515625 0.2525706203125 0.053075096875000005 0.24887215937499998 0.058202873437500004 0.244937521875 0.0650867359375 0.24138260625000002 0.0720652734375 0.239598159375 0.08326643125
0 0.263617190625 0.2231092234375 0.2751231078125 0.2190205796875 0.2810628671875 0.21218290624999997 0.282564815625 0.204541259375 0.28137627187500003 0.2012199671875 0.27362900625000003 0.20155707343749998 0.272346296875 0.1994222859375 0.2679548046875 0.1968148875 0.261501065625 0.1976257515625 0.2592535484375 0.2082577078125 0.257753128125 0.21831969999999998 0.25668803125 0.222591571875 0.2565845828125 0.227859446875 0.263617190625 0.2231092234375
0 0.352188471875 0.1719886578125 0.3545115875 0.1683329421875 0.37045378281249997 0.1626279265625 0.36998764687499996 0.157218040625 0.368964275 0.152425453125 0.3743961734375 0.1492423484375 0.3745598125 0.145350709375 0.3684256015625 0.1448800125 0.3652087796875 0.14241424375 0.3607339359375 0.139332321875 0.35590712343750003 0.14251504375 0.354619725 0.1517226625 0.3529140375 0.1561373109375 0.3513148625 0.1601247734375 0.352188471875 0.1719886578125
0 0.36594056875000003 0.11764083750000001 0.35788611875 0.12001881875 0.35245575156250003 0.12562226875 0.34882676562500003 0.128044909375 0.3483652234375 0.1298960546875 0.35651536875 0.1287519125 0.3701236328125 0.12836364218750002 0.37509399062500004 0.12703168125 0.380408565625 0.12593679062500002 0.3863050671875 0.1257432296875 0.390076065625 0.12275100624999999 0.39034774687499996 0.12085252500000002 0.3850903015625 0.1184829640625 0.38366557968750004 0.1169177578125 0.3847306765625 0.1126458875 0.381501509375 0.1094208015625 0.37704054375 0.109518540625 0.3740305203125 0.115120459375 0.36594056875000003 0.11764083750000001
0 0.32356454375 0.10480659218749999 0.33526338437500003 0.1056059734375 0.3418606703125 0.10664587031249999 0.3504044125 0.108776065625 0.3568103046875 0.10734828125 0.35896671874999997 0.1027435140625 0.35138462656249997 0.101609325 0.351654778125 0.0972905 0.3512735234375 0.0947754796875 0.34408349843749997 0.09449528125 0.33721453281249997 0.095353865625 0.33092749375 0.0971137796875 0.327179653125 0.099204290625 0.3251637203125 0.1008191296875 0.32356454375 0.10480659218749999
0 0.29794422656249997 0.07815154375 0.310723571875 0.0802790578125 0.31709243125 0.076573325 0.32367583906249997 0.0744335625 0.32736501875 0.073387159375 0.3289765390625 0.07015901249999999 0.3258060328125 0.0658898203125 0.32210298125 0.06375656406249999 0.31948971406250004 0.0588700703125 0.31490836093749996 0.0562153328125 0.31141057499999997 0.05972941875 0.30490276562499996 0.0688454234375 0.30217676875 0.07330817656250001 0.299460053125 0.07368955625 0.29794422656249997 0.07815154375
0 0.32917558593749996 0.084728415625 0.3331286953125 0.08828524531250001 0.33586550625 0.0821614640625 0.3429212703125 0.0765095296875 0.346454559375 0.0728530484375 0.3463341734375 0.070100575 0.3498319609375 0.0665864890625 0.35117026875 0.0628364796875 0.342425853125 0.062319976562500004 0.341190990625 0.060802109375 0.337392240625 0.05743501250000001 0.33384660781250003 0.06033217656249999 0.331741103125 0.07039455156249999 0.3308087359375 0.0781782125 0.32892553125 0.08330484218749999 0.32917558593749996 0.084728415625
0 0.3489751921875 0.081346390625 0.3458679421875 0.0832941234375 0.3507024109375 0.092213121875 0.36551778437500004 0.0869833984375 0.371790946875 0.0820438234375 0.37645105624999997 0.0779120515625 0.3783002875 0.0753481640625 0.3830807828125 0.073968865625 0.3806928796875 0.0689873125 0.3743564625 0.06770996093750001 0.373915015625 0.0638187046875 0.370638003125 0.05997670000000001 0.3667003 0.062019875 0.3640483734375 0.07103852499999999 0.3606339375 0.075027134375 0.354263546875 0.07631252499999999 0.3489751921875 0.081346390625
0 0.388294971875 0.0829825390625 0.39962184375 0.0771855296875 0.4075466234375 0.0761364453125 0.4138460078125 0.075135846875 0.41776054843750005 0.07399438593749999 0.4207844484375 0.0715721265625 0.4146240171875 0.067162453125 0.41501455312499996 0.0655961015625 0.4144310921875 0.062274428125 0.4083431984375 0.0600003078125 0.40490560468750003 0.0648906296875 0.3986447859375 0.0705895203125 0.39225276875000004 0.075196965625 0.38724691093749997 0.076671321875 0.388294971875 0.0829825390625
0 0.45615542343750004 0.1327227921875 0.45207417968749997 0.1329152046875 0.4474125390625 0.13462663125000002 0.443295790625 0.13496144062499998 0.4436291953125 0.13685953906249998 0.4559578125 0.13917717031250001 0.46357693906249997 0.142589309375 0.4721916890625 0.1444347109375 0.4790606546875 0.14357612656250002 0.4853121890625 0.141958609375 0.489677459375 0.14062703125 0.48819254531249995 0.1376855890625 0.48459599999999997 0.1351251453125 0.48383502656250005 0.13251545 0.4831095546875 0.12976336093750002 0.4764289171875 0.12824893906249998 0.4710788390625 0.129486225 0.4614098078125 0.1302516640625 0.45615542343750004 0.1327227921875
0 0.4352136875 0.11237666406249999 0.4291736390625 0.1107194640625 0.4172633109375 0.11319480156249999 0.42385131249999997 0.1183160703125 0.43338139531250003 0.12296090156249999 0.43783154687500003 0.1245241921875 0.4434332109375 0.127130825 0.4491768875 0.129167875 0.45394656875 0.1294496046875 0.45649658125 0.12811917343749998 0.45498850781250005 0.12607944375 0.45387250156250003 0.12489370625 0.4564456703125 0.122661565625 0.4568115171875 0.11957657968749999 0.451483065625 0.11749181093750001 0.4453241640625 0.1155024796875 0.4352136875 0.11237666406249999
0 0.45674367031249996 0.10609862187500001 0.46338880312499997 0.1077554390625 0.4742571921875 0.10865026250000001 0.48129133125 0.106320384375 0.4830340515625 0.10418368281249998 0.47885557968750003 0.100721909375 0.4790562546875 0.09910821875 0.47810541874999996 0.09645118593749999 0.4751973109375 0.0943648859375 0.47134142968750004 0.0944622390625 0.466134896875 0.0975502875 0.46277912343749994 0.1004947890625 0.45949435625 0.10315450156249999 0.45822552187500004 0.10419937500000001 0.45674367031249996 0.10609862187500001
0 0.42477296249999996 0.09358999999999999 0.4190570375 0.097912271875 0.43002265624999997 0.1024612796875 0.43898315468750004 0.106964096875 0.44985307656250006 0.1102792625 0.45261610625 0.108094459375 0.4563639484375 0.106003946875 0.4584138515625 0.10182636875 0.45834131562499997 0.099690815625 0.4552911953125 0.098174096875 0.45566938593749995 0.095848428125 0.45264242499999996 0.093429996875 0.447100953125 0.0921996015625 0.4399942796875 0.092393928125 0.426183809375 0.09197554375 0.42477296249999996 0.09358999999999999
0 0.4228028453125 0.8150885578124999 0.4276149578125 0.8149251062499999 0.4322792515625 0.8135319593749999 0.4396721921875 0.814864009375 0.44734513593749997 0.8150730328125 0.45470853437500003 0.8119671687500001 0.4673918671875 0.80848365625 0.46610668125 0.8054367328125001 0.46407367343750006 0.8035666015625 0.460009384375 0.802553259375 0.44899388125 0.8011700328125 0.4422304875 0.8018694078124999 0.436174915625 0.801552425 0.43109498437499993 0.8009674796875 0.42336813281249996 0.8000633921875 0.41802210781250004 0.8014569703125 0.4160725515625 0.804719815625 0.42329330781249996 0.8085650203125001 0.421971571875 0.8111323718750001 0.4228028453125 0.8150885578124999
0 0.3998588421875 0.8059598609374999 0.40278403906250004 0.8024290515624999 0.4087178859375 0.8005004124999999 0.423142040625 0.8018814828125 0.42693506093750005 0.7966925859375 0.42796288593750004 0.7943927656249999 0.4262237890625 0.792255103125 0.41663783906249996 0.7896946515625001 0.40707970624999995 0.7888451921875 0.4017597734375 0.789222840625 0.391279909375 0.7893364093749999 0.383114778125 0.792924 0.382690409375 0.798271175 0.3870764265625 0.8007279781250001 0.388307703125 0.8030798390625 0.395488459375 0.807085475 0.3998588421875 0.8059598609374999