0 0.4516664796875 0.60525766875 0.45187933437499994 0.607456659375 0.4535192453125 0.6098308718750001 0.45850561250000005 0.61116740625 0.46072753437499997 0.6101123687500001 0.46101956875 0.607733940625 0.4624924859375 0.6062247937499999 0.465636578125 0.6055244109375 0.4707272140625 0.604700890625 0.47463696562499996 0.6030080921875001 0.47987361875 0.6009953609375 0.489668875 0.5972487828124999 0.490968628125 0.5958390890625 0.49422953124999996 0.5941873359375001 0.49701475000000006 0.592477175 0.49790977031250006 0.5917420718749999 0.501867440625 0.5870373 0.49317368906250003 0.5870562703125 0.48778053125 0.5877219296875 0.47918487499999995 0.5895636578125 0.47468468125 0.590821815625 0.46877203281249996 0.591785834375 0.46346648437500004 0.5917379656249999 0.45939817187500004 0.59341129375 0.4565253421875 0.5958349828125 0.4557742828125 0.5967084765624999 0.448104909375 0.596249653125 0.44627106093749996 0.5980766265625 0.44798192343750004 0.6011838359375 0.4503728953125 0.6026845515625 0.4516664796875 0.60525766875
0 0.4684750453125 0.6531929046875 0.4652620609375 0.6518326859375 0.4601463359375 0.6502388390625 0.4520888875 0.64900808125 0.45293393281250005 0.6526125515625 0.45836266718749996 0.6569005437500001 0.4653081265625 0.6593226234375 0.4675656265625 0.6632212359375 0.47040102343749995 0.6663458046875 0.47348670468750004 0.666121109375 0.4743253765625 0.6645340859375 0.4737661953125 0.662534 0.47552703281250003 0.6613016328125 0.479309484375 0.65802391875 0.47791574531250003 0.654955646875 0.47259765312499996 0.6536990968749999 0.4684750453125 0.6531929046875
0 0.5022077734375 0.6930661703125 0.499053196875 0.6912302671874999 0.494717734375 0.6885250828125 0.49093096718749996 0.6852836984375 0.4807912390625 0.6787272718749999 0.473374209375 0.673591578125 0.47089151406249996 0.675459596875 0.46965016562499995 0.67639360625 0.4705390140625 0.6796413125 0.47559859375 0.6895575453125 0.4810211578125 0.6978283484375 0.483086778125 0.7046005421875 0.49725512812500006 0.707185196875 0.4995646625 0.70541663125 0.5001884203125 0.7029582203125 0.5034764703125 0.702396228125 0.5063785015625 0.699734696875 0.5059507359375 0.69666431875 0.5022077734375 0.6930661703125
0 0.4473850796875 0.688628359375 0.4484865828125 0.684900753125 0.447781384375 0.6840898796875 0.4372056625 0.6797734890625 0.4328555984375 0.6771872265625001 0.426805159375 0.6740300421875001 0.4191253 0.6710349328125 0.4155890203125 0.6736185875 0.41836601093750003 0.6772188421875 0.41843696250000006 0.6779518390625 0.416730415625 0.681363728125 0.41942185312499997 0.6843499093750001 0.42599589531250004 0.684553528125 0.4358121265625 0.685879525 0.441993978125 0.6879664156249999 0.4473850796875 0.688628359375
0 0.437151165625 0.6684196609375 0.4394545265625 0.67063390625 0.437063353125 0.659958884375 0.43280707031250004 0.6526762828125 0.42959820000000004 0.64866085625 0.42473276093749995 0.64371774375 0.41822123906249997 0.64038323125 0.40965890156249996 0.6393319078124999 0.407810453125 0.641277803125 0.408597090625 0.645357959375 0.4149918 0.6496438421875 0.4203495828125 0.6531988359375 0.4261517921875 0.658377684375 0.432300328125 0.663357628125 0.43552585625000007 0.6659265296875 0.437151165625 0.6684196609375
0 0.440168625 0.7486567390625 0.44209519375 0.7483616375000001 0.44491605625 0.7446319625 0.4380612078125 0.7427269828124999 0.42917563124999997 0.740041 0.418896378125 0.7352344937499999 0.41104911250000004 0.7317899078125001 0.40273326249999997 0.7302371937500001 0.4009476921875 0.735157296875 0.40240567499999996 0.7367540625 0.403055109375 0.741087053125 0.4020352140625 0.7436201078125 0.4064336203125 0.7462867890625 0.41720591249999994 0.747077803125 0.424085215625 0.7468591640625 0.43269815781250004 0.7479167 0.440168625 0.7486567390625
0 0.43994005625000004 0.800553765625 0.4441576109375 0.7969955859375 0.4420870265625 0.794614725 0.426603840625 0.7879287234375 0.41505047656249994 0.7858012734375001 0.40692755468749997 0.7826772796875 0.4010895828125 0.780188278125 0.39774186562499997 0.7824355125 0.40340532500000004 0.7882702421875 0.4046733984375 0.789489253125 0.4005201515625 0.7925236734375 0.40108686093749996 0.7956059765625 0.41035527656250004 0.79709843125 0.42104484218750005 0.7966387578125 0.433465025 0.7994042953125 0.43994005625000004 0.800553765625
0 0.46542653906250003 0.7988982078125 0.4666303046875 0.8006409796874999 0.46735310781250006 0.7986031046875001 0.46706809375 0.791302140625 0.46146894375 0.7849436515625 0.4558208796875 0.7828324062500001 0.44818194062499994 0.781540025 0.43857657968749997 0.7789428843749999 0.4352074265625 0.7813647046875001 0.43507578750000003 0.784361259375 0.436870715625 0.7870627109375 0.4404880484375 0.7883929578125 0.446454640625 0.7898344390625 0.4578365125 0.7933585828124999 0.46542653906250003 0.7988982078125
0 0.45396555625 0.8191116609375 0.448675875 0.8179305156250001 0.444822740625 0.8185207218749999 0.44394988125 0.8217807046875001 0.44599600937500006 0.8262851875000001 0.44745097187500005 0.8298309906249999 0.4499871203125 0.8322690140625 0.456780678125 0.832748721875 0.46071955937500003 0.8314601671874999 0.46601225937499996 0.8306922812499999 0.47026967031250005 0.8287339609375 0.4616842046875 0.8236037671875 0.45396555625 0.8191116609375
0 0.329730496875 0.8128956703125001 0.336946746875 0.813781715625 0.3409897890625 0.8135692640625001 0.34218117656249997 0.809639515625 0.3335712546875 0.8066329453125001 0.3240700578125 0.80511190625 0.31954303125 0.803492746875 0.317343828125 0.8021594046875 0.311634475 0.7986228843750001 0.3046938828125 0.79741625 0.3036311140625 0.800298475 0.3055117875 0.8023015812500001 0.304047765625 0.8046028843749999 0.3009757046875 0.8065295265625 0.3025164125 0.8093769843749999 0.30676778437499996 0.8113167359375 0.315212253125 0.8118219296875001 0.329730496875 0.8128956703125001
0 0.400758040625 0.8848838484374999 0.40952405937499997 0.8827702421874999 0.4182900765625 0.8806566359374999 0.42781572968750003 0.8800540531250001 0.4359875640625 0.878930803125 0.4405819203125 0.87807716875 0.4454549484375 0.8749539078125 0.4387042640625 0.874125028125 0.41847364843749996 0.8714638015625 0.41007205156250004 0.8706094343749999 0.40326007812500003 0.868355278125 0.3977161765625 0.8673201359375 0.39267769375 0.86794201875 0.3904724515625 0.8705067484375 0.389155465625 0.8735349812500001 0.39186008437500003 0.8765253484375 0.3948005078125 0.8775952625000001 0.393379359375 0.8795473921875001 0.391364025 0.8824898765625001 0.392800571875 0.8842612328125 0.400758040625 0.8848838484374999
0 0.469382903125 0.8956137656250001 0.45990012187499996 0.8958671765625 0.4554712203125 0.8992221875 0.45533958124999996 0.90221874375 0.45929385937499995 0.9046536749999999 0.45909791093749996 0.9081739890625 0.45960332968750006 0.9098310156249999 0.46976301875 0.9098379375000001 0.4744461390625 0.9063369218749999 0.47722714843749997 0.9010073875 0.48358563906249996 0.8954082375000001 0.4842257140625 0.892119671875 0.48113523750000003 0.8922718640625 0.469382903125 0.8956137656250001
0 0.375877521875 0.8642842500000001 0.3673319078125 0.8607539171875 0.3536650875 0.8565947812499999 0.3438698171875 0.8536198859375 0.3331832703125 0.8521305234375 0.3323563046875 0.853092296875 0.334739378125 0.8587014640625 0.335330540625 0.85966014375 0.3333152078125 0.8626026296875 0.33375631562499997 0.8647834156249999 0.339934253125 0.8664280640625 0.3502624171875 0.866987328125 0.368232540625 0.8668899390625 0.3727197125 0.8669092375 0.375877521875 0.8642842500000001
0 0.3019662953125 0.863892809375 0.3112591671875 0.8632616437499999 0.323327009375 0.8611990140625 0.324640975 0.8601198171875 0.32765476875 0.8548188640625 0.3185333890625 0.8540533390625 0.30320659375000003 0.85571581875 0.2968082515625 0.8597151078125 0.295874103125 0.8615498140625 0.3019662953125 0.863892809375
0 0.23040615468749998 0.807788925 0.2399441859375 0.8128588609375 0.2516660234375 0.8155386515625 0.26654265 0.8175424921875001 0.2759855765625 0.81568921875 0.27952924375 0.8099216703125001 0.270110771875 0.8096513218749999 0.257393496875 0.8073809593749999 0.252465215625 0.8051808749999999 0.2507774703125 0.8016064890625 0.24716315781249998 0.798327209375 0.24189793124999998 0.7950224390625 0.23536161249999998 0.7924476921875 0.22905203749999997 0.7937995984375 0.22756657812499997 0.7962754890625 0.2292787796875 0.7977262515625 0.227456375 0.79909745625 0.22383300312499999 0.80166528125 0.2266417859375 0.80573175 0.23040615468749998 0.807788925
0 0.2992341984375 0.8649751 0.29453870000000004 0.8628035984375 0.29134405937499996 0.8618796890624999 0.281631515625 0.86015548125 0.27176891406250003 0.8596533828125 0.2667733046875 0.8599260921875 0.2632172640625 0.8600211203124999 0.26145916874999997 0.8608685671874999 0.265667665625 0.86315749375 0.2672542671875 0.8637067406250001 0.26292952812500003 0.8681378531249999 0.26419458281249997 0.8713059015625 0.2739928734375 0.8723317609375 0.2865262796875 0.870326296875 0.2946368234375 0.8677777703125 0.2992341984375 0.8649751
0 0.21713544218749997 0.848514765625 0.2170342984375 0.8454896281250001 0.21864837656249997 0.84196621875 0.2210036765625 0.8381793828124999 0.2251599421875 0.8331959265625001 0.2206543546875 0.8314021796875 0.217753784375 0.831932128125 0.209643240625 0.8344806515625001 0.20368600625000002 0.840660728125 0.198871246875 0.8471582984375001 0.20002911874999998 0.8511992796875001 0.20313801250000002 0.8528215359375 0.2045775796875 0.8526438546874999 0.2085991875 0.8526059890625 0.211515153125 0.8557995249999999 0.2137388125 0.85500924375 0.21696093125 0.8518604953125 0.21713544218749997 0.848514765625
0 0.16642545312499998 0.8323641140625 0.1702662125 0.8261013875 0.165405259375 0.8214285046875001 0.152504115625 0.81488231875 0.1479127796875 0.8137869171875 0.1403595859375 0.8117961906250001 0.1304969875 0.8112940906249999 0.130365346875 0.8142906453125001 0.1334956796875 0.8157383140625001 0.131333309375 0.8179538703125001 0.1285767578125 0.821159784375 0.1350273296875 0.8244328765625 0.140892778125 0.8228492203125001 0.15001113906250002 0.8255637828125 0.1603761359375 0.82967194375 0.16642545312499998 0.8323641140625
0 0.16163455468750001 0.809800740625 0.169144875 0.8121406406249999 0.17884835937500002 0.8197119546874999 0.1803277796875 0.8211341359375 0.18223895 0.817115546875 0.18129242343750002 0.8132777359375 0.1782508578125 0.8091826843750001 0.17125501406250002 0.8026527031249999 0.1589450328125 0.797065196875 0.1514960015625 0.7961505703125 0.149119265625 0.8001119937500001 0.15049150312499998 0.8024071078125001 0.14589714843749998 0.8032607437499999 0.1443688171875 0.8060858046874999 0.150228225 0.8084002203124999 0.1548195609375 0.8094956203124999 0.16163455468750001 0.809800740625
0 0.158776559375 0.7965128546875 0.16237245625000002 0.7980176875 0.16765911718749998 0.8011478703125 0.1728416171875 0.80320195 0.17251071093749998 0.7981991953125 0.1705871625 0.7965452640625 0.16722706874999999 0.793119978125 0.1619863 0.7876915859375 0.154371815625 0.7842755828125 0.147765146875 0.7861226671875 0.14945289374999998 0.789697053125 0.1493028375 0.790919159375 0.14614805 0.7915951125 0.1441970265625 0.7940138375 0.14747439375 0.7961884359375 0.1522586578125 0.79571255625 0.158776559375 0.7965128546875
0 0.1494221 0.782250084375 0.154417709375 0.7819773734375 0.158840571875 0.7825204328125 0.166090634375 0.788904409375 0.167257565625 0.7870982843750001 0.16916873593749998 0.783079696875 0.16777808125 0.779010134375 0.16359102187500002 0.776546621875 0.159382525 0.7742576953125 0.15532106406249999 0.7726956984375 0.1471552703125 0.769920878125 0.144190390625 0.7709745859375 0.14509404374999998 0.775161571875 0.14202198125 0.7770882140625 0.14341565625 0.7792087421875 0.1453177671875 0.7810372609375 0.1494221 0.782250084375
0 0.164019753125 0.7730548875000001 0.1593487109375 0.7687597625 0.1577222546875 0.766610653125 0.1528368484375 0.76406139375 0.1496820609375 0.7647373484375 0.1492349125 0.7664546328124999 0.1474339453125 0.76765125 0.1456544125 0.7686732828125 0.144802990625 0.7717586796875 0.14645088281250002 0.773733203125 0.1528830390625 0.775231846875 0.1603933609375 0.7775717484375 0.17063879843750002 0.7768803234375 0.164019753125 0.7730548875000001
0 0.2333263734375 0.7262724234375 0.2345301375 0.7280151953125 0.23528977499999998 0.7295262171875 0.24142181875 0.733469075 0.24503009062499997 0.740646428125 0.24541594843749998 0.7375038671875 0.248913721875 0.7340345265625 0.249388346875 0.7282445859375 0.2456360578125 0.71839126875 0.2446955703125 0.7106553843750001 0.24016552500000002 0.710985259375 0.23514546093750002 0.7133815921875 0.2325389625 0.7153653984375 0.23076245156250003 0.71443839375 0.22714209843750002 0.715057184375 0.22696456562499998 0.7203519468749999 0.22786821875 0.724538934375 0.2333263734375 0.7262724234375
0 0.237117325 0.6838509578124999 0.24156162343749998 0.6842194296875 0.24158909843749998 0.6801467734375 0.24410049374999998 0.6712397578125 0.2469458125 0.6653864625 0.25014649375000003 0.6624123015625 0.24949705937500002 0.6580793109374999 0.241077046875 0.6554504953125 0.2371810375 0.656389875 0.234602015625 0.6543010234375 0.2296308625 0.6524501125 0.2229200328125 0.65322109375 0.22227391718749998 0.6604077296875001 0.2262620078125 0.6683405921875 0.23297615781249997 0.6790892375 0.237117325 0.6838509578124999
0 0.21291431093750002 0.6904490140624999 0.21223106249999998 0.680618090625 0.21217279375000003 0.6772437796874999 0.217894225 0.6729841578125 0.21601355 0.670981053125 0.209027065625 0.6720726265625 0.20667780468750002 0.6719613921875001 0.1979821359375 0.6696531671875 0.194227125 0.6752175484375 0.1990177265625 0.6843122578124999 0.20347138281250002 0.6923022859375 0.2063659125 0.695670409375 0.21129721250000003 0.6959214593749999 0.21291431093750002 0.6904490140624999
0 0.22468263593749999 0.71776791875 0.2226211125 0.7095399515625 0.219089525 0.7075113578125001 0.22001431718750003 0.698055096875 0.21214259531250002 0.6967341328125001 0.2108225890625 0.7017114015625 0.207499328125 0.7018350109375 0.1996185453125 0.7063611546875 0.19933685 0.7105798156249999 0.21032984687499998 0.7191955546875 0.2178555640625 0.7252589406250001 0.22013749218749998 0.7278429703125 0.22172711562499997 0.72644318125 0.22468263593749999 0.71776791875
0 0.2080545515625 0.7396507765625 0.21006052656250002 0.7290867375000001 0.20989507500000001 0.726585359375 0.21309877500000002 0.7216621609375 0.20950287968749998 0.7201573296875 0.2028563578125 0.72040455 0.2022193015625 0.7217440796875 0.19822215 0.7196583234375 0.19459877812499998 0.722226146875 0.1957934828125 0.7298160265625 0.2003084296875 0.7392313296874999 0.2016347734375 0.7438246515625 0.20415250468749999 0.7444882265625 0.2080545515625 0.7396507765625
0 0.1930487109375 0.7117571359375 0.1879579984375 0.7051066375 0.18445690625 0.6970563515625 0.1847600390625 0.692663103125 0.1796847234375 0.6897360890625001 0.1764870609375 0.690761215625 0.176018478125 0.6926530875 0.170238775 0.693538396875 0.1672953328125 0.69441751875 0.16635816406249998 0.6982012609375 0.17350104375 0.7054581718749999 0.18244791093749999 0.709569428125 0.1886657015625 0.7128139390625 0.1906321234375 0.714118696875 0.1930487109375 0.7117571359375
0 0.175238 0.7182539734375 0.17034625625 0.706134125 0.1682020046875 0.6966554687500001 0.1671941890625 0.69139238125 0.16652331874999998 0.687233978125 0.162544584375 0.6869226703125 0.1599196703125 0.6871320265625 0.1537417328125 0.685487378125 0.149168815625 0.6861664265625 0.1514262875 0.6908740765625 0.1581679140625 0.6975500625 0.16748553906250002 0.7082639359375 0.1721535609375 0.714508096875 0.1737800171875 0.7166572062500001 0.175238 0.7182539734375
0 0.0305724609375 0.6744401250000001 0.0409220625 0.6748248015625 0.048606895312499995 0.673818975 0.0480830609375 0.6703874984375 0.046775132812499995 0.667568625 0.0424196 0.6645527703125 0.03497056875 0.6636381453125 0.02868545 0.6628664296875 0.028137159374999998 0.6615585765625001 0.02667615625 0.6619108421875 0.0220971984375 0.6664879609375001 0.021542867187500002 0.6690781796875 0.024498687499999998 0.6738715765625 0.032474571875000004 0.6762686421875 0.0305724609375 0.6744401250000001
0 0.1431101390625 0.6758527015625 0.1429078546875 0.6698024265625 0.1376242125 0.6647232078124999 0.13470824374999998 0.6615296734375 0.13729934531250002 0.6558223828124999 0.1320126828125 0.6526922 0.1250261984375 0.6537837734374999 0.126040053125 0.655148790625 0.121317078125 0.6570499437499999 0.115515940625 0.658109840625 0.1174334484375 0.6636618453125 0.123375584375 0.667226946875 0.133464925 0.6716556984375 0.1414622484375 0.6738781781250001 0.1431101390625 0.6758527015625
0 0.140733703125 0.6932827859375 0.1376094109375 0.687937046875 0.13270860625 0.681664303125 0.13351715625 0.67892808125 0.1339030140625 0.675785521875 0.1330606515625 0.6730238109375 0.126585621875 0.671874340625 0.1246131609375 0.6744676515625 0.1198288984375 0.6749435312500001 0.114153359375 0.6769049421875 0.11774321562500001 0.6823078484375 0.12487069843750001 0.685841271875 0.13119265156249998 0.6901618859374999 0.13449145625 0.692161896875 0.140733703125 0.6932827859375
0 0.15121583593750001 0.7310768921874999 0.14898281875 0.7242456171875 0.1462996359375 0.7210806640625 0.1477238046875 0.7171795000000001 0.1444893109375 0.714655728125 0.1412273390625 0.7162046140625 0.1389393703125 0.71751865625 0.13091759218750001 0.7174197984374999 0.1298333875 0.7204766140625 0.13532535625 0.7277080359375 0.1418586546875 0.7322318171875 0.1475465703125 0.7359429234375 0.150450159375 0.733463940625 0.15121583593750001 0.7310768921874999
0 0.162986884375 0.7429781 0.1613848859375 0.73870536875 0.1605853953125 0.735594484375 0.1556785515625 0.7332198125 0.15167234062499999 0.7369811609375 0.1491944640625 0.7379174484375 0.14379457812500002 0.7395582703125 0.14376710312500002 0.7436309265625 0.1531152265625 0.7483231078125 0.161278 0.7530469625 0.172301490625 0.755641009375 0.1644173921875 0.748647525 0.162986884375 0.7429781
0 0.235970040625 0.6046705296875 0.23465305625 0.6076987609375 0.2266711296875 0.609199765625 0.214664578125 0.6126876703125 0.22001555 0.6152940953125 0.22750443437499998 0.6178085828125 0.23383242656249997 0.618231125 0.2435908625 0.617657121875 0.24848532968749998 0.614359275 0.2555391453125 0.61079490625 0.2597536828125 0.6091857625 0.257882065625 0.60133555 0.2558513359375 0.6005545515625 0.25320498593749996 0.6009384953125 0.247321121875 0.6007477031249999 0.24044181718750002 0.6009663453125 0.235970040625 0.6046705296875
0 0.280066728125 0.5996290156249999 0.2699284734375 0.59944750625 0.26643371875 0.6009678109375 0.2700480328125 0.6042470921875001 0.2796748296875 0.606669646875 0.2854086390625 0.6080825437499999 0.289301628125 0.6090922 0.293194615625 0.610101853125 0.2954152546875 0.6112606078125 0.30142471875 0.6123529140625 0.3046254 0.609378753125 0.3023220359375 0.6069693109375 0.305755496875 0.6040237296875001 0.30554717187499997 0.601871528125 0.298226759375 0.59990938125 0.29010081875 0.5987344218749999 0.280066728125 0.5996290156249999
0 0.18459101093750002 0.5285377921875 0.18420515312500002 0.5316803515624999 0.1896569703125 0.5238432515625 0.193222071875 0.5179011171875 0.1927595265625 0.515894915625 0.1931025109375 0.5131015296875 0.19424800625 0.5114699921875 0.1993752546875 0.508200725 0.19802445468750002 0.505731025 0.19082964062500002 0.50467039375 0.1888602015625 0.505314671875 0.1821738265625 0.50396203125 0.1753772484375 0.5054313609375 0.17598381093749998 0.5101135234374999 0.1825693390625 0.5219096875 0.18459101093750002 0.5285377921875
0 0.1665076640625 0.5334061859375 0.1705905609375 0.5347935968749999 0.1710437484375 0.5291782406250001 0.16809698906249998 0.5185377375 0.1703266875 0.513849384375 0.1705440734375 0.5101544828125 0.1639893359375 0.5058052890625 0.1605803296875 0.506627246875 0.1592633421875 0.5096554765625 0.1540379703125 0.5079505703125 0.152745440625 0.5088551796874999 0.15219111093749998 0.5114453984375 0.15233210625 0.516070396875 0.1572942 0.523768415625 0.1615609671875 0.5294316515624999 0.1665076640625 0.5334061859375
0 0.15190307812499998 0.5060934687499999 0.1510178421875 0.5036809328125 0.1512995359375 0.49946227031249996 0.1459056921875 0.497205021875 0.14065284375 0.49957277187500004 0.1336908140625 0.498540721875 0.1316326078125 0.5018323812500001 0.13727463125 0.507841696875 0.144056109375 0.51611754375 0.1465892375 0.5205046046875 0.15418228437499998 0.5240951953125 0.1541360953125 0.51292474375 0.15190307812499998 0.5060934687499999
0 0.1446720265625 0.5284212640625 0.1408922625 0.5226406046875 0.140346990625 0.5193837171875 0.1414526328125 0.5161523156250001 0.1376882625 0.5140951406250001 0.13229139843749999 0.5137869265624999 0.13025765 0.5149549625 0.1260461328125 0.5146150734375 0.12498336406249999 0.5174972999999999 0.12622698125 0.520839934375 0.132163078125 0.5283031078125 0.14131827187499998 0.5345665671875001 0.1474074421875 0.5388585984375001 0.1446720265625 0.5284212640625
0 0.13903213125 0.48005692812499995 0.13817135 0.47552077031250006 0.1335401625 0.47282550624999997 0.1268078953125 0.47377107656249995 0.1285385140625 0.4769962875 0.123542903125 0.477268996875 0.1197296234375 0.47945906562499996 0.128504996875 0.484967015625 0.1395683421875 0.4891609234375 0.1458933140625 0.4915325015625 0.15529035 0.4919774375 0.1391731265625 0.484681928125 0.13903213125 0.48005692812499995
0 0.1720032875 0.42899025 0.17595454531250002 0.43337421562499995 0.177642290625 0.4369486 0.1788366984375 0.4310698171875 0.1763709 0.42420996093749996 0.17371217187500002 0.4189213859375 0.174269521875 0.4143821328125 0.1724776140625 0.4097316453125 0.1690960828125 0.4064809453125 0.1625996171875 0.40550606250000004 0.16079865 0.4067026796875 0.16039437343750002 0.4080707921875 0.1525196328125 0.4086988640625 0.15115977187500002 0.41207626875000003 0.156801796875 0.418085584375 0.1617056203125 0.422409290625 0.1720032875 0.42899025
0 0.16780716874999999 0.43237384375000004 0.1606153765625 0.429364175 0.15925853437499998 0.43079254687499996 0.1577975328125 0.4311448140625 0.15074975625 0.4308111109375 0.148651696875 0.432502909375 0.152410025 0.43845815468750005 0.156171375 0.4424643640625 0.16389002187499999 0.4469564703125 0.1719700703125 0.4504296375 0.176071384375 0.4535914984375 0.17068961875 0.44353810625 0.16780716874999999 0.43237384375000004
0 0.1652836953125 0.44907699843750004 0.1580336328125 0.442693021875 0.1517944046875 0.439623096875 0.148538475 0.4372739125 0.1434387015625 0.436470521875 0.1430099703125 0.43996225312500004 0.14336835312500001 0.4408923515625 0.1405076359375 0.44302216093749996 0.14191670625 0.4488661734375 0.1458495484375 0.451475690625 0.15786545937500002 0.45560934062499997 0.164867340625 0.45824125000000004 0.1708215546875 0.4540102109375 0.1652836953125 0.44907699843750004
0 0.21397384062499997 0.40277586718749997 0.2170338234375 0.4086453671875 0.2218947734375 0.413318246875 0.22868229218749997 0.41769602499999997 0.2325293875 0.4210038890625 0.2361711765625 0.4202105125 0.22922424531250002 0.4094332875 0.22754253906250002 0.40196083125 0.2257720671875 0.3971357578125 0.225781128125 0.3912886515625 0.2260812390625 0.38884443750000003 0.22239959531250003 0.3880379515625 0.21850056874999998 0.39092636718749996 0.21655256406249998 0.39139605781250003 0.2116212640625 0.3911450078125 0.209060659375 0.39083060468749997 0.2061386546875 0.39153513906250004 0.2057099234375 0.3950268734375 0.2096826171875 0.3992362515625 0.21397384062499997 0.40277586718749997
0 0.1867473796875 0.393584659375 0.190426003125 0.39634018125 0.1915011484375 0.39913047343749997 0.1930388375 0.403926965625 0.1966226546875 0.41322793906250005 0.203024315625 0.42074827656249997 0.2042126828125 0.41876756562499995 0.20717454218750003 0.41966289218749997 0.21297568125000002 0.4186029953125 0.2137534359375 0.408419803125 0.2076854046875 0.390484525 0.2020648171875 0.38430062343750004 0.193194634375 0.3853381265625 0.192768925 0.386880825 0.189127134375 0.3876742015625 0.184600109375 0.3860550390625 0.18347605312499998 0.387511990625 0.18423266875 0.3909720484375 0.1867473796875 0.393584659375
0 0.173913265625 0.371097015625 0.1768077953125 0.3744651390625 0.18361675156249999 0.3786683296875 0.1900673234375 0.381941421875 0.19233687500000002 0.37885293125 0.192551240625 0.377107065625 0.1911177140625 0.3733866765625 0.18575134531249998 0.36705676875000004 0.173618896875 0.35617449687499997 0.164543409375 0.3531107625 0.16387585625 0.360471984375 0.16321736250000002 0.36198610000000003 0.15714056875 0.3633665890625 0.1594010625 0.3661252046875 0.1641394328125 0.367947534375 0.1686664578125 0.36956669531249997 0.173913265625 0.371097015625
0 0.1276412390625 0.34574424531250003 0.13140560625 0.3478014203125 0.134977046875 0.351429875 0.14015048593749999 0.3593310625 0.1430175390625 0.36677184218750003 0.14567295 0.3605407921875 0.1457647359375 0.355944375 0.14530521093749998 0.35198913906249996 0.1463066890625 0.3476816375 0.1454274921875 0.34137102812500003 0.1439112390625 0.3363999515625 0.1378649421875 0.331758746875 0.1335003484375 0.3345899984375 0.13361990937499998 0.339389584375 0.12384607656249999 0.3362401015625 0.1198613015625 0.339826865625 0.1217419765625 0.34182996875 0.1276412390625 0.34574424531250003
0 0.322216978125 0.3891292046875 0.31243076875 0.380307203125 0.3082038546875 0.376243828125 0.3010365171875 0.37111053906249997 0.295446725 0.37237360625 0.29298726406250003 0.3750843390625 0.28604063125 0.3777757765625 0.2875324265625 0.3848704765625 0.29768003906249996 0.39267354062500004 0.30296368125 0.397752759375 0.3188755984375 0.40094702812499994 0.32549766406249997 0.4028234265625 0.32924663593750003 0.40115711875000004 0.322216978125 0.3891292046875
0 0.3779195578125 0.4069561828125 0.364494875 0.4104471828125 0.35638433125 0.4129957078125 0.34508518593750004 0.410722253125 0.338224296875 0.41271534374999996 0.3409902078125 0.41713098437499996 0.34741934375 0.420578665625 0.3453182640625 0.424219496875 0.3458421 0.4276509703125 0.3608259078125 0.42878187656250005 0.3709089125 0.4236400390625 0.3753867265625 0.41603778281250003 0.37788906093749997 0.412977875 0.37799624375 0.41210494375 0.3779195578125 0.4069561828125
0 0.36381435 0.3851985625 0.367918684375 0.3864113859375 0.37078543750000004 0.38038350468750004 0.365988796875 0.3751868640625 0.3564996796875 0.3658696859375 0.352248309375 0.36392993281249997 0.3504748171875 0.36105389374999997 0.3475802875 0.3576857703125 0.341567803125 0.3585425 0.34025081562500004 0.36157073125 0.33986797812499997 0.36276425625000003 0.3374728265625 0.36495123125 0.3343977453125 0.3688269078125 0.33837043906250003 0.3730362875 0.3478900546875 0.3763317734375 0.3601571625 0.38226845468750004 0.36381435 0.3851985625
0 0.3956650640625 0.360577121875 0.3855850796875 0.3637699234375 0.3808376484375 0.36779470000000003 0.380451790625 0.370937259375 0.3904460296875 0.3684428046875 0.3987863375 0.36787189531250003 0.405537021875 0.3687007765625 0.41002419375 0.36872007500000004 0.412606234375 0.36885989218750004 0.41562938281250006 0.37118049375 0.4246251640625 0.3710445046875 0.425537875 0.369384384375 0.4207596515625 0.3659621921875 0.422162384375 0.3622356140625 0.42316386250000004 0.3579281125 0.4119933359375 0.3546071375 0.405787921875 0.35703514531249997 0.3956650640625 0.360577121875
0 0.19568038125 0.3246800890625 0.1989791859375 0.3266801015625 0.20150597656250002 0.32149657187499997 0.20263909375 0.3141925125 0.2007400015625 0.31041495937499997 0.2001120046875 0.30590738125 0.1995881703125 0.30247590625 0.193774653125 0.297863284375 0.1887391921875 0.2965361328125 0.186193984375 0.29994521406249997 0.1849871984375 0.3001514765625 0.1800100078125 0.3021986359375 0.18017244062499999 0.30664905 0.1858573375 0.3123091921875 0.19172912343749998 0.320296125 0.19568038125 0.3246800890625
0 0.24884774531249998 0.24383938125000001 0.2419011109375 0.24653081718749997 0.242296328125 0.25100981093749997 0.24080784843749997 0.2554347359375 0.23303122968749998 0.26103698125 0.22760386875 0.2667504609375 0.22732519375 0.2690200859375 0.2322993671875 0.2689219640625 0.24313596875000001 0.26918921875 0.2471820328125 0.26702773125 0.25081144375000003 0.26056183593750004 0.2602114984375 0.25905773593750003 0.2654643484375 0.2566899875 0.26598184375 0.2505508703125 0.2604409640625 0.24756669375 0.2589585234375 0.248093546875 0.2601897640625 0.2457636625 0.2528907890625 0.2436269296875 0.24884774531249998 0.24383938125000001
0 0.2771855890625 0.23243245625000003 0.275259021875 0.232727559375 0.26795400625 0.23448889843749998 0.2615771 0.2383136 0.2507773328125 0.2415952421875 0.2553656484375 0.24463967812499998 0.260379675 0.2461414171875 0.2670905046875 0.24537043593750002 0.2789470015625 0.24310463750000003 0.2888096 0.24360673593749999 0.2944667234375 0.23987087499999998 0.2901540640625 0.236505846875 0.29098405 0.23359503906249998 0.28946477656249997 0.23057299375 0.284689571875 0.2252017671875 0.2777888328125 0.22559499375 0.27816563125 0.2282995390625 0.2771855890625 0.23243245625000003
0 0.196876615625 0.262977628125 0.2025826515625 0.254994521875 0.20547084375 0.24879205468749999 0.20448144375 0.24530341562500002 0.20605265 0.24212917968749997 0.21024876875 0.23874558437500001 0.206469003125 0.2329649265625 0.2017674671875 0.23469149374999998 0.20091906406249999 0.235827853125 0.19184055625000002 0.23471315312500002 0.188961425 0.235068515625 0.18795692656250002 0.24132505312500002 0.1922819640625 0.2503626 0.1963099078125 0.25989532656250003 0.196876615625 0.262977628125
0 0.12788099375 0.24564509375000002 0.1274308265625 0.2493114140625 0.130466353125 0.2573045359375 0.134665790625 0.26544056718750003 0.138454615625 0.2653741203125 0.1411039859375 0.263041140625 0.1424055765625 0.25628942499999996 0.14107923125 0.2516961015625 0.139458815625 0.2456489203125 0.1378384 0.239601740625 0.13356861250000002 0.235887540625 0.1328243734375 0.23810000156250002 0.132334353125 0.240166459375 0.125776596875 0.2377663 0.12160191406250001 0.2409753078125 0.1226770578125 0.2437656 0.12788099375 0.24564509375000002
0 0.1406200046875 0.261209528125 0.145627990625 0.2666093375 0.14894521249999998 0.27038379687499997 0.153153709375 0.27267272343750004 0.1609333484375 0.2651214421875 0.155404546875 0.25434112343750004 0.14947147031250002 0.2449289140625 0.148521925 0.24304013750000003 0.14950498750000002 0.23695818750000003 0.1463348015625 0.2339106546875 0.140573515625 0.2365704140625 0.13987215 0.23843370312499998 0.1352134859375 0.2398110984375 0.13307557187500002 0.23990303281249997 0.1299147453125 0.24447705625 0.129525865625 0.24956865156250002 0.1344082546875 0.254066946875 0.1406200046875 0.261209528125
0 0.21675339999999998 0.1934673796875 0.20424445000000002 0.193349225 0.1923665171875 0.195789609375 0.20160443749999998 0.2033037578125 0.20418647812500001 0.20344357500000002 0.2118682921875 0.20438678281249997 0.2206681234375 0.207771109375 0.22705740625 0.209618928125 0.23430113125 0.2064323125 0.2331861328125 0.2020421578125 0.2351984453125 0.2010487078125 0.2389902921875 0.1990332265625 0.23271121093749997 0.194363440625 0.22276286562499997 0.1945596875 0.21912107656250002 0.1953530625 0.21675339999999998 0.1934673796875
0 0.253012475 0.206071496875 0.24999868281249998 0.2113724484375 0.24798637031249998 0.2123658984375 0.2452328359375 0.21362277812500002 0.2461609453125 0.215686140625 0.2572303296875 0.215981978125 0.2633714328125 0.2140777296875 0.2656409859375 0.21098923906249997 0.2665965703125 0.2089799453125 0.2682076296875 0.2074055703125 0.2699228515625 0.2069072984375 0.2728478765625 0.204253728125 0.2706701109375 0.20274580156250002 0.26815237812500003 0.202082225 0.267944053125 0.1999300203125 0.2668045984375 0.1976634890625 0.26098504375 0.1969489375 0.25837552656249996 0.200881778125 0.253012475 0.206071496875
0 0.1559839703125 0.139928959375 0.157736025 0.1429795828125 0.16192006406249998 0.14739213125 0.161261571875 0.148906246875 0.159457584375 0.15205190156249998 0.1597700734375 0.15528020781250002 0.159972359375 0.161330484375 0.158802409375 0.16508564375 0.1606187734375 0.167612509375 0.1654244734375 0.16696204375 0.1722240703125 0.1635436796875 0.17460080625000002 0.15958225625 0.1769621453125 0.1518973484375 0.1783005671875 0.14869452968750002 0.1784780984375 0.1433997640625 0.175794915625 0.1402348125 0.17238590781250002 0.14105676875 0.16876555625 0.141675559375 0.1689370484375 0.140278865625 0.1658924625 0.13813285 0.1559839703125 0.139928959375
0 0.180907065625 0.1467107234375 0.17844760312500002 0.1494214578125 0.18146773125 0.1536910953125 0.19224304375 0.152533075 0.19378979375 0.1514824609375 0.19513425625 0.144381571875 0.1961755875 0.14167393281250001 0.197510990625 0.1404201484375 0.20113134375000002 0.139801359375 0.20191845625 0.1372397234375 0.2012231296875 0.135204940625 0.1962275203125 0.1354776515625 0.1947266640625 0.1342300578125 0.1904140046875 0.130865028125 0.181840915625 0.13140735625 0.1806280921875 0.1355116890625 0.184447709375 0.142892209375 0.180907065625 0.1467107234375
0 0.20669395937499999 0.1560796125 0.20833581093750003 0.16195220625 0.2090097015625 0.16416157343749999 0.21144168749999998 0.165523496875 0.22131636562499998 0.15822945625 0.22502850468750002 0.1530142484375 0.22452610625 0.1494081875 0.227641040625 0.147132371875 0.231095940625 0.1440122046875 0.2300851046875 0.140698153125 0.22557649687499998 0.140853440625 0.223162928125 0.141265965625 0.22149359999999998 0.1394660296875 0.2172207921875 0.13770086406249998 0.213805746875 0.1424208921875 0.21303705156250002 0.146756978125 0.2103417875 0.151388165625 0.20669395937499999 0.1560796125
0 0.2362114078125 0.1620077421875 0.23809208124999998 0.1640108484375 0.24497440625000003 0.161843171875 0.248683525 0.15857700156250001 0.2485056953125 0.1504031046875 0.2472835140625 0.14688588281249998 0.24686384218750002 0.1445305109375 0.24989604999999998 0.14100400625 0.24871372187500002 0.139086646875 0.243653803125 0.1398831171875 0.24115750781249998 0.1390449546875 0.2367560828125 0.1383273078125 0.23278036875 0.13606696406250002 0.2298583625 0.1367715 0.23003921093750002 0.1429963609375 0.23343312031250002 0.15191958125 0.2362114078125 0.1620077421875
0 0.2498045625 0.159069084375 0.2529593515625 0.15839313125 0.2586777640625 0.156082546875 0.2652934921875 0.14838835625 0.268494171875 0.14541419375 0.27008379374999997 0.14401440625 0.2720348171875 0.1415956796875 0.2728433671875 0.1388594578125 0.269480253125 0.13738320625 0.26562711875 0.13797341406250002 0.2629010609375 0.13515763281249998 0.2558991765625 0.1325257234375 0.2520584203125 0.13878845 0.2513419546875 0.150396915625 0.24991174531250002 0.1581961515625 0.2498045625 0.159069084375
0 0.3181561953125 0.14123323593749998 0.31460317031249996 0.1393792296875 0.3063087578125 0.137651928125 0.30562882812500003 0.13934063125 0.304416003125 0.143444965625 0.2996625328125 0.1513678125 0.2949635109375 0.1571138765625 0.306428615625 0.15592017656249998 0.3098406421875 0.1531491828125 0.3189925171875 0.1478930171875 0.32128350625 0.144629940625 0.3181561953125 0.14123323593749998
0 0.3427731375 0.15435728437500001 0.336867834375 0.15434108124999998 0.3298967453125 0.1591561375 0.3239609484375 0.165161625 0.32253980000000004 0.1671137546875 0.3237864359375 0.1685073546875 0.3329905421875 0.1705235703125 0.343533071875 0.1693369671875 0.3506297609375 0.165423425 0.3594785046875 0.1645605078125 0.364268809375 0.16018655937499998 0.362896571875 0.1578914453125 0.3567002171875 0.154472346875 0.357275984375 0.1517075421875 0.3509510109375 0.1493359640625 0.3442371609375 0.15205598125 0.3427731375 0.15435728437500001
0 0.358869221875 0.17529604062499998 0.357215290625 0.1772195890625 0.3550743578125 0.17926055937500002 0.350835365625 0.1829933265625 0.3418794390625 0.1847291765625 0.3473804640625 0.1861134921875 0.3524832578125 0.18496785 0.3623887296875 0.185120775 0.3672158671875 0.1842957234375 0.3722757859375 0.1834992546875 0.3756050859375 0.179477571875 0.3717365546875 0.1763442953125 0.3673136921875 0.17580123593750002 0.36831215 0.17344276875 0.364299603125 0.1676335265625 0.360743559375 0.16772855625 0.3600391734375 0.1715408796875 0.358869221875 0.17529604062499998
0 0.3790083515625 0.1960223453125 0.3802640484375 0.1915688390625 0.38446620781249996 0.184287175 0.385694428125 0.18390632499999998 0.39030719999999997 0.18482713906249998 0.39272076875 0.18441461406249998 0.39251546249999997 0.1803133734375 0.3889225859375 0.1768595046875 0.38797303906249997 0.174970728125 0.382582215625 0.17076444375 0.3782819328125 0.17307193437499999 0.37532943125 0.1797981625 0.3753877015625 0.183172475 0.37673548125 0.187591209375 0.3790083515625 0.1960223453125
0 0.375235221875 0.2132809375 0.3732567203125 0.2197723203125 0.3700989140625 0.22239730937500002 0.3767025609375 0.2224992609375 0.3845160140625 0.2204459140625 0.3914656671875 0.21580544218750003 0.39625597031250004 0.21143149375 0.3967091578125 0.2058161375 0.390277003125 0.20431749375 0.3866137765625 0.20528545468749998 0.38371924687500003 0.2019173328125 0.378809384375 0.20149169687500001 0.3765612671875 0.20440560156249998 0.376938065625 0.2071101453125 0.375219825 0.2095574546875 0.375235221875 0.2132809375
0 0.25670258125 0.174093553125 0.252972025 0.1775343125 0.24913730781250001 0.17989896875 0.24788463125 0.1824034390625 0.2537041859375 0.183117990625 0.26043645312499997 0.182172421875 0.2635942625 0.179547434375 0.265925103125 0.17788421875 0.26838154531249997 0.1771225203125 0.27189773437500003 0.1754276296875 0.2735516671875 0.17350408125 0.27370474218749996 0.1703329390625 0.26697549375 0.1693294734375 0.26903068124999996 0.1679868484375 0.2703047953125 0.165307790625 0.2631712734375 0.165672434375 0.2582309140625 0.1712684921875 0.25670258125 0.174093553125
0 0.18559048281249999 0.15667836875000002 0.1859244078125 0.1597320875 0.18251238125 0.16250308125 0.1793056609375 0.1693753140625 0.179630528125 0.1782761390625 0.17863206874999998 0.18063460625 0.179073178125 0.1828153921875 0.1819982015625 0.18016182187500002 0.186090159375 0.1757021265625 0.1933797765625 0.170217303125 0.20081643124999998 0.1654594109375 0.2064337 0.1601236875 0.20189127812500002 0.1547810421875 0.2007059296875 0.15481271875 0.1959615203125 0.156888459375 0.1955019953125 0.152933225 0.18947411249999999 0.15006646875000001 0.18612639687500002 0.152313703125 0.18559048281249999 0.15667836875000002
0 0.3528660953125 0.183774325 0.3484341734375 0.189078371875 0.346624146875 0.1961220953125 0.3446027734375 0.202962653125 0.34034234375 0.20687000625000002 0.340253578125 0.2095173890625 0.3495280328125 0.2071117734375 0.35743025156249997 0.2024110453125 0.3592586953125 0.19714176875 0.3617181578125 0.19443103281250002 0.3657826375 0.1940439953125 0.3698042453125 0.1940061296875 0.3727048140625 0.19347618125 0.3736818375 0.1912923015625 0.37158981562500004 0.1890860265625 0.36879642968750004 0.1887430421875 0.3673170109375 0.1873208609375 0.3645725359375 0.18273063125 0.3573991609375 0.1814954140625 0.3528660953125 0.183774325
0 0.44616285468749994 0.199482975 0.44074153281250006 0.20129838437499997 0.4381136 0.2034567765625 0.43292506093750005 0.2053007671875 0.43276896562499995 0.21042094531250002 0.428168571875 0.2151726484375 0.42989919062500004 0.2183978609375 0.43815375 0.21852529999999998 0.444567490625 0.218249496875 0.4580504421875 0.21813280625 0.46702780625000007 0.2162223703125 0.471563890625 0.21199442343750002 0.4663844109375 0.20799130781250003 0.464396553125 0.20686113593750002 0.46404119218749995 0.203982003125 0.461869465625 0.1985760046875 0.45198845 0.1962994578125 0.44984751562499997 0.1983404265625 0.44616285468749994 0.199482975
0 0.4241472609375 0.22867917499999998 0.41637366406250004 0.23233238437499998 0.4148178546875 0.2392301046875 0.42381363437499997 0.239094115625 0.4329809078125 0.2375614359375 0.442675034375 0.23751119375 0.45021283125 0.2357784375 0.44888950781250003 0.22923607812500002 0.44381419062500005 0.2263090640625 0.443734484375 0.22310934062499999 0.44032849687500003 0.2219822640625 0.43404035781249994 0.2231595828125 0.43045985781249996 0.22537823437500001 0.427663453125 0.22698428437499998 0.4241472609375 0.22867917499999998
0 0.40316424062499995 0.2744835 0.402756946875 0.277800646875 0.40266515937499997 0.282397065625 0.4028888828125 0.288272753125 0.3981628890625 0.2921229421875 0.4092322734375 0.2924187796875 0.4157133421875 0.2896701796875 0.41667798749999996 0.2818137796875 0.4171157765625 0.272474940625 0.4143528859375 0.2661102640625 0.40885789843750003 0.2608278765625 0.40538458125 0.26217359375 0.4032406296875 0.26616359843750004 0.3998346421875 0.26503652187500004 0.396955509375 0.26539188281250004 0.3944103015625 0.2688009640625 0.3977060859375 0.2727500109375 0.40316424062499995 0.2744835
0 0.48478475625 0.271745490625 0.48129906250000004 0.2674186890625 0.4721163921875 0.2652278859375 0.46400584843750003 0.2677764125 0.46749456250000004 0.270154178125 0.474680315625 0.2770619140625 0.4787357375 0.28252198281249996 0.48400398125 0.2838777171875 0.4907516453125 0.28665563125000004 0.4946630515625 0.2894397359375 0.4974564375 0.289782721875 0.5002987375 0.28587846250000004 0.4969999328125 0.2838784515625 0.5062743875 0.2814728359375 0.50126338125 0.2780220625 0.4931803125 0.2764979296875 0.4885062515625 0.2741518390625 0.48478475625 0.271745490625
0 0.6144145937500001 0.18398906875 0.6074250890624999 0.187029678125 0.59929310625 0.18975278906249998 0.5984202484375001 0.19301277187500002 0.604932109375 0.197711140625 0.6141790890625 0.1993781828125 0.6219925421875 0.1973248359375 0.6286635203125 0.19495399062500002 0.6336621499999999 0.1927322453125 0.637873665625 0.1930721359375 0.644434440625 0.1935232609375 0.6466611203125 0.19078394375000002 0.6421799890625 0.1868665734375 0.6407434421875 0.18509521874999998 0.6432059234375 0.18043545 0.6390617359374999 0.1776227625 0.6279923515625 0.1773269265625 0.6144145937500001 0.18398906875
0 0.5538148265625 0.1848776328125 0.56143535 0.1843955671875 0.5759994875000001 0.18317109843749999 0.5822661921875001 0.182168365625 0.584067159375 0.180971746875 0.5884471484375 0.1818639796875 0.5915805 0.1813626140625 0.592961796875 0.1778106203125 0.5910811218750001 0.1758075171875 0.5914884171875 0.17249036874999998 0.5816532921875 0.1679156125 0.56922405 0.1709971796875 0.5643878531250001 0.1776693375 0.557860890625 0.18271614687499999 0.5538148265625 0.1848776328125
0 0.5535153109375 0.21425916875 0.5509486671875 0.21784283593749998 0.5530865796875 0.21775090156250002 0.5691117203125 0.21617416718750002 0.5752313874999999 0.21444450625 0.5780093765625 0.21106400625 0.5840677546874999 0.2079090703125 0.5906499671875001 0.20818560625 0.59228548125 0.2044876109375 0.589011134375 0.200363978125 0.5868333671875 0.19885605 0.5786307390625 0.19253233125 0.57170554375 0.1950491796875 0.5649243625 0.20024199375 0.55737750625 0.20782185625 0.5535153109375 0.21425916875
0 0.633398871875 0.1987253578125 0.62734049375 0.20188029218749998 0.618758346875 0.20826972656249998 0.61257436875 0.2105231484375 0.61282556875 0.2123261796875 0.6228077265625 0.2176278640625 0.6362692437499999 0.2176857625 0.6498409609375 0.214921690625 0.6580402703125 0.209725784375 0.655317234375 0.20496096718749998 0.6531609046875 0.2032784546875 0.65606449375 0.20079946875000002 0.6518620359375 0.19461247343750002 0.646210953125 0.1944502625 0.6393899203125 0.1980432140625 0.63674356875 0.1984271578125 0.633398871875 0.1987253578125
0 0.610562353125 0.224985259375 0.6068378375 0.22452794531250003 0.6077873828125 0.2264167234375 0.61070335 0.22961025781250002 0.621319546875 0.23552145000000002 0.6341654421875 0.236744290625 0.6468947968750001 0.23121850937500002 0.6418868109375 0.22581869999999998 0.6415713015625 0.2245394296875 0.6408575578125 0.2207301984375 0.6337270546875 0.2191458078125 0.6295553921875 0.2204057796875 0.628789715625 0.222792828125 0.620657734375 0.22551594062500002 0.610562353125 0.224985259375
0 0.5764360468749999 0.2565932609375 0.5794102828125001 0.2631611078125 0.58545658125 0.2678023109375 0.5927984281249999 0.269589871875 0.5969088015625 0.266904625 0.59577840625 0.2587909859375 0.5834315921875 0.2496545828125 0.5733636875 0.24505124218750002 0.5740161406250001 0.247435196875 0.5746655734375 0.2517681875 0.5764360468749999 0.2565932609375
0 0.602523646875 0.290455259375 0.6119360796875 0.29462367968750003 0.6165120187500001 0.2919955953125 0.61534176875 0.2822820953125 0.6057669031249999 0.2736632625 0.59601450625 0.27033919375000004 0.5933467203125 0.27089772343749996 0.593184584375 0.27991597343749997 0.596544678125 0.283341259375 0.602523646875 0.290455259375
0 0.63138864375 0.293999434375 0.6212902421875001 0.29541778750000003 0.6181354546875 0.2960937421875 0.6171339765625 0.30040124375 0.6219152203125 0.3018744 0.6285342640625 0.3056998359375 0.6390677359375 0.3103603390625 0.64271254375 0.307617928125 0.64326989375 0.30307867499999996 0.64534651875 0.30156146562499997 0.647168921875 0.300190259375 0.644825703125 0.29618095312500003 0.6390704578124999 0.29494264375 0.6372296359375 0.2945394 0.63138864375 0.293999434375
0 0.6829621328125 0.29926854999999997 0.6786005625 0.3001507671875 0.6773264484375 0.302829825 0.675822571875 0.303531265625 0.6694058140625 0.30575610625 0.6612738328125001 0.30847921718750004 0.6574635703125 0.30872025000000003 0.6547284546875 0.31175157656249997 0.6602693328125 0.31473575625 0.6670414546875 0.31539004843749996 0.6774369484375 0.31347651718749997 0.6873638578125 0.3134548578125 0.6918295921875 0.31364874375 0.6918326140625 0.3116997078125 0.6906104328125 0.30818248593750003 0.6885398484375 0.305801625 0.6906164718750001 0.3042844171875 0.6906225109374999 0.3003863453125 0.6881047796875001 0.2997227703125 0.6829621328125 0.29926854999999997
0 0.7117812359375 0.3051109359375 0.7113830015625 0.3025809765625 0.7031589359375 0.29643184375 0.6997345328125 0.2935303171875 0.6987729093749999 0.29943768125000003 0.69851265 0.30348175781250003 0.6976796453125 0.3083416015625 0.6988190999999999 0.310608134375 0.7005527375 0.3118843109375 0.700718190625 0.3143856875 0.7007764609375 0.31776 0.7039925390625 0.31850932187500003 0.708779821875 0.31608440781249997 0.7101979515625 0.3160813125 0.713138375 0.3171512265625 0.7159990921875 0.315021415625 0.715561003125 0.31089159375 0.714210203125 0.30842189375 0.7117812359375 0.3051109359375
0 0.6932099953125 0.26969076875 0.6844654140624999 0.2716297875 0.6821131359375 0.2734675890625 0.6905117125 0.2762709921875 0.6991859453125 0.278753803125 0.7123473484375 0.2812559140625 0.7181270515625 0.280370603125 0.7162095421875 0.2748186015625 0.71544990625 0.2733075796875 0.716531090625 0.2721998015625 0.715942946875 0.2692920875 0.711921340625 0.26932995000000004 0.706714384375 0.2693994921875 0.70085195625 0.2690341140625 0.6932099953125 0.26969076875
0 0.6823727984375 0.242486190625 0.673312709375 0.2431459390625 0.6744950359375 0.2450632984375 0.6843147625 0.245914571875 0.6940701796875001 0.2472896046875 0.706958946875 0.24816327187499998 0.7075775875 0.24504929375 0.7036477671875 0.240490740625 0.70375495 0.23961780781250003 0.70418368125 0.236126075 0.6984100171875001 0.2331133140625 0.6955921734375 0.2348939515625 0.6916532921874999 0.2361825046875 0.6900820875 0.23935674218749997 0.6823727984375 0.242486190625
0 0.743706553125 0.191357625 0.7399147078125 0.19337310624999998 0.7303890546875 0.1939756921875 0.7355685328125 0.1979788078125 0.742974690625 0.19924260625 0.7537653984375 0.20180807031249998 0.7601148281250001 0.2020560265625 0.762448690625 0.1984437765625 0.7612663625 0.1965264171875 0.7588772500000001 0.19481532031249998 0.75953574375 0.1933012046875 0.759008890625 0.191818765625 0.756365559375 0.1902536734375 0.7505245671874999 0.189713709375 0.7482794703125 0.1906785765625 0.743706553125 0.191357625
0 0.7420070265625001 0.2090480421875 0.7304292046875 0.2090442140625 0.7157364484375 0.211316203125 0.7205759640625 0.2161636703125 0.7321906171875 0.2197163953125 0.74554495 0.220647225 0.7586665015625 0.221549475 0.762565528125 0.21866105937500002 0.7610676921875 0.215464428125 0.7562894671875 0.2120422375 0.7568652359375 0.2092774328125 0.7551346171875 0.2060522203125 0.7506260078125 0.2062075078125 0.7481665468750001 0.2089182421875 0.7471282359375 0.2096768484375 0.7420070265625001 0.2090480421875
0 0.810950715625 0.23257685625 0.7953114328125 0.23101103125 0.7833966671875 0.22990251874999998 0.7846218687500001 0.23147070468750003 0.7926804796875 0.23511845937500003 0.7992811078125001 0.237169446875 0.8131562562499999 0.24348078750000002 0.82551515 0.24482105 0.828400321875 0.24056761718750003 0.8285319624999999 0.2375710609375 0.8308842406249999 0.23573325937499998 0.8317356625000001 0.2326478640625 0.827885546875 0.2312890359375 0.8196952968750001 0.2306378375 0.8152908515625 0.23186922656250003 0.810950715625 0.23257685625
0 0.790012990625 0.2491456515625 0.7755958890625 0.251097046875 0.76829389375 0.25090935000000003 0.760976503125 0.24699816874999997 0.7534661812500001 0.2446582671875 0.7480050078125 0.24487381406250003 0.75074948125 0.24946404218749998 0.751551990625 0.25062589062499996 0.746976053125 0.2532539734375 0.752134096875 0.2574316765625 0.762609296875 0.25871786874999997 0.7738471515625001 0.25956604843750003 0.78200056875 0.25666835 0.7863253078125 0.25223723593749997 0.790012990625 0.2491456515625
0 0.895162034375 0.2106628953125 0.8912445890624999 0.2117768625 0.8839211578124999 0.2117637515625 0.878842821875 0.210785771875 0.8660458390624999 0.2053156890625 0.864842075 0.203572915625 0.8662970375000001 0.2071187203125 0.868340146875 0.21357223749999998 0.8745120421875001 0.21911495625000002 0.8825308015625 0.22116284843749998 0.8951837687499999 0.22395696874999999 0.896644771875 0.2236047015625 0.898194540625 0.2206050515625 0.8981148328125 0.2174053265625 0.8993430531250001 0.217024478125 0.9014441328125 0.21338364531249998 0.9004976078125001 0.209545834375 0.895162034375 0.2106628953125
0 0.8016850218749999 0.215666703125 0.8029102218749999 0.2172348890625 0.8104145046875001 0.22347286249999998 0.8214379953125001 0.2260669078125 0.831441590625 0.23119400625000003 0.8457484890625 0.2320645796875 0.8489307531250001 0.2273159703125 0.8487468828125 0.22304014374999998 0.849726925 0.2189072265625 0.8435734453125001 0.21513895624999999 0.8340447703124999 0.217690575 0.8271654671875 0.21790921562499999 0.8151036640625 0.216073775 0.8016850218749999 0.215666703125
0 0.8966477906250001 0.221655665625 0.89305189375 0.2201508328125 0.8789777796875 0.21930884218750002 0.8638653515625 0.2192254578125 0.8609862171874999 0.21958081875 0.8585237375 0.224240590625 0.86508149375 0.22664075 0.87614785625 0.228885621875 0.8904915875 0.2333050921875 0.897325 0.23538466093750002 0.9059409625000001 0.2344931609375 0.9068597125 0.2289349703125 0.9070740781250001 0.227189103125 0.9083696281250001 0.2243354578125 0.9038272062500001 0.21899281249999997 0.8962066828124999 0.21947487968749999 0.8966477906250001 0.221655665625
0 0.9170749515625 0.24773389843750002 0.9196325375000001 0.24999733750000003 0.9076625203124999 0.24356547812499998 0.9049732968749999 0.244298596875 0.8995794515625001 0.24204134531250002 0.8963114421875 0.2474883046875 0.902948903125 0.2530881875 0.906744065625 0.26259233125 0.920263853125 0.266024540625 0.9213236 0.26509134843750004 0.9224476578124999 0.263634396875 0.9261936109375 0.263917121875 0.9307695484374999 0.2612890390625 0.9303528968749999 0.25698463125000004 0.92843236875 0.2533816640625 0.9230385234374999 0.251124415625 0.9170749515625 0.24773389843750002
0 0.8732294656249999 0.25457844375 0.8730546562500001 0.2444555109375 0.8671372749999999 0.2522354484375 0.8558689218750001 0.2574089609375 0.846637340625 0.259465403125 0.8352065546875 0.2601885046875 0.8306306187500001 0.26281658750000003 0.8304561046875 0.26616231562500003 0.8321468718749999 0.267787665625 0.8341317078125 0.27086687343750004 0.8368148921874999 0.2740318265625 0.8490481875 0.27447057343750003 0.8582368953125 0.27276330625 0.864592365625 0.269113190625 0.8748254265625001 0.2627492453125 0.8732294656249999 0.25457844375
0 0.9277587765625 0.26464095625 0.922043384375 0.2650025078125 0.9049491390625001 0.2598908796875 0.8959135046875 0.25842700625 0.8897724 0.260331253125 0.8918614015624999 0.2644865640625 0.8972920796875 0.2702927109375 0.905479309375 0.27289294375 0.9155073625 0.275896421875 0.92051836875 0.2793471953125 0.9287056 0.28194743125 0.9312508078124999 0.2785383484375 0.9296916812499999 0.27391644375 0.9324023421875 0.273008740625 0.9358358046875 0.2700631609375 0.9311034734374999 0.26434275937499996 0.9277587765625 0.26464095625
0 0.8915153968749999 0.2692289859375 0.8896286828125 0.2711239515625 0.8883485296875 0.27770108125 0.8960671765624999 0.2821931859375 0.9116176921875001 0.2864063921875 0.9209075453125 0.2877242625 0.9229841671875001 0.28620705156250004 0.9261634125 0.2834074765625 0.9231034296875 0.2775379765625 0.9200772609375001 0.27716640937500003 0.917685128125 0.27740434999999997 0.9155288 0.275721834375 0.9008052484375 0.2705468546875 0.8915153968749999 0.2692289859375
0 0.9202949437499999 0.28694016875 0.91426404375 0.28602245000000004 0.904147225 0.2856663546875 0.8922140421875 0.28278339375 0.8812334234374999 0.279840175 0.8842321156249999 0.2842843984375 0.8871695203125001 0.28730334687500003 0.8960460375 0.2958364328125 0.9071492343750001 0.3016302046875 0.917367196875 0.30501143750000004 0.925878996875 0.3030438359375 0.9273490578124999 0.2968444609375 0.92705800625 0.29344156875 0.9312725421874999 0.2918324234375 0.93394636875 0.287375821875 0.9255692296875001 0.2843978328125 0.9218815453125 0.28748941562499997 0.9202949437499999 0.28694016875
0 0.9146353968750001 0.3195623875 0.9060743890625 0.312308571875 0.8930938328125 0.31603132343749996 0.8945273609375001 0.3197517125 0.9021786781250001 0.3267166140625 0.9051100421875 0.33363363281249997 0.912207028125 0.343188753125 0.9161643265625001 0.3436746484375 0.9191536609375 0.340497315625 0.9252274359375001 0.3410658640625 0.931543053125 0.3358158875 0.9257693890625 0.332803125 0.9229974390625 0.3322855546875 0.9217538218750001 0.3289429203125 0.9146353968750001 0.3195623875
0 0.8723457203124999 0.3195092125 0.8780058625 0.313824315625 0.871386815625 0.30999888124999997 0.8667924625 0.3108525140625 0.8631506734375 0.3116458890625 0.85092975625 0.3168796625 0.85307400625 0.3263583171875 0.8575276625000001 0.3343483453125 0.8642264140625 0.3413735046875 0.8668329124999999 0.3393897 0.8738897484375 0.33387629531249996 0.8732587296875 0.331317753125 0.8706368343750001 0.329578075 0.8696290203125001 0.3243149875 0.8723457203124999 0.3195092125
0 0.89297185 0.3401180953125 0.8833879250000001 0.3373463671875 0.8857740171874999 0.34100649843749997 0.8873760171875 0.34527923125000004 0.891897003125 0.3507964640625 0.9010920499999999 0.3586597859375 0.9128875546874999 0.368437371875 0.9203426265625 0.3654539265625 0.9213226656250001 0.36132101250000004 0.9246060734375 0.3595975390625 0.925717753125 0.3524680671875 0.9167249937499999 0.3506550203125 0.9107798390624999 0.3490389515625 0.9070797796875001 0.34645801875000004 0.89297185 0.3401180953125
0 0.8791244765625 0.34320275625 0.8770541906249999 0.35429055625 0.8763682218750001 0.35987733125 0.8775475296874999 0.363743725 0.8798508953124999 0.3661531671875 0.8891591640625001 0.36924548437500004 0.8933278078125 0.36993455000000003 0.896745875 0.3632654859375 0.892929275 0.3539359296875 0.8874831999999999 0.3444062984375 0.8864569687499999 0.3373687609375 0.883268365625 0.3325467828125 0.8795224140625001 0.33226405468750003 0.8791244765625 0.34320275625
0 0.82798665 0.3709498203125 0.8221888281249999 0.3835293421875 0.8217386609374999 0.38719566250000004 0.830474184375 0.39110375 0.832930625 0.39034205 0.8325538281249999 0.38763750468749997 0.837788259375 0.38349530625 0.8369703515625 0.3786099734375 0.8351814624999999 0.37201045 0.8310861890625001 0.364950521875 0.8276527249999999 0.3678961015625 0.82798665 0.3709498203125
0 0.84657269375 0.3831561484375 0.8389890031249999 0.38718711250000004 0.8316320562499999 0.3951447328125 0.8294023578124999 0.399833084375 0.82380954375 0.4030451859375 0.8194663875 0.40570185 0.8236688453125 0.411888846875 0.8273933609374999 0.4123461609375 0.831408928125 0.416206365625 0.8397676515624999 0.41740990624999996 0.8427385703124999 0.4124581265625 0.848104640625 0.405319371875 0.853513584375 0.3978314453125 0.8497154015625 0.3902763375 0.84657269375 0.3831561484375
0 0.866313884375 0.4148211546875 0.8637840750000001 0.4219537203125 0.8536216609375 0.4373644953125 0.8471590078125001 0.44188754374999994 0.8372903703125001 0.4452835140625 0.8347850156250001 0.45029245781249994 0.8454471046875 0.453905440625 0.8488775484375 0.452908896875 0.8532943703125 0.45735002812500003 0.86324875625 0.45325570937500004 0.86792251875 0.4421331390625 0.870057115625 0.430521578125 0.8646324765625 0.420817359375 0.8655482093750001 0.41720820468750003 0.866313884375 0.4148211546875
0 0.8987198234375 0.428015478125 0.8942417125000001 0.4221490734375 0.8912858921875 0.41735567500000004 0.88165939375 0.4284017828125 0.886076215625 0.43284291406250003 0.8850164671874999 0.43377610625 0.89247485625 0.44231228749999996 0.8953265125 0.4460295828125 0.8963557640625 0.4511180828125 0.9003713328125 0.4549782890625 0.9066135796875001 0.456099178125 0.910598353125 0.45251241562500005 0.9067512578124999 0.44920455156249994 0.918960096875 0.451766921875 0.9211010296875 0.44972595000000004 0.9160960625 0.44237710625000004 0.90818750625 0.43750724375 0.8987198234375 0.428015478125
0 0.7417470265625 0.363196425 0.7497044953125 0.3638190421875 0.7554229078125 0.36150845625 0.75577193125 0.354817 0.751437834375 0.3516265578125 0.7515540781250001 0.34490651875 0.7408002015624999 0.34588995312500004 0.7358169703125 0.35183518125 0.727721821875 0.358107190625 0.7225486812499999 0.36367466406250004 0.7200831796875 0.37028347031250003 0.7350760484375 0.36556726875 0.7417470265625 0.363196425
0 0.7215158125000001 0.3335978765625 0.7129306453125 0.3419363453125 0.70972694375 0.346859540625 0.706713153125 0.35216049531250004 0.7055830546874999 0.3575155171875 0.7159571125 0.355776571875 0.7202268984375 0.3594907734375 0.724646740625 0.36198286875 0.727571765625 0.3593292984375 0.7285179937499999 0.3496984484375 0.72952853125 0.33954383906249996 0.728223625 0.33477592968750003 0.7222108421875 0.32216399687499997 0.7215158125000001 0.3335978765625
0 0.632725353125 0.334537228125 0.6298712390625 0.3341867875 0.6241892984375 0.333271846875 0.6156006781250001 0.3324345828125 0.6007330109375 0.330826346875 0.5942211171875 0.3295922171875 0.5988028734374999 0.33710792500000003 0.60209639375 0.3385987453125 0.6113535625 0.3434292390625 0.6223531859375 0.34586625 0.631666625 0.3478789390625 0.640409240625 0.349821540625 0.6429816453125 0.34774725 0.6429364843750001 0.34339599375 0.644472375 0.3403252921875 0.644866621875 0.337114415625 0.6438863765625 0.3333002015625 0.6372956359375 0.3327082453125 0.632725353125 0.334537228125
0 0.44888348437500003 0.3358657 0.45411861406250004 0.340419634375 0.4625946984375 0.3468925046875 0.4690766046875 0.35073038125 0.4751716703125 0.3529997609375 0.48674581874999995 0.353117175 0.49834625 0.353020528125 0.4820026609375 0.349275503125 0.47928366718750004 0.345465084375 0.4770077828125 0.34040535781250003 0.47418735781250004 0.335061484375 0.46887708124999994 0.3287600390625 0.466394634375 0.3230230921875 0.46139235 0.31893231875 0.45464020781250003 0.3220144015625 0.45214665312499996 0.32344651562500004 0.44804576406249996 0.3238121328125 0.44495880625 0.32299853125 0.44279952656250005 0.32642726093749996 0.4437009203125 0.3308836484375 0.44888348437500003 0.3358657
0 0.4376399078125 0.34013458750000003 0.438428765625 0.350226584375 0.449048953125 0.346315725 0.4500965734375 0.34014307499999996 0.4543436890625 0.32914841875 0.45032905312500005 0.3240924859375 0.44864286875000003 0.3236681625 0.44560847812500004 0.32242644375 0.44016308281249994 0.31958497812500003 0.43263725781250006 0.319530065625 0.4303991296875 0.32360096875 0.430234025 0.32966469374999996 0.438015275 0.3323583953125 0.4387138109375 0.3337478796875 0.4376399078125 0.34013458750000003
0 0.15304831562500001 0.2257699578125 0.1515433640625 0.22815967812500001 0.151158675 0.23129271562499998 0.154066665625 0.23392139374999998 0.155870128125 0.2373231015625 0.15723910937500002 0.2409743453125 0.15893524375 0.24360566874999998 0.1605844171875 0.2531975328125 0.1613383125 0.2569246953125 0.1658794859375 0.25611930781250003 0.1680911171875 0.2529077078125 0.17005145156249998 0.2484537203125 0.1715249296875 0.24303130624999997 0.1723649984375 0.237834003125 0.17278890625 0.2327370421875 0.171545571875 0.2297069921875 0.168493615625 0.22660631250000002 0.1641015703125 0.22455262187499997 0.16064402656250001 0.2263997125 0.160460840625 0.227891634375 0.1553097421875 0.22544186093750002 0.15304831562500001 0.2257699578125
0 0.617304865625 0.501576134375 0.6171811234375 0.504392896875 0.61582225625 0.5082241015625 0.610162003125 0.5145257078125 0.5988097171875 0.521960859375 0.60430025 0.5224684265625 0.61158444375 0.5210306140625 0.6223322203125 0.51851880625 0.631490678125 0.51447916875 0.6358034124999999 0.504680396875 0.6366295765625 0.497951828125 0.6332954140625 0.492544875 0.6314901171875 0.4891580859375 0.6228382578125 0.48726284218749993 0.6213238609375 0.4887427546875 0.62071935 0.4936661 0.6178086234375 0.497473346875 0.617304865625 0.501576134375
0 0.5151073312500001 0.5216786359375 0.5077941906250001 0.5161162984375001 0.5059514328125 0.5112256390625001 0.5032535640625 0.5060633984375 0.49956236875000004 0.49994626562500005 0.49069453281250003 0.49619206250000003 0.48571939375 0.49691387656249997 0.48376452812500004 0.500172146875 0.4778133765625 0.5016070515625 0.4729937640625 0.5046801609375 0.47574924531249996 0.511182159375 0.486764934375 0.5155332578125 0.4975819578125 0.5196933765625 0.5010801640625 0.52195534375 0.5151073312500001 0.5216786359375
0 0.4792077109375 0.5390934328125 0.4764235640625 0.538251825 0.4679675296875 0.5383796546874999 0.4726951875 0.5432913640625 0.47543051875 0.549957475 0.47632025312500004 0.5535650171875 0.4780276359375 0.5559402703125 0.47870139375000004 0.5576888531249999 0.47925140937500005 0.5622541984375 0.48446267499999995 0.5632272328125 0.488484790625 0.561222303125 0.4910731140625 0.5600408390625 0.4938197984375 0.559378575 0.49327545937500006 0.55114904375 0.48530303437500005 0.547338196875 0.4844536 0.54340243125 0.4792077109375 0.5390934328125
0 0.6242331125 0.678507815625 0.621215678125 0.674139265625 0.6164851812500001 0.67105965 0.6133641546875 0.6693437515625 0.6105570171875 0.6704983484375 0.6126185921875 0.675415875 0.6129671046875 0.6816223359375 0.6134393578124999 0.6850120328125 0.6133559171875 0.687500571875 0.613111275 0.691302003125 0.611913609375 0.6938203171875 0.615570178125 0.6966014875 0.6204474046875 0.6948681359375 0.62243689375 0.694945828125 0.6249619234375 0.6960887921875 0.6285262578124999 0.6941942375 0.6287709015625 0.6903928078125 0.6263321484375 0.6849292124999999 0.6242331125 0.678507815625
0 0.662673078125 0.70371768125 0.6600069937499999 0.7037234984375 0.6555645609375 0.7073426765625 0.6497257953125 0.7132891906250001 0.6474916640624999 0.7170129281250001 0.6403456828125 0.719134053125 0.6387103859375001 0.721598634375 0.6444168953125 0.7239651609375 0.64638339375 0.726039059375 0.6492827671875 0.729560184375 0.6531811421875 0.730372015625 0.65893930625 0.7250819484375 0.6613749390625 0.71971709375 0.6607499984375 0.7121440078125 0.6640032812500001 0.705546865625 0.662673078125 0.70371768125
0 0.525801696875 0.707735190625 0.5236768328125 0.705142090625 0.512422459375 0.7135887796875 0.50781030625 0.7240171296875 0.5082970328124999 0.7309069015625 0.5118500125 0.736340721875 0.5147925250000001 0.73770153125 0.5174989109375 0.737367490625 0.52004693125 0.73651425 0.5233348375 0.7332530687500001 0.5237579953125 0.729806728125 0.5238845750000001 0.7251578734375 0.5213277578125 0.718846853125 0.5231041078125 0.7152334921875 0.523507115625 0.7119512640625001 0.525801696875 0.707735190625
0 0.5507210921875 0.7272868828125 0.548193221875 0.7279760140625 0.5318195375 0.7274648484374999 0.5280392265625 0.7275004421875 0.52254869375 0.726992875 0.515123446875 0.72957946875 0.520072759375 0.73268595 0.5211063828125 0.733312621875 0.51817550625 0.7372839796874999 0.519980803125 0.74067076875 0.5291738828125 0.7399670953124999 0.5375723046875 0.738499509375 0.5446635109375 0.73320653125 0.547476325 0.728387746875 0.5507210921875 0.7272868828125
0 0.5583220140625 0.7268874750000001 0.5538793 0.7178461109375001 0.5546251453125 0.724434528125 0.5522068203125 0.7314673640625 0.5539488265625 0.73717858125 0.5601852046875 0.7442745640624999 0.5700721921875 0.7451553625 0.574195059375 0.742329875 0.5760088703124999 0.7402203843749999 0.5778399953125 0.7397788750000001 0.5798984500000001 0.7338679531250001 0.5759223125 0.731880475 0.5670113375 0.7302865875 0.56374925625 0.72971946875 0.5583220140625 0.7268874750000001
0 0.599298646875 0.758572471875 0.5910441171875 0.7570591859375 0.5833855812500001 0.7561188359375 0.5713479031250001 0.7564732359375 0.560801628125 0.75734393125 0.553056815625 0.7607242125 0.5577067109375 0.7644602734375 0.5618210609375 0.7671310671875 0.5581531375 0.7716782703125 0.5628058703125001 0.7735822390625 0.5721746265625 0.77506575 0.5836969125 0.7734819671875 0.5901892859375 0.7694481468750001 0.598691296875 0.7653279093750001 0.599298646875 0.758572471875
0 0.6316288140624999 0.7720374984375 0.6319770499999999 0.765583415625 0.630649684375 0.7619221375 0.6268549 0.75845765625 0.6156235156250001 0.7649081390625 0.60741808125 0.7702308921875 0.6057597953125 0.7746916781250001 0.6051005109375 0.77644316875 0.6008595796875 0.7784212328125 0.5978106390625 0.78154516875 0.59782795 0.78321315 0.60516691875 0.784947190625 0.60817271875 0.783983571875 0.6143313328125 0.7899039078125 0.620319946875 0.789972875 0.625778696875 0.785312384375 0.6285540468749999 0.7789897296875 0.6316288140624999 0.7720374984375
0 0.845864159375 0.5001855749999999 0.8407914046875 0.49172629375000004 0.8406201125000001 0.48830454999999995 0.838767390625 0.487337778125 0.83802906875 0.49656211875 0.836396253125 0.5018323453125 0.8337387078124999 0.507420321875 0.8314746312500001 0.50980375625 0.8294047703125 0.5122110359375001 0.829113571875 0.51779385 0.834671740625 0.5206941625 0.8382953203125 0.5184776546875 0.838773175 0.5177970421875 0.8433960390624999 0.5202868015625 0.846894425 0.519089921875 0.8504310984375 0.5159756015625 0.8506865265625001 0.5106841109375 0.845864159375 0.5001855749999999
0 0.859577078125 0.516950728125 0.859766253125 0.5202268125 0.857816796875 0.5361038687499999 0.8537307265624999 0.54048144375 0.8475644718750001 0.5425336093750001 0.8478559171875 0.5481879609375 0.8536977265625 0.5503838156249999 0.8592609328125 0.5500318937500001 0.8662680296874999 0.552370825 0.8700321687500001 0.5506151484374999 0.8705226203124999 0.5418039453125 0.8728758734375001 0.5274550390625 0.8681915468750001 0.519043453125 0.8634842968750001 0.5140297640625 0.859577078125 0.516950728125
0 0.8778080703125 0.5354534890625 0.8785340421875001 0.5455969078125 0.8763238687499999 0.5587805265625 0.8772899031250001 0.5621519937499999 0.8779365296874999 0.5665192453125 0.88289165 0.5711197984374999 0.8896201453125 0.5709109546875 0.89596273125 0.5690282984375 0.9021493921875001 0.56520435625 0.9020700453125 0.5594281890625 0.8945211140625 0.55347415625 0.8904398359375 0.5433623296875 0.886642196875 0.53254604375 0.8822314328124999 0.5299344703125 0.8778080703125 0.5354534890625
0 0.858499190625 0.5401797953125 0.8560489562500001 0.5601353625 0.855985221875 0.56707681875 0.8582545874999999 0.5726783156249999 0.8634396921875 0.5770113921875 0.8704671921875 0.577578546875 0.8741623109375001 0.5747793953125 0.8760354390625 0.5739743875000001 0.87773475625 0.5713737531249999 0.8764568703125001 0.5641197109375 0.871419884375 0.5553691078125 0.8673335671875 0.5485095171875 0.8636510453125 0.5431780765625 0.8618698625000001 0.5416286625 0.858499190625 0.5401797953125
0 0.8056536171875001 0.5916511421874999 0.795286175 0.5925960375 0.7956287578125 0.599439525 0.799490128125 0.6033143546875 0.8000319640625 0.606929453125 0.8071771015625 0.611355334375 0.81376755625 0.6090595421875 0.8231432703125 0.598530028125 0.83228144375 0.59314634375 0.8323963109375001 0.5873940234374999 0.831330525 0.5800181640625001 0.8174367359374999 0.5888100734374999 0.8056536171875001 0.5916511421874999
0 0.84671351875 0.6586447718749999 0.8441071093750001 0.6654218843749999 0.8414470453125 0.6726359796875 0.84144200625 0.6758882171875 0.8432181515625 0.68068986875 0.8487584359375001 0.6837358421874999 0.8544264328125 0.6841360703125 0.8596906359375 0.6830081484375 0.859100184375 0.676577796875 0.8580369171875001 0.6675758218750001 0.85462015 0.6616855828125 0.8546455937499999 0.6566615687499999 0.8524477703125 0.6504774265625 0.84671351875 0.6586447718749999
0 0.834228346875 0.69289319375 0.8339573046875 0.6854670609375 0.8332212546875001 0.6818281171875 0.8337782062500001 0.67568650625 0.8268554953124999 0.675871503125 0.8267456671875 0.6783715875 0.81878538125 0.675767759375 0.8157955828125001 0.6792449421875 0.819511353125 0.6859111765625 0.8196750875 0.6942112765624999 0.8234777640625 0.7017753250000001 0.8260000375000001 0.70371145 0.8300606609375001 0.7043578875 0.834228346875 0.69289319375
0 0.8585515359375 0.7115525546875 0.8584210531249999 0.7045872515625 0.8588374453125001 0.6979848109375 0.8544574125000001 0.698334153125 0.8514676124999999 0.701811334375 0.847821109375 0.7074257390625001 0.8449335796874999 0.7132811921875 0.8448544796874999 0.7187421921875 0.847798434375 0.7220608046875 0.8521784671875 0.7217114625 0.853080521875 0.720787221875 0.8535712203125 0.723213184375 0.860228178125 0.723586984375 0.860320121875 0.7212325609375 0.8586666515625 0.7170373999999999 0.8585515359375 0.7115525546875
0 0.8500934890625 0.7338754515625 0.851504128125 0.7352315140625 0.8547904125000001 0.7341564468749999 0.8567325609375 0.7343949140625 0.862099034375 0.7356452625000001 0.8633587859375 0.7318077984375 0.8602589093749999 0.7265479 0.8542994640625 0.7204933171875 0.8471979046874999 0.722134925 0.847527640625 0.7258718390625 0.8486700046875001 0.729412815625 0.8500934890625 0.7338754515625
0 0.8485400203125 0.7449218453124999 0.8488873921875 0.7372759328125 0.8463522734375 0.7322332328125001 0.84160194375 0.7436263875 0.8341197609375 0.7515791140625 0.829504703125 0.7554481671875 0.828791825 0.7596484921875 0.8293618734375 0.7678506234375 0.8302767718749999 0.7700329578125 0.8358399796875 0.769681034375 0.8397804484375 0.7680948640625 0.8441400796874999 0.7695173015625 0.847988603125 0.7702855546875 0.8505720890624999 0.7669063421875 0.8500174078124999 0.7601846671875 0.8487599265625001 0.7511588453125 0.8485400203125 0.7449218453124999
0 0.8442914625 0.7971851578125 0.84016685625 0.792243009375 0.838687196875 0.789843475 0.8366939140625 0.7884158734375 0.8367145671875 0.7978812609375 0.8368450484375 0.8048465640625 0.8390096234375 0.809695909375 0.8396716140624999 0.815543615625 0.839932328125 0.8182370546875 0.8429835921875 0.8206817031250001 0.8482273890625001 0.8213255593750001 0.8514779046875001 0.820541815625 0.8567012984375 0.822957453125 0.8620191578125 0.8213925484375 0.8619576953125 0.81547071875 0.85596248125 0.809707459375 0.8491571578125001 0.8025140171875 0.8442914625 0.7971851578125
0 0.8168363875000001 0.8281169374999999 0.816417228125 0.82510833125 0.8145645046875 0.824141559375 0.8141251875 0.8341418968750001 0.8142760750000001 0.8393354203125 0.810629571875 0.8449498265625 0.8102539890625 0.8480087093750001 0.80881790625 0.8516766625000001 0.808439803125 0.8563616640625 0.8157355781250001 0.854743903125 0.818314025 0.8546169234375001 0.8223005890625 0.8574721265624999 0.8265937187500001 0.8562249718749999 0.828280190625 0.8505177609375 0.825959690625 0.8437271296875 0.82208799375 0.8351196062499999 0.8168363875000001 0.8281169374999999
0 0.8315302078125001 0.827259684375 0.8279323218749999 0.8356893421875 0.8246409953124999 0.8400166453125 0.8241759875 0.8438038328124999 0.8275237359375 0.8486505953125001 0.8331201937499999 0.8496334703124999 0.835611734375 0.848608678125 0.83971065 0.8473376765625 0.8399353453125 0.8390852703125 0.8416218171875001 0.8333780624999999 0.8408908046875 0.8264868796875 0.8358999171875 0.8221776500000001 0.8334645484375001 0.8211393390625 0.8315302078125001 0.827259684375
0 0.8169323437499999 0.8915593968750001 0.81547585625 0.89699913125 0.8166207406250001 0.8989139906249999 0.8109144546874999 0.900431203125 0.8103088859375 0.903757559375 0.8142443171875 0.9054236265625001 0.8168585328125 0.9050053265625 0.821322953125 0.9071799171875 0.8249772640625 0.9079243234375 0.8275990375 0.9026276687499999 0.8289200031249999 0.89347486875 0.827994778125 0.8865598406249999 0.8276068328124999 0.8819090656249999 0.8220789109375 0.8865727484375 0.8169323437499999 0.8915593968750001
0 0.8092478906249999 0.8818922984374999 0.8107247796875001 0.8746807859375 0.807387359375 0.8745667156250001 0.8037894734375 0.8829963734374999 0.7951906171875 0.8936212749999999 0.7895508296875 0.8978080796875 0.7867756499999999 0.8995373296875 0.7808343390625 0.9045742515624999 0.7860552140625 0.908616009375 0.7911073171874999 0.9076099015624999 0.7959218765625 0.9117496234375 0.79823205 0.9138075625000001 0.8000515234375 0.9134395375000001 0.803097496875 0.907899253125 0.806163875 0.9005871890625 0.8088418234375 0.8932274343750001 0.8092478906249999 0.8818922984374999
0 0.7683653453125 0.74601905625 0.7574434703125 0.75147944375 0.7523812890625 0.7589900234375 0.75182181875 0.766757753125 0.7534062671874999 0.769909440625 0.7610547015625 0.76863069375 0.762588015625 0.7705932468750001 0.7672645359375 0.772646021875 0.7735713515625 0.7710546875000001 0.77450640625 0.7602280765625 0.77476939375 0.7500582296875 0.775305940625 0.7456883984375 0.774766625 0.74044718125 0.7683653453125 0.74601905625
0 0.6866842906249999 0.8075527015624999 0.684824009375 0.8114642859375 0.6696959125 0.819069640625 0.6708178734375 0.8243823953125 0.6724176859375001 0.829014540625 0.6674142 0.8328359015625001 0.6677260515625 0.836718475 0.6738719015625 0.836438090625 0.6773652484375 0.8384934484375 0.682182328125 0.841007053125 0.6865852875 0.8372598124999999 0.6867409624999999 0.8279639328125 0.6878959250000001 0.82337431875 0.68899723125 0.8192216875 0.6866842906249999 0.8075527015624999
0 0.6796580328124999 0.8631713812499999 0.68736264375 0.8598295328125 0.69206964375 0.8536060546875 0.695376334375 0.8507592109375001 0.6956088390625 0.8488656171875 0.6876588796875 0.8509944828125 0.6741993671875 0.8530382890625001 0.6694283828125001 0.85496605625 0.6642868562500001 0.85670046875 0.65845789375 0.857611190625 0.655079665625 0.8610406796875001 0.6550413765624999 0.86295811875 0.660548409375 0.8646692968749999 0.6621532625000001 0.8660492062499999 0.661616715625 0.8704190374999999 0.6652148515625 0.873226546875 0.6696306546875 0.87258588125 0.6719355390625 0.8666588890625 0.6796580328124999 0.8631713812499999
0 0.72328229375 0.8707456234375 0.7115732343750001 0.8713779296874999 0.7048983921875001 0.8711497906250001 0.696158728125 0.8700766953124999 0.6899745875 0.87227451875 0.6883954265625001 0.8771077625 0.6960592265625001 0.8773094734375 0.696317421875 0.8816290296875 0.6970023375000001 0.8840788406250001 0.70417291875 0.88348070625 0.7108860484374999 0.8817914046875 0.71691174375 0.8792784109375 0.7203768796875 0.8767467359375001 0.7221809875 0.8748982546875 0.72328229375 0.8707456234375
0 0.7519600750000001 0.8940796578124999 0.7390167062499999 0.8935254109375 0.733146934375 0.8979796906249999 0.72687336875 0.9009058203125001 0.7233392140625 0.9023940218750001 0.7221331171875 0.9057945015625 0.7258002734375 0.9096454828124999 0.729735703125 0.9113115515624999 0.7329250046875 0.9158431437500001 0.737795740625 0.9179197671875 0.7408391937500001 0.9140056015625 0.746187534375 0.90416444375 0.748349340625 0.8994027390625 0.7509993265625 0.89869311875 0.7519600750000001 0.8940796578124999
0 0.7201599890625 0.8913579546875001 0.715802878125 0.8883093984375 0.71383276875 0.8947210671875 0.70751839375 0.9011907546875 0.7044570546875 0.90525058125 0.704911984375 0.9079678671875 0.7018685296875 0.91188203125 0.7009972078125 0.9157671890625 0.709739390625 0.915214165625 0.7111500296875 0.9165702265625001 0.7153308109375 0.9194492750000001 0.7184969390625 0.9161415999999999 0.7193604546875 0.9058976328125 0.7193372828125 0.8980583640625 0.7205816703125 0.8927404421875 0.7201599890625 0.8913579546875001
0 0.70092013125 0.8971277343749999 0.703766853125 0.894815840625 0.6978814671875 0.886552496875 0.6838138671875 0.8935487796875 0.678189446875 0.8992160406249999 0.674067609375 0.903884940625 0.672544621875 0.9066550812499999 0.6679678531250001 0.9086066953125 0.67094505625 0.9132601046875 0.6773899125 0.9137557187500001 0.6783022937500001 0.9175641718750001 0.6820231031249999 0.920978171875 0.6856824546875 0.918470340625 0.6872155171875 0.9091957265625 0.6901184125000001 0.9048207312500001 0.6962846703125 0.9027685671875 0.70092013125 0.8971277343749999
0 0.6616940390625 0.9002956578125 0.651158075 0.9074298562499999 0.643420215625 0.9094369078125 0.6372897296875 0.9111977484375 0.633543475 0.912807765625 0.6308373140625 0.9155804890624999 0.63748923125 0.9192065250000001 0.637292496875 0.9208087984375 0.6382764171875001 0.9240346046875001 0.6445960796875 0.925549846875 0.64741206875 0.920277040625 0.6529317 0.913857625 0.658714565625 0.9085055328125 0.6635034328125 0.9064321046874999 0.6616940390625 0.9002956578125
0 0.588277596875 0.8591962703125 0.592304971875 0.8585079125 0.59672329375 0.85624113125 0.6007685546875 0.8554071125 0.600206315625 0.85356379375 0.5876871453125 0.85276591875 0.579708975 0.8503077515624999 0.570933540625 0.8495259781250001 0.5642204109375 0.8512152796875 0.5582125984374999 0.8535826109375 0.5540421453125 0.85543625625 0.5558744640625 0.8581748078125001 0.5597562390624999 0.8602778578124999 0.5608295828125 0.8627753609375001 0.5618850421875 0.8654185234374999 0.5687004453125 0.8661074921875 0.5738598578125 0.86422741875 0.583363534375 0.8622893265625 0.588277596875 0.8591962703125
0 0.61154280625 0.8768385859375 0.6177397953125 0.8777473359375 0.629259678125 0.8738389453125001 0.62209665625 0.8695587250000001 0.612071546875 0.8661099406250001 0.6074640484375 0.8651006390625 0.6015864703125 0.86319610625 0.5956373515625 0.8618742203125 0.5908688890625 0.8621758671875 0.5885000218750001 0.8638071500000001 0.5902454359375 0.8656478875 0.5914976296875001 0.8666887796875 0.5892156703125 0.8692178734375 0.5892285140625 0.87232445 0.5947713171875 0.8737443046875001 0.6011267499999999 0.8749682249999999 0.61154280625 0.8768385859375
0 0.59093840625 0.8856936765625001 0.584140890625 0.884859046875 0.573244459375 0.8852954171875 0.56654669375 0.888465175 0.5650773625000001 0.8907983343750001 0.569646571875 0.8937250750000001 0.5696440515625001 0.89535119375 0.5709116109375 0.8978725437499999 0.5740522984374999 0.8995888843750001 0.5778675734375 0.8990223421874999 0.5826589609374999 0.8953227953124999 0.5856308765625 0.891991275 0.588567021875 0.8889510765624999 0.589699059375 0.887759359375 0.59093840625 0.8856936765625001
0 0.6241952265624999 0.8942128125 0.62934179375 0.8892261625 0.6179035265625 0.8860474343750001 0.6084610625 0.882670190625 0.5972681468750001 0.8807044453125 0.594791971875 0.8832096921874999 0.5913268359375 0.88574136875 0.5898013296875 0.8901376296875 0.590133584375 0.8922484234375 0.5933458109374999 0.8933821203125 0.5932538671875001 0.8957365453125 0.5965529984375 0.8977680546875 0.6022031109375 0.8983139453125 0.60923313125 0.8972549796875 0.6229916484375 0.895987171875 0.6241952265624999 0.8942128125
0 0.5382221031250001 0.1778520984375 0.5334657796875 0.17860078125 0.5290060328124999 0.18055197812499998 0.5215058625 0.180130828125 0.5138646390625 0.1808584609375 0.5069346359375 0.1848385453125 0.49477037656249995 0.1898418015625 0.49641730937500006 0.192709390625 0.49866307499999996 0.1943178203125 0.502820565625 0.194828296875 0.5139225328125 0.19485876093750001 0.52055028125 0.1933403484375 0.5265993453125 0.1929169796875 0.5317126984375 0.192878478125 0.5394921359375 0.19283415937499998 0.544628478125 0.190799453125 0.5461658625 0.18732333750000002 0.538530315625 0.1843867828125 0.53952931875 0.1816774890625 0.5382221031250001 0.1778520984375
0 0.56210759375 0.1841165796875 0.5596344984375 0.1879775625 0.5539799234375 0.19061498125 0.5394949734375001 0.19100206718749999 0.5363625937500001 0.196614540625 0.5356227078125 0.199022478125 0.5376093578125001 0.20093226406250003 0.5474358953125 0.20230539687500002 0.5570263062499999 0.20198368125 0.5622605609375 0.20096051093749998 0.57264846875 0.1995706140625 0.580315521875 0.1950146859375 0.5800850718749999 0.18965565 0.5754323375 0.18775168125 0.5739236187500001 0.18556740625 0.5663082234375 0.18246674062499998 0.56210759375 0.1841165796875