0 0.6086794703125 0.5336574171875 0.6097422 0.531042171875 0.612051596875 0.5293214234375 0.6141802171874999 0.5287299515624999 0.61623359375 0.5267026765625 0.6166839484375 0.5215599765625 0.61525910625 0.5195550171875001 0.6128661015625 0.519680428125 0.6111241125 0.5184919484375 0.609888403125 0.51551724375 0.608193415625 0.5106469484375 0.6058474125 0.5070905453125001 0.6029559234375 0.5022829546875001 0.5975653375000001 0.49328709843749996 0.5959513578125 0.49225188124999997 0.5937584499999999 0.48932734375000003 0.591590621875 0.4868814046875 0.5907112671875 0.48612763125 0.5853907296874999 0.48304706093750005 0.5869190671875 0.491605440625 0.5885111249999999 0.49680107500000004 0.5918174921875 0.5049463296875001 0.5938379874999999 0.509159678125 0.5958140796875 0.5148151015625 0.5966882375 0.5200483593749999 0.5990426 0.5237642953125 0.6019283296875 0.526172609375 0.6029189734375 0.526760578125 0.6037988921874999 0.5343931109375 0.6059165546874999 0.5358818484375 0.6086794703125 0.5336574171875
0 0.6564364140625 0.49484097812499994 0.6561224296875 0.5002964750000001 0.6563398109375 0.50444435 0.6555581859374999 0.507844721875 0.654876890625 0.513159496875 0.655063990625 0.5213082531250001 0.6584669609375 0.5198501375 0.6617471187499999 0.513759275 0.6629263359374999 0.5064987421875 0.666373709375 0.503598553125 0.668958446875 0.50026365625 0.668201340625 0.49726387031249997 0.6664927953124999 0.4967135234375 0.6646201953124999 0.497611521875 0.663100784375 0.4960914328125 0.65921605 0.49293561406249997 0.6564364140625 0.49484097812499994
0 0.6955926625 0.45903483593749994 0.6926432109375 0.45998926874999996 0.6897496859375 0.4643001796875 0.6884894593750001 0.4677256328125 0.68657821875 0.472464978125 0.68404364375 0.476757078125 0.67934756875 0.48788127187499997 0.6755778515624999 0.4960774234375 0.67784860625 0.4981980234375 0.6789839843750001 0.499258325 0.682028003125 0.4978190203125 0.6909150000000001 0.491114371875 0.6981185328125 0.484337978125 0.70442915 0.48112775937499996 0.70451423125 0.46672583906250004 0.7023714859375 0.4647585 0.699842109375 0.4645711171875 0.6987176921875 0.4614306078125 0.6955926625 0.45903483593749994
0 0.6942017046875 0.530935075 0.6951834234375001 0.524484753125 0.69489915625 0.519060609375 0.69103690625 0.5186231343750001 0.6903608078125 0.5194584250000001 0.6879464484375 0.5306230125 0.6861548578125001 0.5353560890625 0.6840962859374999 0.541862846875 0.682480271875 0.549946128125 0.68563874375 0.5529800359375 0.688702084375 0.54962005625 0.6894116234375 0.5494228984375 0.6930680171875 0.5505110515625 0.6955414671875 0.5473419578125001 0.6946004218749999 0.5408324328125 0.6942017046875 0.530935075
0 0.672631784375 0.5383044078125 0.67460155 0.534681796875 0.6767745734374999 0.5326482515625 0.6785552046875 0.529995384375 0.668457584375 0.534203928125 0.6620247171875 0.539660159375 0.6586275078125 0.5435175515624999 0.6546043671875 0.5491674375 0.6524512265625 0.556159065625 0.6529027109375 0.5647738828125 0.655140021875 0.566256346875 0.65902159375 0.5647731484375 0.6621319359375 0.5577313546875 0.6647025515625 0.55183765 0.668795178125 0.5452242921875 0.672631784375 0.5383044078125
0 0.7562912828125 0.5318948234375 0.7558371312500001 0.5232290921875 0.7552686937499999 0.5157436125 0.7546435296875 0.51389755625 0.75048068125 0.5117672015625 0.749794971875 0.5188487046875 0.7486927609375 0.5280657046874999 0.7457442484375 0.539023434375 0.7437146578125 0.547349628125 0.7436295640624999 0.55580876875 0.74878498125 0.5567128453125 0.7501043140625 0.5549997359375001 0.754258703125 0.553607753125 0.7569303781250001 0.5541722921875001 0.7587927703124999 0.54937764375 0.7577011796875001 0.53863165 0.7562912828125 0.5318948234375
0 0.8058425671875 0.526244871875 0.8064093484375 0.5135331484375001 0.8064169796874999 0.506956884375 0.8021804843749999 0.503421275 0.8001953484375001 0.505873834375 0.7962995484375 0.5222828078124999 0.796210640625 0.5340300796874999 0.7945446359375 0.542572071875 0.793107203125 0.5487535609374999 0.7959016203125 0.5516601921875 0.8006642578125 0.5450695828125001 0.8016445515624999 0.5436090953125 0.8053540765625 0.547172321875 0.80829114375 0.5460789875 0.80815148125 0.5366922171875 0.8058425671875 0.526244871875
0 0.7947292578125 0.5024026625 0.79622341875 0.4905817453125 0.8003608906249999 0.4821450828125 0.8018681546875 0.48065697656250006 0.799735725 0.48029902812499997 0.7925951718750001 0.4818475109375 0.787305565625 0.4884657375 0.7862071703125 0.4943946078125 0.7862609109375 0.5021419140625001 0.78537118125 0.5120523375 0.7883412546875 0.5149497609375 0.7913151453125 0.5145590531249999 0.7936638687500001 0.5123222921874999 0.7943457625 0.5085289203125 0.7947292578125 0.5024026625
0 0.828902371875 0.47219460625 0.8253409671874999 0.4815404890625 0.8222574359375001 0.48992191875 0.8220127765624999 0.4953363421875 0.82326310625 0.49902844999999996 0.8266251328124999 0.499321959375 0.8307058765625 0.496524721875 0.833945159375 0.49447614062499995 0.8359057468750001 0.4915551625 0.8351984765625 0.48478151406250003 0.8332455203125001 0.48112622812500005 0.83157023125 0.476047278125 0.828902371875 0.47219460625
0 0.8401415562500001 0.6362370015625001 0.8391727093749999 0.6278330953125 0.8377090718750001 0.6133489640625001 0.8373285656249999 0.6060884859375 0.836417275 0.60214375625 0.8323403468749999 0.6016528640625001 0.8308745500000001 0.610654065625 0.8310264859375 0.6202750453125 0.8302180328125001 0.625014459375 0.8292868359375 0.627411784375 0.8267954625 0.6336485093750001 0.8268123796875001 0.6406931890625 0.8298353671875001 0.6412393187500001 0.8314814640625 0.6390393796875 0.8340020296875 0.64008154375 0.8364328609375 0.6427723765625 0.8389695171874999 0.64076061875 0.8401415562500001 0.6362370015625001
0 0.895543434375 0.5405668796875001 0.8970384265625 0.538844565625 0.8962697828125 0.530899871875 0.892666084375 0.522634053125 0.8890623859375 0.514368234375 0.8868148453125 0.505091934375 0.8842896359375001 0.49723930000000005 0.88265116875 0.492862975 0.8787291640625 0.4886063265625 0.879085121875 0.49539838593749996 0.8799773343749999 0.515783771875 0.88059486875 0.5242060875 0.8795578453124999 0.531306003125 0.8795011171875 0.5369454296875 0.8809884765625 0.541799378125 0.883897178125 0.5435257578125 0.887108096875 0.5442968875 0.8895833828124999 0.5411140859375 0.8901264421875 0.5380325453125 0.8922956937500001 0.5390931218749999 0.895543434375 0.5405668796875001
0 0.88890166875 0.447443771875 0.8895882046875 0.45046087031250004 0.8949201062500001 0.4614543453125 0.8968163359375 0.47074905625 0.900889446875 0.4745280828125 0.9038633375 0.474137375 0.9055746234375001 0.46982035 0.9090754828125001 0.46940202500000006 0.9106195687499999 0.46861654531249997 0.908862175 0.4586100015625 0.90460113125 0.45460597343750003 0.8988696484375 0.45279267812499996 0.8922514218750001 0.44750307031250003 0.88890166875 0.447443771875
0 0.8841972359374999 0.5660558453125 0.8834370515625001 0.5616334937499999 0.8803035953125 0.5589794828125 0.8783108281249999 0.5680083046875 0.8765880953125 0.5821897234375 0.8753593265624999 0.592352765625 0.875748290625 0.6031355859375 0.8768390546875 0.6037829765625 0.8819491890625001 0.6004620859375 0.8827906484374999 0.59971343125 0.8860383921875 0.6011871906249999 0.8881094484375 0.60037409375 0.8886563234375 0.5940044234374999 0.887413625 0.5837360515625 0.8841972359374999 0.5660558453125
0 0.889534103125 0.6376409359374999 0.8915031499999999 0.6382422984375 0.8927526515625 0.6318358046875 0.8905173859375 0.6227937140625001 0.8863905328125 0.61126738125 0.8850995640624999 0.6101607765625 0.8793558031250001 0.608113271875 0.88018581875 0.617229009375 0.8844845125 0.63203426875 0.889534103125 0.6376409359374999
0 0.8450382031249999 0.7195877734375 0.848555153125 0.7161155265625 0.8499273984375 0.7120511234375 0.8532640499999999 0.7017776109375 0.8538676531249999 0.6897685124999999 0.8532577515625 0.674769934375 0.8497928859374999 0.6657922828125 0.8434976093750001 0.6633039765625 0.8448668671874999 0.67262630625 0.8448393296875001 0.685544621875 0.84352845625 0.690780071875 0.8403014484375 0.6930628624999999 0.8376996046875 0.69719170625 0.8353593390625 0.702950809375 0.8339587281249999 0.7098349265625 0.8363857421875001 0.7158138890625 0.839081965625 0.716846846875 0.8402133671875 0.7149087359374999 0.8418801984375 0.716465346875 0.8450382031249999 0.7195877734375
0 0.9017695296875001 0.6459240875 0.897851340625 0.638379309375 0.894292925 0.6343384578125 0.8929697765625001 0.639339696875 0.892614646875 0.6426462390625 0.8926031999999999 0.652510634375 0.8938213515625 0.6623105875 0.894957396875 0.667182946875 0.8956684812500001 0.6706684625 0.8968083437500001 0.6722526906249999 0.8983316984374999 0.6677106640625 0.8985970906249999 0.6660527890625 0.90371186875 0.6695423703125 0.9066121125000001 0.6677464093750001 0.9059209312500001 0.6579188390625 0.9017695296875001 0.6459240875
0 0.8993245890624999 0.720265528125 0.8956641624999999 0.7176391359375 0.8923389593750001 0.71804825625 0.88937734375 0.718673171875 0.8856271796874999 0.7176954484375 0.8814888812499999 0.716033509375 0.8758594078125 0.7128057546875 0.8748752984375001 0.7175543734375001 0.8759008734375 0.720318853125 0.8798190625 0.7278636328125 0.8869397109375001 0.7326572046875001 0.8941746437500001 0.736270525 0.8979531703125 0.7344285359375 0.8990109265624999 0.7310851703125001 0.8985859671875 0.7296983265625 0.8978503328125 0.7257443921875 0.9004889984375 0.7223181750000001 0.8993245890624999 0.720265528125
0 0.8813926656250001 0.7881381859375 0.8836385515625 0.7772172828125 0.8852393671875 0.7707923765625 0.8784048453125 0.7680974796875 0.8746470515625001 0.7736960203125001 0.8704405765625 0.7875379 0.8701590937500001 0.792249696875 0.8695102078125 0.800033828125 0.8707283578125 0.80983378125 0.8737022484375 0.8094430750000001 0.874584346875 0.8061089125 0.8771417359375 0.8078537046875001 0.8807776140625 0.810011678125 0.8828808515625 0.8030907375 0.8803027296874999 0.7975893968750001 0.8813926656250001 0.7881381859375
0 0.864452159375 0.7909048203125 0.864733640625 0.7861930234375001 0.8638507140625 0.7794285796875 0.8648509125 0.7716260390625 0.8706222078125 0.7607552281250001 0.871765884375 0.7590513249999999 0.8674764765624999 0.757867009375 0.8638613328125 0.759465584375 0.8603566578124999 0.763172040625 0.8551406953124999 0.7711955203125 0.8517756828125 0.7842887453125 0.8521684625000001 0.7917834328125 0.85648241875 0.793436165625 0.858504378125 0.791686234375 0.8601428453125 0.7960625578125 0.8631903812499999 0.7970771046875 0.864452159375 0.7909048203125
0 0.8529040968749999 0.79573736875 0.85160466875 0.7911084234375 0.8512609859375001 0.7845505734375 0.8521185375 0.7807479953125 0.8542831468750001 0.7749980984375 0.8554060890624999 0.769537646875 0.8505367984375001 0.77073224375 0.8492420140625001 0.772913771875 0.8464522406249999 0.7768176125 0.8420163671875001 0.7829213921875 0.8399745015625 0.7910133781249999 0.8429407609374999 0.797198934375 0.8461677703125 0.79491614375 0.8473973671874999 0.794851703125 0.8486108734375 0.7978411828125 0.8513316453125 0.799342559375 0.8529040968749999 0.79573736875
0 0.8368871562500001 0.8026829375 0.838357596875 0.8004922046875 0.8388392843749999 0.7962396203125001 0.8377032390625001 0.7913672625 0.837470025 0.7869172921875001 0.8424980546875 0.7786688078124999 0.840516734375 0.7778332359375 0.8362273265625 0.7766489203125 0.8324610734375 0.7787251203125 0.8307620625000001 0.783276353125 0.829238709375 0.7878183812499999 0.8284057078125 0.792089378125 0.8270910171875 0.80061295625 0.8286435624999999 0.8033498187499999 0.832610021875 0.8017328328125 0.8350408515625001 0.804423665625 0.8368871562500001 0.8026829375
0 0.832326884375 0.7862474234375 0.8298668609375 0.7762777015625 0.827248928125 0.78346046875 0.8238301734375 0.7888063875 0.8219961453125 0.7907813234375001 0.82033395625 0.7960351828125 0.8215474640625 0.799024665625 0.82331630625 0.799166815625 0.8248074796875 0.80073263125 0.8261229968749999 0.80230765625 0.8293093671875 0.8026103703125 0.830967740625 0.8006446390624999 0.831326684375 0.794049965625 0.832326884375 0.7862474234375
0 0.7644164124999999 0.7306236984375001 0.768382871875 0.7290067109375 0.7691422265625001 0.7233304625 0.7706494890625 0.72184235625 0.7720056468750001 0.7208318734375 0.774823784375 0.7141083187499999 0.7812655281249999 0.7093085296874999 0.77810370625 0.7094742328125 0.774079690625 0.70663204375 0.7682952937499999 0.7071700421875 0.75924325 0.7125763359375 0.7517882046875 0.7148458578125 0.7528997015625001 0.7192497999999999 0.7561313546874999 0.7237774796875 0.7585376359375 0.7259998953125 0.757933203125 0.7279103890624999 0.759171259375 0.7313682890625001 0.7644164124999999 0.7306236984375001
0 0.7133172234375 0.740347259375 0.722736671875 0.73186863125 0.726706946875 0.7269635125 0.7262980765625 0.7225227484375 0.7222825203125 0.7232029 0.7130747234375 0.722276346875 0.7068162703125 0.7204906671875 0.7033315 0.7178550703125001 0.699177109375 0.7192470531249999 0.6980503515625001 0.7279956375000001 0.6996519953125 0.7316693359374999 0.6980427203125 0.7345718999999999 0.6970831609375 0.7397889390625 0.699007753125 0.7462639359375001 0.7061974046875 0.745652290625 0.7133172234375 0.740347259375
0 0.743686759375 0.755195315625 0.743077684375 0.7502953406249999 0.7374075718750001 0.7496530890625 0.7278446468750001 0.752033078125 0.7245317171875 0.7526764046875 0.71934329375 0.7477815703124999 0.7176971953125 0.749981509375 0.7199853765625 0.7566723046875 0.7202837765625001 0.7590051890625 0.7195206062499999 0.7679695703125 0.7256525015624999 0.7707012890625 0.7337771640625 0.7644041875 0.7408724359375001 0.7586307390625 0.743686759375 0.755195315625
0 0.7729791374999999 0.73604625 0.7713245796875 0.7347238484374999 0.76226789375 0.733319671875 0.7545229078125 0.7367786484375001 0.7531383859375 0.74060884375 0.7436651984375 0.7413401640624999 0.7437312140625 0.74932168125 0.74886208125 0.7497573390625 0.7495608921875 0.753008646875 0.7553867578125 0.7599837468749999 0.7595902437500001 0.7595286 0.7661661765625001 0.7472065046874999 0.77083061875 0.7387422234375001 0.7729791374999999 0.73604625
0 0.791930984375 0.7514926828124999 0.7921472796875 0.748897971875 0.7867057375 0.7458952203125 0.77595385625 0.745754146875 0.7735192109375 0.74635144375 0.768114490625 0.7440513203125 0.767256940625 0.7478538984374999 0.7686545625 0.7543565140624999 0.770084365625 0.7547512859375 0.76872439375 0.7590498984375 0.7718823984375 0.7621723265625 0.7791495125 0.759677803125 0.7876377625 0.7535964984375 0.791930984375 0.7514926828124999
0 0.76364345 0.769649678125 0.7645869203125 0.7674865625 0.7618416015625 0.76551676875 0.7561761312499999 0.7716849890625 0.74885610625 0.7765308078125 0.7444769625000001 0.7769951609375 0.7424757359374999 0.7825016421875 0.74404055625 0.7854727125000001 0.7459850546875 0.7856056578125 0.74786055 0.791143821875 0.7492374390625 0.7938898875 0.7531264359375001 0.794155778125 0.75903275 0.785861265625 0.7615279390625 0.7763364109374999 0.76364345 0.769649678125
0 0.7681791734375001 0.785616775 0.770013203125 0.7836418390625 0.771332534375 0.7819287312500001 0.7602462562500001 0.7888507484375 0.7512839484375 0.7926083734375 0.7462758234375 0.7945148046875 0.7422970906249999 0.79589758125 0.7426814125 0.799869928125 0.7433434 0.8024186109375 0.7427965249999999 0.80878828125 0.7442593359375 0.8131738109375 0.7485034609375 0.8101331593750001 0.7539073515625 0.8023346796874999 0.76284046875 0.791298165625 0.7681791734375001 0.785616775
0 0.7538000125 0.938084896875 0.7547756640625 0.9298139375 0.7533052234375 0.9320046703125 0.7518868671875001 0.9217455031249999 0.7495618640624999 0.91435208125 0.7462734828124999 0.9154638265624999 0.7437245531250001 0.9172413765625 0.741510846875 0.9220544359374999 0.7419036265625001 0.9295491234375 0.7422350343749999 0.935872765625 0.7410422609375 0.9366398312499999 0.7416428765624999 0.93801746875 0.7469455859374999 0.9417320531250001 0.7495927109375 0.9418281765625001 0.7538000125 0.938084896875
0 0.7326960109375 0.831158884375 0.7334960046875 0.8228971296875001 0.7351543765625 0.8209314015625001 0.7292311453125 0.8221812312500001 0.7251465875 0.8282666000000001 0.722507921875 0.8316928203125 0.7164373984375 0.83013214375 0.7142727890625 0.835882040625 0.71656096875 0.8425728359375 0.71772919375 0.8413373500000001 0.7204216015625 0.8456584406250001 0.722472753125 0.8511873968750001 0.7276074375 0.848334925 0.7300865375 0.8418639906250001 0.7326960109375 0.831158884375
0 0.7513156234375 0.8301830718750001 0.7527124187500001 0.826587084375 0.7527323234375001 0.82024503125 0.7480103265625 0.8242501359375 0.7426838953125 0.8301657375 0.7398488390625 0.8298446109375 0.73668701875 0.8300103156249999 0.7341135390625 0.831319446875 0.734105909375 0.8378957078125 0.7370023359375 0.8393878796875001 0.7383017656249999 0.8440168234375 0.741218925 0.8492655421874999 0.7459163765625 0.84479201875 0.7481584453125001 0.837159246875 0.7513156234375 0.8301830718750001
0 0.7935613171875 0.8061278109375 0.7906157921875 0.8036988046875001 0.7881320484375001 0.8033592671875001 0.781792315625 0.8067445984375 0.7791413765625 0.80993660625 0.775052175 0.8092115046874999 0.773128409375 0.8128351078125 0.7752201999999999 0.8157785609375001 0.7769115796875 0.8178035890625001 0.778207190625 0.825720665625 0.7814058359375 0.8262575875 0.7875737265625 0.8195933312499999 0.7908942859375 0.8123737421874999 0.7935613171875 0.8061278109375
0 0.808661496875 0.7783284375 0.8031433187499999 0.7873071640625 0.7978084296875 0.789700425 0.7938787953124999 0.7920200375 0.790954003125 0.79334758125 0.789467471875 0.7985922359375001 0.7938673484375001 0.8018844328125001 0.7952196890625001 0.80416208125 0.7977732640624999 0.809195003125 0.8017888187500001 0.808514853125 0.8047864296875 0.798493959375 0.8080210687499999 0.7896349078125 0.808661496875 0.7783284375
0 0.643094346875 0.7313454640625 0.6445042437499999 0.7380822890625 0.6489286703125 0.741842903125 0.6521395875 0.7426140343750001 0.6550038359375 0.7502140500000001 0.66052366875 0.7614325281250001 0.6621613078124999 0.7557102484375 0.6633371640625 0.7478985 0.6626544421875 0.7415932703125 0.6603946265625 0.7320827609375 0.6562969640625 0.7278353171874999 0.651561865625 0.7215076109375 0.6492453203124999 0.717636528125 0.6418393734375 0.720842884375 0.6414228718749999 0.7229783828125 0.6422605171875 0.72551785625 0.643094346875 0.7313454640625
0 0.6334290890625 0.68135876875 0.633683034375 0.6895652875 0.6363064375 0.69929159375 0.6378881765625 0.7093073453125001 0.6399922421875 0.7124850078125 0.642594084375 0.7083561625 0.643308159375 0.698454946875 0.6437039265625 0.6925629 0.6440222328125 0.6885537296875001 0.6443405375 0.6845445609375 0.645096078125 0.682156440625 0.6451282578125 0.6760485968750001 0.6416434875 0.673413 0.639670625 0.676099765625 0.6361735796875 0.6732299609375 0.6340902500000001 0.6738088484375 0.6334290890625 0.68135876875
0 0.5662246984375 0.8173374609374999 0.5766980859374999 0.8088035984375 0.5828744359375 0.8056616828125 0.58603625625 0.805495978125 0.5773715203124999 0.801487884375 0.5709005875 0.7990087859375 0.5690051859375 0.799812678125 0.566194678125 0.7999599703125 0.5643890125000001 0.799115190625 0.560279078125 0.7946335390625 0.5580814609375 0.7963926765625 0.558286309375 0.8036623609375001 0.5592627890624999 0.805490003125 0.559091775 0.8123096796875 0.5617189953125 0.8187478578125 0.5662246984375 0.8173374609374999
0 0.58291755625 0.8333719859375 0.587753840625 0.82818663125 0.5908090078125 0.8226249156250001 0.5914663531250001 0.818363125 0.5858576109375 0.81889191875 0.5758904609375 0.8236416140625 0.5708861515625 0.8222599140625 0.5672096343749999 0.8226874437499999 0.5640647328124999 0.8298978296874999 0.5654661703125 0.8331123140625 0.5686770890624999 0.8338834468749999 0.567905459375 0.8393254859375 0.5690207703125 0.840441296875 0.571667896875 0.84053741875 0.5761981484375001 0.8395954421875 0.58291755625 0.8333719859375
0 0.5837797515625 0.8363798796875 0.5727870234375 0.838365096875 0.566447290625 0.841750428125 0.5642251265625 0.843041146875 0.5600216390625 0.8434962953125 0.5587353140625 0.8492001625000001 0.561979240625 0.853962053125 0.5621718140625 0.8609975265625 0.5657708703125001 0.862452875 0.5707091625 0.855853059375 0.577681690625 0.847737521875 0.5815622296875 0.844481071875 0.5837797515625 0.8363798796875
0 0.5963258515625001 0.847230125 0.5994953046875 0.840488159375 0.5896915359375 0.8449944421875 0.584655046875 0.8497205843750001 0.5815423234375 0.850823125 0.5781680234375 0.8502954062500001 0.5767957765625 0.8543598125 0.5774294015625 0.85972820625 0.5789328484375 0.86152823125 0.5793294453125 0.8657347859375 0.5823524328125 0.8662809156250001 0.5854283328125 0.8644757500000001 0.59174733125 0.8573338703125 0.5963258515625001 0.847230125
0 0.5519575203125 0.8408658390625 0.5475715734375 0.8580050578125 0.543041321875 0.858947034375 0.53872355 0.8605824328124999 0.53687343125 0.865611290625 0.53897368125 0.8720770828125 0.541849375 0.8698127046874999 0.5429854203125 0.8746850640625 0.5458043875 0.8780601109375 0.5497048312499999 0.8684616093749999 0.55191389375 0.8568380765624999 0.553151121875 0.8501973749999999 0.5519575203125 0.8408658390625
0 0.47892579062499996 0.852208540625 0.482332271875 0.8466284140625 0.487025078125 0.8353444187499999 0.4906563140625 0.830691921875 0.493883321875 0.8284091312499999 0.48788644375 0.828253709375 0.48155898593749996 0.8318732484375 0.47681243906250004 0.8354099359375 0.4722453640625 0.8356492859375001 0.4679766890625 0.838221521875 0.46536257187499996 0.84211615625 0.46553059843750005 0.8486832124999999 0.467021771875 0.8502490296874999 0.4684393015625 0.8504095921875001 0.47042526562500003 0.8580556359375 0.4739874984375 0.85880835625 0.47892579062499996 0.852208540625
0 0.5105461609375 0.8270661640625001 0.5015800375 0.8341119203125 0.491085915625 0.838889234375 0.4893708140625 0.846494390625 0.491013096875 0.847582584375 0.4916137140625 0.8489602203125 0.4925089140625 0.855958871875 0.49453933437500003 0.8577312796875001 0.49975147968750006 0.8529959312500001 0.503043675 0.8485960546875001 0.50612720625 0.840214625 0.5081445234374999 0.8316542203124999 0.5105461609375 0.8270661640625001
0 0.5170708359375 0.8372925718750001 0.5118701375 0.8321635281249999 0.507973509375 0.8384738984375 0.5029454796875 0.8467223828125 0.501005625 0.853399909375 0.499257515625 0.85701430625 0.49935189687500003 0.8621761093750001 0.5028650296875 0.86199199375 0.5037187640624999 0.861477546875 0.5063129765625 0.863924965625 0.5118235234374999 0.8615225000000001 0.513710465625 0.8571962687499999 0.5156947749999999 0.84464510625 0.5170708359375 0.8372925718750001
0 0.44772458593750003 0.8080475406250001 0.45118016406250006 0.80340425 0.4539208421875 0.798563571875 0.45916980937499996 0.79453085 0.462927603125 0.7889323109374999 0.4660602328125 0.7814877171875 0.4686498015625 0.7771246640625 0.46723608906249997 0.7736759703125 0.45782891562500005 0.7823888078125 0.4507620078125 0.7853425421875 0.44631767812499995 0.7879239828125 0.4405578296875 0.7889303984375 0.438098634375 0.7890592796875 0.4379437109375 0.7928250359375 0.44146530312500004 0.796163259375 0.4422661265625 0.798000109375 0.44287520156250004 0.8029000859375 0.44301022031250004 0.8054763843750001 0.44421145156249997 0.80823165625 0.44772458593750003 0.8080475406250001
0 0.44418474375 0.831248575 0.44746084843749995 0.8299026203125001 0.44959709375 0.8269724390625001 0.4516719671875 0.8228712109374999 0.454233171875 0.8213278703125001 0.45868977656250004 0.818980640625 0.46722712499999997 0.813836171875 0.47352157500000003 0.8062258734375 0.471364596875 0.80539950625 0.4717320015625 0.8023271734374999 0.4696808484375 0.796798215625 0.45951730625 0.7978005703125 0.4429082078125 0.80689084375 0.43779425781250003 0.8134998640625 0.44035629062500004 0.8220551281249999 0.44194947500000004 0.8222064843749999 0.44336318906249994 0.825655178125 0.4425547359375 0.8303945921875 0.44418474375 0.831248575
0 0.428275284375 0.8536887609375 0.4290837359375 0.848949346875 0.42967970937500005 0.8435165124999999 0.4324940328125 0.8400810890624999 0.43545100468750003 0.8326456999999999 0.4375542421875 0.825724759375 0.43411856875000004 0.8240259984374999 0.4323620015625 0.82411805625 0.4289470625 0.8261758421875 0.42364518125000006 0.8325598609375 0.4150350140625 0.846397678125 0.41359376562500005 0.8558673000000001 0.42095907343750005 0.8552464484375 0.4225645328125 0.8556320140624999 0.4249792734375 0.8613767687499999 0.42730344843749996 0.8586715890625 0.428275284375 0.8536887609375
0 0.408270646875 0.9021773109375 0.40991674375000003 0.8999773718749999 0.41274715781250004 0.8934880250000001 0.41411940312500006 0.889423621875 0.41707255937500004 0.885276365625 0.4239553515625 0.8788094953125001 0.43078523124999996 0.8746939218750001 0.42418773749999994 0.8731608625 0.41964521093749996 0.87386863125 0.41582986093749996 0.87500799375 0.4114138953125 0.8747697203125 0.40535182968749994 0.8767313859374999 0.40071956875000003 0.879087821875 0.3971988015625 0.8858482000000001 0.40074494375 0.88965484375 0.40545085312499995 0.8887036593750001 0.4040464265625 0.8988759078124999 0.408270646875 0.9021773109375
0 0.43460177031249997 0.6887257875 0.4323097734375 0.685323121875 0.421685278125 0.694334609375 0.4146966609375 0.7055040703125 0.4114290125 0.7103723640624999 0.40761830625 0.7183222 0.40983284218750005 0.7236077421875 0.41292947343749997 0.725559125 0.416786290625 0.731932859375 0.423514159375 0.7292317453125 0.4294365625 0.717883309375 0.43352112187499997 0.711797940625 0.43390378749999997 0.6955730828125 0.43460177031249997 0.6887257875
0 0.435504278125 0.6353670328125001 0.43462599687500003 0.6354130625 0.429568775 0.63638265625 0.435337909375 0.64899718125 0.43925609843749996 0.6565419609375 0.4389792578125 0.668064228125 0.4421334484375 0.6744747875 0.44600171250000004 0.6709841296875 0.44828060625 0.6640539828125 0.45223097343749996 0.66549091875 0.45551935312499997 0.6643791718750001 0.45403116718750003 0.649426621875 0.44721655 0.6403896718750001 0.438952225 0.637300003125 0.435504278125 0.6353670328125001
0 0.40462418749999995 0.671273815625 0.40834051562499996 0.658162178125 0.4105910453125 0.65405174375 0.4110727328125 0.649799159375 0.40463862031250003 0.6480226890624999 0.40035385625000003 0.6536488453125 0.3928259953125 0.6646117125 0.3916539546875 0.6691353296875 0.38912957187499997 0.671381296875 0.38631525 0.6748167203125 0.3882030203125 0.6805890921875 0.3914139375 0.6813602249999999 0.392655809375 0.68152999375 0.395225471875 0.6835089921875 0.3995762515625 0.685864353125 0.40303182968750006 0.6812210624999999 0.40462418749999995 0.671273815625
0 0.372098178125 0.61191685 0.375566859375 0.617606371875 0.380812840625 0.6269603828125 0.38570750625 0.63633280625 0.3904955203125 0.6403092171875 0.3936573421875 0.6401435125 0.3894653015625 0.6307342671875 0.3874547875 0.6226198046875 0.3870988296875 0.6158277437499999 0.38633864687499997 0.6114053921875 0.3860279734375 0.6088382984375 0.3877883546875 0.605458109375 0.38609233125000003 0.596622609375 0.38429894062500003 0.596012040625 0.3817584703125 0.6013119312499999 0.377844925 0.6005776218750001 0.373428959375 0.6003393484374999 0.372098178125 0.61191685
0 0.3697109375 0.841962296875 0.37655690625 0.8347928 0.380188140625 0.8301403031250001 0.3815849359375 0.8265443156250001 0.3760413828125 0.824956025 0.368651525 0.8251084578125001 0.3652611359375 0.8276346640625001 0.36093108906250004 0.8290358515625 0.357642709375 0.8301475984375 0.35410966875 0.8366737671875001 0.353677078125 0.8418631859374999 0.3574763390625 0.8437777453124999 0.3578890234375 0.84493038125 0.3607693625 0.849476471875 0.3651239578125 0.8485437015624999 0.3697109375 0.841962296875
0 0.29126869375000003 0.7803146562500001 0.29043187656249997 0.7878737828125 0.29134316718750003 0.7918185109375 0.295199984375 0.7981922484374999 0.2995423046875 0.7970252671875 0.3041584765625 0.797722753125 0.3110260078125 0.8044084078125 0.3175951375 0.8087611796875 0.3198786734375 0.8086415046875001 0.31891828437499997 0.8037599375 0.317299725 0.7930415609375 0.3144684828125 0.7894323046875 0.307470578125 0.7869808234375 0.3043570265625 0.7779847609375 0.30111310156250004 0.77322286875 0.2949773890625 0.7737792812500001 0.2930007125 0.7797541796874999 0.2937769859375 0.7811226109375 0.29126869375000003 0.7803146562500001
0 0.2683503875 0.7664852093750001 0.2709484140625 0.765644496875 0.2751887234375 0.7658919765625 0.27581388906250004 0.7677380296874999 0.278816971875 0.7746262125000001 0.28369090625000004 0.7802420859375 0.288798053125 0.7903079296875 0.290999484375 0.7852606609375 0.2916077328125 0.780062034375 0.289683140625 0.7735870359375 0.2853929046875 0.76230411875 0.28417475312499996 0.752504165625 0.27951329999999996 0.7475817124999999 0.276948278125 0.752413184375 0.2739375671875 0.7521012640625 0.271225253125 0.7541222296875 0.266764834375 0.759757590625 0.2683503875 0.7664852093750001
0 0.30758982968750004 0.8463921875 0.3162782875 0.8407700968749999 0.319215353125 0.8396767625000001 0.3103626859375 0.8354436656249999 0.30375291875 0.8336763984375001 0.30048908750000003 0.8352565625 0.2970902375 0.8342604281250001 0.2930294 0.8307156125 0.2879929125 0.8354417546875 0.2905096609375 0.83977205 0.29177608125 0.8404102375000001 0.2922547828125 0.8495443859374999 0.293104703125 0.8523180703125 0.29944061718750004 0.8522208718750001 0.30758982968750004 0.8463921875
0 0.3106186125 0.9176285343749999 0.3131798171875 0.9160851953125 0.31412710312500003 0.9106339484375001 0.31781589375 0.9104406265625 0.32516046875 0.9060632249999999 0.332443671875 0.9005147796875 0.3317203109375 0.8967950531250001 0.3289627171875 0.8945910515625 0.32208755624999996 0.8944816578125 0.3177943328125 0.896585475 0.3121204046875 0.8992313546874999 0.3064464765625 0.9018772343749999 0.30353014375 0.9067271187499999 0.3058382296875 0.9070758609375 0.307958384375 0.9071996 0.30673343124999997 0.9140745125 0.3106186125 0.9176285343749999
0 0.317705425 0.908332746875 0.3212875625 0.9027434124999999 0.32724297343750003 0.8953857359375 0.33169111875 0.889516165625 0.33483220625 0.8855939125000001 0.3363555609375 0.8810518828125 0.32756808125000003 0.8747016999999999 0.31791160625 0.882018490625 0.30967265781250003 0.88949584375 0.3079774625 0.8907589453125 0.30181720312500004 0.8908469374999999 0.2993664671875 0.8944981593750001 0.30298625625 0.89971005625 0.30494302812499996 0.9000772093749999 0.307108465625 0.904425915625 0.30757024843749997 0.9065153859375 0.3126236546875 0.9088339218750001 0.317705425 0.908332746875
0 0.247341734375 0.8260644328125 0.248755446875 0.8295131281250001 0.24730955468750002 0.8321722781249999 0.2493653515625 0.8445117062499999 0.25383124218750003 0.85578541875 0.2596270859375 0.845383025 0.2593164125 0.8428159328125 0.2589113578125 0.8350870359375 0.26071619375 0.8258332125000001 0.261426453125 0.8192201265625 0.257030390625 0.8126398 0.25290055 0.8145002 0.2515727578125 0.8126909703124999 0.24892944843749998 0.8093067156249999 0.2454209578125 0.8163013031249999 0.247341734375 0.8260644328125
0 0.243057475 0.788008046875 0.24738370625 0.7898949890625 0.253425865625 0.794275378125 0.2591696234375 0.796322884375 0.260497415625 0.7981321140625 0.2622133453125 0.8006255609374999 0.264084196875 0.7993532531249999 0.2624533609375 0.788400665625 0.25951165 0.782683528125 0.256075978125 0.780984765625 0.2539312734375 0.780392609375 0.2521010609375 0.7790794125 0.2513125140625 0.7774767734375 0.24819133125 0.7750569734375 0.24708447812499998 0.777463503125 0.24686818281249998 0.7800582140625 0.24478485 0.7806371015625 0.24275061562500003 0.7821528234375 0.243057475 0.788008046875
0 0.203232315625 0.8884982812500001 0.20164758906250002 0.8918692640625 0.205137003125 0.9013153328125 0.207837040625 0.8990601609375 0.2114560015625 0.8941734546875001 0.21306146093749997 0.894559021875 0.216472584375 0.8957893640625001 0.2195975828125 0.894921034375 0.225520815625 0.8936712015625 0.22942208437499997 0.8941713 0.231595153125 0.8919437453124999 0.23012006875000002 0.8873240078125001 0.22557290000000002 0.881221303125 0.22125894375000002 0.8795685703125 0.2132807453125 0.8785775750000001 0.2098941703125 0.8778156515625 0.20464901562499999 0.8785602421875 0.20199807500000003 0.8817522500000001 0.2033995140625 0.8849667359375 0.2046375703125 0.888424634375 0.203232315625 0.8884982812500001
0 0.1965074359375 0.8778126625 0.203112559375 0.872769459375 0.2074878875 0.8755932359375 0.21058452187499999 0.8775446171875 0.21426485468749998 0.8738289578125 0.2112533140625 0.863418434375 0.2099500703125 0.8620776203125 0.2027235953125 0.8619866390625001 0.199876265625 0.8614313062500001 0.1984096390625 0.8603339078125 0.1971715828125 0.8568760078125001 0.194512184375 0.8565456749999999 0.19262905624999999 0.8575837749999999 0.193765103125 0.8624561343750001 0.19279708281250002 0.8641508312499999 0.1902320625 0.868982303125 0.1922548515625 0.8773309749999999 0.1965074359375 0.8778126625
0 0.2019541265625 0.84394334375 0.206982984375 0.8457934625 0.2122365953125 0.8485712124999999 0.217734865625 0.8459345375 0.21979365 0.8448872328125001 0.22071257187499999 0.8422556984374999 0.21181462343750002 0.8337976359375 0.206034040625 0.831047503125 0.2025700046875 0.8321684546875 0.1997878609375 0.8294960343750001 0.196115159375 0.8266354343750001 0.1930269859375 0.8282063921875 0.193962825 0.8326195390625 0.1947881953125 0.8349248062499999 0.1933054796875 0.836881328125 0.1923090953125 0.8413957406250001 0.1975504328125 0.8439392796874999 0.2019541265625 0.84394334375
0 0.195298246875 0.827852509375 0.2034965578125 0.8229606593750001 0.21294901249999998 0.818472790625 0.2145951109375 0.8162728515625 0.21126526406249999 0.8098714984375001 0.20740463125000003 0.8067858953125 0.19938579375 0.8083804046875 0.1961342375 0.8101947781250001 0.1938875234375 0.8110170796875 0.1898880578125 0.808643309375 0.1882051359375 0.8101406203125 0.189868153125 0.8149853625000001 0.1894762 0.817589278125 0.18953375625 0.8220484546875 0.18799812656249998 0.8263562734375001 0.1891993609375 0.8291115453125 0.195298246875 0.827852509375
0 0.1988871890625 0.8055883093749999 0.2068162890625 0.8056424671875 0.20769457343750003 0.8055964390625 0.20648106562500002 0.80260695625 0.2032125921875 0.7973766484375 0.194486484375 0.7921975109375 0.1910017140625 0.7895619125 0.1893471578125 0.7882395125 0.1866263859375 0.7867381359375 0.1837913296875 0.7864170109375 0.1829215046875 0.7899853796875 0.1841718359375 0.7936774875 0.18187220625 0.7968510859375 0.18049614687499999 0.804203621875 0.18733066874999998 0.8068985171874999 0.1988871890625 0.8055883093749999
0 0.1846739328125 0.7394003078125 0.181062603125 0.7377107515625 0.1782605546875 0.741380384375 0.1770516921875 0.7452013749999999 0.176790940625 0.75366971875 0.17857205781250002 0.7540460796875 0.1828246421875 0.7545277687499999 0.1914525546875 0.7578332343749999 0.1979273 0.7614630734375 0.19476084062500001 0.7503794359375 0.1914394515625 0.747500421875 0.1846739328125 0.7394003078125
0 0.1805454234375 0.707676771875 0.1843899671875 0.7138162968749999 0.1869105328125 0.7148584609374999 0.18792001875 0.7206768625 0.1938724421875 0.72670591875 0.2008174328125 0.7315086953125001 0.20298668593750002 0.732569271875 0.20414263593749998 0.731099578125 0.20452994531250002 0.7216851906249999 0.2015306796875 0.7115088765625 0.19644426406249998 0.70519958125 0.19405788906250002 0.6966351140625 0.1889185625 0.6926771140625 0.186896603125 0.694427046875 0.18460543437500002 0.701122984375 0.181782653125 0.7010360671875 0.1805454234375 0.707676771875
0 0.19695813281250002 0.694839153125 0.2008348546875 0.694870834375 0.2047361265625 0.695370934375 0.20691765312500002 0.69666571875 0.2092993859375 0.6984197156249999 0.2137115375 0.7019461203125 0.2169761953125 0.710464559375 0.2173842375 0.704806721875 0.21536990937499997 0.6999803906250001 0.21380044531250003 0.69019885 0.212149703125 0.685588315625 0.21048668906249998 0.6807435749999999 0.205947978125 0.6781632125 0.20353406562499998 0.6825170578125 0.2037672796875 0.6869670296875 0.2012712625 0.686393284375 0.196247046875 0.6913536359375 0.19695813281250002 0.694839153125
0 0.2096244953125 0.6777356812499999 0.21374206093749998 0.675641071875 0.22165042812500002 0.671938678125 0.21704653125 0.671475403125 0.2091457953125 0.66860153125 0.208557453125 0.6674581046875 0.20866327812500002 0.6627555125 0.20783790781249997 0.6604502453125 0.203834625 0.66136460625 0.201057125 0.6655026562499999 0.1993619296875 0.6667657609375001 0.19615565625 0.6728050984375 0.19917482656250002 0.676639359375 0.206311565625 0.6783790078124999 0.2096244953125 0.6777356812499999
0 0.23292928124999998 0.6720521359375 0.2356377796875 0.673319303125 0.239302021875 0.6726575625 0.2460383484375 0.6734787890625 0.2491718046875 0.6761327984375 0.24812549687500002 0.669611771875 0.24474655156249997 0.6622735828125 0.2389697859375 0.6562353203125 0.23383045937500002 0.6522773203125001 0.2282217171875 0.6528061140625 0.2278627734375 0.6594007875 0.22945214218749999 0.6628402765625 0.22663781875 0.6662757 0.2270712375 0.6711848812500001 0.2303312546875 0.67289285 0.23292928124999998 0.6720521359375
0 0.21187649843749998 0.7912861390625 0.21824542343750003 0.795179696875 0.22129295781249997 0.7961942453125 0.22532924843750002 0.79927064375 0.22832387187499997 0.802636484375 0.23100781874999998 0.803435234375 0.23070095937500001 0.7975800093750001 0.228600709375 0.7911142171875001 0.2254672546875 0.78846020625 0.2234245609375 0.7864535906250001 0.2222478765625 0.7841667359375 0.2199681546875 0.7809982796875 0.217786628125 0.7797034953125 0.21463708124999997 0.7801034078125 0.21481738125 0.7869046749999999 0.21313827500000002 0.7851138546875001 0.2102786703125 0.7843243109375 0.21187649843749998 0.7912861390625
0 0.209305 0.8665736203125001 0.2120994171875 0.86948025 0.216490834375 0.8692501046875 0.21944017656249998 0.8683909812499999 0.22276156406249997 0.87126999375 0.2300862328125 0.8732346453125001 0.2387954234375 0.8713691015625 0.24129144062500002 0.8719428499999999 0.24336249687499997 0.8711297515625 0.240241315625 0.868709953125 0.23513881093750003 0.8654545796875001 0.22847148750000001 0.8592281375 0.222494515625 0.8527306625 0.216264425 0.8481252703125 0.21179172968749999 0.8535264234375 0.21202875937500001 0.8546882625000001 0.2148968234375 0.8590001468749999 0.21108147187499998 0.8601395093749999 0.209305 0.8665736203125001
0 0.2110673984375 0.6884632640625 0.21109659062500002 0.695742153125 0.2141280390625 0.699810621875 0.2201211 0.703254175 0.227372121875 0.7038135734375001 0.2344597640625 0.7046163875 0.23904757031249999 0.7081335859375 0.241670146875 0.7077612906249999 0.23769058593749998 0.699045465625 0.2316890671875 0.692079571875 0.2261823359375 0.6911939078125 0.22308570312499998 0.6892425249999999 0.22199875468750002 0.6853070015625 0.2212631203125 0.6813530671875 0.22023754375000001 0.6785885875 0.217917184375 0.6780056359375 0.216107703125 0.6804489890625 0.2162549953125 0.683259496875 0.21511131875 0.6849634 0.2110673984375 0.6884632640625
0 0.20925046875 0.60001919375 0.2116322 0.601773190625 0.21339722656250001 0.605203471875 0.2161264578125 0.6102271890625001 0.21870839531250003 0.6124403968750001 0.22142535156249998 0.6172299046874999 0.2264948484375 0.6164945187499999 0.23197321249999997 0.6201998984375 0.2348489078125 0.61793551875 0.23354102187499998 0.609784234375 0.23215567343750002 0.6035158265625 0.22969946718749998 0.590257975 0.2262591515625 0.5817487406249999 0.22130775468750002 0.5780157453125 0.21826486250000002 0.5838116703125 0.21749704687500002 0.5859655796875 0.2147233640625 0.5868154984375 0.20977661093750002 0.5898929734375 0.20925046875 0.60001919375
0 0.241625875 0.6161712406250001 0.243693115625 0.6186462749999999 0.2459728375 0.62181473125 0.2509204171875 0.6288358578125 0.257983509375 0.6291702546875 0.2562874859375 0.6203347546875 0.2531862109375 0.6115729 0.25145336406249996 0.6020347734375 0.2484380078125 0.5949123828125 0.24222483437500003 0.5973516703125 0.24022360781250002 0.602858153125 0.2370863359375 0.6034922734375 0.236567825 0.60704223125 0.2388191828125 0.6130304 0.241625875 0.6161712406250001
0 0.29064885625 0.6441328453125 0.29396560156249996 0.6402013859375 0.29472495625 0.6345251359375 0.2980624328125 0.634350225 0.3026049609375 0.6336424593750001 0.308352534375 0.6324018312499999 0.312964890625 0.6363874484375 0.31133405625 0.6254348625 0.3075017875 0.6195295437499999 0.299597234375 0.619943803125 0.2903242515625 0.6211343375 0.28453603906249997 0.6249604671875 0.2802880984375 0.6312892515625 0.28221650625 0.63447611875 0.2865181875 0.63589464375 0.2859996765625 0.6394446015625 0.2868495953125 0.6422182859375 0.29064885625 0.6441328453125
0 0.2810776546875 0.5455268078125 0.2795788484375 0.550537253125 0.2778552890625 0.5546200703124999 0.27419950625 0.5588041484375 0.2736365390625 0.5682277421874999 0.27755472812500004 0.575772521875 0.2792905625 0.571923915625 0.28484556250000004 0.5636478140625 0.2895184625 0.558705871875 0.28993877968750004 0.55328224375 0.291502771875 0.5461547109375 0.293565371875 0.541819275 0.2934180796875 0.5390087671875 0.2890795734375 0.536887615625 0.2876827796875 0.540483603125 0.28370321875000004 0.531767778125 0.281175021875 0.5373018765625 0.2810776546875 0.5455268078125
0 0.15837258125 0.41903114375 0.1600034171875 0.42998373125 0.1689220984375 0.44219834375 0.1731302296875 0.448553665625 0.17722407499999998 0.456089240625 0.1805861 0.45638275000000006 0.1840823171875 0.44915395468749997 0.1841183140625 0.439757978125 0.18073936875000002 0.4324197890625 0.1772461390625 0.4262618515625 0.17419014531250002 0.4217249640625 0.1737935484375 0.41751840937500007 0.173098553125 0.4109789703125 0.17001419375 0.4092617953125 0.166934478125 0.41435509374999996 0.16543948749999998 0.41607740781249997 0.16042290625 0.4144614984375 0.15837258125 0.41903114375
0 0.17138543125 0.492562475 0.1774889640625 0.49811390937500005 0.180320203125 0.501723165625 0.1785221703125 0.49430212500000004 0.17478726875 0.4801718765625 0.17271156875 0.4741745 0.17122039375 0.47260868437500003 0.1713384953125 0.46814030312500005 0.17030064375 0.465141615625 0.16656275468749998 0.46439810000000004 0.1649166578125 0.4665980390625 0.161579178125 0.4667729484375 0.15878177499999999 0.477253053125 0.1639748421875 0.48895835937500004 0.17138543125 0.492562475
0 0.19352199375 0.48811441718750004 0.2022971984375 0.49423038906250005 0.20930737812500003 0.49691608125000003 0.21328229375 0.49882143437500004 0.2128205125 0.496731965625 0.2084849953125 0.4812240796875 0.2057189421875 0.4754977375 0.20190740625 0.47334896875 0.197748375 0.46793048125 0.196877721875 0.4614002484375 0.1929519015625 0.4604317296875 0.1894595015625 0.46437239375 0.188352646875 0.466778925 0.183549371875 0.4759550390625 0.18723053125 0.4823379796875 0.19352199375 0.48811441718750004
0 0.1784258109375 0.41516197187500004 0.17926345625 0.4177014484375 0.180137925 0.42094354999999994 0.18429695625 0.42636203906250003 0.19207959375 0.433704290625 0.19537261718750001 0.43940301562500006 0.1971046359375 0.43884254062499994 0.20059239375 0.4280914046875 0.19831184375 0.41482434531249995 0.19323306093749998 0.40193878906249997 0.186692296875 0.39476630468749996 0.18247271874999998 0.398275375 0.18119020937500002 0.400691109375 0.1782446828125 0.398262103125 0.17288143125 0.40347507812499994 0.173702984375 0.40906847500000004 0.1784258109375 0.41516197187500004
0 0.20464012812500001 0.421303409375 0.208733975 0.428838984375 0.2099644 0.43887314687499995 0.2101607890625 0.44262048906249996 0.2118559859375 0.4413573875 0.2144946515625 0.43793116875000004 0.21847255625 0.4264497875 0.2174461515625 0.4135867078125 0.209793890625 0.40201028125000005 0.20534574375 0.40787985156250006 0.2041406953125 0.40841271093750003 0.2005132765625 0.40977707656250006 0.2001911546875 0.417074378125 0.20215638593750002 0.420963871875 0.20464012812500001 0.421303409375
0 0.23841945625 0.47096574999999996 0.2425738453125 0.46957376562500003 0.2470181765625 0.466992325 0.252969771875 0.4629227796875 0.2564905375 0.456162403125 0.256976040625 0.44862168750000003 0.2536178296875 0.445040046875 0.24582374687500003 0.4475621890625 0.23897014843750003 0.461307946875 0.2361850171875 0.472022259375 0.23841945625 0.47096574999999996
0 0.2670782109375 0.4464482890625 0.269867984375 0.44254444687500005 0.2758356703125 0.4354209796875 0.2783063109375 0.4254277046875 0.27492355 0.421377646875 0.26556083125 0.42421685 0.2587355953125 0.43514289531249994 0.2571555125 0.44532435000000004 0.2581688140625 0.44785461875 0.2670782109375 0.4464482890625
0 0.27390859375 0.398650171875 0.27383113125 0.40053305000000006 0.2743136484375 0.4063790671875 0.277464021875 0.4160777578125 0.27867752968750004 0.4190672390625 0.2830934953125 0.4193055125 0.2837140171875 0.41434109531249996 0.28633195 0.4071583296875 0.28909253281249997 0.3959755984375 0.28575887187500004 0.3928623765625 0.281191796875 0.3931017265625 0.279337034375 0.3913201125 0.277670203125 0.3897635015625 0.27412870312500004 0.3927673296875 0.27390859375 0.398650171875
0 0.2703176734375 0.3469360203125 0.270101378125 0.34953073125 0.2705470703125 0.35467412343750004 0.2721732640625 0.3588162359375 0.27503286875 0.35960577968749996 0.2759847984375 0.36096500625 0.279290096875 0.3668979390625 0.2833839421875 0.37443351406250003 0.2842829578125 0.378144034375 0.28774317968749996 0.3803112140625 0.2897198578125 0.3743363171875 0.28918824375 0.3675534625 0.285498625 0.35764818125 0.2837535046875 0.34787584374999997 0.283168978125 0.3434442859375 0.281249028125 0.34377975781250003 0.277997471875 0.3455941296875 0.276012334375 0.34804669062500004 0.2741575734375 0.346265075 0.2703176734375 0.3469360203125
0 0.2763328 0.32055218281250003 0.274135184375 0.3223113203125 0.27129631249999997 0.325278328125 0.2688739421875 0.326109834375 0.2642463234375 0.33527674375 0.26198351875000003 0.3391529671875 0.2679681203125 0.3390741796875 0.2719959515625 0.3386282390625 0.2769266140625 0.338604684375 0.2789608484375 0.33708896093749996 0.2799165921875 0.33516005625 0.2823512375 0.33456275625 0.28566416875 0.33391942812500003 0.285843640625 0.3306220921875 0.2826242625 0.3263286203125 0.282374959375 0.324932571875 0.2829180203125 0.32185103125 0.28032380625000003 0.3194036140625 0.2763328 0.32055218281250003
0 0.23700725625 0.33646942968750004 0.23766542968749998 0.3423062421875 0.23963911875 0.3497180765625 0.2430671609375 0.3579931015625 0.2452855109375 0.35999051249999997 0.2465879265625 0.3512327234375 0.247526753125 0.3422591359375 0.2477053984375 0.328863196875 0.24582990312500003 0.3233250328125 0.24069522031249999 0.3261775046875 0.23933906249999998 0.3271879875 0.23806036874999997 0.3263155921875 0.23529895937499998 0.3273997203125 0.2360345921875 0.3313536546875 0.23700725625 0.33646942968750004
0 0.206910240625 0.35706977812499996 0.21030909062499997 0.35806591249999997 0.2147297 0.3651146578125 0.21695269375 0.373922540625 0.2186356140625 0.3724252296875 0.217768778125 0.3626068640625 0.2174289109375 0.3527608828125 0.21605119374999998 0.3399162140625 0.2128770984375 0.3398477078125 0.20907020625 0.34450940937499996 0.208191921875 0.34455543906249997 0.2046787890625 0.3447395546875 0.20271438437499997 0.3509486640625 0.2049572828125 0.35341449375 0.206910240625 0.35706977812499996
0 0.1509245203125 0.3071621140625 0.1522645875 0.30920555312500003 0.153727396875 0.31359108281250003 0.15637070625 0.3169753375 0.1586182484375 0.3262516375 0.1616611421875 0.3204557125 0.16161967500000002 0.3129426140625 0.1622723765625 0.301870353125 0.161414 0.295574328125 0.15745135625 0.2939031828125 0.15576843437500001 0.2954004953125 0.15449819843749998 0.2980504390625 0.152892740625 0.2976648734375 0.151524309375 0.298441146875 0.1504420046875 0.3013160953125 0.1509245203125 0.3071621140625
0 0.1702467609375 0.306149478125 0.1711741421875 0.307040284375 0.17144417812499999 0.31219288125 0.173450875 0.32359547499999997 0.1782397171875 0.3376704890625 0.1821731671875 0.3320627421875 0.18365505625 0.32000761718750004 0.1822527890625 0.3066945296875 0.180862796875 0.29361565 0.1773412046875 0.2902774265625 0.174453234375 0.2923075953125 0.1719127640625 0.2976074859375 0.1690899828125 0.29752056875 0.1662142875 0.299784946875 0.1671501265625 0.30419809531249997 0.1702467609375 0.306149478125
0 0.17921554687500002 0.23193584218750002 0.181193053125 0.2360595453125 0.1826435890625 0.240210865625 0.1838172859375 0.25588445625 0.1847945921875 0.26781069999999996 0.1861262 0.2663318 0.1883191734375 0.2577621921875 0.1891928140625 0.250905690625 0.1929988765625 0.23614538437500002 0.192172678125 0.223741515625 0.187482859375 0.2216387765625 0.1845089703125 0.222029484375 0.1822906203125 0.220032071875 0.1791042515625 0.2197293578125 0.17843463125 0.223756940625 0.17921554687500002 0.23193584218750002
0 0.21139621874999998 0.2645377515625 0.20628144218750002 0.2610481703125 0.20259646562500003 0.2579533578125 0.20702171875 0.271812575 0.20810485 0.27903623125 0.20552374062499998 0.2869216234375 0.20452354218750002 0.2947241671875 0.20568413593749998 0.30006494375 0.20972805625 0.2965650796875 0.2107328984375 0.29557300937500003 0.214115659375 0.29962306562499996 0.2173342078125 0.293817934375 0.2167818609375 0.28327853125 0.215665721875 0.27206411875000003 0.21139621874999998 0.2645377515625
0 0.14802795 0.1544251125 0.14441280625 0.1560236859375 0.146439409375 0.16108422656250002 0.148216709375 0.1647487171875 0.14947549843750002 0.1719631671875 0.1493942203125 0.177134175 0.1462294125 0.1906866140625 0.144722146875 0.19217471875 0.14796143125 0.19012613750000001 0.1539621234375 0.1869934265625 0.158348896875 0.1799528125 0.15897323593749998 0.1717002640625 0.15952774218750002 0.15875433125 0.158927125 0.15737669375000002 0.1557039328125 0.156371353125 0.152566659375 0.157005475 0.15197831875 0.1558620484375 0.14802795 0.1544251125
0 0.16538312187499998 0.22678946249999998 0.165670075 0.238986740625 0.1675993109375 0.2522722109375 0.16893091875 0.2507933109375 0.17377101875 0.2423198234375 0.1744114453125 0.231013353125 0.1777235453125 0.220271421875 0.17609652656250002 0.2060307046875 0.1708674625 0.2037213734375 0.166688525 0.204644940625 0.1624482140625 0.20439746093750003 0.1598057328125 0.21111180937500001 0.1639732234375 0.22005263749999998 0.16538312187499998 0.22678946249999998
0 0.153138084375 0.151104221875 0.15493611875 0.1585252625 0.15700717656250002 0.1577121671875 0.15614962500000001 0.1615147453125 0.15776437031249999 0.175521253125 0.1603064984375 0.19041856875000002 0.1611564171875 0.193192253125 0.16617300156249998 0.1948081625 0.16739795468750002 0.18793325 0.16768706875 0.17664519218750002 0.169548634375 0.1617519421875 0.17041 0.15466123125 0.1680358984375 0.146330971875 0.162402609375 0.14639134843749999 0.1606460421875 0.14648340625 0.15761077968749998 0.14570306875 0.153138084375 0.151104221875
0 0.1827318515625 0.12090130624999999 0.181445525 0.1266051734375 0.1791420828125 0.133066903125 0.1809270140625 0.1301551296875 0.1766714421875 0.1430601765625 0.1778604 0.145581240625 0.1765740734375 0.15128510781249999 0.182505765625 0.1535576140625 0.18686799062499998 0.14604858125 0.19556872187500002 0.1406607 0.1966011015625 0.1267503109375 0.19549806249999999 0.12586871093750002 0.19386805468749999 0.12501472656249998 0.1934960078125 0.12127658906250001 0.1901132484375 0.11722653281249999 0.185946584375 0.1183843078125 0.1827318515625 0.12090130624999999
0 0.20931007968749998 0.1810396859375 0.201265865625 0.172067175 0.19349633125000001 0.175057734375 0.1835575453125 0.17698771562499999 0.1922468296875 0.18146422812500002 0.1992984734375 0.19166301875 0.202926721875 0.200397253125 0.20562377187499997 0.211528815625 0.20900653125000002 0.21557887187500002 0.21233173437500003 0.215169753125 0.21363879375 0.213222434375 0.2163265578125 0.210733053125 0.2189775 0.20754104375 0.21728529062500002 0.1954174125 0.2140083578125 0.186664765625 0.20931007968749998 0.1810396859375
0 0.197874325 0.110713634375 0.193062590625 0.11636740781249999 0.19393705781249998 0.11960950937499999 0.1952855828125 0.1251752890625 0.193219996875 0.142897459375 0.19334738437500001 0.152050021875 0.19628909375 0.15776715937500002 0.20001852343749998 0.1549883328125 0.20479343437500003 0.14863193125000002 0.20593246718749997 0.1401175578125 0.20714896249999998 0.12972030625 0.20967715937500003 0.1241862078125 0.21081619375 0.1156718328125 0.20701693125 0.1137572734375 0.20273598437499998 0.1160952984375 0.20137136875 0.11358343906249999 0.197874325 0.110713634375
0 0.20697330468750003 0.12972951093750001 0.2044336625 0.1451280046875 0.20474898125 0.1545055671875 0.20694278281249998 0.1560345609375 0.2136422859375 0.15615315937500002 0.2167258171875 0.14777173125 0.21817469687500002 0.1317258453125 0.2178593796875 0.12234828125 0.2160046171875 0.12056666875 0.21269550312500002 0.117921865625 0.207446534375 0.12195458749999999 0.2076061015625 0.124999303125 0.208255815625 0.1273137765625 0.20697330468750003 0.12972951093750001
0 0.21377399375 0.118335046875 0.21745896718750002 0.1214298578125 0.21719357499999997 0.1230877328125 0.21733705312499998 0.1291863703125 0.218743134375 0.1392113265625 0.21797614843750002 0.1514638390625 0.2169844078125 0.1627887203125 0.2208403953125 0.1590638546875 0.22330340624999998 0.155646840625 0.2301654640625 0.1454234234375 0.2339431640625 0.13348283125 0.2354986984375 0.1228329578125 0.23208293124999999 0.11479214062500001 0.225722465625 0.11442092343750002 0.22242181093750002 0.11529845937500001 0.220105265625 0.11142737656249999 0.21525206406250003 0.109568053125 0.21377399375 0.118335046875
0 0.2613807796875 0.11255215 0.258304878125 0.1143573171875 0.250302959375 0.1229965078125 0.2446459484375 0.13268706875 0.25056619375 0.1448239703125 0.25398113125 0.1427661828125 0.2595115828125 0.1340216640625 0.265814490625 0.12993370625 0.27399206875000004 0.12128531093749999 0.2737834046875 0.11730375781249999 0.2701352515625 0.114911575 0.2696404609375 0.108831346875 0.2633735484375 0.10352332812500001 0.26140914375 0.10973243749999999 0.2613807796875 0.11255215
0 0.26780675625 0.164587428125 0.26279863125 0.16649385781249998 0.25759411718749997 0.16465294531250002 0.2510127125 0.1600659640625 0.24839478124999997 0.16724873125 0.250033246875 0.1716250546875 0.251446959375 0.17507375 0.258723359375 0.18620016875 0.2676856671875 0.1824425421875 0.2747809390625 0.17666909375 0.28053614375 0.1688522046875 0.2781298640625 0.166629790625 0.27147481406249996 0.16063755625 0.26906471718749997 0.1617032734375 0.26780675625 0.164587428125
0 0.28000121875 0.12167494062499999 0.2781020046875 0.1257669625 0.27430821562499996 0.1407614765625 0.2732428265625 0.1506811046875 0.27643301249999996 0.1476956890625 0.28036264843750003 0.145376075 0.285011 0.139965715625 0.2911581578125 0.1295449109375 0.29873893281249997 0.11623074687499999 0.294506253125 0.109407003125 0.29026594375000003 0.109159525 0.287998496875 0.106225278125 0.280784296875 0.10636850625000001 0.28056037031250003 0.1155394796875 0.28000121875 0.12167494062499999
0 0.2685369203125 0.1516322875 0.268908965625 0.155370425 0.279750584375 0.1538628328125 0.2910294375 0.1539762890625 0.296650453125 0.1536817046875 0.3002533234375 0.1518489203125 0.3022261859375 0.14916215156249998 0.3036551609375 0.1394583203125 0.303609878125 0.135233353125 0.2964485921875 0.13302528593750002 0.28792351875 0.1384039625 0.2794843640625 0.14542210312499998 0.272731946875 0.1476548 0.2685369203125 0.1516322875
0 0.30950971250000003 0.19739485 0.3130067578125 0.20026465781249997 0.3159560984375 0.1994055328125 0.329351290625 0.2029308609375 0.33304008125 0.2027375390625 0.33537188906250004 0.193456096875 0.33419520468749997 0.1911692421875 0.331597178125 0.19200995468749998 0.326608959375 0.18757433125 0.32193987343749997 0.1892281421875 0.3157512484375 0.1921358484375 0.30950971250000003 0.19739485
0 0.33799662656249996 0.169598465625 0.33121584375 0.174650875 0.324749553125 0.178982246875 0.330036171875 0.185750753125 0.3391504171875 0.19161410625 0.344154725 0.1929958078125 0.34828920937499996 0.197945878125 0.3516596953125 0.20176172656250002 0.3570229484375 0.196548753125 0.3568265578125 0.192801409375 0.3599308234375 0.1881765296875 0.3596646015625 0.1797358015625 0.35427215625 0.1776698859375 0.346310046875 0.17362496875 0.33799662656249996 0.169598465625
0 0.35870255625 0.15465703125000002 0.3549892171875 0.154381934375 0.35250547499999996 0.15404239687500001 0.3599689765625 0.1552952171875 0.3769103125 0.1626271890625 0.38248687187499997 0.1682062390625 0.387544921875 0.177335246875 0.39291282031249997 0.1789327453125 0.3946194609375 0.1678052484375 0.39304236718749996 0.1645999703125 0.396649053125 0.1594790546875 0.390888375 0.15038686875 0.3791231921875 0.14771552500000001 0.36731736718749997 0.147629684375 0.35870255625 0.15465703125000002
0 0.3709982046875 0.10023148281250001 0.3675756328125 0.1088655328125 0.35987211406249997 0.1198376078125 0.35487245 0.1252663765625 0.350665146875 0.12900965625 0.3632150625 0.1365717703125 0.36682175 0.1314508546875 0.3679247875 0.13233245625 0.37503615 0.12350508593750001 0.3782017859375 0.12005125000000001 0.383034253125 0.1181540265625 0.3861385171875 0.1135291453125 0.3861584234375 0.1071870921875 0.38193420312500004 0.103885690625 0.37934463281249997 0.10824874531249999 0.37974803281249997 0.095780434375 0.3773663 0.0940264390625 0.3709982046875 0.10023148281250001
0 0.3340371140625 0.30578541718749996 0.3267890765625 0.291839284375 0.32329584843750003 0.2856813453125 0.3225272078125 0.277736653125 0.3192587328125 0.2725063453125 0.312608325 0.2733245828125 0.3102189625 0.2781468484375 0.3035808296875 0.2791992953125 0.3064167140625 0.2896190234375 0.3131369515625 0.29349417031249997 0.3207193828125 0.3003772125 0.3271005796875 0.3045049796875 0.3340371140625 0.30578541718749996
0 0.2976554390625 0.3039344640625 0.2862792171875 0.3120459375 0.29766008125 0.31074493593749997 0.30736266875 0.317751715625 0.3127673875 0.32005184062500003 0.31851114687500004 0.3220993453125 0.3239810546875 0.322282384375 0.3204670921875 0.312367896875 0.323383425 0.3075180140625 0.3250701625 0.30273257187499997 0.3219489796875 0.300312771875 0.312300134375 0.3010532984375 0.30212431875 0.3018214421875 0.2976554390625 0.3039344640625
0 0.3108471390625 0.387246696875 0.31140864687500003 0.3938401015625 0.3140034640625 0.39802335312500003 0.3141539578125 0.40089495937499997 0.3142395765625 0.40664945625 0.31490643125 0.4152529859375 0.315904371875 0.43017404687500005 0.31581976875 0.4368013140625 0.3224256828125 0.43098407656250004 0.32332194062499997 0.4274817140625 0.32647155781250004 0.4175263765625 0.32696148125 0.4062706796875 0.32732633125 0.3967492328125 0.3277212796875 0.38780210625 0.325231809375 0.3856289796875 0.3209545 0.38642904218749996 0.3176637453125 0.38544970625 0.3144331890625 0.38561901249999997 0.3108471390625 0.387246696875
0 0.338996978125 0.5864720609375 0.3432291390625 0.584810515625 0.347235559375 0.5788415640625 0.3508112375 0.572895184375 0.35571391406249997 0.56342386875 0.3583679140625 0.556373996875 0.35954441875 0.5499774546875 0.35765021875 0.5385587546874999 0.3555406484375 0.5271513437500001 0.35469055156249996 0.543896953125 0.3514101703125 0.5472363109375 0.346822515625 0.5503562328125 0.3420495890625 0.5540617625 0.336765996875 0.5603855984375 0.3315472796875 0.5638265421875001 0.3283872921875 0.5694631859375 0.33259504687499997 0.57557755 0.33443840625 0.5777845375 0.33551058125 0.5817596359375 0.335245384375 0.5849409765625 0.338996978125 0.5864720609375
0 0.3456687828125 0.5901536968750001 0.3469158578125 0.5892244921875001 0.35339201875000004 0.589173040625 0.3631937125 0.586643709375 0.357498090625 0.5768639796875 0.35123730000000003 0.5769041453125 0.3396721734375 0.5746307546875 0.33539018593750003 0.579462353125 0.3352651125 0.581196603125 0.3345691734375 0.5844005171875 0.332716459375 0.5902566 0.3339692265625 0.5976776265625 0.33836693125 0.599174846875 0.34436720468750004 0.5982844875 0.3456687828125 0.5901536968750001
0 0.290985928125 0.8816319171875 0.2894678515625 0.887130159375 0.29018365625000003 0.8893002546875 0.292798403125 0.8903673734374999 0.29595064375 0.890202171875 0.29803441875000003 0.8868818953125001 0.3010712796875 0.8845151296875 0.30442933125 0.8825329156249999 0.3067261484375 0.8804056250000001 0.3158859140625 0.8771158953124999 0.3194255390625 0.8757262390625 0.31784382187500004 0.8713939109375 0.3142969671875 0.8697735671875 0.30957023906250003 0.8686164421875 0.3039743359375 0.8681069421875 0.29871011406250003 0.8681821375000001 0.293616978125 0.8686497484375 0.29084886249999997 0.8704003546875001 0.28832525625 0.8739443734375 0.2870654359375 0.8786263125 0.2894848609375 0.8817105859375 0.290985928125 0.8816319171875
0 0.4727996296875 0.3822145171875 0.4770544796875 0.3844199015625 0.48118241250000005 0.38420356718750004 0.4839778703125 0.383836303125 0.48798683593750003 0.38450924375 0.4951755984375 0.3889892421875 0.5044690968750001 0.39887796249999996 0.50401553125 0.3933827046875 0.5013346765625 0.386458846875 0.49699469687500003 0.376310525 0.49142608125000004 0.3679926796875 0.4810272765625 0.365447003125 0.47425746718750006 0.3658017953125 0.4695116296875 0.3700242125 0.46648977968749994 0.3723901921875 0.466125709375 0.381239715625 0.46784610937500004 0.3824741203125 0.4727996296875 0.3822145171875
0 0.519814078125 0.4989615875 0.5214342249999999 0.495123740625 0.5187259281250001 0.481357728125 0.5145180078125 0.48952565468750003 0.510021640625 0.492189671875 0.50540630625 0.49574296718750005 0.5000230765625 0.5004403125 0.49786579062499997 0.5098253374999999 0.49944056249999996 0.5145995515624999 0.5029887921875 0.515958925 0.505435303125 0.521570496875 0.5092986421875 0.5257832484375 0.5152233765625 0.5219405703125 0.5175955171875 0.5103366734375 0.519814078125 0.4989615875
0 0.549171125 0.5062534953125 0.5454426546875 0.5077734625 0.542110059375 0.5136879046875 0.5417647 0.5165758984375 0.5433589609375 0.5248812671875001 0.547375103125 0.519372525 0.553464953125 0.515521190625 0.5568631890625 0.5140185296875 0.5589058734375 0.511924628125 0.56051089375 0.51095746875 0.5649113734375 0.50962304375 0.564964696875 0.5043219828125001 0.5622917937499999 0.5007091265625 0.5606788203125 0.498365284375 0.5595496609375 0.49577532968750004 0.5515396781249999 0.49774044218749997 0.549171125 0.5062534953125
0 0.66513948125 0.340124053125 0.660182375 0.3434745 0.6542230265625 0.3466567109375 0.6504448171874999 0.3503868953125 0.6482334296875 0.35558029375 0.6470855609374999 0.3589518671875 0.6487100703124999 0.36151586406249997 0.6531949015625 0.358631690625 0.659246553125 0.3572107328125 0.662502746875 0.3561570375 0.6649679671875 0.35580708125 0.6687541296874999 0.35538789375 0.67144215625 0.356130065625 0.6735461171875 0.352046103125 0.670992178125 0.347543965625 0.6707232203125 0.3455712109375 0.671410353125 0.3428860671875 0.668925640625 0.33970486875 0.66513948125 0.340124053125
0 0.68100711875 0.304853734375 0.6739452765625 0.3027954578125 0.67237486875 0.30442308749999997 0.6728435578124999 0.3070476578125 0.6771791734375 0.3107941359375 0.6840492375 0.315511596875 0.6881043546875001 0.3170651671875 0.6914341421875 0.3237342546875 0.694145246875 0.3249167375 0.695484896875 0.3188859796875 0.6971858078125 0.316589228125 0.70014996875 0.31312246718750003 0.7002725203125 0.30914234375 0.6940629265625 0.30439026875 0.688356634375 0.3029232359375 0.68100711875 0.304853734375
0 0.7079516265625 0.4398719921875 0.7046492796875 0.44004506093750007 0.700098809375 0.4385174515625 0.6979140828125 0.44106032187500005 0.7081867484375 0.45067696249999994 0.7192575609375 0.453408184375 0.7259581421875 0.4517324546875 0.7306924421875001 0.44728987968749995 0.731521615625 0.44415576874999996 0.7307226906250001 0.4415485046875 0.729439953125 0.43918735781249996 0.725657378125 0.4365157 0.722189915625 0.4366974234375 0.71758970625 0.43738003125 0.7118185515625 0.44099390156249996 0.7079516265625 0.4398719921875
0 0.7219078624999999 0.4155191375 0.716673846875 0.41358583125 0.715026259375 0.410581521875 0.7161438812500001 0.41295132187499994 0.7184837421875 0.42916501562500003 0.7191752375 0.4328817140625 0.719628803125 0.438376971875 0.72346548125 0.44524025468749995 0.7256653296875 0.43982669999999996 0.72610299375 0.4386999578125 0.730522959375 0.4408966890625 0.733544809375 0.438530709375 0.731255465625 0.429599484375 0.728351803125 0.42158349843750004 0.7219078624999999 0.4155191375
0 0.7151516203125 0.39401786875 0.715159571875 0.3973288703125 0.7133130328124999 0.40316543125 0.705180496875 0.4091106671875 0.71153930625 0.4072320875 0.718885234375 0.4083924328125 0.7242071906249999 0.4056851484375 0.7301124328124999 0.3983113109375 0.72926299375 0.3884215796875 0.725764503125 0.3848519890625 0.7233720953125 0.38343204218750004 0.722619321875 0.3817054046875 0.716440753125 0.38070464375 0.7151739171875 0.384965496875 0.7151516203125 0.39401786875
0 0.74969341875 0.3643917125 0.74415941875 0.3567343375 0.737401146875 0.357309284375 0.737344234375 0.36570118906250004 0.7377480609375 0.3734066640625 0.7401873984375 0.385199921875 0.74287620625 0.39543478125 0.74755000625 0.40247495312500003 0.7504218625 0.3972469390625 0.75233763125 0.3927313171875 0.75745268125 0.395553903125 0.7585197859374999 0.390641234375 0.758353890625 0.381157203125 0.7547933453125 0.37008498749999996 0.74969341875 0.3643917125
0 0.75913660625 0.3265881890625 0.7524280734375 0.32495291875 0.7450475328125 0.32313210625 0.7386310328125 0.3239099015625 0.735255871875 0.3258528765625 0.73250298125 0.33019160937500003 0.7408057765625 0.34013225 0.7474725234374999 0.3472887390625 0.7521534984375 0.348147225 0.7539928640625 0.34849235 0.7566773062500001 0.35232536406250003 0.760283225 0.35478551875000003 0.7619228609375 0.354478828125 0.762356159375 0.34695024375 0.7608852265625 0.3441574375 0.7656461890624999 0.33706433125 0.7646741968749999 0.331154721875 0.75913660625 0.3265881890625
0 0.45488117499999997 0.152118603125 0.44962571875 0.1527859125 0.44012407343750004 0.1593580703125 0.432674184375 0.165822696875 0.42933416874999997 0.166585565625 0.42870380625 0.16857801875 0.43791621718749996 0.1677033328125 0.4433899109375 0.1683961796875 0.4493544734375 0.17004300781249998 0.45209484843750003 0.171858809375 0.45482498437499996 0.1734792046875 0.46037355 0.17279653281250001 0.462264634375 0.1668191703125 0.459452571875 0.163635534375 0.458699321875 0.1632831265625 0.460348503125 0.1582981515625 0.45856231875000003 0.15506075 0.45488117499999997 0.152118603125
0 0.4548183484375 0.13409525 0.450698234375 0.1396016046875 0.45425330468749997 0.14294224375 0.45744676718750005 0.14218705468749998 0.473421134375 0.1413498734375 0.47844174375000004 0.144613709375 0.48153349062500006 0.1503299296875 0.48705133125 0.14906104375 0.48819940781250004 0.1429266796875 0.48688678906250005 0.1375091 0.48797341875000005 0.13020230625 0.4855907796875 0.126800221875 0.476828271875 0.127847271875 0.4622887203125 0.12802143125 0.4548183484375 0.13409525
0 0.46491188437500003 0.11358020625000001 0.46310590781250005 0.11837745625 0.4693091890625 0.12177525 0.4791724421875 0.1192989203125 0.4925395640625 0.1191862046875 0.49569206250000003 0.1176493984375 0.499880678125 0.11625422968750002 0.5035508921875 0.1105755125 0.5021768296875 0.10398550312499999 0.4992213953125 0.09806619375 0.4943812453125 0.09263754375 0.48870661093749995 0.09371870624999999 0.484153890625 0.10218685937500001 0.47490439218749997 0.10796203281250001 0.46491188437500003 0.11358020625000001
0 0.4793747640625 0.1343758359375 0.47815818749999994 0.1363990125 0.47731664374999994 0.13997006875 0.49739451875 0.13891783124999998 0.5042415859375 0.137775225 0.5093639125 0.1345676484375 0.5127307765625 0.12870888593750002 0.5120690015625 0.12168966249999999 0.508670725 0.11853674843749999 0.50755268125 0.11683186718750001 0.5046964734375 0.1156099609375 0.4977745390625 0.118128084375 0.490031540625 0.1246080734375 0.48398574375000003 0.129823465625 0.4793747640625 0.1343758359375
0 0.5212675671875 0.159808121875 0.5323385390625 0.171964134375 0.5371825625 0.18307489375 0.5399133890625001 0.1931207515625 0.5465934203125 0.19159501406249999 0.5497388625 0.18711945000000002 0.55320495 0.185958090625 0.556322853125 0.1781529578125 0.55291751875 0.1720612875 0.5409198953125001 0.1646564421875 0.5340311734375 0.156591965625 0.5283462984375 0.1574777234375 0.5212675671875 0.159808121875
0 0.592697965625 0.123538275 0.5869894234374999 0.12677657343749998 0.5960284312499999 0.1310054625 0.60315518125 0.1323954421875 0.61072159375 0.1337623796875 0.613925296875 0.133202596875 0.6183455765625 0.1306196375 0.620383215625 0.12463459531250001 0.619793125 0.1189832078125 0.6177682203125 0.1139948421875 0.6115380906250001 0.11569294062499999 0.6028575093749999 0.11830323125 0.597650071875 0.1226909203125 0.592697965625 0.123538275
0 0.644007303125 0.1435785140625 0.6439388 0.139467328125 0.6319245687499999 0.13735378125 0.6246583234374999 0.138910240625 0.621202475 0.1402670046875 0.61505745625 0.1407849921875 0.6164417578125 0.1475704078125 0.6189229328125 0.1472444328125 0.6177409515625001 0.155535934375 0.62168448125 0.1578765046875 0.6276042046875 0.1530596046875 0.6357497750000001 0.1514570609375 0.64253858125 0.1463986734375 0.644007303125 0.1435785140625
0 0.6553026078124999 0.10673731875 0.6514583046875 0.10909415156249999 0.6460767765625001 0.1101599515625 0.6392399484375 0.11149796406250001 0.6326655078125001 0.1122344 0.633770128125 0.11648722812500001 0.63771365625 0.1188278 0.643875975 0.12144397343749999 0.6501438828125 0.123270846875 0.6555356546875 0.12240045156249998 0.6582926375 0.1189249515625 0.6571880171875 0.1146721234375 0.656121178125 0.11394426718749999 0.6584250765624999 0.1130397578125 0.6576372296875 0.106419025 0.6553026078124999 0.10673731875
0 0.662092796875 0.1185298515625 0.665381609375 0.11678995781249998 0.6695292609375 0.1146131703125 0.6706197671874999 0.1129884859375 0.6689903765625 0.10993881093749999 0.66888796875 0.107984759375 0.66918744375 0.10248269375 0.6651895265625 0.1019084484375 0.660547825 0.10587460312500001 0.655620071875 0.112794878125 0.6584699125 0.11950348749999999 0.662092796875 0.1185298515625
0 0.6954519921875 0.11011955 0.6867816515625 0.1129252453125 0.68067759375 0.114224853125 0.6730875171874999 0.11521045781249999 0.668561646875 0.11858271718749999 0.6806066000000001 0.121282478125 0.6897377734375 0.1272700140625 0.69434944375 0.13114310468749998 0.698609746875 0.131115775 0.70658828125 0.1291301015625 0.708578590625 0.12785014374999998 0.7072659734375 0.1224325640625 0.70501964375 0.1188273953125 0.7056634296875 0.11428699375 0.7057517234375 0.11036353125000001 0.7019752296874999 0.1084060890625 0.6954519921875 0.11011955
0 0.7431900703125 0.095665253125 0.7372876453125 0.103616315625 0.7328846625 0.10933343749999999 0.7287338265625001 0.11425357656249999 0.7266276859375 0.11612743125 0.725567903125 0.11833833281249999 0.734885903125 0.11667434531250001 0.7417227296875 0.11533633437499999 0.7461225296875 0.1123625640625 0.7517664421875 0.1106951875 0.7543736890625 0.10997072187500001 0.7562513515625 0.10654130625 0.7559748515625 0.10126536875 0.7546385671875 0.0982003328125 0.756110471875 0.092636821875 0.7536459062499999 0.087671496875 0.747824715625 0.088760340625 0.7431900703125 0.095665253125
0 0.7819028359375 0.1193047796875 0.77409839375 0.1246123375 0.7681140421875 0.1310001609375 0.7652239296875 0.1319353921875 0.7645935671874999 0.1339278453125 0.7745182640625 0.1326239484375 0.7796066859375 0.1315735078125 0.7857690046875 0.1341896796875 0.788846634375 0.1340283890625 0.7927082375000001 0.1348057203125 0.7973877203125 0.1343645375 0.7945276375 0.1274605234375 0.7939548453125 0.1249432984375 0.7960744109375 0.120521496875 0.794100709375 0.11651015625000001 0.7881873515625 0.115840353125 0.7819028359375 0.1193047796875
0 0.7589546390625 0.11325759531249999 0.758355 0.115836265625 0.7647182578125 0.11667843281250001 0.7736446171875 0.11875786562499999 0.7784777109375 0.12124775937500001 0.7822881109375001 0.12104806406249999 0.7864799109375 0.1169095453125 0.7864760375000001 0.1112274359375 0.7850341625 0.10895170000000001 0.7830707015625 0.1051357640625 0.7749046500000001 0.106347496875 0.76899129375 0.1056776921875 0.76233174375 0.107594240625 0.7589546390625 0.11325759531249999
0 0.8192186796875 0.1110524375 0.8247714234375 0.1156865390625 0.8305760062499999 0.1198889953125 0.836186015625 0.12037875468749999 0.8378729765624999 0.11891875156250001 0.8403580249999999 0.1242748859375 0.843739003125 0.12429363906249999 0.844696378125 0.1201286859375 0.8438304796875 0.1176268234375 0.8451967937499999 0.1128526140625 0.8452953265625001 0.10912455624999999 0.839623875 0.107462365625 0.8303807421875 0.10775083593749998 0.8237314328125 0.1098627875 0.8192186796875 0.1110524375
0 0.8413365703125001 0.12892620625 0.83362360625 0.12756695 0.8223901640625 0.129135378125 0.8150317499999999 0.1289331921875 0.81549895 0.1322397171875 0.824425309375 0.13431915 0.8363819703125 0.1409423734375 0.8414845078125 0.14576945 0.8436693906249999 0.1482021875 0.8496614890625 0.153178584375 0.8527352468749999 0.14733518125 0.8508671359375001 0.14253454062499998 0.8541079281249999 0.13707426875 0.8557334437499999 0.1344418359375 0.8550550609374999 0.1327139125 0.84907001875 0.1306762734375 0.8413365703125001 0.12892620625
0 0.694149465625 0.1862132328125 0.689081525 0.18765448125 0.6956803218750001 0.192990965625 0.7029543171875 0.20279872656250003 0.7112298328125 0.206479803125 0.718976703125 0.20568192343749997 0.7218053734375001 0.20357426093750003 0.7192179171874999 0.196264075 0.720884396875 0.1944132625 0.7220939171875 0.189451328125 0.7194315921875 0.183516659375 0.7086070906249999 0.18447583125 0.6985460796875 0.18598281562500002 0.694149465625 0.1862132328125
0 0.7858337515625 0.258805275 0.78155296875 0.258441796875 0.770462896875 0.262745896875 0.774638090625 0.2638986765625 0.78475486875 0.2774762875 0.7897920859374999 0.275448821875 0.794076053125 0.27306895 0.7987082046875 0.27733284999999996 0.802477640625 0.276351534375 0.8011343015625 0.270347740625 0.8025518203124999 0.2665505578125 0.8041907593750001 0.2613701765625 0.799735884375 0.2576848109375 0.7905541953124999 0.25914571249999996 0.7858337515625 0.258805275
0 0.8374694109374999 0.26824755625 0.8312322234374999 0.2670069 0.8264567015625 0.260007328125 0.8218277328125 0.25300007343750003 0.814881440625 0.249445278125 0.8115036453125001 0.2466831734375 0.8095984453125 0.24678302031250002 0.813075465625 0.254242528125 0.8174254421875 0.26714265625 0.8201523937499999 0.2715064046875 0.822753275 0.27626864375000004 0.8246623484375 0.28185090625 0.8286263593750001 0.28458228750000003 0.8305213171875 0.284287034375 0.8312502125 0.27856652187500003 0.8323304765625 0.27674643125 0.8367270921875001 0.276516015625 0.8388671390625 0.2724850234375 0.8374694109374999 0.26824755625
0 0.8327550625000001 0.21754975625 0.8306213843749999 0.2160940421875 0.8263406 0.21573056406250002 0.8289965578125 0.2271519375 0.8299309593749999 0.23376498906249998 0.8303917921874999 0.24255821875 0.833630090625 0.2482667609375 0.838664125 0.248982646875 0.8375319671874999 0.24140025 0.8417410656250001 0.2403958953125 0.8440347234375001 0.2392959796875 0.8422005171875 0.2323382015625 0.8393711578125 0.226020403125 0.835849990625 0.22052262812499998 0.8327550625000001 0.21754975625
0 0.8502095046875 0.1860680859375 0.8490504984375 0.1835815828125 0.8443402953125 0.1834365515625 0.8460420609374999 0.1962795234375 0.8514479453125 0.20128664375 0.8554190125 0.20695678125 0.8574983046875 0.21017882187499998 0.8610565593749999 0.21077610937500002 0.8642122421874999 0.20649594843750002 0.8651696187500001 0.202330996875 0.86907855 0.1984032453125 0.8702778296875 0.1932459046875 0.8658946390625 0.1909283765625 0.8552742609375 0.1873701875 0.8502095046875 0.1860680859375
0 0.85392344375 0.21487283437500002 0.848470228125 0.2145707984375 0.8471819671875 0.21522613906250002 0.8449363296874999 0.22004643281249997 0.8515926968749999 0.22087323749999999 0.859060575 0.22596823281249998 0.86359031875 0.2282780828125 0.866187325 0.2273582125 0.870570515625 0.22967574218750003 0.8745479515625 0.2298591765625 0.8724852671875001 0.2213458390625 0.8735757703125 0.21972115312499998 0.8756850953124999 0.215103946875 0.8718778796875 0.21256028906250002 0.8616395921875 0.2134887390625 0.85392344375 0.21487283437500002
0 0.8656568796874999 0.24247353125 0.8625651328125 0.23675730781249998 0.8562050578125 0.23317178906249997 0.8534339578125 0.230769771875 0.846318140625 0.2380006609375 0.8556509468750001 0.25063965 0.8622087796875 0.2551945125 0.8675224968749999 0.258442984375 0.8705150171874999 0.25946180625 0.8732317296875 0.263630146875 0.87729745625 0.25989011875 0.8766664046875 0.25345711249999997 0.880258565625 0.2518972609375 0.8829745875 0.24764014374999999 0.8798694171875001 0.2444718671875 0.8704694906249999 0.24457261406250003 0.8656568796874999 0.24247353125
0 0.8747389203125 0.2727604234375 0.8718654140625001 0.26840435625 0.8661363921874999 0.2712518453125 0.87499175625 0.28038890312500003 0.8783119828125001 0.2876606859375 0.8811106203125 0.2933922703125 0.88334670625 0.296802034375 0.8865472265625 0.2989856046875 0.8889630828125 0.291805090625 0.890575175 0.29172060312500003 0.89358111875 0.290191475 0.8939759437499999 0.2837047046875 0.8882942500000001 0.281847109375 0.8810138875 0.277526053125 0.8747389203125 0.2727604234375
0 0.8458683562499999 0.3640148125 0.8423094109375 0.3549920640625 0.8384100265625 0.350689759375 0.8370327828124999 0.3468431015625 0.8340332046875 0.34288552656250004 0.832509403125 0.33904655 0.8307917203124999 0.3399203359375 0.8321798984375001 0.3523878609375 0.8311444703124999 0.36067167968749997 0.8318984125 0.36944955 0.8347277734375 0.37576734843750004 0.8381023843750001 0.3812728046875 0.8406520609375001 0.38505801875 0.843030828125 0.38277799218749997 0.8444278640625 0.37858999843749996 0.846701040625 0.377099275 0.8491207703124999 0.37560086875 0.848615790625 0.3687693703125 0.8458683562499999 0.3640148125
0 0.851609421875 0.3417684546875 0.8517111406250001 0.33529704374999997 0.8517443546875001 0.32471444531250004 0.8515632046875 0.3184538 0.8457137843750001 0.307787615625 0.8427424359375 0.3155850671875 0.8410868875 0.326056746875 0.8408930031249999 0.3307695109375 0.8400380359374999 0.33688851406250003 0.8397692859375001 0.34297679531249997 0.8408943843750001 0.347620434375 0.8429122343750001 0.34967004375 0.84442191875 0.34763150625 0.84522955625 0.3462175875 0.8481164859374999 0.34802570625 0.8511736359375 0.3474736046875 0.851609421875 0.3417684546875
0 0.8676625328125 0.34523786562500003 0.8662923453125 0.34432996562499996 0.864042834375 0.3434681484375 0.8644012609375 0.35030732656249997 0.866723146875 0.360962440625 0.8710078031249999 0.3670080296875 0.8735606640625001 0.368049890625 0.87564950625 0.363041875 0.8772513578125001 0.3627619828125 0.87951429375 0.361075853125 0.880659184375 0.357684840625 0.879438734375 0.35402590625 0.8749633765624999 0.34994973125 0.8711664015625 0.3476014796875 0.8676625328125 0.34523786562500003
0 0.8722516499999999 0.3234437609375 0.8686139624999999 0.3101144203125 0.866657559375 0.3092372421875 0.860852975 0.3050347859375 0.8597087734375 0.316851259375 0.8580225046875001 0.3267367234375 0.858030253125 0.3381009421875 0.8609274234375001 0.3401044671875 0.864022353125 0.34307733749999997 0.8686167250000001 0.343816265625 0.8706377562500001 0.3431225234375 0.8711964328124999 0.3397622328125 0.873531053125 0.33944393906250003 0.8749588125000001 0.3358421609375 0.8745152765625 0.3301830921875 0.8722516499999999 0.3234437609375
0 0.1824909375 0.5168607062499999 0.1796493296875 0.5163473453125 0.17610905 0.518298971875 0.1776722859375 0.5228530296875 0.180368265625 0.5269062 0.18125590625000002 0.5343655578125001 0.18329936875 0.5417643421875 0.1884223703125 0.5478979296875 0.19546191562499998 0.5590085796875 0.19799995312500002 0.556888715625 0.199193975 0.55439776875 0.1989747546875 0.550214796875 0.1970769203125 0.5392762015625 0.19443067812499998 0.5330128140625 0.192963334375 0.527129165625 0.1920374921875 0.52210018125 0.19064296249999999 0.5144466265625 0.18774725 0.5097416406249999 0.1840569796875 0.5088312328125 0.1824909375 0.5168607062499999
0 0.17750764218749998 0.48180009375 0.17577648125 0.4898382203125 0.17813068906250001 0.493688540625 0.18236246250000002 0.49545361093749996 0.18594171875 0.5005642984375 0.188838209375 0.514761971875 0.19490934843750002 0.51687216875 0.197409184375 0.5171826796875 0.198944978125 0.51489458125 0.198590890625 0.5049788890625 0.1966087046875 0.49559004218749997 0.194692159375 0.490612978125 0.1915195375 0.4806242390625 0.185701453125 0.4738647953125 0.1804638515625 0.47502233125000004 0.179396746875 0.4799350015625 0.17750764218749998 0.48180009375