0 0.18055816875 0.5377381703124999 0.1778397875 0.5379282578125 0.177038371875 0.54085974375 0.1786595125 0.545538790625 0.178164903125 0.5528578375000001 0.1785347484375 0.5560908125 0.1836793484375 0.5597566890625 0.18591750625 0.5526991140625 0.18541060468749998 0.5454500999999999 0.187223209375 0.54053094375 0.186603575 0.5357818640625001 0.183133475 0.5375580875 0.18055816875 0.5377381703124999
0 0.195283665625 0.530382484375 0.19253860625000002 0.530191046875 0.1911382203125 0.532781021875 0.192396840625 0.5384439015625 0.19291341875 0.543775275 0.1926212578125 0.5478213265625 0.19400594843750002 0.551175034375 0.19893345625 0.5496802921875 0.202663021875 0.5475025312499999 0.201240665625 0.5374420875 0.20175593749999998 0.5345306109375 0.2020480984375 0.5304845593749999 0.19989834687500002 0.528526225 0.19791233125000002 0.5309654578125 0.195283665625 0.530382484375
0 0.22046889374999998 0.5985905171875 0.21926493906250002 0.60193354375 0.2207613140625 0.6171646125 0.2256488015625 0.6150975796875 0.2299009625 0.61422515 0.22920495624999998 0.6104398921875 0.22816944375 0.605911590625 0.22925700624999998 0.6029600984375 0.22870040937499997 0.5970564328125 0.2252970078125 0.5997864749999999 0.22277139531249998 0.5986212078125 0.22046889374999998 0.5985905171875
0 0.21651411562499998 0.7332461796875 0.21935255156250003 0.7347729640625 0.22429209062500002 0.7252261359375 0.23011072656249998 0.7200268484375 0.22829315625 0.7145947515625 0.22246955000000002 0.709442784375 0.2160155875 0.7158366765624999 0.21182044531250002 0.7195805625 0.21018727187500003 0.7229536015625 0.213119084375 0.72581573125 0.2135556265625 0.7300025234375 0.21651411562499998 0.7332461796875
0 0.22687943124999999 0.7169939656250001 0.2295141109375 0.7135508921875 0.22274235468749998 0.7092320125 0.21817370937499997 0.7076345203125001 0.211985228125 0.7096008312500001 0.21013626875 0.7160561015625 0.21031700468749998 0.7227528359375001 0.21882864999999999 0.7252247828125 0.2287770375 0.7235706421875 0.22687943124999999 0.7169939656250001
0 0.24199647500000002 0.8077594140625 0.2401135140625 0.80961635 0.24341517031249998 0.8157114546875001 0.2499674765625 0.8210041625000001 0.256542803125 0.8245699921874999 0.2612678609375 0.82634824375 0.26382616875 0.82386899375 0.265282265625 0.815907625 0.2590621390625 0.8071411562499999 0.2536120375 0.8073305671875 0.25062686875 0.8037053843749999 0.2454895921875 0.8042563140625001 0.2405220671875 0.8051787656249999 0.24199647500000002 0.8077594140625
0 0.21670007500000002 0.8777721984375001 0.21285411562499998 0.880341490625 0.214484934375 0.8831028968749999 0.21239586406250002 0.8861244234375001 0.21697785 0.8879126796874999 0.2173246765625 0.8928725312499999 0.21957748281249997 0.8942485703124999 0.22707061875 0.894491384375 0.2334822078125 0.89365965 0.23915175781250003 0.8924964109375001 0.2404854453125 0.8889526171875 0.23940991562499997 0.883852025 0.233220128125 0.8775754859375 0.22731779218749998 0.8795217875000001 0.22392406718750002 0.8803341890624999 0.2220434609375 0.8760566796875 0.21957120625 0.875654465625 0.21670007500000002 0.8777721984375001
0 0.12534179843749998 0.644540196875 0.121015615625 0.6402420015625 0.11969160625 0.6418681562499999 0.11489984843750001 0.6391360875000001 0.1195728578125 0.6483941343749999 0.11644226093750001 0.650913403125 0.1195438234375 0.654147053125 0.12435624375000001 0.6612866937499999 0.126387246875 0.66977100625 0.128327228125 0.6707855265625 0.1346357640625 0.6705360875 0.1362725984375 0.6692714515625 0.1350903546875 0.66264475 0.13361228593750002 0.6579557 0.12950555156250002 0.6526836765625 0.12964130000000001 0.6484568656249999 0.12808685625 0.6447316359374999 0.12534179843749998 0.644540196875
0 0.1277554703125 0.5063500703125 0.127812490625 0.5092215265625 0.13184886406250002 0.5114313296875 0.1352098953125 0.51426344375 0.13688073125 0.5175971406250001 0.139593096875 0.521433096875 0.14615142187500002 0.5226997609375 0.1467237109375 0.5226597421875 0.145565790625 0.522549015625 0.1412443171875 0.5059819265625001 0.1379900046875 0.5046759203125 0.1357031953125 0.4987015453125 0.1312315859375 0.500547803125 0.1319676140625 0.50490535 0.1277554703125 0.5063500703125
0 0.1356814859375 0.508671271875 0.13418772343750002 0.5099259046875 0.1346376046875 0.5143034609375 0.132664928125 0.51693345625 0.13423637187499998 0.5229578515625 0.1386365765625 0.5324266734374999 0.14154772499999999 0.53088123125 0.14544338125 0.5269665906250001 0.14305351875 0.5215745125 0.14009738124999999 0.512196409375 0.1356814859375 0.508671271875
0 0.13524415781250002 0.541481925 0.135621325 0.54893170625 0.1382016015625 0.5591028765625 0.14205252968749998 0.5668848390625 0.14897206875 0.5589248203125 0.1480649828125 0.5459529015625 0.14664995 0.5401092640625 0.1439909453125 0.5370363625000001 0.14045780937500002 0.539967171875 0.136671221875 0.539273475 0.13524415781250002 0.541481925
0 0.183316965625 0.31429815781250003 0.1831436640625 0.3118198296875 0.18076195625 0.312484465625 0.1794372171875 0.313573278125 0.1782589359375 0.3114142703125 0.1770397078125 0.310005259375 0.17564565000000001 0.3101027421875 0.1741783609375 0.311824134375 0.1736712 0.31659144375000003 0.173281440625 0.325708825 0.1738832390625 0.33164381249999997 0.1770825234375 0.334657675 0.1803463703125 0.33592371249999997 0.182178271875 0.3300675890625 0.1831524984375 0.3266373640625 0.18230417031249999 0.319847959375 0.1819449953125 0.317382628125 0.1831767953125 0.316300315625 0.183316965625 0.31429815781250003
0 0.1771035875 0.3857103328125 0.1781014328125 0.381282278125 0.1792788640625 0.37808688749999997 0.1772491953125 0.377108115625 0.17788395625 0.372829971875 0.17567945625 0.373357690625 0.17284410625 0.3755483140625 0.1670087671875 0.3775751515625 0.16666539062500002 0.3793424734375 0.166916678125 0.3829360484375 0.1676649328125 0.385623215625 0.1714430796875 0.3862306765625 0.1771035875 0.3857103328125
0 0.18577750625 0.38821685 0.184421165625 0.380840359375 0.1828340953125 0.376842103125 0.18086508437499998 0.3767307453125 0.1787322828125 0.3796193765625 0.17888196875 0.38309553125 0.17922857187500002 0.3880521859375 0.179097915625 0.3955326578125 0.1813221234375 0.3966223484375 0.183526621875 0.3960946296875 0.18475842343749999 0.39501231406250004 0.18591223750000002 0.392814753125 0.18577750625 0.38821685
0 0.176046453125 0.3024788578125 0.17453108281250002 0.300841509375 0.1746838265625 0.2963480265625 0.1728833578125 0.29597583906249997 0.1708127421875 0.2957470625 0.16875707812500002 0.2943965421875 0.169114725 0.30084669062499997 0.166695978125 0.29964608125000003 0.16729539843750002 0.3042114890625 0.16854928593750002 0.3061161671875 0.169157371875 0.310805490625 0.1694851140625 0.3194991328125 0.1715990546875 0.3203474890625 0.17397838593749998 0.31831327656249997 0.1743618578125 0.3104415578125 0.1758243890625 0.3059810078125 0.176046453125 0.3024788578125
0 0.1714522546875 0.362321759375 0.171656990625 0.35857177500000004 0.1698825171875 0.3585713359375 0.1672456125 0.3582576375 0.16536478125 0.3554006234375 0.1634241421875 0.3570305921875 0.16315875156249998 0.3599131625 0.1645961375 0.36043526406250004 0.16416848906249998 0.362333 0.1620168296875 0.3689586171875 0.1599604859375 0.376947315625 0.1624957859375 0.3771435953125 0.1658738109375 0.37603572500000004 0.16814287187500002 0.373760178125 0.170151984375 0.367767140625 0.1714522546875 0.362321759375
0 0.16091976562500002 0.3065251515625 0.15886563125 0.3011898109375 0.1555261765625 0.30017810625 0.15391787031249998 0.2985472578125 0.1548678 0.3054540796875 0.15286650625 0.3062166359375 0.15228135781250002 0.3098686984375 0.1547757125 0.3108149765625 0.15700620625 0.3106590046875 0.15753868437500002 0.3156026609375 0.1577860640625 0.32181147656250003 0.15887225625 0.32933138125 0.159937890625 0.329879475 0.1629394078125 0.32605844375 0.16473664999999998 0.3197066546875 0.163587421875 0.3099497578125 0.16091976562500002 0.3065251515625
0 0.123010025 0.3774142640625 0.12163958125 0.3765139171875 0.12072363125 0.37944197812499997 0.11784257499999999 0.379643440625 0.114232975 0.37877514843750004 0.1132650328125 0.3809597109375 0.11398100625 0.3845207921875 0.1151655734375 0.3854341375 0.11732046249999999 0.385532496875 0.11770563281249999 0.38836957656250004 0.11923918281250001 0.395609153125 0.12170686093750001 0.4055229015625 0.123322984375 0.4019232671875 0.1260023640625 0.39750215 0.125958190625 0.3915281703125 0.12415449375000001 0.38443200312500003 0.123010025 0.3774142640625
0 0.12979019218750001 0.4182815421875 0.1271052078125 0.414609103125 0.12472350000000001 0.4152737390625 0.1242809 0.41829322343750003 0.12158571874999999 0.4184816890625 0.12036496249999999 0.42105749687499994 0.120825740625 0.4236402453125 0.1234043671875 0.4244561078125 0.1248575515625 0.42921085937500003 0.127693071875 0.4417138515625 0.130731628125 0.4397580625 0.13291641875 0.43761293125 0.1335228046875 0.431593459375 0.13240433125 0.42494746875 0.12979019218750001 0.4182815421875
0 0.15062683593749998 0.3302815234375 0.1491753484375 0.33623556875 0.1488178703125 0.3444790359375 0.14917313906250002 0.34955960625000004 0.1500726078125 0.351738109375 0.1522991953125 0.3541973796875 0.15724457812499998 0.35547035312499997 0.159764078125 0.3514339828125 0.158705409375 0.3403010078125 0.1571521515625 0.33144401874999996 0.156120328125 0.32603719062500003 0.153032159375 0.32861906093750004 0.15062683593749998 0.3302815234375
0 0.12573725156249999 0.7814752031250001 0.12425482968749998 0.7814889625 0.1232205078125 0.7830896234375 0.1230271875 0.7841819640625001 0.12424293125000001 0.785175775 0.12686774218750002 0.7860710531249999 0.12717710468750001 0.7885666765625 0.12694968125 0.7910998359375 0.12899563125 0.7923952 0.13106316875 0.79207081875 0.1321622578125 0.7856109234375 0.1347506359375 0.783092475 0.1369705265625 0.7791613625 0.1366389609375 0.7744197421875 0.133991946875 0.771278465625 0.1300661390625 0.7729914171875001 0.12846093125 0.7760704296875 0.128023134375 0.7804163390625 0.1275506234375 0.7823373203124999 0.1264582828125 0.782144 0.12573725156249999 0.7814752031250001
0 0.13566450000000002 0.7894116109375 0.1354996359375 0.7928394140624999 0.1352597 0.79519364375 0.1343237578125 0.7972369359375 0.1343146796875 0.7990356109375 0.1353353859375 0.8001329609375001 0.140843709375 0.7998376828125 0.1446853671875 0.7988498328125 0.14675290624999998 0.7985254515625 0.1479527046875 0.79736273125 0.14879934687500002 0.793078134375 0.14573723125 0.7897860828125001 0.1424181296875 0.7895686656249999 0.139656303125 0.790570909375 0.13867141562500002 0.78902154375 0.1374744375 0.7882961265625 0.13566450000000002 0.7894116109375
0 0.12808618125 0.8237446828125 0.1317379546875 0.8258267781249999 0.1268647953125 0.8265271500000001 0.132061546875 0.82949013125 0.132506825 0.832965171875 0.13726737656250002 0.8306544375 0.1407923109375 0.829958440625 0.14580592187500002 0.8293381484375001 0.14667758749999998 0.8254114109374999 0.146948803125 0.8235045031249999 0.14081267343749998 0.8206072109375 0.1375436203125 0.8211055125 0.1360452546875 0.8189627375 0.1333021921875 0.8202333749999999 0.132408325 0.821914115625 0.12808618125 0.8237446828125
0 0.149380171875 0.76570731875 0.14894348125 0.7671762859375 0.1471579515625 0.7647838874999999 0.143610815625 0.7632338859375001 0.1450642859375 0.7676273499999999 0.1398317171875 0.7651163828125 0.1439196890625 0.77247219375 0.1425498734375 0.7740963125 0.1434710984375 0.7776279749999999 0.14807929687500002 0.7789239734375 0.149267196875 0.7814480640625 0.1504443015625 0.784782028125 0.1546328578125 0.7868265875 0.1589851765625 0.7883202828125 0.16235089062500002 0.7872758109375 0.1626329 0.7845590328125 0.158023475 0.7755315484375 0.15467248125 0.77100106875 0.152553178125 0.76962093125 0.1526276359375 0.7668287640625 0.1513555890625 0.765029771875 0.149380171875 0.76570731875
0 0.1511899828125 0.8523361734374999 0.147241359375 0.847937384375 0.1493004328125 0.8532774218749999 0.146433971875 0.8537475703125 0.14620482968749998 0.8552919265625001 0.1484822515625 0.859897478125 0.150817078125 0.862431271875 0.1516416390625 0.8665091031250001 0.15158595 0.8695696640625 0.1529080453125 0.8720843703125001 0.1572103140625 0.8728623515624999 0.16033548125 0.8703063671875 0.159974965625 0.8699719703125 0.1566011546875 0.8593297484375 0.156143365625 0.8556757796875001 0.1525921796875 0.848282434375 0.1503682421875 0.8463702015625 0.1499440640625 0.8480180984375 0.1511899828125 0.8523361734374999
0 0.1816022359375 0.8668414078125 0.1806139140625 0.8633144375 0.1792764859375 0.8625089406249999 0.178014128125 0.8627770171875 0.172505190625 0.859206553125 0.1745409578125 0.8651775328125 0.1710074359375 0.860929521875 0.17236252968750002 0.8648803515625 0.17366131875 0.868026003125 0.17287490625 0.8683507015625 0.171358384375 0.8698052765625001 0.17188609375 0.8715664140625 0.17284595625000002 0.872757921875 0.1744813421875 0.873003171875 0.17618210781250002 0.87225493125 0.17797904375 0.8777031984375 0.18066077187500001 0.8832694 0.1833936515625 0.8866743796875 0.1884879765625 0.8833513828124999 0.1887272984375 0.8771314125 0.1867228109375 0.8716077546875001 0.184083771875 0.8695447453125 0.1816022359375 0.8668414078125
0 0.15487279062499998 0.833648740625 0.1543996671875 0.8317039812499999 0.15343980468750001 0.8305124734374999 0.15215867968750002 0.83051215625 0.15146156718749998 0.8330781578125 0.15273704999999999 0.836854753125 0.15256593125 0.8401930921874999 0.151030640625 0.8413792734375001 0.15039265468750002 0.8428623171874999 0.1511216578125 0.8446093796874999 0.15366060312500002 0.8452409578125 0.15791454375 0.8462920234375 0.16209856250000002 0.8492359203125 0.1662245625 0.8503858328125 0.1675602734375 0.8502025281250001 0.167640375 0.8436340828125 0.1673338328125 0.839250321875 0.1674492609375 0.8389725453124999 0.1651690203125 0.8362551312500001 0.1616281375 0.8347945953125 0.157421425 0.8363473859375 0.1565491453125 0.83640838125 0.1562460390625 0.8340022234375001 0.15487279062499998 0.833648740625
0 0.140886271875 0.8419088328125 0.1431272609375 0.8431006578125 0.1402955125 0.8459957328125001 0.14529207187499998 0.84609585 0.14506293125 0.8476402046875 0.146645446875 0.8490578781250001 0.1482245296875 0.84849795 0.1492696453125 0.846087415625 0.15377149375000002 0.8458625171874999 0.157260609375 0.845618534375 0.15850702187500001 0.8431939249999999 0.15723153750000002 0.8394173328125 0.1545208625 0.8382583515625001 0.15167316718749999 0.8389968937500001 0.14811866875 0.8402343703125 0.147500553125 0.839108865625 0.1460584921875 0.8377712734375 0.1450599875 0.8389199203125 0.14474498125 0.8402005734375001 0.140886271875 0.8419088328125
0 0.1414778921875 0.81372814375 0.1369527375 0.8145839859375 0.1358621125 0.815379465625 0.140539128125 0.8176595734375001 0.1361078140625 0.8198573828125 0.1425447203125 0.820306290625 0.1425293875 0.8220155 0.1438543046875 0.8226420687499999 0.14742585156250002 0.820684184375 0.1502780859375 0.8190463046875 0.15500796875 0.8201539906249999 0.1589525453125 0.8187094343749999 0.16170811875 0.8176177265625 0.159531896875 0.8115666656249999 0.1555884265625 0.8101342812500001 0.15059358437499998 0.8110229671875 0.14922830781250002 0.81174775 0.14616055156250002 0.8122319750000001 0.1454798765625 0.8102118265625 0.1444779390625 0.80938286875 0.1426412578125 0.8091516953125 0.1415353015625 0.8116563843750001 0.1414778921875 0.81372814375
0 0.1271746625 0.8750741390625001 0.12485449687500001 0.8766401953124999 0.12166517031249999 0.8756213796875001 0.12313231093749999 0.87865036875 0.1215699875 0.8841049046875 0.12619735625 0.881945571875 0.1276846078125 0.88178758125 0.1281750296875 0.8835890421875 0.12969336874999998 0.8844547390624999 0.13163855625 0.88215900625 0.135257821875 0.8817979375 0.13760259375 0.881741959375 0.1421036171875 0.8806713187499999 0.1425041625 0.877133778125 0.141787646875 0.8738363281250001 0.139599275 0.8732334546875 0.13370831875 0.87353740625 0.1312006625 0.874738621875 0.1310466171875 0.8725356890624999 0.129159115625 0.8721817406250001 0.1275659984375 0.87256310625 0.1271746625 0.8750741390625001
0 0.13664981874999999 0.883752325 0.1376286 0.8861675515625 0.139104284375 0.8898978515625 0.137249934375 0.8917552890625 0.1360307671875 0.8922724828125 0.135523990625 0.893711734375 0.1352470640625 0.896700703125 0.1370372484375 0.8979793328125 0.1428547578125 0.8954668140625 0.14646311875 0.8972662187499999 0.1496439 0.8975837249999999 0.1515716984375 0.89793485625 0.1542572703125 0.8958033203125 0.155400925 0.8918898609375001 0.1553404421875 0.8887085140625001 0.155305596875 0.8876310953125 0.1520482734375 0.8833234750000001 0.1450655234375 0.8836497781249999 0.1400191203125 0.8850285187500001 0.1396410453125 0.8825172953125 0.1373731125 0.8825139078124999 0.13664981874999999 0.883752325
0 0.14237089218750001 0.899550109375 0.139106053125 0.8951350296875 0.1358183765625 0.8944470484375 0.13551411875 0.8964660578125001 0.13594715156249998 0.89686771875 0.136077621875 0.8981544234375001 0.1353413609375 0.9003656187500001 0.1344070046875 0.9003229703125 0.1302655640625 0.8995867046875 0.1300296 0.9008450390625 0.1301778234375 0.9018065453125 0.13084991562499998 0.90273141875 0.13239728281250002 0.9034331078125 0.1340204578125 0.90348158125 0.1346334671875 0.904140621875 0.1360818203125 0.9069009625 0.13938901875 0.912500921875 0.143241228125 0.9154711171875001 0.1484382125 0.912192096875 0.14876427812499998 0.905852140625 0.1471629109375 0.901482715625 0.1448461328125 0.9007808374999999 0.14237089218750001 0.899550109375
0 0.160084134375 0.9050065859374999 0.155072503125 0.9010916015625 0.150810834375 0.898635975 0.14823724375 0.8977360828125001 0.1489216375 0.8994159921874999 0.1472731953125 0.8995852578125 0.14910131875 0.9037228531249999 0.1493762546875 0.9059173328125001 0.1495039984375 0.9077441546875 0.15122485937500002 0.9091896109375 0.15216194375 0.9086921406249999 0.1540498140625 0.9113677546875 0.15973390468749998 0.9185292765625 0.1603486078125 0.9180543484375001 0.1622958578125 0.9169463140625 0.165311984375 0.91317188125 0.1646992703125 0.908463359375 0.160084134375 0.9050065859374999
0 0.16449137656249999 0.8960066531249999 0.1619025234375 0.8999234640625 0.1641313546875 0.9013106484375 0.163870953125 0.9036840234374999 0.16770497812500001 0.9027662218750001 0.167665971875 0.9056926031250001 0.1696168953125 0.90571860625 0.1709950390625 0.9027797953125001 0.1727682203125 0.9020061015625 0.17943665625 0.8989409953124999 0.1800375796875 0.8927268156249999 0.178729246875 0.8914376890625 0.1760566203125 0.891543365625 0.17126973750000002 0.8927714359375001 0.16449137656249999 0.8960066531249999
0 0.1847839015625 0.9379552 0.18415416874999999 0.9402731890625 0.1859464109375 0.9441272796875 0.1836062125 0.951600059375 0.1860543390625 0.9491549156250001 0.186677978125 0.9528470859375 0.19015286874999998 0.945051325 0.19198566718750001 0.9468722656249999 0.19345013125 0.946038946875 0.19380915625 0.9433338265625 0.19276687812499999 0.9397521421875 0.19253982812499998 0.9391183171874999 0.1941095640625 0.9354351953125001 0.1960753328125 0.9313183171875 0.197499684375 0.9264271734375 0.19573825 0.9212715250000001 0.19444531874999998 0.91933161875 0.1931061796875 0.9193440468749999 0.1898449296875 0.9232266640625 0.18831885312500002 0.9266630953125 0.18841703125 0.9324223249999999 0.18774674062500002 0.9367734656250001 0.1877765484375 0.9380707828125001 0.1847839015625 0.9379552
0 0.20147997968750003 0.9589587406250001 0.20211591874999998 0.9602136734375 0.19806514687500001 0.9632581609375 0.20047991875 0.9638202171874999 0.19797428125 0.9680560578125 0.20205330937500002 0.9654156578125 0.20414396093749998 0.9665688687499999 0.2055016078125 0.967692121875 0.2076918765625 0.965914709375 0.2096036828125 0.9592840140625001 0.21283468125 0.9601950578125 0.21497719375000002 0.9594767515625 0.2174463734375 0.956461646875 0.21819733281249998 0.9541351812500001 0.216804228125 0.9516337921875 0.21528014843749999 0.9498724781250001 0.2096467890625 0.9555452203125 0.20687964062500003 0.9551702296875 0.20474122968750003 0.9550761234375 0.2027029890625 0.9555435015624999 0.20163045937500002 0.956755478125 0.20147997968750003 0.9589587406250001
0 0.2152928921875 0.9413442609375 0.21624674531250002 0.9384351203125 0.2190760578125 0.9396991015625 0.2207264609375 0.9380406546875 0.219693934375 0.9337273749999999 0.21667713281249998 0.9323952890625 0.214433340625 0.9255679062500001 0.21241970000000002 0.9211608078125 0.20990065625 0.92084968125 0.20804580781249998 0.9221975734375001 0.206030171875 0.9229882203124999 0.206227525 0.9319078078125 0.210186434375 0.93626009375 0.2119319140625 0.9385744171875 0.21184925 0.9417474890624999 0.2131873921875 0.9443339328125001 0.2152928921875 0.9413442609375
0 0.2585953203125 0.9481125875 0.261538690625 0.9511573171875 0.2628240984375 0.9521076078125 0.26302643125 0.954303834375 0.26464119531249997 0.9543859515625 0.2694994171875 0.9499505375 0.271471925 0.9502676843750001 0.27447978281249996 0.9472618828125 0.2757519734375 0.9431422390625 0.2759953765625 0.9410448671875 0.275880240625 0.9407928734375 0.26943226875000004 0.9392284171874999 0.265668653125 0.9439773546874999 0.26363902031249997 0.94632965625 0.2611114046875 0.9464413921875 0.2592799375 0.9460493718749999 0.2585953203125 0.9481125875
0 0.2643270078125 0.95128739375 0.2612842 0.9544906750000001 0.2563289375 0.9589328734375 0.25709294374999997 0.9593995375000001 0.260507509375 0.9594208125 0.2628973671875 0.9587336078125 0.259720528125 0.9635065234375 0.261599275 0.9631801171875001 0.2651433484375 0.9615670609375 0.266457140625 0.9636205546875001 0.26763725625 0.9623678343750001 0.268805840625 0.95955565625 0.27024994062499996 0.9578944125 0.273401321875 0.956243803125 0.27864194375 0.9510015171875 0.2768713265625 0.9500851546875 0.2748872875 0.9482085515625001 0.27191269375 0.9475064 0.268041303125 0.9486222578125 0.2643270078125 0.95128739375
0 0.3286162125 0.7785273390625 0.32882226718749996 0.775926996875 0.3274888125 0.773498953125 0.32579387656250003 0.770061815625 0.3269989 0.76926641875 0.3275324765625 0.76580274375 0.325302728125 0.765118234375 0.3243814734375 0.7651180078125 0.3242563046875 0.7612478578124999 0.3224387578125 0.7629911625 0.32195792968750003 0.766515796875 0.32272464218749997 0.76846628125 0.32300311875 0.7696751296875 0.3217678390625 0.7707312328125 0.31838131875000003 0.7708387453125 0.3145180265625 0.7717553765625 0.3123226796875 0.77572314375 0.313017503125 0.7842727890625001 0.3170202515625 0.78535050625 0.3209796015625 0.781647278125 0.3255236921875 0.778678940625 0.3286162125 0.7785273390625
0 0.297184596875 0.799150034375 0.29545737656250004 0.7973313625 0.291718371875 0.796558446875 0.29502030156250003 0.8007882890625 0.2896767734375 0.800644759375 0.295452965625 0.80489553125 0.2941931640625 0.8069877234374999 0.2956501125 0.80979501875 0.29971416875 0.8082825140625 0.30248737187499997 0.8111917140625 0.3045960953125 0.8129190609375 0.3076056109375 0.8129672078124999 0.3096979296875 0.8102996125 0.31089475 0.807306746875 0.3057768640625 0.8006826015625 0.3029996015625 0.8004889171875 0.301034834375 0.8008202499999999 0.29986165468750003 0.7972173312499999 0.2982289046875 0.79674966875 0.297184596875 0.799150034375
0 0.30622006874999996 0.9260951265624999 0.3076339515625 0.9282559703125 0.3082762953125 0.9293630640625 0.309308459375 0.9298668921875001 0.3100043046875 0.9288877640625 0.30952168593749996 0.9262630265625 0.31095848125000003 0.9225736015624999 0.31147658906250003 0.916201315625 0.3109894953125 0.914463053125 0.308309184375 0.9136757015624999 0.30809003281249997 0.9138682578124999 0.305769371875 0.9210755203125001 0.3048061890625 0.92393428125 0.3034304546875 0.9246951046874999 0.3028716609375 0.926683734375 0.30331782500000004 0.9273614640625001 0.30622006874999996 0.9260951265624999
0 0.31570021718749997 0.9157730468749999 0.3158616953125 0.9204584125 0.316442675 0.9225888828125001 0.31879930624999997 0.9239748734375001 0.3247459265625 0.9253756765625001 0.331062478125 0.9268392296875 0.33525497031249996 0.9240648078125 0.3361323671875 0.918553559375 0.336019134375 0.9174094687500001 0.336042953125 0.917274878125 0.3335330078125 0.9141715921875001 0.3301882265625 0.9133863968749999 0.323752878125 0.9145010203125 0.3209551625 0.915361278125 0.31762132187500003 0.91568301875 0.31570021718749997 0.9157730468749999
0 0.32539056718750003 0.931267884375 0.326296378125 0.9351922703125 0.32455379687499997 0.9359344374999999 0.32147919375 0.9366368234375001 0.3223123953125 0.9385724234374999 0.32316941718750003 0.9403734343749999 0.32218634375 0.9438982078124999 0.3263681984375 0.9419220765625 0.32783026249999997 0.9423958453125 0.328255146875 0.9446701546874999 0.3297048796875 0.9449675531249999 0.3325067671875 0.94131559375 0.3346778578125 0.941473934375 0.33900377812500004 0.9410828203125 0.34141584687500004 0.938034125 0.3418650359375 0.9335275984375 0.3417100265625 0.93083564375 0.3362501953125 0.929267878125 0.3341794609375 0.9314951562499999 0.3310804921875 0.9337500296875 0.33005673281250003 0.9328911484375 0.3280868375 0.9308578015625001 0.32539056718750003 0.931267884375
0 0.3320791625 0.94613076875 0.327509725 0.9482669265625001 0.328605790625 0.9492093687500001 0.32906960937499996 0.9496643234375 0.3282616765625 0.951891915625 0.333089803125 0.9515543 0.333293296875 0.9544644046874999 0.33550447031249997 0.9551959453125001 0.3424198375 0.9500157187499999 0.3462081828125 0.9447883062500001 0.3466487265625 0.9439599546874999 0.34417547656249997 0.939480553125 0.3392551546875 0.9404006203125 0.3360485734375 0.9430174828125001 0.3333968578125 0.9431142921875001 0.331705 0.943631371875 0.3320791625 0.94613076875
0 0.334426190625 0.8858107593750001 0.33063443124999997 0.8854481703125 0.32924431875 0.8882917140625001 0.3308871015625 0.8899031078125 0.3251548171875 0.89124555 0.32742145625 0.8933625875000001 0.3251186296875 0.8949360171875 0.32607352968750003 0.8959677796875001 0.3285034390625 0.8970533312500001 0.32945245 0.9038920453125 0.3330506390625 0.9031696359374999 0.33514897499999996 0.900355034375 0.3427712515625 0.9050008406250001 0.35051354375 0.9021054421875 0.353654571875 0.8956869265625 0.3532232140625 0.8895182171875 0.3464744703125 0.88810693125 0.3388433078125 0.8875420203125 0.334426190625 0.8858107593750001
0 0.3459531765625 0.915999084375 0.34876027187499997 0.9165874609375001 0.34662371406250003 0.9188554671875 0.35271979999999997 0.9185076531249999 0.35216596093749997 0.9215281187500001 0.354149203125 0.9229587718750001 0.3605594140625 0.9195287890625 0.3666391203125 0.918946721875 0.37151029375 0.915388959375 0.3707290515625 0.9101078484375 0.368021203125 0.9084139984374999 0.3639624265625 0.9075992796874999 0.35723905624999996 0.911600428125 0.354878628125 0.9106669500000001 0.35382148281250003 0.9090146062500001 0.3511508921875 0.910378353125 0.35046750625 0.912387809375 0.3459531765625 0.915999084375
0 0.358994575 0.919873615625 0.3566500984375 0.9250594281250001 0.35723081093750003 0.9283144265625 0.3585088265625 0.9314421953125 0.35988855468750003 0.931816515625 0.36080030625 0.93559763125 0.363684809375 0.9347681921875 0.3638684234375 0.9331860187500001 0.3649930171875 0.9307533765624999 0.3699912765625 0.929854596875 0.3770228828125 0.92857823125 0.37738315 0.9244727671874999 0.37586938124999997 0.9204983484374999 0.37339825000000004 0.9171401421875001 0.3682079203125 0.9178169515624999 0.358994575 0.919873615625
0 0.3798655234375 0.9557643546874999 0.3834488296875 0.9556707171875001 0.38078573125 0.9613496140625 0.3864698390625 0.9567934031249999 0.3867234703125 0.9587373375 0.3884982625 0.9597117671875001 0.390538034375 0.9569012609374999 0.39172365625 0.95281655 0.3951228140625 0.95093105625 0.3988728171875 0.9456469562500001 0.39790646406249996 0.9410849921875 0.395844315625 0.9402091234375 0.394252175 0.9401635234375 0.387785434375 0.9478346640625 0.3850031765625 0.9492846875 0.3827067734375 0.9484251984375 0.38187895781250003 0.9500524203125 0.3828874953125 0.9543760359375 0.3798655234375 0.9557643546874999
0 0.40151460937500005 0.94302975625 0.40323233593749996 0.944871309375 0.40575357187499994 0.946421275 0.40594318124999995 0.9482912203125 0.4051144046875 0.9524294453125 0.405223609375 0.9539911453125001 0.40697259687500004 0.9554381765625 0.409559784375 0.9520401265625 0.4120462265625 0.9488845203125 0.4162067125 0.9469457890624999 0.41955672968749996 0.94435753125 0.4197234265625 0.93916706875 0.41755999531250004 0.9351596125 0.41666515937500004 0.9349867828124999 0.4104564421875 0.9379318765625 0.40766775937500005 0.94181481875 0.4056944734375 0.9430513375 0.4042164625 0.9412714890625 0.40197070156250003 0.9419777953124999 0.40151460937500005 0.94302975625
0 0.42701808750000003 0.9391277765625 0.4223727109375 0.9408650140624999 0.4176077453125 0.9442584171874999 0.414467146875 0.9447918953125001 0.41319416093749994 0.9476272484375 0.41334555 0.948950596875 0.4167765046875 0.9500446171875 0.4157774953125 0.9542732125000001 0.4149963609375 0.9582511734375 0.41780741718750003 0.9580546046875 0.41914592500000003 0.9561562703125001 0.41859797500000007 0.953369784375 0.41980597187499996 0.9529714468750001 0.42708971250000005 0.9527759843749999 0.4325112984375 0.9503567343749999 0.4324949171875 0.9501224796875001 0.43257232500000004 0.9487046640625 0.43231719375 0.9458977015625001 0.431160265625 0.9419767968749999 0.42701808750000003 0.9391277765625
0 0.4420927296875 0.9333656484375 0.4438268359375 0.9354414562500001 0.44873623125 0.9324302890625 0.45568743281249996 0.930845678125 0.459024065625 0.9297492249999999 0.46067669687499996 0.924768721875 0.45905918124999995 0.9193106890625 0.456548865625 0.9179168921875 0.4514225609375 0.9186676921875 0.44649132500000005 0.921366521875 0.44462424531250005 0.9224386812500001 0.4407193203125 0.9212993390625 0.440461296875 0.9260253875 0.43666161406250004 0.9272326874999999 0.437514803125 0.9310178984374999 0.4384602796875 0.9327565203124999 0.4420927296875 0.9333656484375
0 0.414511475 0.8722070421874999 0.4137055015625 0.8741466015625001 0.41307371875000004 0.87521085 0.40831068125 0.8735822453125 0.40939512499999997 0.8756250140624999 0.4071469 0.877979296875 0.411767009375 0.8800886968749999 0.41171144374999996 0.8818188515625 0.41253733125 0.8852136359375 0.41884090625 0.8878330515625 0.42238802499999994 0.8914298828125 0.42681456406249996 0.8924542843750001 0.43082965624999997 0.892644321875 0.432550809375 0.8903268984375 0.43016200937500004 0.8822549296875 0.4237929109375 0.8786984953125 0.4207570203125 0.8782045843749999 0.418493378125 0.8778136078125 0.4178173796875 0.8748791406249999 0.41718506250000004 0.8725693531250001 0.414511475 0.8722070421874999
0 0.43202309375 0.8777306515625 0.43265144843750003 0.8808253828125 0.43175564843750003 0.883163559375 0.4314360640625 0.8861676453125 0.43570575468749995 0.8857906109375 0.44074277031250003 0.888812459375 0.4475470796875 0.8884935890625 0.44832125625 0.8835745140625001 0.446885428125 0.881556315625 0.43897183437500004 0.877794015625 0.43592502031249997 0.877143934375 0.4345289140625 0.8765353593749999 0.4336092390625 0.8743241328125 0.4323630203125 0.8741758765625001 0.43202309375 0.8777306515625
0 0.365998146875 0.8309969265625 0.3601787171875 0.8339463374999999 0.35918170625 0.8360500390625001 0.35959341562499997 0.8386654265625 0.3611893265625 0.8396725187499999 0.362919003125 0.8382294796875 0.3655724234375 0.8401796156250001 0.36812288125000003 0.8384757828125 0.37559289218749997 0.83622454375 0.3761113109375 0.8327305234375 0.375635909375 0.829204296875 0.3724318796875 0.8281062562500001 0.36808610937499997 0.8292237359374999 0.365998146875 0.8309969265625
0 0.40680825781249996 0.765598246875 0.4023883875 0.755839103125 0.3968499546875 0.74971764375 0.3931905046875 0.74865145 0.393579734375 0.7542176828125 0.39326973593750003 0.7585107234375 0.392587303125 0.76293150625 0.39449584375 0.765137128125 0.39694597656249997 0.7652708953125 0.39801125625 0.7706881546875 0.3996471296875 0.7788113921875001 0.402020803125 0.786577940625 0.4033658296875 0.7861787890625 0.4053708125 0.784309703125 0.4070753734375 0.7803259421875001 0.408000921875 0.7728371843749999 0.40680825781249996 0.765598246875
0 0.41741125468750007 0.7394320343749999 0.4119918765625 0.7382855078125 0.416003228125 0.7432933609375 0.41629851562500003 0.746425384375 0.42059349687500003 0.7478539359374999 0.42754190000000003 0.7512326218750001 0.430855275 0.751712821875 0.43415574687499997 0.7487361546875 0.43460145156249996 0.7431115375 0.42725230312500007 0.7394557765625 0.4230351671875 0.739140471875 0.4218753875 0.738916475 0.4205103796875 0.735757553125 0.41811172812499997 0.73745076875 0.41741125468750007 0.7394320343749999
0 0.415216865625 0.660056771875 0.4143336421875 0.65615226875 0.41293907656249995 0.6558429890624999 0.41206556406250006 0.65753125625 0.41223346875000005 0.6588416046875001 0.40613026874999997 0.6533698328125 0.407746159375 0.6579349984375 0.40463732031250005 0.6560167078125 0.4070000328125 0.6614449421875 0.40700586093749996 0.66480060625 0.40870598124999996 0.666207209375 0.40999439375 0.6649984234375 0.4110872875 0.6664474874999999 0.4139620328125 0.672653509375 0.41817986406249996 0.6773418265625 0.4197365046875 0.6756057906249999 0.4218984265625 0.6727087375 0.421064740625 0.6695126640625 0.4160647046875 0.6634552546875 0.415216865625 0.660056771875
0 0.432034625 0.6638640171875 0.43201020312500005 0.665696309375 0.43388141874999997 0.6662773546875 0.43496335156250004 0.66538810625 0.43586128437499994 0.661867546875 0.43850624062500004 0.65497045 0.4420884 0.6472959265625 0.4427630640625 0.6384009265625 0.4402028921875 0.6345119859375 0.4394843796875 0.634053734375 0.4379836609375 0.632226390625 0.42996761718750004 0.6419398484375 0.42862203593750003 0.649966471875 0.42700309062499997 0.659537696875 0.4251313203125 0.6665841234375 0.42527799218749995 0.6675908578125 0.432034625 0.6638640171875
0 0.37081320156249997 0.616819246875 0.37064086875 0.6192807953125 0.3669613140625 0.6241309046875 0.3690393265625 0.6242917828125 0.3674058265625 0.628845725 0.3735168328125 0.6242848734375 0.37500808281250003 0.6275486546875 0.37855791875 0.6257694890625001 0.3834381609375 0.6183859218750001 0.388088 0.6159174625 0.3905764796875 0.60717020625 0.39074588593750004 0.6030248312500001 0.388271821875 0.602126178125 0.38094655 0.6073843140624999 0.3765446609375 0.6150406203125 0.374801703125 0.6163872484375 0.373820765625 0.6138532515625 0.371607184375 0.6133956656249999 0.37081320156249997 0.616819246875
0 0.472409853125 0.950435371875 0.4686363328125 0.9529016484374999 0.4720600984375 0.9546199328125 0.4683887484375 0.9585473375 0.4736915125 0.956952971875 0.47559455 0.9579211031250001 0.476212925 0.960202625 0.47761678906249994 0.96059388125 0.47981849531250004 0.9566468875 0.484560146875 0.952277571875 0.48968026875000004 0.950695978125 0.49223256718749997 0.9478256734375 0.491660603125 0.943583209375 0.4841931953125 0.94178061875 0.47883784531250007 0.9465599156250001 0.47711978593750004 0.9469247656249999 0.4744946984375 0.9461294828125 0.47283857500000004 0.948692409375 0.472409853125 0.950435371875
0 0.48787606562499997 0.93014398125 0.4877832421875 0.9340658640624999 0.48988595 0.93526474375 0.495146140625 0.9330615765625 0.5012799703125 0.9223547546875001 0.5029399328124999 0.9172220843750001 0.5025761531249999 0.91333213125 0.5013889875 0.9134151453125 0.4919667875 0.9190906046875 0.48868392656250004 0.9220119953125 0.48619506875 0.9231648828125 0.4843927 0.927573375 0.48654649218749996 0.9295028203125 0.48787606562499997 0.93014398125
0 0.504610078125 0.9227336703125 0.5016011781249999 0.9256359062499999 0.5033618078125001 0.9258798578125 0.502230403125 0.9293849406250001 0.5065177890625 0.9263933062499999 0.506671046875 0.928584996875 0.5080091343750001 0.9293479203125001 0.5095592453125 0.9278936109375 0.511236234375 0.9230044609375 0.5148271156249999 0.9205509546874999 0.519006153125 0.9173221843749999 0.520950928125 0.9136378687500001 0.52072955625 0.9104720953125 0.5191089921875001 0.9096065671875 0.5096527359375 0.9147949828125 0.5073001078125 0.9178960390625001 0.50483445625 0.9180684546875 0.5035815109375 0.9185231359375001 0.503378003125 0.9208621296875 0.504610078125 0.9227336703125
0 0.521134403125 0.918886346875 0.5195014859375 0.9204688031250001 0.5184211671875001 0.9247044484375 0.5167016046875 0.9289847953124999 0.5170924296875 0.929324534375 0.51989781875 0.92876129375 0.518575259375 0.9321573875 0.5224401015625 0.9296847250000001 0.5244808703125 0.9286855296875001 0.526003934375 0.9307814328124999 0.5283139921875 0.927071575 0.5321803359375 0.9206834140625 0.535711615625 0.917377584375 0.537267903125 0.9146992828125 0.5371184859375 0.9099378484375 0.5362516937499999 0.9080407656249999 0.5362261515625 0.9076754843750001 0.5360349953125 0.9075664953125001 0.5274091375000001 0.9128192 0.5241564921874999 0.9187973765624999 0.5240164234375 0.9194189515625 0.5238422953125 0.9195534828125 0.522504209375 0.9187905609374999 0.521134403125 0.918886346875
0 0.5437172625 0.9518115828125 0.540893340625 0.956046796875 0.544308590625 0.95764331875 0.5428227546875 0.9626414578125001 0.5465111328125001 0.958957575 0.5486919718750001 0.957336803125 0.5496098500000001 0.95996445 0.5517187359375 0.9599393375 0.554051996875 0.9552490109375 0.5597958359375 0.9494637000000001 0.5650273140625 0.9402882484375 0.5633192703125001 0.9368593640625 0.560834253125 0.93544250625 0.553944984375 0.9366583859375 0.549358928125 0.94456514375 0.547745378125 0.947736875 0.5458910890625 0.94615355625 0.5438185984375 0.9480114625 0.5437172625 0.9518115828125
0 0.5606192234375 0.9454907312499999 0.5584639265625 0.9474767843749999 0.5573008015625 0.9518405765625 0.560630909375 0.95221949375 0.55859715 0.9572559453125 0.562481359375 0.9563725562500001 0.5630633375 0.9568212828125 0.564752015625 0.9586608953125 0.5657201453125 0.95675785625 0.565018965625 0.95460448125 0.5647596953125 0.9535214078124999 0.5669064765625 0.9514135937500001 0.569960284375 0.9504659156249999 0.5766428718750001 0.944982028125 0.5748094515625 0.9410724874999999 0.570786678125 0.93866195625 0.5666772578125 0.9389493140624999 0.5638912328125001 0.941101828125 0.5606192234375 0.9454907312499999
0 0.5541251234375 0.92086186875 0.5506998546874999 0.9230590828125 0.5554740609375 0.92309230625 0.5555298203125 0.926514375 0.5615593062500001 0.9274386671875 0.57121606875 0.9277422484375 0.5754717359375 0.9256093234374999 0.575262715625 0.919995565625 0.5676884624999999 0.9140403421875 0.5613958671875 0.91460271875 0.5565179859375 0.9170238640624999 0.551712059375 0.917849353125 0.5510008609375 0.9194897109375001 0.5541251234375 0.92086186875
0 0.5602813234374999 0.9039133312500001 0.55820499375 0.90834098125 0.5643358171874999 0.905465153125 0.5657443546875001 0.9085479125000001 0.5690233765625 0.9081962656250001 0.5712336 0.9043710328125 0.575692775 0.8998991140625 0.5785360640625 0.8972531734375 0.5800474421875 0.8926203156250001 0.577204821875 0.8860895109375001 0.5726728578125 0.8868958421875 0.5691732984375 0.8893429625 0.5671604078125 0.8920531921875 0.5657588812500001 0.8930076890624999 0.5642683703125 0.8953143234375001 0.5605814953125 0.8950827109375 0.5594500906250001 0.89858779375 0.5578195109374999 0.9015160015625 0.5567770890625 0.903668946875 0.5602813234374999 0.9039133312500001
0 0.5401736359375 0.8237079656249999 0.5398911609375 0.8236053625 0.5329074 0.818220628125 0.5366608875 0.8233418218749999 0.53149819375 0.8243146109374999 0.538279946875 0.8281228453124999 0.5371485421875 0.8316279281250001 0.538306325 0.833749375 0.540780490625 0.8336987203125 0.5423538078125001 0.831263940625 0.5444101015625 0.834423759375 0.5471033046875 0.8361931281249999 0.5506098749999999 0.8377832640625 0.55364899375 0.8379378171875 0.5564752515625 0.8350483546874999 0.557290125 0.8309536265625 0.5500920046875 0.826440371875 0.546778925 0.826304978125 0.542849809375 0.8252338124999999 0.5432761937499999 0.8221450984375 0.54181890625 0.8196775265625 0.5401736359375 0.8237079656249999
0 0.581472003125 0.9431760703125001 0.5776876328125 0.9441748359375 0.58205014375 0.9461945421875001 0.5778006546875 0.9471034749999999 0.5824115859375001 0.9487387453125 0.583055503125 0.9513855484375 0.583225790625 0.953820759375 0.586014153125 0.9530139984374999 0.590652128125 0.9510990515625 0.5946640515625 0.952042071875 0.5993299078125001 0.951838159375 0.6002043796875001 0.9485957546874999 0.599895528125 0.9428666203124999 0.5927252875 0.9400644015624999 0.588618203125 0.9416975125 0.5852648921875 0.9422990671875 0.584081565625 0.9398123375 0.5811531343749999 0.9412406734375001 0.581472003125 0.9431760703125001
0 0.616028359375 0.9478563015624999 0.6186349156250001 0.9523235609375 0.6259984828125 0.942142528125 0.6292047140625 0.9381252906249999 0.63118505 0.9310125234375001 0.6286342546875 0.92996733125 0.6202142421875 0.9342267953125001 0.615622678125 0.9341808015625 0.6118127624999999 0.934814284375 0.6118855515625 0.9384798734375 0.6163757796875 0.9423259890625 0.616028359375 0.9478563015624999
0 0.613319465625 0.9274899234375 0.6156218421874999 0.928919553125 0.6138511953125 0.9324693359375 0.630248640625 0.93205685 0.6385262453125 0.927073209375 0.6407875546875 0.9239785390625 0.64068771875 0.9238631640625 0.63200676875 0.9165170578125 0.624481428125 0.9243846390625 0.6217518328125 0.9207824765625 0.618609040625 0.92308229375 0.6173924921875 0.9253697703125001 0.613319465625 0.9274899234375
0 0.6203129109375001 0.9002049375000001 0.6151502171875001 0.9011777265625 0.6119563390625 0.90274698125 0.6074777984375 0.9056296265625001 0.6062968093750001 0.90448865 0.6031810625 0.9032382515625 0.6023359734375 0.90427619375 0.6022957390625 0.90501314375 0.6026803859375 0.9065768750000001 0.6028313062499999 0.9074228124999999 0.6019351312500001 0.9077301906249999 0.5976222015625 0.9103565437500001 0.5976547562500001 0.9147590828125001 0.6032470062499999 0.9173045765625 0.60519879375 0.9176575187499999 0.607768953125 0.9202919828124999 0.6091596296875 0.9178699734375 0.6105464640625 0.918017709375 0.612937825 0.9180952 0.616996159375 0.917077278125 0.6207100796875 0.9137586765625001 0.6263393921875 0.908960221875 0.627004178125 0.9092808031249999 0.6270505890625 0.9073198625 0.626321528125 0.9034554531250001 0.625686125 0.9009304078125 0.6203129109375001 0.9002049375000001
0 0.5995903484375 0.9201297515625001 0.599560965625 0.9223342125 0.6013773578125 0.9260002328124999 0.6050595578125 0.9235403421875 0.6055083140625 0.9142099078125 0.606586965625 0.8994517656250001 0.6065884671874999 0.8955362687499999 0.6066665984374999 0.8927166171875 0.603323303125 0.8895244359375001 0.6001758359375 0.8891327499999999 0.5943577062500001 0.8951679671875 0.5955650718750001 0.9019354749999999 0.5968041562499999 0.907844271875 0.5957153234375 0.9119581562500001 0.59579045 0.9169694984375001 0.5995903484375 0.9201297515625001
0 0.6353741375 0.8801161171875 0.6327895453125 0.8806296109374999 0.6332852375 0.8832570437499999 0.6342239546874999 0.8841896859375 0.635542584375 0.88609405 0.63398513125 0.8896969562500001 0.6346770796875 0.89156195 0.6362003656249999 0.8910394796875 0.6366086578125 0.888847978125 0.6382171890625 0.8886523078125 0.647487440625 0.8891687359375 0.648734446875 0.8855875375 0.6455962734375 0.88264574375 0.640800646875 0.880984515625 0.637810375 0.8819423296875 0.6353741375 0.8801161171875
0 0.642903621875 0.8664455125 0.6448479109374999 0.8710514093749999 0.6409652343750001 0.871738865625 0.6414509374999999 0.875115709375 0.6442133984375 0.8762535874999999 0.6466927671875 0.8769121171875 0.6471347703125 0.8778794953125001 0.6495346843750001 0.878294009375 0.650540709375 0.8757279484374999 0.6525764875 0.8745041171875 0.65893535625 0.8726452234375 0.6612841921875 0.869652503125 0.6611157453125001 0.8636745687499999 0.6591688453125 0.860815853125 0.6579686046875 0.8588200203125 0.6570456671875 0.85722075 0.6521112171875 0.8633891328125 0.650273284375 0.864765509375 0.6480770046875 0.8645863265625 0.6463195500000001 0.8635445531249999 0.6436381359375 0.863565675 0.642903621875 0.8664455125
0 0.6596546625 0.8740091640625 0.6563729 0.8761520265625 0.6555399734375 0.8776245078124999 0.6573553171875 0.8794941375 0.6592153828125 0.8811110687499999 0.659862609375 0.8832287609374999 0.6613680734375 0.8886972500000001 0.663484896875 0.8886324171875 0.66468298125 0.8861361171875 0.665427484375 0.882506865625 0.667175971875 0.8816358859375001 0.6768345375 0.8814596359375001 0.6776910734375 0.8740789812499999 0.67459705625 0.8673073375 0.6666380546874999 0.8676975046875001 0.661760928125 0.8711165937500001 0.6596546625 0.8740091640625
0 0.66850379375 0.9050859328125 0.6653619890625 0.9065534859375 0.6602970046875 0.909070615625 0.65811128125 0.9117191703125 0.6593893890625 0.9130440343749999 0.661129478125 0.9138374499999999 0.6622508296875 0.9191664156250001 0.6620072390625 0.9219287359375 0.662733921875 0.92429044375 0.665256425 0.9237812921874999 0.666151440625 0.9223044671875 0.6654305468749999 0.9200255453124999 0.6658098921875 0.9174201156249999 0.668146128125 0.9169239875 0.6733632140625 0.91747426875 0.6781393171875 0.91439500625 0.678225584375 0.912059640625 0.67848915 0.907798496875 0.6776830125 0.9051927734375 0.6727011171874999 0.9035445718749999 0.66850379375 0.9050859328125
0 0.6868293125 0.925350815625 0.6870566703125001 0.9294944375 0.6872519046875001 0.9313941671875 0.68921719375 0.9318390734375 0.690195865625 0.9297740687499999 0.6898443296875 0.9256391265625 0.6918164296875 0.923504653125 0.69570330625 0.9219849999999999 0.6983452203125 0.9187222125 0.69874874375 0.9137857593750001 0.6972696140625 0.9104783812499999 0.691588959375 0.9095445640625 0.6894148140625 0.9123586890625001 0.68844771875 0.9145892671875 0.6878052609374999 0.915216525 0.6852691359375 0.9208844375 0.684093640625 0.9201347328124999 0.6808823671875001 0.9206088578125 0.681593271875 0.92363719375 0.6851555140625 0.9237208593749999 0.6868293125 0.925350815625
0 0.707281075 0.9412243015625 0.706458703125 0.9455245203124999 0.70526481875 0.9471886250000001 0.7022961140625 0.947562596875 0.70245559375 0.951627778125 0.7030375515625 0.95191984375 0.7052164640624999 0.9518506703125 0.70653929375 0.952922834375 0.7093675890625 0.9594634890625 0.7113312890625 0.9589934109374999 0.710896096875 0.955446653125 0.7116048453125 0.95398285625 0.7134312 0.95244090625 0.7154406437499999 0.9490559656249999 0.7171290859375 0.9428649953124999 0.71646869375 0.939666746875 0.715539965625 0.9379846890625 0.7132684296875 0.93672929375 0.7086364828125 0.9383010484375 0.707281075 0.9412243015625
0 0.71505766875 0.9105655671875 0.7151518796875 0.9128051203125 0.7134176937500001 0.9219109546875 0.7173429375 0.9164786671874999 0.719000390625 0.9151980999999999 0.7200585187499999 0.9133771093749999 0.7215592156249999 0.9161006468749999 0.7238549296875 0.9150250203124999 0.7242668531249999 0.9084241687500001 0.7251513125 0.9041196078124999 0.7274432796875 0.8976368656249999 0.7262724390625 0.8898156437500001 0.7233794437500001 0.885026515625 0.7219513906249999 0.8851263749999999 0.72179406875 0.8855533296875 0.7183471515625001 0.8933646906250001 0.7170460000000001 0.90152515 0.71569479375 0.9036162078125001 0.713556403125 0.9042648796874999 0.712977621875 0.90580278125 0.71505766875 0.9105655671875
0 0.7107671546875001 0.9072052078124999 0.7125681968750001 0.900839984375 0.7130747875 0.890239371875 0.7094357 0.888164509375 0.706254959375 0.8899675468750001 0.7042986375 0.8914353937499999 0.703706690625 0.8918927375000001 0.7019151828125 0.9037478671875 0.7038295046874999 0.9106020015625 0.705800128125 0.917369009375 0.7086504437500001 0.9170865062500001 0.708279953125 0.9117882249999999 0.7107671546875001 0.9072052078124999
0 0.690322659375 0.8370078484375 0.6899796375 0.8410249765625 0.6914314125 0.8448334109375001 0.6931341546875001 0.8468772953125001 0.6966043421875 0.8492135390625 0.7011490015625 0.8526393171875 0.7020513953124999 0.8521602625 0.70337626875 0.8479080953125001 0.7013119999999999 0.8424786828125 0.6973708671875001 0.8387611328125001 0.690322659375 0.8370078484375
0 0.694850746875 0.86339535 0.6916546828125 0.859625696875 0.690519709375 0.8594554921875 0.68571205 0.8638680078125001 0.68549899375 0.8679592390625 0.686093665625 0.8755711765624999 0.691765353125 0.8745922390624999 0.69421623125 0.8685975265625 0.694850746875 0.86339535
0 0.6952120421875 0.8926531234375 0.6998918921875 0.8926586390625 0.7029368734375 0.8906987125000001 0.705916021875 0.8833360109375 0.7086999328125 0.8765985765625001 0.708477346875 0.8726749109374999 0.7055659640624999 0.8702995890624999 0.7043341671875 0.8696370109375 0.6995265078124999 0.8740495265625 0.6963479234375 0.8803446984375001 0.6936802421875 0.885023525 0.69251848125 0.888931525 0.6960923015625 0.8891807609375 0.6952120421875 0.8926531234375
0 0.775699340625 0.9508865203125 0.7763053484375 0.9468021484375001 0.7801830937500001 0.9499785749999999 0.778935553125 0.94233846875 0.7811785640625 0.9425382703125 0.7789490156250001 0.9361556546875001 0.7752456453125001 0.9265473999999999 0.7723490984375 0.9170016078125001 0.768781171875 0.9157056328125 0.7659524249999999 0.917330025 0.7635929484374999 0.92439018125 0.7654427671875 0.930442703125 0.768609228125 0.9374730937500001 0.7698913203125 0.9417820828125001 0.771637328125 0.94379986875 0.775699340625 0.9508865203125
0 0.7574279078124999 0.9280311015624999 0.759385921875 0.9267053625000001 0.7588932953125 0.9171103546875001 0.75993694375 0.914184203125 0.759192409375 0.9035368703125 0.7534491109375 0.8991831937500001 0.75122264375 0.89922 0.7514414625 0.8997991109375001 0.748168428125 0.9103707328124999 0.749463334375 0.9174131140625 0.7474767734375 0.9208807296874999 0.748831046875 0.92494690625 0.753351621875 0.9220153874999999 0.7574279078124999 0.9280311015624999
0 0.7701970874999999 0.8530746 0.7699789203125 0.84357928125 0.7702306671875 0.8306035203125001 0.7672672890625 0.8290275062499999 0.7628948109375 0.8289766140625 0.7580825859375 0.8404880421875 0.7565878390624999 0.8484387890624999 0.7585700203125 0.85638416875 0.76503514375 0.8583097265624999 0.7680376140625 0.8591697140625 0.7701970874999999 0.8530746
0 0.7826549828125 0.9100990765624999 0.7815706234375 0.9035175015625001 0.7838835468750001 0.9021669453125 0.7844519234375 0.89499426875 0.780447009375 0.8836238671875 0.7775022875 0.8695639203125 0.77334635625 0.8687845921875 0.77086425 0.8702658624999999 0.7697829703125 0.8701037078124999 0.7729661390625 0.8913987921875 0.7717022124999999 0.897550165625 0.7713292968750001 0.9011427078124999 0.7757582249999999 0.9058260578124999 0.7782810437500001 0.9138525171874999 0.7826549828125 0.9100990765624999
0 0.79229451875 0.891117159375 0.7940802671875 0.8835027109375 0.7919868125 0.8765161703125001 0.7880728953125 0.8664471078125 0.7851794296875 0.8633207390625 0.7821686859375 0.8623424468750001 0.7792654890625 0.86290210625 0.776775109375 0.8642650734374999 0.7812462078125 0.8746518171875 0.782557659375 0.88193080625 0.78306375 0.8853430015624999 0.7861534859375 0.8900011156250001 0.7892823156250001 0.8939432015625 0.79229451875 0.891117159375
0 0.7970165609375 0.81838771875 0.799388203125 0.8229771640625 0.8018959390625 0.8269626828125001 0.800551396875 0.819210478125 0.8060036937499999 0.8232278578125 0.8039478703125 0.8193296203125 0.802325140625 0.8139745125 0.8039613343750001 0.81314680625 0.8030424265624999 0.8089313046875001 0.8010219624999999 0.806813828125 0.800487975 0.7966273 0.7978005140625 0.791346646875 0.793016675 0.7866881140624999 0.7888855625 0.7862636953125001 0.7858673578125 0.790278978125 0.7861817156249999 0.7947745187499999 0.7936207359375 0.8093523687499999 0.793691459375 0.8129138890625001 0.791983084375 0.8139844078125 0.7922703546875 0.816817490625 0.794895365625 0.8186549296875001 0.7970165609375 0.81838771875
0 0.7240566171875 0.7893131859375 0.7257938687500001 0.7893363421874999 0.7276135140625 0.794416 0.729871765625 0.7949089484375 0.7293310328125 0.7887274093750001 0.7312681984375 0.790833809375 0.73057836875 0.7863983265625001 0.7323631828125 0.7855503390624999 0.7320338109375 0.782391378125 0.7294562499999999 0.778883396875 0.728466846875 0.77714463125 0.7262606 0.7642093390625 0.7252698140625 0.761675171875 0.721490209375 0.76114396875 0.720768409375 0.76090516875 0.7177440546875 0.7657450078125 0.7176608718749999 0.77153626875 0.72063184375 0.7783433703125 0.7232812375 0.7836542796875 0.72282980625 0.7865062515625 0.7240566171875 0.7893131859375
0 0.73012654375 0.7551162031249999 0.7324040359375 0.75821125625 0.732791034375 0.7606430093750001 0.7330096968750001 0.7622187171875 0.736217978125 0.7615604640625 0.7381299828125 0.7633070328125 0.740221278125 0.763739340625 0.7398186890625 0.757982046875 0.740746321875 0.758061815625 0.741108553125 0.7547098562500001 0.739070740625 0.75116413125 0.7389147375 0.74893318125 0.7411340125 0.7411122812500001 0.7395901609375 0.733771478125 0.735848053125 0.7322252 0.734068271875 0.733145153125 0.731402990625 0.738466109375 0.7326330578125 0.745973490625 0.7324592937500001 0.7504693625 0.7322209953125001 0.75171543125 0.7303232000000001 0.7524990015624999 0.73012654375 0.7551162031249999
0 0.7455455234375 0.76076358125 0.7472027515625 0.7627449203125 0.748552609375 0.76576020625 0.7483586171875001 0.7614346875 0.7504590875 0.7643251671875 0.752005603125 0.7647232500000001 0.7511108296875 0.7581325578125 0.753495778125 0.758110421875 0.7525419953125 0.7514515375 0.75071731875 0.7462999140625 0.750000453125 0.7375995578125 0.7475322265625 0.7348794296875 0.74386056875 0.7343406781249999 0.7426644453125 0.7350751828125001 0.7423758234375 0.735601590625 0.7417245765625 0.7449038406249999 0.742999440625 0.7499492765625 0.7448401046875001 0.7530025593749999 0.744583059375 0.7547561671875 0.743669634375 0.7572065359375 0.7455455234375 0.76076358125
0 0.76270123125 0.8058851484374999 0.764989140625 0.808891190625 0.7663787875 0.8075407968749999 0.7685122625 0.8040936640625 0.767444984375 0.79519788125 0.7661474968750001 0.7929140875 0.7663697890625001 0.7868962828125 0.7638674171875001 0.781530715625 0.7623980328125 0.7782036 0.7594372140625001 0.7768935859375 0.75729465 0.7879925906249999 0.7568599625 0.7902655890625 0.7587328046875 0.79653264375 0.7618530078125 0.7994145265625 0.762967353125 0.801909003125 0.76270123125 0.8058851484374999
0 0.7642810453125 0.76197795 0.7677462984375001 0.7676719390625 0.770556190625 0.7774352484375 0.773178709375 0.7823966609374999 0.7748228671875 0.783271075 0.7803006390625 0.788032828125 0.780875090625 0.786343684375 0.7793460375000001 0.7821632765625 0.7767911078124999 0.777460975 0.77506928125 0.7705237703125001 0.7732602484375 0.762339446875 0.7684878765625001 0.7513941859375 0.7679234140625 0.7511038640625001 0.7650635718750001 0.7512378843749999 0.762644715625 0.75272620625 0.7620411046875 0.7582430046875 0.7642810453125 0.76197795
0 0.7734358296875 0.7938555359375 0.77629693125 0.7944469734374999 0.7764954656249999 0.7902117203125 0.7747386296875 0.786311075 0.772324725 0.7829180890625 0.769705896875 0.7723499125 0.7675906921875 0.76827645 0.7623199140625 0.7693046078125 0.7626962828125 0.774686921875 0.76552660625 0.7833275015625001 0.7669934703125 0.785203696875 0.7679442890625 0.7888968671875001 0.766084046875 0.789884415625 0.7665847015625 0.792092009375 0.768448725 0.7932808421875001 0.7707461734375001 0.791471215625 0.7734358296875 0.7938555359375
0 0.7669634203125 0.712638771875 0.770941565625 0.7173548046875 0.7725193906250001 0.721136065625 0.7751765328125 0.7229609171875 0.77674320625 0.720321828125 0.7778455328125 0.721477084375 0.7828156484375 0.727161509375 0.783066275 0.724484728125 0.7823893562500001 0.7224565484375 0.7858895265625 0.72311983125 0.785335265625 0.720758771875 0.7819212046875 0.7164573140625 0.782003240625 0.7155435390625 0.7829709625 0.71268689375 0.781387828125 0.710916659375 0.779064234375 0.711079140625 0.7770524171875001 0.7108306625 0.775946815625 0.710324234375 0.77472059375 0.7087884828125001 0.7754352109375 0.7071818750000001 0.77410969375 0.70422615 0.7712293609375 0.700600828125 0.7679449484374999 0.6974577828124999 0.7658453421875 0.6973451609375 0.7633802390625 0.6996579140625 0.763151384375 0.7047329890625 0.7644658390625 0.7089218265625 0.7669634203125 0.712638771875
0 0.773045153125 0.742567925 0.776085046875 0.7443011515625 0.7774814515624999 0.739922753125 0.7776188015625001 0.7328434203125 0.77366401875 0.7263745375 0.77024668125 0.7227219078125 0.7674175890625 0.715655428125 0.7608258421875 0.7139111312499999 0.7590913765625 0.7162376546875 0.7584264046875 0.7185542484375 0.7638593640625 0.7322489375 0.7667815546875001 0.7371685296875 0.7682141546875 0.74095994375 0.771275378125 0.742302521875 0.7726533734375 0.7425304609375 0.773045153125 0.742567925
0 0.7572591578125001 0.6837425875 0.765038678125 0.6919731703124999 0.7677824859375 0.6955715078125 0.76920345 0.6941741296874999 0.769705865625 0.6913352859375 0.7703311234375 0.6902531515625 0.772375078125 0.6905255890625 0.7736502468750001 0.6903845 0.773516565625 0.6884727859375 0.7727845484375 0.6869144359375 0.7711307265625 0.6860955109375 0.7695967687499999 0.6853201265625 0.76890449375 0.684330121875 0.767308125 0.682105325 0.7667317484375 0.6788746328124999 0.7619488750000001 0.6717325187500001 0.7608736953124999 0.6713923375 0.7590803125 0.67136198125 0.7563303390625 0.674357990625 0.7566203687499999 0.6790624828125 0.7572591578125001 0.6837425875
0 0.6764292921874999 0.6324627296875 0.6779824140625 0.6339033359374999 0.6797567828125 0.6315845453125 0.6820305359375001 0.63433031875 0.6830851515624999 0.6362576359375 0.6827584812499999 0.6322783515625 0.685052228125 0.6339253703125001 0.686086409375 0.6341758046875 0.6842058234375 0.630821584375 0.6837505625 0.628465053125 0.6850746 0.6266296062500001 0.684876959375 0.6238032062500001 0.6808712875 0.62259865 0.680021625 0.620140596875 0.6778066171875 0.6133885890624999 0.6733391671875 0.611118965625 0.6700868062499999 0.6123791984375 0.6681299468749999 0.6155499078125 0.6680033812499999 0.615816959375 0.6691792765625 0.6194786578125 0.67181273125 0.62252203125 0.6752182546875 0.6262214703125 0.6770796406249999 0.6286087765625 0.6761924578125 0.629768171875 0.6764292921874999 0.6324627296875
0 0.6746506078125 0.6499511765625 0.6770035421875 0.650367596875 0.6803943593749999 0.6531643593750001 0.679515278125 0.6489009515624999 0.6815322046875 0.650050921875 0.6812929046875 0.645936428125 0.68148843125 0.6425015828125 0.6791485328125 0.63950223125 0.6765465203125001 0.6369085125 0.6742171890625 0.629906296875 0.6716416890625 0.6249223578125 0.667738890625 0.6224196 0.6645391984375 0.6237407 0.6634450375000001 0.6267865328125 0.663015140625 0.628946759375 0.6661667437500001 0.635245971875 0.6706473171875 0.6425496125 0.6729043375 0.6457484078125 0.6711299687500001 0.6480671984375 0.672242978125 0.6508295890625 0.6746506078125 0.6499511765625
0 0.66417368125 0.685670134375 0.6618456734375 0.68699483125 0.6597838265625 0.685202496875 0.6576391015625 0.6836096078125 0.6567756109375 0.6858001546875 0.6578090000000001 0.688116259375 0.6597899921875 0.688752340625 0.6607694796875 0.6902976093750001 0.6608018015625 0.6962985390624999 0.6615629484375 0.7057987796875 0.665123575 0.705485246875 0.666291190625 0.69933585625 0.665563159375 0.6937708781249999 0.666728309375 0.6862015515625 0.66417368125 0.685670134375
0 0.6678296015625 0.7351828765625 0.6718339515625 0.7280605203125 0.6742639515625 0.7198863421875 0.6718921703125 0.7136617000000001 0.6656348515625 0.714873859375 0.662632359375 0.716245721875 0.6615724609375 0.7163198375000001 0.6602138078124999 0.7259683078125 0.6562469796875 0.72947321875 0.6545604218750001 0.7344324359375001 0.654197553125 0.742397515625 0.6604152359375 0.738541559375 0.6678296015625 0.7351828765625
0 0.6719073171875001 0.75264910625 0.672959025 0.7503808484375 0.6753788968750001 0.7489851765625 0.6761807359375 0.7466052921874999 0.67391473125 0.7432780218749999 0.673042609375 0.7404987859375 0.6705365125 0.7351226921875 0.6664916484375001 0.7340499781250001 0.6645939750000001 0.7359900875000001 0.6637484515625001 0.7384375796875 0.6637586671875 0.7392760203125001 0.667318146875 0.7458694640625 0.6689284296875 0.7474351734375 0.66959639375 0.748679475 0.66908934375 0.7518133515625001 0.6702313281250001 0.753605459375 0.6719073171875001 0.75264910625
0 0.7593302390625001 0.6497612640625 0.755315175 0.644602975 0.7538122125 0.642555115625 0.75298149375 0.63796735 0.7484712140625 0.6354499015624999 0.743743090625 0.6358938375000001 0.7435252453125 0.638855221875 0.7474657859375 0.645378484375 0.7517266796875 0.6504062703125 0.7511232375 0.6527147375 0.7525043671875 0.655450996875 0.7577907890625 0.65326831875 0.7593302390625001 0.6497612640625
0 0.725564375 0.5643044234375 0.7215285921875 0.5649265734375 0.7277519484375 0.5797887187499999 0.7310216375 0.5852257562500001 0.73633604375 0.5858739578125001 0.7362613671875 0.5738679453125 0.733111346875 0.5664962124999999 0.725564375 0.5643044234375
0 0.7743479671875 0.570411478125 0.7793061515625 0.5696115140625 0.7804937093750001 0.5671488874999999 0.779372015625 0.5632613515625 0.77590380625 0.558631390625 0.7730104375 0.5573606390625 0.7713605953125 0.5592890234375 0.7698089296874999 0.5601907203125001 0.7652864375 0.555067915625 0.7570965968750001 0.5546207828124999 0.757135403125 0.5636831515625 0.7579324171875 0.5665735703125 0.7633988031250001 0.5706105499999999 0.7701867953125 0.574101859375 0.7743479671875 0.570411478125
0 0.7482915609375 0.593989715625 0.753063440625 0.596602184375 0.7561710984375 0.597291384375 0.7610569265625 0.599102690625 0.7609457609375 0.59265159375 0.7609256625 0.5899334734374999 0.760246153125 0.583862059375 0.7569593015625 0.581825628125 0.7534008 0.5783351156250001 0.751462765625 0.5737114703125 0.7456730890625 0.5650512421875 0.7449628109375 0.56340120625 0.7409952140625 0.5722904765625 0.7403903781250001 0.578225071875 0.7438607515625 0.5841013296875001 0.7482915609375 0.593989715625
0 0.7696368453125 0.6160663203125 0.7684792828125 0.609235140625 0.7649738125 0.6052876656249999 0.7618740390625 0.6047112296875 0.761065584375 0.60408788125 0.7581501046875 0.612223696875 0.7579308671875 0.6188112125 0.76088948125 0.6222303578124999 0.7626698140625 0.6245987625 0.768788346875 0.6233777171875 0.7696368453125 0.6160663203125
0 0.7605697484375 0.615227278125 0.7582776578125 0.6104017609375 0.7550215734375 0.6039439515625 0.749701446875 0.604429284375 0.74865365625 0.6076753312500001 0.748823571875 0.6125359312499999 0.7532421671875 0.6198189578125 0.7534335750000001 0.623771546875 0.757066596875 0.6258970859375 0.7590841015625001 0.623149796875 0.7620397796875 0.6204502171875 0.7605697484375 0.615227278125
0 0.7725492296875001 0.650423290625 0.7741947437500001 0.6460023109375 0.7705079171875 0.6394613078125 0.7688293171875 0.633686384375 0.763711265625 0.6309848078125 0.759527059375 0.625838346875 0.7548827328125001 0.621403940625 0.7451232937500001 0.620386684375 0.7440023734375 0.6213715750000001 0.7418902468749999 0.6227657203125 0.7525436390625 0.642643821875 0.7593824984374999 0.6444318734375 0.7632004343750001 0.6467711078125 0.7646990671875 0.6463263734375 0.7686940328125 0.6487665421875 0.7725492296875001 0.650423290625
0 0.6326846500000001 0.5832193343750001 0.63474655625 0.58611755 0.6405023984375 0.5850389734375 0.6482609578125 0.583594990625 0.6533724453125 0.5769274 0.6529390312500001 0.5695207328125 0.6493868515625 0.5670647718749999 0.6481096703125 0.5669287171875 0.642499271875 0.57250438125 0.6401644640625 0.5753720015625 0.6371525515625 0.5758079765625 0.6354591765625 0.5781800171875 0.6360051343750001 0.5799447437499999 0.6326846500000001 0.5832193343750001
0 0.67036799375 0.5975991546875 0.6714883515625 0.5954925453125 0.6726984984375 0.59225284375 0.6718781015624999 0.586563459375 0.667809175 0.5815519578125 0.665942528125 0.576611821875 0.662148040625 0.57552498125 0.658635834375 0.5784749328125 0.65755821875 0.5787756500000001 0.6610135390625 0.5870978203125 0.6621425046875 0.5899485921875 0.6627476546875 0.594976940625 0.6660867421875001 0.5980112109375 0.66791556875 0.5987847796875 0.67036799375 0.5975991546875
0 0.6642515296875 0.5151782593750001 0.6656776234375 0.517012553125 0.6661451171875 0.523698028125 0.6689463328125 0.5179036781249999 0.6703563156250001 0.518415825 0.67257684375 0.5163265328125 0.673234753125 0.5093587828125 0.6746562640625 0.504577025 0.6756566687500001 0.4959566796875 0.6705942312500001 0.49234085624999996 0.66865439375 0.49298545312500003 0.66655691875 0.50229325625 0.6660612296874999 0.5072138546875 0.665027909375 0.5088129671875 0.6630475171875 0.5099693546874999 0.6622582218749999 0.5128746765625001 0.6642515296875 0.5151782593750001
0 0.69891401875 0.5359626234375 0.697700978125 0.5295328640625 0.6962626625 0.5286155375 0.6930274234375 0.5271113328125 0.6922728499999999 0.5261461921875 0.689048028125 0.5346167125 0.6914695265625 0.540860178125 0.6924456265625001 0.546085021875 0.6952797562499999 0.5473119046875 0.6984099968749999 0.54403930625 0.69891401875 0.5359626234375
0 0.7037132640625 0.5510991625 0.7007033015624999 0.5440825234375 0.6947144859375001 0.547962175 0.6917374406250001 0.5479667703125 0.6911386953124999 0.549230121875 0.6925493734375 0.5541192046875001 0.6926582609375 0.5611351250000001 0.6950919796874999 0.5664616234375 0.700125390625 0.5652953296875001 0.7000235859374999 0.558380703125 0.7005585812499999 0.5562056953125001 0.7037132640625 0.5510991625
0 0.6744189078125 0.4673383515625 0.681987703125 0.466401928125 0.6898777453125 0.463509025 0.6903116296875 0.45879632812500004 0.68594585 0.4585926609375 0.685668353125 0.4578995328125 0.683150328125 0.4557344328125 0.679390375 0.454368709375 0.669591328125 0.45179663281250004 0.669234665625 0.45324663750000005 0.6667727515624999 0.4595262125 0.6667521953125 0.463599265625 0.6703621515625 0.466095171875 0.6744189078125 0.4673383515625
0 0.6973748734375 0.5008507875 0.699925675 0.49802586875 0.701808846875 0.49657090937500004 0.704556728125 0.49983963124999997 0.70547546875 0.4998771765625 0.7063710109375 0.4984912796875 0.7059479625 0.4935331359375 0.706050878125 0.48517912812499997 0.7053000546875 0.4744418546875 0.70318508125 0.473673634375 0.696243359375 0.47375188437500004 0.694257828125 0.475926534375 0.695035596875 0.47831511562499995 0.6966079374999999 0.48879136562500003 0.6981583359375 0.494586790625 0.6977327843750001 0.49614340312499994 0.6953796203125 0.497427646875 0.695501978125 0.5002692203125 0.6973748734375 0.5008507875
0 0.7075939124999999 0.52253008125 0.7096722203125 0.5260492046875 0.7119481624999999 0.528027653125 0.7149992375 0.5268981875 0.71228024375 0.5164003312500001 0.713808003125 0.5131379984375 0.71406925 0.5004977265624999 0.70923153125 0.499003784375 0.7041575671875 0.500681865625 0.7029845265625 0.5013746359375 0.70246689375 0.5016144125 0.70142079375 0.511764809375 0.7040257624999999 0.5162650078125 0.702635778125 0.519314125 0.7008517734375 0.522187215625 0.7032513265625 0.5237498578124999 0.7075939124999999 0.52253008125
0 0.76586150625 0.5026493140625 0.7650072421874999 0.5012028187500001 0.7684096375 0.50247113125 0.7680812234375 0.49777457500000005 0.7649525749999999 0.497190028125 0.764621009375 0.4946024140625 0.7572788593750001 0.48868924375 0.753884684375 0.48430748125 0.749245078125 0.4847323296875 0.74561154375 0.48769762656250004 0.7513945078125001 0.4982385140625 0.75490486875 0.49889678593750003 0.7577585328125 0.50201094375 0.7611418859375 0.5040839109374999 0.7669984234375 0.505983934375 0.76586150625 0.5026493140625
0 0.750110165625 0.4884876203125 0.745362459375 0.4776735078125 0.7394919453125001 0.4755736296875 0.735736471875 0.47894911562500003 0.7354144953125 0.481883675 0.7399272296875 0.49472252499999997 0.7418764859375 0.4989040796875 0.7441204531250001 0.5040691796875 0.74823859375 0.501572075 0.7518429453125 0.50142045 0.750110165625 0.4884876203125
0 0.7635552 0.48905368281249995 0.76612813125 0.4913841484375 0.7660233171875 0.48988524843750003 0.76758510625 0.4906797765625 0.7655951578125 0.4826852828125 0.765216596875 0.48050261718750004 0.76749098125 0.47964066875 0.7670666578125 0.474649571875 0.7632577484375 0.4707988875 0.7599301625 0.4576763328125 0.7571482890625 0.456665875 0.7513705328125 0.4569694796875 0.7488592578125 0.45875173125 0.7471253828125 0.4608812828125 0.7528931359375 0.474435696875 0.756919890625 0.4781707328125 0.755995203125 0.48325616250000003 0.7592775765625001 0.486039096875 0.7606996140625 0.48483508906250006 0.7635552 0.48905368281249995
0 0.7493013953125 0.41122435 0.75180253125 0.4114511140625 0.7536113515625 0.409316321875 0.756661903125 0.4120150515625 0.7585844421875 0.41258352187499997 0.759464053125 0.4090074765625 0.759676146875 0.40557852343749995 0.755674190625 0.4043521375 0.7554874453125 0.40275855 0.7558316171875 0.3969103921875 0.7518556937499999 0.394979278125 0.7475787546875 0.396282503125 0.7428425562500001 0.39209499999999997 0.7394471484375 0.39092661562500003 0.7361324406249999 0.39306629375 0.7353557234375 0.39703680625 0.7359311703125 0.39880404375 0.7391164031249999 0.40450581718749995 0.7429354499999999 0.4063474859375 0.7464438921875 0.4059013203125 0.74690055 0.405969803125 0.74848015 0.4091730546875 0.7493013953125 0.41122435
0 0.74754751875 0.3861427375 0.7476458906250001 0.380010521875 0.7437328546875001 0.378978746875 0.7389617203125 0.374291609375 0.733997534375 0.3722287703125 0.730783803125 0.37365848125 0.73002613125 0.3768243390625 0.72973210625 0.38015860625000003 0.73571825625 0.38606618125000003 0.73941344375 0.387213603125 0.7410120890624999 0.3896121984375 0.7435361078125 0.391243178125 0.74597051875 0.388361734375 0.74754751875 0.3861427375
0 0.7051060125 0.35647554531250003 0.70744711875 0.35872180625 0.714163675 0.3653816296875 0.719957325 0.3663823140625 0.7253444625000001 0.364800625 0.7262202390625 0.359015709375 0.7222982984375 0.3567795734375 0.7202201140625 0.3529082796875 0.71767198125 0.3530864625 0.714416325 0.3539166125 0.7112228703125 0.35132829062500004 0.7098739968750001 0.3489224328125 0.7075397390625 0.3492762875 0.704437809375 0.352304825 0.7051060125 0.35647554531250003
0 0.7281397625 0.373542125 0.7228389421875 0.3698961796875 0.717018575 0.3652824125 0.7134783453125 0.36312 0.7095005046875 0.3600844515625 0.70599713125 0.3595261078125 0.7039501859375 0.36579458125 0.706673690625 0.3724323796875 0.7079877640625 0.3718384140625 0.7164090125 0.3791823546875 0.7223004890625 0.38158201406250003 0.7249953578125 0.3835022921875 0.729142134375 0.38572270625 0.7296711359375 0.3803637 0.7281397625 0.373542125
0 0.751654015625 0.36517001875 0.751105834375 0.3594846765625 0.748483990625 0.356454721875 0.748985725 0.35501382187499997 0.7469126109374999 0.3501380203125 0.7388279984375 0.3443771828125 0.7333143984375 0.33984238125 0.7291613203125 0.34183985156249996 0.7286532828125 0.3474986375 0.7291467968750001 0.3491711890625 0.7341555093750001 0.3572558359375 0.7369412171875 0.3604751625 0.7417904515625 0.363048115625 0.7452899875 0.36139758906249997 0.7489191359375 0.363754615625 0.751654015625 0.36517001875
0 0.722615209375 0.24499511875 0.7162359765625 0.24423621406249998 0.714183275 0.2471913828125 0.7138123859375 0.24942645625 0.715230725 0.25786258281249996 0.7201447625 0.2624393109375 0.724203303125 0.2687829234375 0.7278889015625001 0.264408171875 0.7254066734375 0.25152775 0.722615209375 0.24499511875
0 0.7328782953124999 0.30452667031249997 0.7321243234375 0.29805239375000003 0.7336924171875 0.294629034375 0.7332293187500001 0.286929434375 0.7303064609375001 0.2871338203125 0.7270946484375 0.2896679671875 0.7170298140625 0.2932838140625 0.7153588265625 0.29631270625 0.716572609375 0.300746521875 0.719955959375 0.3028194875 0.7245504890625 0.303904021875 0.7328782953124999 0.30452667031249997
0 0.6935511890625 0.251546165625 0.69975696875 0.2465935234375 0.697671796875 0.24262230156250003 0.698663209375 0.240645084375 0.69648911875 0.2364792515625 0.6923620703125 0.237771996875 0.6899688984375 0.2369351890625 0.6835337625 0.23537687031250001 0.6812111515625 0.23985714374999997 0.6803657921874999 0.2396150125 0.6790676125 0.241513265625 0.6798596734375 0.24637823281250001 0.6836704984375 0.2513333515625 0.6935511890625 0.251546165625
0 0.68189694375 0.2787886515625 0.678572403125 0.27829008593750004 0.6768589046875 0.2750680109375 0.6737035062500001 0.27810838125 0.6729914609375001 0.28024685625 0.6712060046875 0.280476140625 0.667118546875 0.2813885703125 0.661775428125 0.2856262625 0.6630563109375001 0.2927426546875 0.66542770625 0.29529212031249996 0.6732327031249999 0.29265765625 0.68284951875 0.28457035468749997 0.68189694375 0.2787886515625
0 0.7139275781250001 0.3392093734375 0.712901046875 0.3357303921875 0.7164428921875 0.3348561171875 0.71546324375 0.32980734375 0.70830545625 0.3215353921875 0.703760165625 0.3159004796875 0.6978073124999999 0.3158990078125 0.6940336296875 0.3179382703125 0.699073090625 0.330640153125 0.7047366796875 0.335465825 0.7070413859375 0.34042194062500003 0.70910826875 0.343097134375 0.7119162671875 0.34404955625 0.7139275781250001 0.3392093734375
0 0.6852335875 0.41275328125 0.68911955625 0.4100795609375 0.6897351328125 0.4054414109375 0.6861978484375 0.40078035312500004 0.6842808703125 0.39464835 0.6823190046875001 0.3912347734375 0.6794475984375 0.39049565468749997 0.6770260453125 0.39170932812500003 0.676253296875 0.3997003640625 0.6789602640625 0.40368844218750005 0.6792562265625001 0.40680077187499997 0.6817907765625 0.40944326249999996 0.6834058093750001 0.4090170265625 0.6852335875 0.41275328125
0 0.662309634375 0.385114703125 0.6646419859375 0.3815052796875 0.665319690625 0.3799958125 0.663026240625 0.377440896875 0.6581500765625 0.377155265625 0.6531847109375 0.3744738859375 0.6478752234375 0.3735919515625 0.646264178125 0.3763154609375 0.646103728125 0.38186169375 0.6513339921875 0.3860910640625 0.6567610390625 0.38529383125 0.6584837984374999 0.38976846875 0.6613862703125 0.39207192968750004 0.6630316546875 0.3887194109375 0.662309634375 0.385114703125
0 0.6720730781250001 0.37576393750000003 0.6722249765625 0.3734557640625 0.6693257828125 0.3689589546875 0.6673784515625 0.3657532328125 0.6636383968749999 0.3626728671875 0.6586023546875001 0.36010086406249997 0.6552111265625 0.36200894843750003 0.653063734375 0.366023175 0.6525439140625 0.3686703796875 0.6596771921875 0.37099129531249997 0.663656353125 0.3730105984375 0.6639483234375 0.3738256546875 0.6646974171875 0.37669743125 0.66815604375 0.3768733171875 0.6720730781250001 0.37576393750000003
0 0.6098140734374999 0.3378216578125 0.6087353890625 0.33695718124999996 0.6064426515625 0.3388928859375 0.6073661593749999 0.3442588859375 0.609219728125 0.35060419375 0.6081219499999999 0.35506719375 0.6090381890625001 0.36032926875000004 0.6115383984375 0.36360076406249997 0.6169694359375 0.36510080624999997 0.620583240625 0.3607751703125 0.61682395 0.350699059375 0.615025240625 0.3473785078125 0.61477815625 0.3438450234375 0.6132318046874999 0.343013246875 0.611826809375 0.34196271718750004 0.6098140734374999 0.3378216578125
0 0.6225141859375001 0.3178221203125 0.627009178125 0.3148969453125 0.6277212234375 0.31275847031250004 0.628669096875 0.31175228125 0.6319077140625 0.3076617484375 0.629443840625 0.3049098828125 0.630210034375 0.3013055421875 0.6282416140625 0.3022786609375 0.6255373515625 0.303929840625 0.6243754515625 0.304115521875 0.6231534187500001 0.30232115937500004 0.621516584375 0.30243561875 0.620653921875 0.303540284375 0.6205436296875 0.305323378125 0.62051855 0.307204946875 0.618238353125 0.30819986718750003 0.6149594109375001 0.3094734953125 0.6105040328125 0.3107249546875 0.6086518890625 0.31336088906250004 0.6092886984375 0.316867121875 0.6110239953125001 0.3204009765625 0.613819453125 0.32229418125 0.6193567921875001 0.3197138546875 0.6225141859375001 0.3178221203125
0 0.5944447546875 0.3062084796875 0.59738085625 0.3033923125 0.6002204875 0.298076471875 0.6013856640624999 0.2956974421875 0.6020924375 0.2946036765625 0.6057240546875 0.288292546875 0.60427745 0.287767096875 0.6018829718750001 0.2882478390625 0.6033757453125 0.2827128734375 0.601407325 0.28368599375 0.598159446875 0.2865239625 0.5965985609375 0.28548433281249996 0.5948890546875 0.28455953125 0.59358779375 0.2861126046875 0.5939180953125 0.2885959265625 0.594083246875 0.2898375890625 0.593766196875 0.2909041015625 0.5913228421875 0.2918059984375 0.5888378796875 0.2932329734375 0.5833732125 0.2968525609375 0.582610296875 0.298263553125 0.5832834421875 0.3022894171875 0.5846924265625 0.30563721875 0.5901525328125 0.3075529640625 0.5944447546875 0.3062084796875
0 0.5997424140625001 0.36964733125000004 0.6020278828125 0.3676077 0.605194540625 0.366968528125 0.603524646875 0.364370009375 0.605010865625 0.36322174218750003 0.6052572374999999 0.3622646046875 0.6010931203125 0.3598404984375 0.6008242328125 0.3559952359375 0.598388146875 0.35700105781249997 0.5966482859375 0.3590025359375 0.59450018125 0.358526140625 0.5913295359374999 0.3568680375 0.5880631328125 0.35720088125 0.584833065625 0.35805335625 0.5839776718749999 0.359261946875 0.5858385078125 0.365711178125 0.5882535046874999 0.3688842 0.594906575 0.3721786046875 0.5997424140625001 0.36964733125000004
0 0.5721547546875 0.3783646703125 0.5732598 0.374005596875 0.5757275203125001 0.3667315109375 0.5744804078125 0.36681871718750003 0.5705653703125 0.36907673281250003 0.5720475984375 0.3656311921875 0.5715997390625 0.364827034375 0.5685275562500001 0.36681724375 0.566432315625 0.3682169671875 0.5653358203125001 0.369337984375 0.5645947062500001 0.3710607546875 0.5648087328125 0.3718812640625 0.563811984375 0.37330860781249997 0.5613778921875 0.375463065625 0.5583156828125 0.383196459375 0.5593692875 0.38594250625000004 0.5623424359375 0.388136590625 0.5653875453125 0.3868793140625 0.5688837921875 0.3842328453125 0.5721547546875 0.3783646703125
0 0.5842744859375 0.37918812343749997 0.58423544375 0.3730292359375 0.58135676875 0.372186190625 0.5806314703125001 0.37077482968750003 0.5788460140625 0.371004115625 0.57376708125 0.3722991765625 0.5595706328125 0.37538057343750003 0.558306421875 0.3819438953125 0.5692424500000001 0.38264125312499997 0.5744829015625 0.382535890625 0.581028603125 0.3831747296875 0.5842744859375 0.37918812343749997
0 0.5346218265625 0.438636909375 0.53598321875 0.4390638828125 0.534154871875 0.4431602328125 0.53717290625 0.4426358875 0.5363380296875 0.44749824218749995 0.54192225 0.44334812343749996 0.5443846999999999 0.43711874999999994 0.5476391328125 0.42989408593749995 0.5491121 0.4251959796875 0.54651015 0.42046952031249996 0.542525715625 0.41949492812500006 0.540538771875 0.41796292187499995 0.538688053125 0.4295800984375 0.53740859375 0.43144494843750003 0.5340444390625 0.4326201 0.533227375 0.435496959375 0.5335266125 0.43641594218749996 0.5346218265625 0.438636909375
0 0.4749763140625 0.43246874375 0.47562566093749997 0.43503419218749995 0.47310635625 0.43709017499999997 0.48233629999999994 0.44699260937499996 0.4862672953125 0.45392368593750004 0.49218651874999997 0.4590447875 0.49769350625 0.45939074062499996 0.499962446875 0.45599462031250004 0.4996168984375 0.4488128234375 0.49295584843749995 0.4409238734375 0.48951702812500003 0.439911128125 0.48541033437500003 0.433827809375 0.481620121875 0.434510584375 0.48133940781250006 0.4360967265625 0.4749763140625 0.43246874375
0 0.5172209515625 0.604233134375 0.5183041953124999 0.59956228125 0.5200453359375 0.59421881875 0.5198127859375 0.5908931843749999 0.5172220921874999 0.5885679234375 0.516545671875 0.5867354078125 0.513683525 0.58724885 0.5133268609375 0.5899890796875 0.5136769703125 0.591635546875 0.5084110828124999 0.5913771671875 0.5002975859375 0.591840084375 0.5004409359374999 0.59276996875 0.49916347187500004 0.5957834546874999 0.5001939921874999 0.601559709375 0.5071535671875 0.605877021875 0.5172209515625 0.604233134375
0 0.5466103062500001 0.6862475640625 0.545682809375 0.6785842890625 0.541580678125 0.6669656390625 0.53844964375 0.6636338203125 0.5347895281249999 0.6616966421875 0.531381059375 0.6577576171875 0.5318183750000001 0.6606511937499999 0.5327491484375 0.6661211203125 0.527736190625 0.6605189124999999 0.5291782359375 0.6665796921875 0.5290283312499999 0.670036503125 0.5279232859375 0.6743955781250001 0.5309182359375 0.676901440625 0.5322452875 0.6779574203125 0.533787078125 0.684324528125 0.5335023750000001 0.683613396875 0.535054709375 0.6878910828125 0.538336359375 0.6922567140625 0.54405865625 0.6900811890624999 0.5466103062500001 0.6862475640625
0 0.551850028125 0.3092110125 0.5533923421875 0.3022062109375 0.5594668203125 0.29660872656250004 0.556807346875 0.295563096875 0.5584525046875 0.2900290234375 0.5522409015624999 0.2936655375 0.551047446875 0.289807875 0.5472210703125 0.29056808125 0.5450539671875 0.2939217765625 0.54214679375 0.2946177046875 0.5367344109375 0.29647409375 0.5324126375 0.3007174171875 0.5333069703125 0.305581275 0.5346204078125 0.311154784375 0.538485771875 0.3135940078125 0.5430303703125 0.312537259375 0.551850028125 0.3092110125
0 0.5270005890625 0.3316395125 0.52872674375 0.32462185468750004 0.5253910578125 0.3191897546875 0.5227534296874999 0.32109843437499996 0.5187290953125 0.31374393125 0.5163438703125001 0.31662023906250003 0.5135785265624999 0.3219863265625 0.5094063125 0.325726553125 0.503704221875 0.3340075140625 0.505201496875 0.3395681671875 0.5069978953125001 0.344122625 0.5133933390625 0.3404732546875 0.5179799515625 0.33473349531249996 0.5270005890625 0.3316395125
0 0.5328314078124999 0.272361365625 0.534873821875 0.2645826328125 0.534612009375 0.25819662656250003 0.5312047359375 0.259666484375 0.5279641625 0.2608783671875 0.5239243671875 0.263870375 0.5219068234375001 0.266720971875 0.5198768421875 0.2720356359375 0.5152606546875 0.2799943453125 0.5167360875 0.282600690625 0.519780384375 0.2838657296875 0.5243764078125001 0.28354434375 0.529416403125 0.279004478125 0.5328314078124999 0.272361365625
0 0.5188020296875 0.288367896875 0.5148260921875 0.2896312015625 0.5149726265625 0.297010546875 0.5165384656249999 0.3035516859375 0.5234854328125 0.29986375 0.5296798953125 0.29598211406249997 0.535293259375 0.294357990625 0.5325464015625 0.281495125 0.52801894375 0.28279699375 0.5188020296875 0.288367896875
0 0.47306430468749994 0.26570261875 0.4689855234375 0.2654951953125 0.46661273281250004 0.2659074375 0.4654676765625 0.27066758125 0.462329946875 0.273350190625 0.45652030625 0.2774512359375 0.45800514843749995 0.2854759578125 0.46555976406250005 0.28519400781250004 0.47517393593749996 0.277378446875 0.4767286859375 0.267909578125 0.47306430468749994 0.26570261875
0 0.483738834375 0.339098425 0.48824444843750003 0.3348422453125 0.48509730624999997 0.332106478125 0.4848059171875 0.32793941875 0.48020989687500004 0.328260803125 0.47794767968749996 0.32497051718750003 0.4724542984375 0.32831048906250004 0.4739001546875 0.33313577968749997 0.4677009859375 0.33430822656250003 0.46039104374999995 0.3407310609375 0.461079690625 0.34265346406249997 0.46169204375 0.3487686375 0.4688883890625 0.353930775 0.47680598124999996 0.350913925 0.483738834375 0.339098425
0 0.491513928125 0.27328000625 0.48733398437500003 0.28219348593750004 0.4888016859375 0.2899730875 0.49357684375 0.2869296578125 0.49885983125 0.2779390453125 0.498615159375 0.27179816093750003 0.491513928125 0.27328000625
0 0.45557320468749996 0.290326090625 0.45442344375 0.292377046875 0.456322684375 0.298402234375 0.4651204953125 0.2921216765625 0.4680619484375 0.2919159890625 0.46725331875 0.2882777390625 0.4682659546875 0.2842658125 0.4621477859375 0.2839546765625 0.45557320468749996 0.290326090625
0 0.4487220203125 0.3587894203125 0.44684933125 0.3584277328125 0.44369445937499996 0.3608652203125 0.44136535937500004 0.3671860796875 0.4376808125 0.37261644375 0.4369299875 0.383014375 0.44107262656249996 0.38149309531250003 0.4442446359375 0.379300728125 0.44548783125 0.373302121875 0.4461109421875 0.3663615984375 0.4487220203125 0.3587894203125
0 0.3722875765625 0.3409801828125 0.37374889375000003 0.3354589625 0.370089215625 0.3359611921875 0.370986575 0.33294260625 0.3675450203125 0.333922221875 0.3640053265625 0.33614029843750004 0.36288984687500003 0.33868149999999997 0.36085516093750003 0.341286975 0.3576068578125 0.3476721109375 0.3590184328125 0.352007159375 0.361293084375 0.3528333796875 0.36503375937500004 0.3508475671875 0.3702747375 0.34653996875000004 0.3722875765625 0.3409801828125
0 0.3636638546875 0.4475007 0.37248350937499997 0.4441744515625 0.369998465625 0.437697590625 0.3635764703125 0.4356834640625 0.3606397234375 0.43859833593750003 0.35843363125 0.4387526015625 0.35066089375 0.43855716562499997 0.34964825624999996 0.44256909218749996 0.349490965625 0.44824544531250005 0.351684621875 0.45055524687500004 0.35644734375 0.44997588437499997 0.3636638546875 0.4475007
0 0.4169656046875 0.47530240625 0.4226256859375 0.47170445625 0.42336877812499996 0.4664797796875 0.41598859375 0.46133049843749996 0.40895121874999996 0.46108364062499996 0.40670614218749995 0.45803847500000006 0.40195585468750006 0.45615377031250004 0.39190543906249997 0.46301455625 0.39178243125 0.469181153125 0.3938950875 0.4729745375 0.39881207500000004 0.47460126562499994 0.40857278125 0.47416505000000003 0.4169656046875 0.47530240625
0 0.2713969140625 0.3987770109375 0.2754272984375 0.390366628125 0.269583378125 0.39397743125 0.2716476375 0.3891530078125 0.2666590640625 0.3944282390625 0.26368332968749997 0.3941436828125 0.2615847875 0.3984778625 0.2629106578125 0.4015873046875 0.26141035625 0.4039090953125 0.2558921046875 0.4121772 0.2566664546875 0.4153252078125 0.2597107515625 0.4165902484375 0.2640200890625 0.4148109921875 0.269606903125 0.407523371875 0.2713969140625 0.3987770109375
0 0.31248619375 0.33383119375 0.3169185390625 0.3258853421875 0.31601950156249997 0.31831229687499996 0.3101412984375 0.321432859375 0.3083963234375 0.3176137625 0.30347160624999997 0.3211602890625 0.2950414765625 0.3274151359375 0.294349803125 0.33337517499999997 0.2945087734375 0.33829045468749996 0.295800365625 0.3409096546875 0.3051762484375 0.340254028125 0.31248619375 0.33383119375
0 0.3363320703125 0.291767290625 0.3382545015625 0.2822727109375 0.33388433281249996 0.277898228125 0.328587228125 0.2787612765625 0.3249369609375 0.2846818828125 0.3255446109375 0.28808786875000003 0.31785454999999996 0.29700048125 0.31795739375 0.2984712078125 0.3185307625 0.30138695000000004 0.3213569375 0.302174603125 0.3276542421875 0.29976369531249997 0.3363320703125 0.291767290625
0 0.3300834953125 0.33186171249999996 0.33005694375 0.3261982140625 0.3286282296875 0.3216180453125 0.3249342703125 0.32163003125 0.320043834375 0.3256668 0.31859495312499997 0.328723953125 0.3144788671875 0.33590872968749996 0.31583901875 0.339508415625 0.317780271875 0.34085058749999997 0.322158171875 0.3400518171875 0.3268819078125 0.3362730234375 0.3300834953125 0.33186171249999996
0 0.272731528125 0.3491734171875 0.26756684375 0.349288246875 0.2653903296875 0.3472235671875 0.26228688125 0.3503964171875 0.260367475 0.3520085546875 0.24989795468749998 0.3581596890625 0.2513999375 0.36642953125 0.2532259109375 0.36876504374999997 0.2580057734375 0.368430803125 0.2695222109375 0.35875798593749997 0.272731528125 0.3491734171875
0 0.271014115625 0.3034780390625 0.2705761921875 0.29193163437499997 0.2671174953125 0.2926661296875 0.26649270625 0.2890150234375 0.263953215625 0.289685240625 0.26173468906249997 0.292303571875 0.2586140984375 0.295231303125 0.2591360453125 0.2974116828125 0.26015809375 0.29881813125 0.25720890937499996 0.3041970734375 0.2562103875 0.316336565625 0.25669805156250003 0.3180267015625 0.2569847375 0.3194845734375 0.259225109375 0.3198205515625 0.26694171875 0.3165714359375 0.271014115625 0.3034780390625
0 0.2247641890625 0.31311646249999997 0.2236735796875 0.310729528125 0.21038091093750003 0.308210565625 0.20552005 0.3100283890625 0.20786494375000003 0.3224267234375 0.2191477984375 0.3226230296875 0.22276849062499998 0.31892136875 0.2247641890625 0.31311646249999997
0 0.22008414531249998 0.3228038734375 0.2222482234375 0.3273326203125 0.22815297656250003 0.3298755578125 0.22881977656250002 0.3288436515625 0.2361888734375 0.317982925 0.24008683749999998 0.3103207609375 0.23918309531249998 0.300038528125 0.227721103125 0.302564265625 0.22355830000000002 0.3117228671875 0.22008414531249998 0.3228038734375
0 0.12522839375 0.622897984375 0.1200974265625 0.6229456078125 0.12495390625 0.6289849859375 0.122985796875 0.6325454749999999 0.1282851078125 0.6382427171875 0.13494050625 0.6466456593750001 0.1411352421875 0.6451233875 0.1423151328125 0.64364061875 0.1394857765625 0.63154726875 0.1334927125 0.6276099703125 0.1312233703125 0.6218564375 0.12494690312500001 0.6188724640625 0.1239962828125 0.6186277671875 0.12522839375 0.622897984375
0 0.15238792031249998 0.625821934375 0.149520353125 0.628200640625 0.151187440625 0.6336851203125 0.153398828125 0.648622209375 0.1550461734375 0.6488181859375 0.1601387171875 0.644883628125 0.1600835234375 0.63741941875 0.1562602421875 0.6244620609375 0.15238792031249998 0.625821934375
0 0.16504105468750002 0.6165355625 0.16093437187499998 0.6045315312499999 0.15481435937500002 0.6004475265625 0.153240890625 0.606314190625 0.15288764531250001 0.6096061734375 0.1522214890625 0.6150982218750001 0.15598172187499998 0.6221477671875 0.1548943890625 0.62829160625 0.15704166875 0.630630809375 0.1601552765625 0.630101915625 0.1643916703125 0.6256048890625 0.16504105468750002 0.6165355625
0 0.12170146875000001 0.5374173921875001 0.1169965609375 0.5335456015625 0.11335648281249999 0.534889234375 0.11525283906249999 0.5386462484375001 0.111594078125 0.54139145 0.11654502656250001 0.547113053125 0.11736487656250001 0.5571687359374999 0.12513223281250002 0.5614487171875 0.131063309375 0.5661682734375 0.1344248671875 0.5625103453125 0.1345780453125 0.558363571875 0.1265205875 0.546259909375 0.1259202421875 0.54101200625 0.12170146875000001 0.5374173921875001
0 0.12105930000000001 0.57495823125 0.12285333437499998 0.5805894171875 0.1275956046875 0.58165806875 0.13174347343749998 0.5809012671875 0.1290026421875 0.5650676906250001 0.1261960015625 0.5599740671875 0.12181886093750001 0.562458334375 0.117257671875 0.5623105296875 0.11669872031249999 0.5626607859375 0.12105930000000001 0.57495823125
0 0.2912708671875 0.5756974671874999 0.28360457031249997 0.5647341078125 0.27166893124999997 0.566718671875 0.2688980171875 0.588761371875 0.2765643140625 0.59972473125 0.291372853125 0.5894896640625 0.2912708671875 0.5756974671874999