0 0.1744326828125 0.47781872812500004 0.17440280156250001 0.4810726515625 0.17565975 0.488299903125 0.1745365828125 0.4931227734375 0.1756400328125 0.495954428125 0.1783633921875 0.4958593265625 0.1809434140625 0.49576923125 0.1845801703125 0.497173 0.1846999953125 0.49238516718750003 0.18238312968749998 0.48768242656250005 0.182129525 0.4804201375 0.1791659109375 0.4736351765625 0.1744326828125 0.47781872812500004
0 0.1989635359375 0.493991878125 0.1993264984375 0.48383786874999996 0.19538972500000001 0.482061884375 0.19033296875 0.481090396875 0.189306421875 0.48457047031249995 0.190019909375 0.48856381875 0.1900634421875 0.493919984375 0.189403646875 0.499683403125 0.1910670875 0.5021128109374999 0.1937770984375 0.501635484375 0.19633042812499998 0.500780934375 0.1985605328125 0.502999209375 0.20049380625 0.5008268921875 0.1997803171875 0.4968335453125 0.1989635359375 0.493991878125
0 0.21512075312499998 0.41421044531250006 0.2100439765625 0.4126656171875 0.210147878125 0.42796966249999996 0.21169467968750003 0.431168528125 0.213981359375 0.4308973296875 0.21637133125000002 0.42947444843750004 0.2200414578125 0.4318337828125 0.21997790312499998 0.425904278125 0.218587784375 0.42308263437500004 0.21914428749999998 0.41847089843749996 0.2194408140625 0.414633625 0.21512075312499998 0.41421044531250006
0 0.2085901390625 0.3093895921875 0.20225990624999998 0.3048270015625 0.1963495109375 0.29584879375 0.1936862171875 0.2976639109375 0.1910829875 0.30119904375 0.1910864765625 0.30540853125 0.1884699 0.308561440625 0.1904467046875 0.3117452890625 0.1950102078125 0.315030153125 0.2020971578125 0.32071439687500003 0.207350334375 0.3149819203125 0.2085901390625 0.3093895921875
0 0.20689332968750002 0.30600462031250003 0.1968265359375 0.30539943125 0.1886199078125 0.308747546875 0.189140159375 0.3154264859375 0.19165375 0.321653125 0.198013865625 0.3229617921875 0.2023905 0.320895496875 0.2086737140625 0.3158924359375 0.20569356718749998 0.3127436234375 0.20689332968750002 0.30600462031250003
0 0.2335467359375 0.210357634375 0.231266425 0.2025920828125 0.22846298125 0.2003938296875 0.223949684375 0.2026562421875 0.217783109375 0.2068898484375 0.21181993437500002 0.2128384640625 0.209173478125 0.2192452953125 0.21124022656250002 0.2208952375 0.210043646875 0.22361586562500002 0.21508038125 0.22401401562499998 0.220247103125 0.2240249359375 0.222836984375 0.22010757656250002 0.228277028125 0.219726259375 0.2335467359375 0.210357634375
0 0.18425750937500002 0.15505776875 0.1856806921875 0.1506071140625 0.1891407453125 0.151060325 0.195214190625 0.1523790015625 0.2007139921875 0.1454898375 0.20125047343750002 0.1403047640625 0.1995536640625 0.13691979062499998 0.1937935828125 0.1363555546875 0.1873301765625 0.1361985703125 0.17990346875000002 0.1372233 0.17780684062500002 0.1388272828125 0.177980359375 0.1437962171875 0.173610396875 0.14605362500000002 0.17600385937500002 0.1488402328125 0.1746706203125 0.1517569765625 0.178764075 0.1539101828125 0.181840840625 0.1557161984375 0.18425750937500002 0.15505776875
0 0.116152196875 0.391069421875 0.11557536875 0.38687995625 0.1191085296875 0.38120754375 0.1200883609375 0.37638967968750003 0.12057145 0.36967570156249996 0.1188113921875 0.3685890890625 0.11251134062499998 0.3690004375 0.11068803437500001 0.37021218437500003 0.109555009375 0.37886231718749996 0.105515246875 0.3864658796875 0.102768684375 0.3900060171875 0.1061454671875 0.3921842484375 0.1024657859375 0.40188004218750006 0.1069457140625 0.3986620640625 0.1084324515625 0.4001409140625 0.1122856515625 0.39541405625000003 0.1149956609375 0.39493672812499997 0.116152196875 0.391069421875
0 0.1425843375 0.5315510234375 0.1451504046875 0.5146229734375 0.1462904078125 0.5143918171874999 0.1457170703125 0.5144118390625 0.139327075 0.5163570953125001 0.1370305359375 0.5204555578125001 0.1357173171875 0.5239456421875001 0.1326707359375 0.527113565625 0.1288874609375 0.529733178125 0.1291309015625 0.5325948640625 0.133470984375 0.53359138125 0.13319447812500002 0.53800199375 0.1378345765625 0.5393707265625001 0.13948436718749999 0.53319004375 0.1425843375 0.5315510234375
0 0.1351541421875 0.528366265625 0.13677086562500002 0.529457884375 0.14079409375000002 0.5254904703125 0.14275375937499998 0.5158547421875 0.144566903125 0.51024239375 0.140283396875 0.5067564046874999 0.1372266515625 0.5055237265625 0.13384031406250002 0.5154006234375 0.1329072 0.521556278125 0.1351439796875 0.5239656640625 0.1351541421875 0.528366265625
0 0.1325026734375 0.489424290625 0.1329062859375 0.4968726859375 0.1345563796875 0.49891986875 0.1382497125 0.49783416562499994 0.1420698453125 0.50037960625 0.14439307968749998 0.49704559687499994 0.14518953437499998 0.491086059375 0.144735715625 0.4780903859375 0.137022034375 0.4708972625 0.1340056375 0.479039125 0.1325026734375 0.489424290625
0 0.20411423125 0.7158104 0.202776046875 0.7148627750000001 0.20287555781250002 0.71237340625 0.20300955156249997 0.7055325203125 0.20168210625 0.7022229203125 0.19924810937499998 0.6965903625000001 0.196134478125 0.6981906296875 0.193267753125 0.7015223984375 0.193289628125 0.707487778125 0.194630278125 0.716514471875 0.19563297968749999 0.721202653125 0.197272165625 0.7227612421875 0.19866877656249998 0.722712471875 0.19973404374999998 0.7211837375 0.20068019218750002 0.7189133921875 0.2021114859375 0.7198577671875 0.20454962031249999 0.7202698046875 0.2044629171875 0.7177869390625 0.20411423125 0.7158104
0 0.1906938453125 0.6598492765625 0.19294142812499998 0.6601436734374999 0.1918629578125 0.655955315625 0.1937791984375 0.654769746875 0.1922742078125 0.6517149359375 0.1908189703125 0.6474154421875 0.18513508125 0.6474896328125 0.18144112968749998 0.648488690625 0.1809778578125 0.6512393515625 0.181103578125 0.65483950625 0.181629809375 0.6565612546875 0.18764504375 0.6579670281250001 0.1906938453125 0.6598492765625
0 0.19286093124999998 0.649830028125 0.1930754234375 0.6533027875 0.195498484375 0.6559526546875001 0.19744506875 0.6556360890625 0.1986055140625 0.6514938421875 0.1991833703125 0.644015984375 0.198836753125 0.6394291859375001 0.19745954999999998 0.6373642687500001 0.196121365625 0.6364166421874999 0.19387378125000002 0.6361222468750001 0.1917756625 0.6374384609375 0.1926875234375 0.644864296875 0.19286093124999998 0.649830028125
0 0.19475579999999998 0.7147699640625 0.1921768703125 0.7129956015625 0.1901631875 0.7140602781250001 0.1907459734375 0.722740553125 0.1906313875 0.7274677515625 0.1895834609375 0.7294930609375 0.189464540625 0.734096115625 0.1917445390625 0.73264925625 0.192063075 0.7391014546875 0.1939663109375 0.73754345625 0.19600166875 0.7370994953125 0.1977533703125 0.7365411468749999 0.1971317671875 0.7320882453124999 0.1984676859375 0.7303014671875 0.1978807640625 0.7268417140625 0.195959990625 0.7225584765625 0.19475579999999998 0.7147699640625
0 0.1771866609375 0.65746218125 0.174685765625 0.657922396875 0.17756589218750002 0.665652384375 0.180398328125 0.672016796875 0.18102200156249998 0.6738594375 0.179647065625 0.674528925 0.1802123125 0.6773679625 0.1823126984375 0.6787861515625 0.1838845875 0.6757481875 0.18647425625 0.6751605765625001 0.1882389625 0.6749746578125 0.18764336875 0.671266615625 0.1857810234375 0.6659869796875 0.183156475 0.6602367828125 0.180661984375 0.6582108828125001 0.1771866609375 0.65746218125
0 0.1829677046875 0.7082211125 0.1795832234375 0.7047347562499999 0.17858071874999998 0.7053912375 0.1782865203125 0.7129834859375 0.17868949375 0.7191841453125 0.1786766859375 0.7241563796875 0.1764421078125 0.7242344125 0.17406032968750001 0.7254362375000001 0.1750240171875 0.7290071296875 0.17709405625000002 0.729556315625 0.176871290625 0.736524596875 0.17830031562499998 0.73473456875 0.181515725 0.7333793375 0.1830009125 0.7278585093750001 0.185295984375 0.7241738171875001 0.18541904375 0.7143502421875 0.1829677046875 0.7082211125
0 0.1387651046875 0.6410297546875 0.1356382703125 0.636912928125 0.1336547359375 0.63350194375 0.1322368453125 0.643619325 0.1314684390625 0.65097954375 0.1313819328125 0.6538413421875 0.12924913124999998 0.6541644093750001 0.12816652343749999 0.655196571875 0.12782670625 0.658812984375 0.12901769375 0.6608844031250001 0.13251675937500002 0.6596435625 0.135403090625 0.65954276875 0.1366200890625 0.662359046875 0.13788891406249998 0.66132038125 0.138293559375 0.6542214562499999 0.139345625 0.6469756249999999 0.1387651046875 0.6410297546875
0 0.13582517031250002 0.5968835218749999 0.1343121015625 0.6096144140625 0.133363884375 0.6144950171875 0.1308846640625 0.6155759515625 0.13069638125 0.618192715625 0.1321796953125 0.620626809375 0.1348798125 0.6205325187499999 0.13563560937500002 0.623489196875 0.13807374375 0.6239012359375 0.14036014531250002 0.6199682578125 0.14226318437500002 0.6130655953125 0.1426808359375 0.6063391 0.1414485640625 0.6004159890625 0.139051515625 0.59851098125 0.13582517031250002 0.5968835218749999
0 0.169444459375 0.6813485296875 0.167487134375 0.6840270687500001 0.16682030781249998 0.6862876578125 0.16699805 0.6913775328125 0.168215246875 0.699538475 0.17028115 0.70530818125 0.17284707187499998 0.7067101124999999 0.176188203125 0.7089550359375 0.17664920625 0.7034699718749999 0.1772681484375 0.69449914375 0.177157303125 0.6833164953125 0.174229690625 0.6795655953125 0.169444459375 0.6813485296875
0 0.0968895921875 0.2593291296875 0.09836533125 0.25918785781250003 0.0990125046875 0.25844735625 0.10007865468749999 0.2581409140625 0.10074937343749998 0.26000198124999996 0.1016390421875 0.2642783203125 0.10355730156250001 0.2671726765625 0.10764065625000001 0.2684658859375 0.109944815625 0.2650651296875 0.10977893125 0.2603148265625 0.1071602890625 0.2566372890625 0.104322840625 0.25440319843750003 0.1025545296875 0.248093575 0.1004644125 0.2479870890625 0.098565071875 0.249489215625 0.0990560359375 0.251984725 0.0990092328125 0.254499015625 0.0964923828125 0.2556637578125 0.0953871796875 0.256779203125 0.0956936234375 0.257845353125 0.0968895921875 0.2593291296875
0 0.111257371875 0.24868704218749998 0.11410883281249999 0.24939510468749998 0.1173870265625 0.2488319390625 0.120088253125 0.24523784218750003 0.1187983875 0.241065215625 0.1174836234375 0.240034278125 0.11539350468750001 0.239927790625 0.1114696328125 0.23934691406250003 0.10596061875 0.23962903125 0.105060209375 0.24082706250000002 0.10525725 0.242614934375 0.1064016484375 0.24454920000000002 0.10688635312500001 0.246865453125 0.107408615625 0.2502572453125 0.109325240625 0.2511774296875 0.110439834375 0.25033086875 0.111257371875 0.24868704218749998
0 0.10596452812499998 0.218540546875 0.10926776093749999 0.218694409375 0.115067425 0.21517158749999998 0.1145983703125 0.21330347500000002 0.11332102343749999 0.2094893625 0.10827004062500001 0.20939653281249998 0.1046916640625 0.20907280625000002 0.099715653125 0.2072723421875 0.0996360546875 0.21077489218749998 0.09477748750000001 0.21426485 0.0996971609375 0.214452 0.09628303125 0.2169044046875 0.1007728421875 0.21827315625 0.10183749843750001 0.21985125625 0.1046983515625 0.220828203125 0.10596452812499998 0.218540546875
0 0.12141340468749999 0.2735486640625 0.122939078125 0.27098273125 0.1235269265625 0.27239800625 0.12556234375 0.2728653546875 0.12663937812499998 0.2709432515625 0.12627346718750002 0.2681741625 0.128236896875 0.2665800578125 0.13109596875 0.26172412343749996 0.1347365140625 0.2522642765625 0.13417206875 0.24959185781249998 0.130715615625 0.2489049203125 0.1265432734375 0.25084537500000004 0.1225913765625 0.2533165578125 0.1217692140625 0.2567552984375 0.1208516609375 0.25938973125000003 0.116404175 0.26116031875 0.11585715781249999 0.26476892812499997 0.117389234375 0.266240965625 0.11409254843750001 0.2739837890625 0.1190339859375 0.270939625 0.11804771875 0.27546095 0.12141340468749999 0.2735486640625
0 0.115483909375 0.1904791890625 0.1160780171875 0.1920737203125 0.1180898890625 0.1899394984375 0.12084880625000001 0.1822154546875 0.12092214375000002 0.1785336515625 0.12316505625 0.16759707031249998 0.12348864374999999 0.1672268203125 0.1201134234375 0.16501150625 0.11591604375 0.166234934375 0.11486405 0.1688740625 0.11523935 0.17191203593749999 0.11484555468749999 0.17605371875 0.11278837187499999 0.1788176890625 0.11100483750000001 0.18363606562499998 0.111394153125 0.185148009375 0.11429405625 0.18531595625 0.1128044484375 0.1908419703125 0.1162716421875 0.18605453593750002 0.115483909375 0.1904791890625
0 0.141857475 0.17286700156249998 0.1431409390625 0.17300165781250001 0.14438684531249998 0.17206077343749998 0.1450010828125 0.16844981718750002 0.1471864484375 0.16550189843750002 0.1495953890625 0.163174334375 0.15101151562499998 0.15747140937499998 0.1501233421875 0.1513105296875 0.14470957499999998 0.14853823906250002 0.14234758281249998 0.152210228125 0.1402623734375 0.1580262546875 0.1390447796875 0.1636325078125 0.13727511875 0.16306614218749999 0.135674328125 0.16348099375 0.1348442703125 0.16476630781249998 0.134503540625 0.166572959375 0.13616379843749998 0.16786104531249998 0.13697984375 0.1681017625 0.13601697968749998 0.1713659421875 0.135082284375 0.175436775 0.138152409375 0.17084268125 0.1367519328125 0.176993746875 0.141857475 0.17286700156249998
0 0.1185547484375 0.205178665625 0.1195162625 0.20765774375 0.12079033749999998 0.20752351406249997 0.12162039531249999 0.20623819999999998 0.12188764375000001 0.20425463906250002 0.12321642031249999 0.20375954843750002 0.1232663546875 0.20133488906250002 0.12414023125 0.201304371875 0.128486209375 0.20240893437500002 0.131855028125 0.200586278125 0.133838728125 0.1976454 0.1336948984375 0.1973812109375 0.1335415328125 0.19298942187499998 0.1327752796875 0.18646533125 0.13142772656249999 0.18642265156249999 0.127444528125 0.1879975484375 0.12359115000000001 0.1913626671875 0.1194703796875 0.1928526328125 0.1170113609375 0.1937461421875 0.11646896874999998 0.19555983593749998 0.11725848125 0.19696806875 0.11890935 0.19798727031250002 0.1194284828125 0.20128943437500002 0.1185547484375 0.205178665625
0 0.10711432968750001 0.1975017859375 0.1111304625 0.1987973421875 0.1115776078125 0.20003805312499998 0.11269070781249999 0.201076034375 0.1139850546875 0.1995950328125 0.11448213593750001 0.198411084375 0.1181465125 0.19927023593749998 0.1210558078125 0.1997070671875 0.12363048750000001 0.1982710921875 0.12450422187500002 0.1943818625 0.12301119687499999 0.192100821875 0.1195156921875 0.1922228875 0.11501499687500001 0.1924697921875 0.1137236375 0.1901817078125 0.11209467656250001 0.18978990625 0.1106690171875 0.19136523125 0.1110583328125 0.19287717499999998 0.106099609375 0.1934990265625 0.1092184625 0.1960822421875 0.10711432968750001 0.1975017859375
0 0.109303825 0.22165449062499998 0.10489076718749998 0.22441098906249998 0.1060585671875 0.22508811093749997 0.11064839374999999 0.22546625625 0.11092204531250001 0.227520665625 0.11228375625 0.22989603125000002 0.1140862109375 0.2294741375 0.11499600937500001 0.22854499062500003 0.1154617921875 0.2264647578125 0.118563359375 0.2266256625 0.11999691562499999 0.22720376406249998 0.1250572890625 0.227565478125 0.1288294328125 0.22572873750000003 0.1303612234375 0.219483346875 0.12750663125 0.21868565625 0.12343266718749998 0.21766133281250002 0.11884447812500001 0.21925735937500002 0.1158366640625 0.217926590625 0.112080028125 0.2163527609375 0.11082786250000001 0.21711438906249997 0.1110217734375 0.21881263281250002 0.10466705312499999 0.2199319203125 0.109303825 0.22165449062499998
0 0.0844746015625 0.165983071875 0.0875399625 0.1646364625 0.090011115625 0.165951415625 0.0906627828125 0.16840778750000002 0.0922870359375 0.1686205375 0.0941272 0.16807123125 0.09405013125 0.16586426406250002 0.0966696109375 0.1667967765625 0.10256006875000001 0.166483290625 0.10467343437500001 0.1656549734375 0.105041346875 0.16230069062500002 0.10427322187500002 0.158824396875 0.0996849453125 0.15823010625 0.097347165625 0.15841953125 0.09370998593749999 0.15843875624999998 0.091535484375 0.1563589265625 0.09011595312500001 0.1573785921875 0.08981652031250001 0.159221446875 0.0883209015625 0.1592197828125 0.08349317187500001 0.15755596875 0.0856170890625 0.16281731875 0.0844746015625 0.165983071875
0 0.1003258859375 0.149961925 0.0992482078125 0.153826040625 0.0985272484375 0.1563303453125 0.099376028125 0.157486375 0.101631184375 0.15724594218750002 0.10174469374999999 0.1547089546875 0.1069075703125 0.1555526515625 0.113886175 0.1551472703125 0.1166753859375 0.1505227640625 0.11659741875 0.1494476046875 0.11632503125 0.1462773640625 0.114778571875 0.1425048875 0.11188490625 0.1406657484375 0.110004371875 0.141216465625 0.106874203125 0.1418647140625 0.10347369843750001 0.1440314375 0.097425428125 0.14214077812499998 0.09577870468750001 0.1435995296875 0.0963665453125 0.1465431765625 0.0970209890625 0.1479215703125 0.0982875390625 0.14830849375 0.1003258859375 0.149961925
0 0.09606882343749999 0.143804975 0.096582459375 0.14578112031249998 0.0997802109375 0.14475325156250002 0.10256566250000002 0.1400210890625 0.1048986984375 0.1385383703125 0.10712941875 0.1375981671875 0.1082652828125 0.13308529062500002 0.1072782984375 0.12681414687499998 0.10176703281249999 0.124096321875 0.0982463953125 0.1274529125 0.09554266875 0.1333678921875 0.09439078437500001 0.1362645046875 0.093850021875 0.1369840125 0.09224080625 0.1372018890625 0.0907752625 0.138061478125 0.090203528125 0.13905153750000002 0.0901566203125 0.14002326874999999 0.0905228234375 0.14125004531250002 0.094564615625 0.140084915625 0.095489396875 0.139944834375 0.0964527578125 0.14206695625000001 0.0964574984375 0.1433602484375 0.09606882343749999 0.143804975
0 0.12395721875000001 0.1240759421875 0.120563078125 0.12063745781249999 0.11851067500000001 0.119739034375 0.11784969687499999 0.1193309625 0.1129453265625 0.1270474015625 0.11134747656249999 0.1299056953125 0.11036352499999999 0.1295089015625 0.10880318281250001 0.13112631875 0.10886709375 0.1329564859375 0.10882304843749999 0.1351676828125 0.10743743593749999 0.13947370312500001 0.10909454062499999 0.13946973125 0.10858949531249999 0.141211978125 0.11105492343750001 0.1400480015625 0.1150365640625 0.1371603609375 0.11961151249999999 0.13274296562500001 0.1238400359375 0.128822715625 0.12395721875000001 0.1240759421875
0 0.139492046875 0.1367524390625 0.13253975 0.1344011640625 0.130695409375 0.13381705625 0.129017625 0.1310384 0.1270801078125 0.13126818906249998 0.127424790625 0.13417446093750002 0.12351583125000001 0.133662453125 0.12402289375 0.13599560625 0.12195127187499999 0.13760816874999998 0.12493536093749999 0.1412329125 0.1320147625 0.14374187656249998 0.1369037890625 0.144462853125 0.1395728203125 0.1442885859375 0.1407392375 0.1428697625 0.139492046875 0.1367524390625
0 0.1408246921875 0.086121859375 0.138134390625 0.08394600937499999 0.1412428875 0.09113323437500001 0.139863325 0.095153553125 0.14073190468750002 0.09739301875 0.14369607499999998 0.0969652515625 0.1438020375 0.098258578125 0.1449234734375 0.1025158171875 0.1454278375 0.10825376093750001 0.14730475781250002 0.11151184843749999 0.1509539875 0.11503230312499999 0.1522870890625 0.11490468437500001 0.1533701625 0.1128402578125 0.1545830359375 0.1075287328125 0.1526552234375 0.10281326875 0.1502698921875 0.09892442031250001 0.1483237640625 0.09542555781249999 0.14848331718750002 0.0947714734375 0.1491454984375 0.0911004609375 0.14850567812499998 0.08844768750000001 0.1469621296875 0.0877720125 0.14532971249999999 0.08977455625 0.14105897812499998 0.0823847265625 0.1408246921875 0.086121859375
0 0.1512955140625 0.0708404015625 0.1556423296875 0.073444790625 0.1551410515625 0.0747593234375 0.155521009375 0.0769347859375 0.1567143515625 0.0780280125 0.15879027968749998 0.0782797765625 0.160907140625 0.0779626609375 0.1636199328125 0.0773004796875 0.1698153953125 0.08235329999999999 0.17114701875 0.08044232343749999 0.172271025 0.07780901875 0.171280996875 0.07557379374999999 0.16851017968749998 0.07283330625 0.1663043203125 0.0723428875 0.1631862515625 0.073586671875 0.1605918234375 0.0671921390625 0.1582277609375 0.065653409375 0.15699496562499998 0.066912421875 0.155036309375 0.068277846875 0.1507036296875 0.06607828593750001 0.15363830625 0.0700290125 0.1512955140625 0.0708404015625
0 0.16766647031249998 0.0939394546875 0.1661724671875 0.0964235515625 0.1626901828125 0.1011658140625 0.16342626093749998 0.1100571671875 0.1655135 0.1106327921875 0.16749908125 0.1117794171875 0.169971803125 0.11120668125 0.17151374531250002 0.10661324375 0.1730315890625 0.0995887203125 0.1758926234375 0.0979485921875 0.176468634375 0.0935510125 0.1746539171875 0.09207416406249999 0.171972225 0.093626965625 0.170719509375 0.090833465625 0.16831303749999998 0.08808025625 0.1672525828125 0.0907924046875 0.16766647031249998 0.0939394546875
0 0.218279678125 0.080821834375 0.220544075 0.0829490953125 0.224783471875 0.08727861249999999 0.231032590625 0.0850487296875 0.23112075625 0.08478608125 0.23065945000000002 0.0827256421875 0.2289636078125 0.078761546875 0.2256580359375 0.07608661718750001 0.2237294859375 0.076608209375 0.21843425 0.072704915625 0.216836915625 0.072955371875 0.216865259375 0.0751607171875 0.215686225 0.0762401640625 0.21307724062500003 0.07957587968749999 0.21397377187500002 0.08155623125 0.2157542296875 0.0809749171875 0.218279678125 0.080821834375
0 0.218445671875 0.075819340625 0.22241820156249997 0.078081628125 0.2263850234375 0.07878670156249999 0.229269928125 0.0777774671875 0.23104693906249998 0.07570375625 0.23271207187499998 0.074607334375 0.2269521890625 0.06994156093750001 0.22364553593749997 0.068629403125 0.2220357 0.0671282078125 0.22057956562499997 0.0644535859375 0.21927496875000002 0.0633310828125 0.218183021875 0.0655106578125 0.214489753125 0.06427689375 0.2125871796875 0.0641486578125 0.21624552187499999 0.06856335625 0.213796921875 0.068129725 0.21040328593750002 0.068507803125 0.2096922453125 0.06905177031250001 0.21508469843750003 0.07295166875 0.218445671875 0.075819340625
0 0.299845421875 0.24603163125 0.300917771875 0.24347750625 0.3004410359375 0.24091294687499998 0.297349609375 0.2410854328125 0.2925201375 0.2386083421875 0.288195384375 0.23533926562500002 0.28432721562499996 0.23682947968749998 0.2845298796875 0.24540491874999998 0.28712794375 0.24912147343750002 0.2910658859375 0.24962925937499997 0.29444509375 0.2493821953125 0.29578399843750003 0.250303390625 0.29563340781249997 0.251534725 0.29507477656250003 0.25355466875 0.29592139375 0.257009734375 0.297911209375 0.25855350312500003 0.2976311515625 0.254691471875 0.2985473359375 0.25459494843749997 0.30069331875 0.253681115625 0.2998006125 0.2502921890625 0.2985190484375 0.24962711093749998 0.299845421875 0.24603163125
0 0.2670259484375 0.22368872343750001 0.268315440625 0.2259667796875 0.2698903625 0.225331009375 0.27068050781249997 0.22162519687499999 0.27266914531249997 0.2217493421875 0.27541094843749997 0.221266415625 0.2798083859375 0.21414359218749998 0.2783052828125 0.2112922234375 0.2759455875 0.2088579484375 0.272957590625 0.20922041249999998 0.271040975 0.2111587171875 0.2685870578125 0.214341859375 0.264387165625 0.21326245 0.26323164062500004 0.216206659375 0.264703234375 0.21815570625 0.25940301093749996 0.22298696875 0.26470226406249997 0.2222856734375 0.2618605625 0.226837490625 0.2654982921875 0.22567797500000003 0.2670259484375 0.22368872343750001
0 0.26011455625 0.0981785328125 0.2615622828125 0.098791384375 0.26281900937499997 0.10153380468749999 0.265880321875 0.108459009375 0.2661184015625 0.108627603125 0.26870172812500004 0.107564396875 0.26900445624999997 0.10578474062500001 0.2678231015625 0.09950152031250001 0.26600852812500003 0.0959824921875 0.2662141421875 0.0933216859375 0.2654197609375 0.09242065625 0.2644459171875 0.09302961562499999 0.2639228140625 0.09419778906250001 0.262742546875 0.0964945859375 0.259723834375 0.09553855156249999 0.25935095625 0.09625920624999999 0.26011455625 0.0981785328125
0 0.287907828125 0.106628340625 0.2911522109375 0.10549782187500001 0.293324025 0.1021491765625 0.2932862671875 0.1020178125 0.293279290625 0.1008681515625 0.29183061875 0.0954788078125 0.2873710859375 0.0931578203125 0.281242121875 0.095273615625 0.2754745 0.0972883359375 0.27327565468750004 0.09891306875 0.2729205515625 0.10109259687500001 0.2732497125 0.1057691734375 0.2751697046875 0.1056579 0.2785189125 0.10562939687499999 0.2813912234375 0.1061925 0.287907828125 0.106628340625
0 0.276816171875 0.08441562500000001 0.27994735312499996 0.0847927796875 0.281757965625 0.08534873125 0.2812673265625 0.089346303125 0.2839916921875 0.0894723015625 0.285738253125 0.0872441828125 0.2866666265625 0.08628299375000001 0.2899843171875 0.088201584375 0.2922765234375 0.0902002125 0.2975425671875 0.0880703265625 0.2974153421875 0.08537691562500001 0.2964975546875 0.0809420296875 0.2937800234375 0.078162165625 0.28943691718750003 0.0782253765625 0.287294271875 0.0786097890625 0.284126 0.0752707140625 0.2827152953125 0.0757180203125 0.28253046875 0.0780242828125 0.2811259359375 0.078648284375 0.276760428125 0.0771201015625 0.27810655624999997 0.08052280625 0.27744248437499996 0.082403534375 0.276816171875 0.08441562500000001
0 0.29063877968749996 0.0765470046875 0.29410133125 0.0788143515625 0.2990908734375 0.079215065625 0.3010823484375 0.0745016765625 0.30055763281250003 0.0737239125 0.296243625 0.0689211265625 0.2888246609375 0.06449213125 0.2867020671875 0.0654507953125 0.2868038765625 0.068366228125 0.281966909375 0.0685351375 0.28300326249999996 0.0706660765625 0.2825895421875 0.071167021875 0.2815979921875 0.0722188703125 0.2863656875 0.07386568906249999 0.28625483281249997 0.0763905046875 0.28799147187499996 0.0767279046875 0.29063877968749996 0.0765470046875
0 0.29921696875000003 0.1314264359375 0.30674727812499997 0.13006694531250002 0.31331153125 0.12795795625 0.313095721875 0.12177795 0.3093009828125 0.115722921875 0.3012984515625 0.11365267500000001 0.29420355 0.1190697765625 0.2918225015625 0.11648992968750001 0.28816851250000003 0.11614759062499999 0.287939540625 0.12304804062500001 0.2856364125 0.1243816390625 0.28479459218750003 0.12550756406250002 0.2872492734375 0.1268316640625 0.28521634218749997 0.12917403125 0.29105754687499996 0.12990993281250002 0.2895922 0.1316842171875 0.29127192812499997 0.1343668765625 0.29500501562500003 0.133609928125 0.29921696875000003 0.1314264359375
0 0.309070084375 0.10742871093749999 0.311868596875 0.10850583437500001 0.3127472328125 0.10675204062500002 0.3149971546875 0.10557694375 0.322101928125 0.1088533890625 0.326053309375 0.1076188765625 0.32856926875000003 0.105651259375 0.328794203125 0.10031741718750001 0.323577828125 0.09728831875 0.317470584375 0.09734494375 0.310736959375 0.0946038 0.308914125 0.09623392187499999 0.30978065312499997 0.0991799484375 0.30368160624999996 0.0994712546875 0.3060435328125 0.1015035046875 0.30331331562499997 0.10238207968749999 0.308180396875 0.105501696875 0.309070084375 0.10742871093749999
0 0.333685371875 0.090669490625 0.332897940625 0.086624175 0.3257714375 0.08608980468750001 0.3207066125 0.0857184078125 0.3193338984375 0.08341664374999999 0.3189859078125 0.08186233125 0.3160305046875 0.0813389484375 0.3155189828125 0.08519465468750001 0.314185940625 0.0857111453125 0.3132418671875 0.08895536875 0.31300457656249997 0.0922532359375 0.31587827343749997 0.0971655765625 0.32525612656249997 0.098247915625 0.3304887703125 0.09837848125000001 0.3325953359375 0.0947803671875 0.333685371875 0.090669490625
0 0.3360338203125 0.06035467343749999 0.33548275 0.064760025 0.3364761203125 0.066291803125 0.338670103125 0.0651969828125 0.3415886890625 0.06634823749999999 0.34882185468750004 0.07330139531249999 0.3504005078125 0.073089621875 0.35235980625 0.072002996875 0.3528440109375 0.0673650125 0.34856221249999997 0.0625018421875 0.3449845875 0.060981985937500004 0.3433784921875 0.05704358281250001 0.341056115625 0.0544616875 0.339392903125 0.055616295312499994 0.33934385625 0.057576092187500004 0.333214634375 0.0536389921875 0.3364567484375 0.059008409375 0.332883284375 0.0592898421875 0.3360338203125 0.06035467343749999
0 0.355744903125 0.06969173437500001 0.35630845624999996 0.0706902578125 0.35861574375 0.0711579484375 0.35989961406250004 0.06923335625 0.3619913421875 0.0702568375 0.365170625 0.0738270109375 0.371653175 0.0761069828125 0.3725250453125 0.075841565625 0.37425773125 0.071629921875 0.37354939531250003 0.0664853171875 0.369947184375 0.064261409375 0.3656068375 0.06276818906250001 0.362804165625 0.0598897734375 0.35987595781250004 0.056780771875000004 0.35828780625 0.05840269687500001 0.3583424421875 0.05996725625 0.3595992421875 0.06399618124999999 0.359606134375 0.0658757015625 0.357260725 0.06768071718749999 0.355744903125 0.06969173437500001
0 0.3815165390625 0.07090649843749999 0.3853382203125 0.06764010937500001 0.386078965625 0.063619753125 0.3860392921875 0.060801498437500004 0.38581410625 0.059399540625000004 0.3858059109375 0.059164857812500006 0.3801611453125 0.0573255703125 0.3728968734375 0.057892537499999994 0.37165385781250004 0.0576226515625 0.3719075375 0.054794153125 0.3703779328125 0.053046131249999996 0.367561728125 0.053144475000000004 0.36875439375 0.05701899218749999 0.370189940625 0.0611199984375 0.36689213593750003 0.06256665781250001 0.3668799046875 0.06389858125 0.368442290625 0.0665853390625 0.37162145 0.06678761250000001 0.37671501875 0.0696643515625 0.3815165390625 0.07090649843749999
0 0.3923506125 0.0817284015625 0.3962556765625 0.0825319125 0.39700629374999996 0.0872051015625 0.4007707328125 0.0856638234375 0.40273965624999997 0.08653494843750001 0.40792598281250003 0.0887035375 0.413102684375 0.0889143796875 0.41545355781250004 0.08726581875 0.41649169218750004 0.081668609375 0.4143275109375 0.0768881375 0.41089454375 0.0761464640625 0.40381578593749995 0.07529713125000001 0.3986185328125 0.07281563125 0.39711090625 0.0750613328125 0.3935620265625 0.0760468171875 0.3928034640625 0.07787474375 0.3923506125 0.0817284015625
0 0.3750692625 0.13692324375 0.3760735609375 0.13876793125 0.3786946296875 0.1381281375 0.37908204375 0.13576490937500002 0.3794476046875 0.1327758578125 0.381657978125 0.1321504078125 0.38462561093750003 0.13134186406249998 0.39058806874999996 0.1271391609375 0.39212003281249996 0.11886171406249998 0.390166071875 0.11673689375 0.3861928375 0.11734558125000001 0.381897628125 0.11882707031249999 0.3787459109375 0.12277497343749999 0.372750671875 0.12603894375 0.37228415937500003 0.129501459375 0.372520271875 0.131216328125 0.3681459640625 0.1337971046875 0.3706279625 0.1359034875 0.36976298750000003 0.138048421875 0.374329696875 0.135930865625 0.3750692625 0.13692324375
0 0.399815925 0.13065475937499998 0.4072929 0.126085875 0.408509903125 0.123928646875 0.407225784375 0.1191174421875 0.40042541875 0.11951156249999999 0.395731865625 0.12304336874999999 0.39144615312500003 0.1231147046875 0.39207800000000004 0.12606892812499998 0.39321329843749997 0.128300659375 0.3929118734375 0.13144411875 0.3936215125 0.1349438875 0.394845409375 0.13466617812499998 0.3955289078125 0.1323709328125 0.3968537546875 0.13161975937499998 0.399815925 0.13065475937499998
0 0.3334649640625 0.177163334375 0.3307503796875 0.17573543281249998 0.3283153390625 0.1779522421875 0.3264442984375 0.17669790937500002 0.3249624 0.177866303125 0.32482632968749997 0.1805103984375 0.326037775 0.182498359375 0.33213362343749997 0.1848233171875 0.3343954953125 0.1863685421875 0.33883426875 0.18702564375 0.3419059703125 0.1855987046875 0.342010175 0.182042103125 0.34112937187500003 0.17862141250000002 0.3334649640625 0.177163334375
0 0.3761707453125 0.22713921875 0.37398137343750004 0.22548995 0.3726019921875 0.22523357812499997 0.371053146875 0.23320569687499998 0.3702753453125 0.2414554296875 0.3697821578125 0.246954365625 0.3673594296875 0.247343509375 0.36569189375 0.24973654375 0.3668326875 0.254061775 0.36758973125 0.2582988953125 0.3677844640625 0.26387532187499996 0.37131241875 0.2624324515625 0.376180646875 0.2557656015625 0.3795561953125 0.24559791718750001 0.3799856515625 0.23827396875 0.378282384375 0.23092298125 0.3761707453125 0.22713921875
0 0.402620878125 0.2694601921875 0.40954763749999995 0.26505626250000003 0.408516440625 0.259509046875 0.404922903125 0.256893678125 0.40167787343750005 0.257717590625 0.39512070312500003 0.261804075 0.3909985734375 0.263673746875 0.391032290625 0.266819478125 0.38756637656250004 0.27221919843750003 0.392836221875 0.2705124734375 0.39373995625 0.272409665625 0.3963024578125 0.2738428796875 0.397329790625 0.27055857968749997 0.3984598015625 0.27021458125 0.402620878125 0.2694601921875
0 0.398950828125 0.3496822859375 0.39943878437499997 0.346213796875 0.40377825781250004 0.33966692656249997 0.4042732953125 0.33640121562499997 0.4018203921875 0.3337460171875 0.4000908140625 0.332182203125 0.3963861515625 0.33728572031250004 0.3941758609375 0.34375823906249997 0.39324042187499997 0.34531360312500003 0.391832715625 0.34424611562499996 0.3902889390625 0.3458227234375 0.3906339046875 0.3491606140625 0.388851540625 0.35480608125 0.3917428328125 0.3525733390625 0.390612984375 0.3572824015625 0.39611079375 0.35120264687499997 0.39608077812500003 0.3525233671875 0.397125978125 0.3541110796875 0.398480575 0.3536577234375 0.398950828125 0.3496822859375
0 0.4107267453125 0.348966521875 0.4133372875 0.3583160890625 0.4155145078125 0.36615809062500004 0.424501971875 0.37498043124999997 0.42580345937499997 0.37300623125 0.42647013593749994 0.372475384375 0.42860977812499995 0.3683401375 0.42700902812499997 0.3595643859375 0.42264428593750003 0.3523063421875 0.4192928765625 0.3457235015625 0.4180318640625 0.3423160890625 0.41686290625 0.341544803125 0.415062678125 0.3423182609375 0.4152784921875 0.3441379625 0.4081693125 0.34113779843750003 0.40812867500000005 0.34215435 0.4107267453125 0.348966521875
0 0.36045745937499996 0.40064623125 0.362611084375 0.3999597703125 0.36332177187500003 0.39733711875 0.36519594375 0.39849418124999997 0.3703740203125 0.40564842187499994 0.37820878750000003 0.4101120546875 0.3805753640625 0.4089597140625 0.37997357656249997 0.40485475624999995 0.3765843921875 0.3964155359375 0.37170200000000003 0.3944466390625 0.3660767 0.38761364375 0.3623603375 0.3862152828125 0.3612184140625 0.38961706406249996 0.3546641453125 0.3857199703125 0.3567647140625 0.39007821875 0.3547149 0.3904554265625 0.3588812734375 0.3948943484375 0.35930996406250004 0.3973243984375 0.36045745937499996 0.40064623125
0 0.426086240625 0.0566047171875 0.42800118906250006 0.0589804921875 0.4305287671875 0.05791516875 0.4322755515625 0.058098434374999994 0.4381011375 0.0622917625 0.44533921562499995 0.059718490624999995 0.44546458906249997 0.0554394796875 0.44262624375000004 0.0528516875 0.4373688484375 0.05181395625 0.4321964546875 0.047964214062499996 0.4295942359375 0.0442689828125 0.42823895937499995 0.044804839062500004 0.42786245625 0.047138501562500004 0.426071040625 0.04830025 0.42063066875 0.0472689078125 0.4246924328125 0.050791037500000004 0.4214670328125 0.05285778906250001 0.42547767812500004 0.054916115625 0.426086240625 0.0566047171875
0 0.4581677296875 0.08870439687500001 0.45935706875 0.0886628640625 0.45931224375 0.0847561953125 0.45712486406249997 0.0798251546875 0.44990546875000004 0.069818146875 0.4444438 0.0681768875 0.44247792812500003 0.06958899375000001 0.44298019218749995 0.0734796875 0.441724921875 0.074256315625 0.4397846109375 0.0764003234375 0.44203791875 0.0805962671875 0.4446336515625 0.08148268125 0.44820389687500006 0.08404491562500001 0.4581677296875 0.08870439687500001
0 0.460397121875 0.079100225 0.45936742500000005 0.0810902984375 0.4598143109375 0.08339520781250001 0.46110791874999996 0.08371642968750001 0.4635780859375 0.0836301703125 0.466241975 0.0864683203125 0.4761887671875 0.0906398671875 0.47770997968750006 0.0896096859375 0.4775992265625 0.0864381140625 0.4752799890625 0.08297726562499999 0.4707863453125 0.0802030109375 0.466958675 0.0781382953125 0.46477981718750006 0.073451221875 0.46308618125 0.0721669109375 0.46183517187499995 0.073065521875 0.461911846875 0.0752612265625 0.4573352375 0.07273413437500001 0.45882682499999994 0.0761017515625 0.45710133906249995 0.0765284046875 0.460397121875 0.079100225
0 0.4721221625 0.0712407046875 0.47176898906250003 0.0716194359375 0.47392655 0.075696590625 0.47544369687500004 0.07979610781249999 0.4772330796875 0.081199209375 0.4786053953125 0.0811512875 0.47985640468749996 0.0802526765625 0.4800436390625 0.0803682703125 0.48024791406249995 0.080971796875 0.48410762968750004 0.08657723125 0.4932352921875 0.09089951406249999 0.4934140078125 0.090771140625 0.4934012296875 0.09040519062499999 0.49406497343750005 0.0884278953125 0.49371586718750005 0.0836769265625 0.49188814687500004 0.0811759734375 0.48803065781250005 0.07825737187500001 0.48351775 0.07230835 0.48083256093750004 0.06886028125 0.479536921875 0.0711039078125 0.4774028875 0.07032350468750001 0.4733007546875 0.068268371875 0.4749710578125 0.07150761718750001 0.4721221625 0.0712407046875
0 0.49674860625 0.0498625015625 0.499003946875 0.051493595312499994 0.5006825765625 0.049725123437500005 0.5026188234375 0.0527108171875 0.5080062390625 0.060094887500000006 0.5149848609375 0.060583982812500006 0.5173081625 0.058915131249999995 0.5186484328125001 0.055326490625 0.5124865187500001 0.04674814375 0.506169415625 0.04159491875 0.5033586624999999 0.037174178125 0.5012587046875 0.0373696421875 0.50062051875 0.040078839062499996 0.498282209375 0.03869490625 0.49422896562499996 0.03541674375 0.4962291109375 0.0402321890625 0.4929994515625 0.042176956249999994 0.496250603125 0.046093790625 0.49674860625 0.0498625015625
0 0.5174335343750001 0.054636121875 0.520429296875 0.056485625 0.524546240625 0.05634185781249999 0.5282950078125 0.053524037499999996 0.5297097265625 0.04944426875 0.522490525 0.044688942187500004 0.5193543859374999 0.044065665625 0.5169990390625 0.0421937984375 0.5171436765624999 0.0410895578125 0.5176159265625 0.038874684375 0.5164541781249999 0.037083268749999995 0.51496704375 0.0390893171875 0.5144351578124999 0.039596420312500005 0.5104798875000001 0.03912388125 0.5130289578125 0.043920156249999995 0.5097567 0.0446450890625 0.5113695953125 0.0488633953125 0.5137206828124999 0.0506132796875 0.5174335343750001 0.054636121875
0 0.530948928125 0.07443811875 0.5305700046874999 0.0688332640625 0.5261146984375 0.0671568625 0.516542571875 0.0684681875 0.5106427296875 0.07001766875 0.5109449796875001 0.07342681875 0.5062004 0.0739589015625 0.5098365765625 0.075786040625 0.506872859375 0.07747725625 0.507751625 0.0790342875 0.5126175109375 0.079352896875 0.5177217484375001 0.081250903125 0.5240386578125 0.08115244375 0.530948928125 0.07443811875
0 0.51773065625 0.091998234375 0.5142711640625001 0.09260757343750001 0.51553291875 0.0946397609375 0.517460646875 0.09738148437500001 0.518952234375 0.100749103125 0.522594703125 0.10013337656250001 0.5243181578125 0.1022715734375 0.5258117796875 0.1030743421875 0.5280969375 0.1055593203125 0.5318331203125 0.10762723125 0.53642454375 0.107955425 0.5385689359375 0.10116326406250001 0.536581571875 0.0967137671875 0.5334772828125 0.09437952656250001 0.5285750921875 0.090398215625 0.52597713125 0.08682496875 0.522679315625 0.08681799999999999 0.5216007296875 0.090031103125 0.5152028859375 0.087811875 0.51773065625 0.091998234375
0 0.4994640171875 0.1800828578125 0.5058466609375001 0.1739976203125 0.5061168640625 0.173866053125 0.5081744171875 0.177702434375 0.509365790625 0.17509605156250002 0.5086188828125 0.172068828125 0.5124145078125 0.170592825 0.515695284375 0.1701118609375 0.522382209375 0.1648709234375 0.521143784375 0.16088380468750002 0.518030978125 0.15830559375 0.5150246625 0.15877697500000001 0.511703515625 0.1607249375 0.5092100171875 0.162766128125 0.5074952781250001 0.1661235796875 0.505676075 0.16386659374999998 0.50321016875 0.16407483750000001 0.5022804796875 0.16630568437499998 0.50377206875 0.169673303125 0.49742553593750005 0.1741695609375 0.50266163125 0.17459737343749998 0.4994640171875 0.1800828578125
0 0.534586359375 0.052693678125 0.53764805 0.053808082812500005 0.538564959375 0.051211285937499997 0.54196278125 0.05145902812499999 0.546218071875 0.0526538859375 0.553056121875 0.0491175234375 0.552764425 0.043387490625000004 0.55155581875 0.040254254687500005 0.546894209375 0.040539175 0.5430028359375 0.0418963875 0.5381901015625 0.0404767328125 0.5353326843749999 0.0399658546875 0.5354178796875 0.042405525 0.5350541546875001 0.0451051359375 0.5306394156249999 0.047213421875 0.534960634375 0.0476731828125 0.5308331374999999 0.05013783125 0.534701178125 0.0507355515625 0.534586359375 0.052693678125
0 0.5827003546875 0.050769235937500004 0.5790917703125 0.047109146875 0.570704334375 0.037753589062499995 0.5685790125 0.0424688359375 0.5695026046875 0.0479325375 0.5654390031250001 0.052226940624999996 0.565749771875 0.055880057812499995 0.5696050328125 0.056111825000000004 0.5741666359375001 0.055586134375 0.5829857578125 0.058942132812500006 0.585413328125 0.0576360375 0.5827003546875 0.050769235937500004
0 0.5956984796875 0.06362775312499999 0.593126078125 0.06078640625 0.5843728859375 0.0566953125 0.5680221515625 0.05799908593749999 0.5701541531250001 0.061344339062499996 0.568013825 0.0630068015625 0.5722861546875 0.06468959375 0.5737351453125 0.066837375 0.57710111875 0.06879608125 0.5794392312500001 0.06492833125 0.5877457328125 0.0719662015625 0.5956112515624999 0.06375293125 0.5956984796875 0.06362775312499999
0 0.55939995 0.08651274375 0.559516996875 0.0872414515625 0.5604659515625 0.088185371875 0.5634339265625 0.0866161390625 0.5644891828125 0.0853579671875 0.5692445078125 0.087756684375 0.5725849203125 0.088983490625 0.5778210171875 0.089411303125 0.5830889640625 0.088128153125 0.5834569468749999 0.0855505234375 0.5837780734375 0.081631075 0.58352694375 0.079685728125 0.5828993078125 0.0800740421875 0.5767992578125 0.0758902984375 0.5727587953125 0.0729780859375 0.568616290625 0.0723899515625 0.56624613125 0.072716984375 0.564882334375 0.0730088734375 0.563246109375 0.0707454984375 0.5609654046875 0.073634184375 0.559061203125 0.0741892109375 0.5537656640625 0.07730530937499999 0.554193478125 0.081687134375 0.558757309375 0.083848275 0.5596807046875 0.08406029375 0.5596190359375 0.0849173734375 0.55939995 0.08651274375
0 0.5530278578125001 0.0902771 0.5525345046875 0.0971337375 0.5589516140625 0.102527734375 0.5620408953125 0.10180919375 0.565032203125 0.0982850296875 0.564659765625 0.095488990625 0.5642489921875 0.0915951015625 0.561633603125 0.0770305546875 0.560212009375 0.0677981421875 0.5562928515625 0.06573662031250001 0.5548696140625 0.0695724234375 0.5551292640625001 0.0717617375 0.55168051875 0.07530187499999999 0.5521296312499999 0.0802936171875 0.55364251875 0.08427115156250001 0.5530278578125001 0.0902771
0 0.6076147921875 0.10097776875 0.606000278125 0.0975465359375 0.5968347921875 0.09902913906250001 0.59521461875 0.0990026796875 0.5945794890625 0.0968658609375 0.5930099359375001 0.096505478125 0.592516721875 0.09843258437499999 0.59444225 0.1018529546875 0.593329903125 0.103884721875 0.5924938171874999 0.104910378125 0.59227548125 0.10757523124999999 0.5948995890625 0.1078157484375 0.5971315890625 0.105744884375 0.6002056 0.1063848828125 0.6048013109375 0.104231475 0.6076147921875 0.10097776875
0 0.6013357203125 0.1155626796875 0.6052689859375 0.11584051875000001 0.60381679375 0.12062441875 0.604848309375 0.1234117015625 0.60751724375 0.12315242500000001 0.6091561750000001 0.12193265312499998 0.61132169375 0.12152487812499999 0.613293428125 0.12270160000000001 0.61884561875 0.1283204015625 0.6195963296875 0.1266334171875 0.620581375 0.124523059375 0.6222187921875 0.12147649687499999 0.6217614515625 0.115513703125 0.619112659375 0.11278289687500001 0.61259431875 0.11159886875 0.6104417671875 0.11059453906250001 0.609173025 0.10814769375 0.6068295874999999 0.10881079687499999 0.6064911234375 0.1098190765625 0.6040941734375 0.1107331640625 0.601465784375 0.11215356406250002 0.6013357203125 0.1155626796875
0 0.6352465234375 0.1164544484375 0.6376157625000001 0.1093964875 0.6359924296874999 0.102145796875 0.6263683515625 0.1029801078125 0.6245383999999999 0.1022966671875 0.623418615625 0.09876511875 0.621966159375 0.09640772656249999 0.61985415625 0.09656451875 0.6189285515625 0.1021604125 0.6185062296875 0.1043341578125 0.61682536875 0.1061366609375 0.6152153984375001 0.10818580468750001 0.616197678125 0.1095631546875 0.619685453125 0.11135124062499999 0.6220825375000001 0.11400780156250001 0.6272903390625 0.11689836093749999 0.6352465234375 0.1164544484375
0 0.6219597078125 0.078388621875 0.625237703125 0.079519728125 0.6295731484375 0.08061390625 0.63435546875 0.0784539828125 0.63488481875 0.07577827031249999 0.634177284375 0.07156801874999999 0.633847378125 0.06925446406249999 0.6287755671874999 0.066691309375 0.6236445828125 0.06778390937499999 0.6212692859375 0.067534703125 0.6206196765625001 0.06498319687500001 0.6210984078124999 0.06264140625 0.620053925 0.061266226562500005 0.6174920203125 0.0610235375 0.6170161843749999 0.063448265625 0.61754718125 0.066169990625 0.616989 0.071586978125 0.6153413796875 0.0725579359375 0.6142087593750001 0.0740091421875 0.616659359375 0.07641471718750001 0.6219597078125 0.078388621875
0 0.6411375609375 0.05330563125 0.641344575 0.057450320312500004 0.639850321875 0.059246306250000005 0.636316340625 0.0597018703125 0.6359258765625 0.062787925 0.6391691171875 0.062923784375 0.640259809375 0.0620553125 0.6433744984375 0.0674270796875 0.644079003125 0.0679837453125 0.645273959375 0.070101015625 0.6477303515624999 0.0726724640625 0.653282275 0.071149971875 0.6544075874999999 0.0677061015625 0.653490275 0.06283887031249999 0.6505217796875 0.059870112499999996 0.6464973484375001 0.0587650734375 0.6443129390625 0.0568484328125 0.6442303296875 0.052699396875000006 0.6430411671875 0.050748003124999996 0.64113315 0.0513959015625 0.6411375609375 0.05330563125
0 0.66002506875 0.0395259984375 0.6616786140625 0.042291559374999996 0.66644948125 0.043370534375000006 0.6685773484374999 0.041884575 0.669325165625 0.0401146546875 0.6696476328125 0.0368648953125 0.6673213078125 0.03088433125 0.6649690484375 0.0277279765625 0.662991521875 0.0263853796875 0.662133646875 0.0250036859375 0.6621957171874999 0.021430868750000002 0.660193640625 0.021168628125 0.658064521875 0.0279690890625 0.6568610109375 0.0291736546875 0.6546868046875 0.0293326171875 0.6541385640625 0.0296839140625 0.654404884375 0.033743495312499996 0.6573964171875 0.03380510625 0.6587577078125 0.0353352984375 0.66002506875 0.0395259984375
0 0.6708233703125 0.0669667734375 0.670963771875 0.06920390625 0.6693929671875 0.074158025 0.6701293328125 0.07562700156249999 0.6723238125 0.0760486 0.6738861921875 0.0779869625 0.676033215625 0.085966709375 0.6802777609375 0.0933749796875 0.68047885 0.09378315000000001 0.68190951875 0.0937331890625 0.6842860640625 0.0886678953125 0.6846329515625 0.08076713437500001 0.681675909375 0.07455948125 0.6803463453124999 0.07037095156249999 0.6792467015625 0.06384931875 0.6768511312500001 0.0630195515625 0.675643340625 0.065885034375 0.6744006640625 0.0641846234375 0.672618434375 0.0630843234375 0.668146865625 0.05809209375 0.6708233703125 0.0669667734375
0 0.662263328125 0.0893539078125 0.664362365625 0.0906092234375 0.66771415 0.09206990468750001 0.6711164187499999 0.0896260203125 0.6695045390625001 0.0791364328125 0.667048015625 0.07299433749999999 0.6640953828125 0.0686964109375 0.6639100234375 0.0633884265625 0.6610457921874999 0.06340541093749999 0.659793309375 0.070341334375 0.6586059265624999 0.077358021875 0.6616268187500001 0.08896094375 0.662263328125 0.0893539078125
0 0.6532920921875001 0.1409849140625 0.6540531390625001 0.14494418125 0.6608794687499999 0.14246376249999998 0.664410421875 0.1383546171875 0.665895853125 0.132739171875 0.664133765625 0.1286487859375 0.663186240625 0.1282666828125 0.65902456875 0.1321487390625 0.6558175953125 0.13483491875 0.654337825 0.1370455921875 0.6532920921875001 0.1409849140625
0 0.645816346875 0.10703415624999998 0.646020596875 0.11466655625 0.6466601359374999 0.1187131046875 0.6519026921875 0.1225989109375 0.6530136578125 0.12231099999999999 0.6557981765625 0.11822791875000001 0.6546233625 0.1131205640625 0.6515592921875 0.10741487812499999 0.645816346875 0.10703415624999998
0 0.6645772156249999 0.11102916249999999 0.6657330046875 0.11024145781250001 0.6683801500000001 0.107574825 0.66819138125 0.10364938593749999 0.6647184687500001 0.0972398578125 0.660986028125 0.0902288953125 0.657752859375 0.08859799375 0.6530992234374999 0.08909265625 0.6543376203125 0.09245398437499999 0.65080943125 0.093075421875 0.652373325 0.096840575 0.6555154625 0.1012149234375 0.6593346578125 0.10714335625 0.6645772156249999 0.11102916249999999
0 0.7189951296875 0.0441689828125 0.7177881046875 0.050381706250000005 0.72087264375 0.05715655468750001 0.7238556890625001 0.058476362500000004 0.7272686046875 0.0568145390625 0.7291514765625 0.047018267187500004 0.7318302234375 0.0370755390625 0.73338039375 0.0304948375 0.7311705546875 0.030928003125 0.7316126515625 0.023199346875 0.7280881765625 0.02676370625 0.7270585546875 0.0227650546875 0.7237595515625 0.030237481249999996 0.722234025 0.032426720312500004 0.7214093687500001 0.0368461203125 0.7189951296875 0.0441689828125
0 0.708273653125 0.076108240625 0.7081165671874999 0.07670705156249999 0.710334684375 0.0765109265625 0.7155914375 0.07158076249999999 0.71521894375 0.06091393125 0.713875146875 0.0581129015625 0.7133621234375 0.0485189625 0.7112762578125 0.047405153125 0.7078511140625 0.053814001562500005 0.7030488781249999 0.0513710703125 0.702127053125 0.055556532812500004 0.704465196875 0.0587974984375 0.7039135140624999 0.06593665625 0.708273653125 0.076108240625
0 0.7325861328125 0.1300824 0.731810575 0.12061629375 0.7290258171875 0.1147802953125 0.7261296875000001 0.11594941562500001 0.71990125625 0.1185402140625 0.7187604515625 0.1266492625 0.7210780906250001 0.13440021093750001 0.7270672265625 0.14534556406250002 0.7314104312499999 0.1448379015625 0.7341928375 0.1429607640625 0.7325861328125 0.1300824
0 0.7305584875 0.0822126 0.7296186984374999 0.103723759375 0.7306771046875 0.10344946875000001 0.73330045 0.1046631734375 0.7373521515625 0.1034537015625 0.738811078125 0.08916296875 0.7416055234375001 0.0774362296875 0.7402905109375 0.07036225625 0.7378490859375 0.069260865625 0.73823954375 0.0626019984375 0.7334972234375 0.0593263203125 0.73182721875 0.067572515625 0.7279120953125 0.07269315937500001 0.7286584921875 0.07622704062499999 0.7305584875 0.0822126
0 0.7371828375 0.10879953281250002 0.7398020437499999 0.10989471718749999 0.7427478375 0.11014784375 0.7456398281250001 0.108860203125 0.7481906484375 0.1054485109375 0.7510306203125 0.0950254921875 0.752382315625 0.0878583984375 0.7498104234375 0.0804723234375 0.74651931875 0.0779766234375 0.743819690625 0.0822241671875 0.741233784375 0.087179728125 0.7410871390625 0.09062613124999999 0.7405437328125 0.09800233124999999 0.7371828375 0.10879953281250002
0 0.7660652140625 0.14327173437500001 0.7639878171875 0.14749755 0.76210889375 0.1523097578125 0.7599713890625 0.15226573593749998 0.757552821875 0.154367496875 0.7575632625 0.15721508906249998 0.7593741781250001 0.15810117031249998 0.7596761234375 0.161650571875 0.7538016546875 0.1769261515625 0.75395893125 0.181429925 0.7573803140625001 0.18510772343749998 0.7614444312499999 0.18425381093749998 0.7657151140625 0.17912075 0.7678358750000001 0.173588109375 0.7673021546875 0.1634015671875 0.7690902140625 0.16108449375 0.7695634484375 0.1567960328125 0.7678496984375001 0.156143890625 0.768903778125 0.15064849687499998 0.7705408625 0.146556721875 0.7655383640625 0.1511220140625 0.7660652140625 0.14327173437500001
0 0.6943130640625 0.1886467859375 0.6925877500000001 0.1888514078125 0.6916610624999999 0.191771203125 0.692408134375 0.1945603640625 0.6903283953125 0.2001191171875 0.688085234375 0.207199478125 0.6887733125 0.2129503203125 0.6922870015625 0.21744751562500003 0.692979884375 0.217134575 0.6966832593750001 0.2162112046875 0.6974037234375 0.2135873546875 0.6982457796875 0.2004923078125 0.6990480125 0.19865964687499998 0.70124476875 0.1949014546875 0.7012421359375 0.19172536874999999 0.699378459375 0.19106859062499998 0.6996008765624999 0.1865853 0.6978945000000001 0.18888264999999999 0.697786125 0.18267845 0.695591771875 0.1834047515625 0.6943130640625 0.1886467859375
0 0.7042711671874999 0.21645153125 0.7041404765625 0.2189104140625 0.7021989828125 0.2222265765625 0.7026681328125 0.22480888437500002 0.7046374375 0.22538978906249998 0.7050046796875 0.22660412187499998 0.7056474390624999 0.2310572015625 0.7052088453125 0.2386520328125 0.7084157171875 0.24366524374999998 0.710281909375 0.24439412031250002 0.7138418875 0.2424651546875 0.7146099593749999 0.235003190625 0.7115853343749999 0.2274571109375 0.711507284375 0.22522207500000002 0.71316330625 0.22148276406249998 0.7124526828125 0.21818703125 0.7115384703125 0.21836332656250002 0.7113370531250001 0.212595490625 0.7093024031249999 0.2132440296875 0.7075834390625 0.21518089062499998 0.704323925 0.2148616 0.7042711671874999 0.21645153125
0 0.7183842265625 0.2128547 0.7169431828125 0.2149984125 0.7154493828125 0.21873205625 0.7166139359375 0.2210735234375 0.7170528765624999 0.22279065468749998 0.7155414515625 0.2260196140625 0.7148009609375 0.23117066875 0.716420990625 0.24035388750000003 0.71676305625 0.2408472421875 0.7180294046875 0.24145269374999997 0.7216246328125 0.2405331015625 0.7237950078125001 0.237569875 0.7235985109375 0.228842246875 0.7248747015625 0.2235281140625 0.7251272156249999 0.216806009375 0.72275301875 0.217033290625 0.7229539765624999 0.210385171875 0.7214575437499999 0.21094273125 0.719670715625 0.21403693437500002 0.7194115062499999 0.209714834375 0.7183842265625 0.2128547
0 0.725111840625 0.1844753390625 0.7257817390625 0.18669045 0.729072728125 0.1975046921875 0.73188039375 0.195892365625 0.73299395 0.192429884375 0.7349217609375 0.186832140625 0.734071653125 0.18087053749999998 0.7351233125000001 0.17846363125 0.73525488125 0.16950501874999999 0.7327727703125 0.16629977812500002 0.7312495796875 0.165102040625 0.729288421875 0.1683307671875 0.72996870625 0.1722573125 0.7291212093749999 0.1748546046875 0.7263193375 0.17804685 0.725111840625 0.1844753390625
0 0.737350015625 0.2224317359375 0.7402082 0.2222660875 0.7407392234375 0.2219183515625 0.7443413609375 0.210534203125 0.7452849890625 0.20220561718750002 0.7462722484375 0.1951264359375 0.7483216578125 0.19018283125 0.7494053625 0.18586549375 0.74865749375 0.1842456515625 0.74370746875 0.18955390156250002 0.74216371875 0.1905953859375 0.740074175 0.195803746875 0.7383002203125 0.20580728750000002 0.735449134375 0.21183230156250002 0.733611871875 0.21578092343750002 0.7347888390625 0.22120440624999999 0.737350015625 0.2224317359375
0 0.7345923937500001 0.1816424125 0.7343252390624999 0.1838902453125 0.7362785171875 0.184677934375 0.735718946875 0.1884502609375 0.734456234375 0.1904695078125 0.732544603125 0.199358603125 0.7327329015624999 0.20475077343749998 0.738082278125 0.205222353125 0.7397601015624999 0.20095010625 0.741259909375 0.1901660796875 0.7433059265625 0.186539359375 0.744645409375 0.18247644375 0.7440052578125 0.17828514374999999 0.741221653125 0.179172409375 0.738795959375 0.1818248125 0.7363219390625 0.1802652484375 0.7345923937500001 0.1816424125
0 0.75758935625 0.24924436718749998 0.7580505640624999 0.24715653906249999 0.7575215109375 0.24452062031250002 0.75317280625 0.2506934234375 0.7521972765625 0.251957575 0.7503633234375 0.24949670625000003 0.7479114874999999 0.2515893078125 0.74673755625 0.2555147828125 0.7432741625 0.260620809375 0.741178790625 0.26457846093750004 0.7403093890625 0.26888175 0.7410674796875 0.2739051015625 0.7437608265625 0.2759475109375 0.745837159375 0.2756160390625 0.7487750421875 0.272146896875 0.7512606453124999 0.2682403578125 0.7522699453125 0.26516226875000004 0.7513913062500001 0.2636391609375 0.75245028125 0.261983646875 0.7534968906249999 0.26136442656250003 0.7554717125 0.2609070171875 0.7577995625 0.26082572656249997 0.7591889843749999 0.25889970625 0.7579279624999999 0.25615986562500004 0.757750859375 0.255259671875 0.76069659375 0.2506249109375 0.7610010203125 0.24821885 0.75758935625 0.24924436718749998
0 0.7405292359375 0.23624443906249998 0.7381372890625 0.2414425328125 0.734165578125 0.2556300984375 0.7350690578125 0.2578644953125 0.7370372093750001 0.25999697187500004 0.7434105171875001 0.2575732046875 0.7454854640625 0.250249715625 0.748502275 0.24625988593749998 0.7517592109375 0.239413053125 0.7508826234375 0.23238685937499998 0.7490362 0.22817840937499997 0.7461941296875 0.230219896875 0.7458084140625 0.230298109375 0.7444617921875001 0.23066883906250002 0.7415576765624999 0.232324046875 0.7405292359375 0.23624443906249998
0 0.7435201078125 0.28137439375 0.7366435359375 0.29037306875 0.73649745 0.29509430625 0.7367007625 0.29980334375 0.7397488390625 0.30249549062500003 0.7415292250000001 0.302277840625 0.7425629546875 0.3018271359375 0.7465730734375 0.2942242015625 0.7468085921875 0.29095095937500004 0.7481636625 0.288571484375 0.7487486609375 0.28751454062500004 0.750193165625 0.2865830609375 0.751752328125 0.2855957515625 0.75231744375 0.283969421875 0.7522505625 0.28205420625 0.75096763125 0.28204718125 0.7489633515625 0.28253177812499997 0.74822840625 0.2815209296875 0.7474320015625 0.27875015468750003 0.74587275625 0.2775089625 0.7435201078125 0.28137439375
0 0.6679304578124999 0.3493428203125 0.667839390625 0.3453511875 0.6669920125 0.347378184375 0.665017725 0.3503465890625 0.663010696875 0.348225971875 0.66161666875 0.3498210328125 0.661662790625 0.35252558437500003 0.6626663015625 0.35358589218750003 0.6610646546875001 0.3561546890625 0.658064484375 0.3601898375 0.655763575 0.3634918078125 0.6549768734375 0.3672563640625 0.6551306578125 0.367508721875 0.657408228125 0.3704575140625 0.6607745031250001 0.37137087968750004 0.6649802390625 0.3686467140625 0.6664773359375 0.3617001625 0.6670654078125 0.3591667609375 0.670923225 0.357550096875 0.67082434375 0.3547185203125 0.669315703125 0.353031528125 0.6695221453125 0.35064031875 0.6710418171875 0.3471078984375 0.6700394796875 0.34746506250000003 0.6679304578124999 0.3493428203125
0 0.6603162046875 0.331954225 0.6580196875000001 0.3326143109375 0.655533428125 0.3319923765625 0.6547152640625 0.3348559765625 0.6567222921875 0.3369765921875 0.6548120015625 0.3403937875 0.6511194109375 0.34812576562499997 0.6486435203124999 0.354719903125 0.6492968671875 0.356823359375 0.6507034109375 0.359738134375 0.6540236671875 0.36071753906250004 0.6576434765625 0.3578205375 0.6596839046875 0.3525946890625 0.66126854375 0.34538735 0.663585184375 0.34253585468750003 0.665598746875 0.33930835 0.665045253125 0.335912759375 0.664853159375 0.33179579062500003 0.6629674875 0.3331502875 0.6633961046875 0.328818346875 0.6603162046875 0.331954225
0 0.639166059375 0.27844067968749997 0.639402128125 0.2879684390625 0.63999725 0.293939875 0.6391846546875 0.2955790625 0.6372810015625 0.29641872812500003 0.6364953734375 0.2988301640625 0.6375831078124999 0.30091845156249997 0.63954958125 0.29911010312499997 0.6414127828125 0.2971120671875 0.64386650625 0.2981861640625 0.6463515921874999 0.29739062656250004 0.644401615625 0.28998455624999997 0.644543959375 0.2843739625 0.642739953125 0.278380309375 0.639166059375 0.27844067968749997
0 0.639137609375 0.2679391828125 0.642267053125 0.2689896859375 0.6486167968750001 0.26954113749999997 0.650324934375 0.263102675 0.6470538109375 0.25522728125 0.6423269078125 0.248562509375 0.6346020828125 0.2459972375 0.628015403125 0.2428123296875 0.6292088609375 0.2506958453125 0.6314045593750001 0.255451603125 0.6357160203125 0.2585226671875 0.63807576875 0.26797626406249997 0.639137609375 0.2679391828125
0 0.64267324375 0.2349551671875 0.6421390031249999 0.236262471875 0.640701203125 0.23798792500000002 0.637850425 0.2449173171875 0.6379279062500001 0.2457522328125 0.6390246296875 0.248097934375 0.6411147046875 0.24982905625 0.6450252812499999 0.248339415625 0.6469556953125 0.2427308125 0.64753253125 0.239875640625 0.649438328125 0.2363297359375 0.648392115625 0.23404670312500003 0.6458396125 0.23291162187499997 0.6445565671875 0.230765725 0.6427897953125 0.22998979843749998 0.6418413921874999 0.23189145937500003 0.64267324375 0.2349551671875
0 0.7282030671874999 0.3393725125 0.73295169375 0.33931979375 0.7371741203125 0.33634468281249996 0.7375207359375 0.33169521562500004 0.7388014046875 0.329501471875 0.7422552859375 0.323951753125 0.74035768125 0.3206248265625 0.7348720671875 0.3190066859375 0.7337845203125 0.3218723234375 0.7346259578125001 0.32410506875 0.730913953125 0.3295506953125 0.727676865625 0.336450121875 0.7282030671874999 0.3393725125
0 0.7181641078125 0.3968418109375 0.7135283609374999 0.4122730578125 0.7176070671875 0.41246994531250003 0.724883590625 0.409501290625 0.7272458 0.40184067343749996 0.726065096875 0.389892625 0.720847559375 0.39109278281250004 0.7181641078125 0.3968418109375
0 0.7499787671875 0.4188045234375 0.7580770046875001 0.41750376874999995 0.7620392453125 0.411936296875 0.7636766625 0.4126708625 0.7655190390625 0.414416228125 0.768263728125 0.4128499984375 0.771228975 0.40788287343749996 0.7719381656250001 0.403899384375 0.7704996984375 0.4015743828125 0.76548505625 0.401297071875 0.76096093125 0.3980618671875 0.754575065625 0.4022435890625 0.7495606031250001 0.406829846875 0.7490700859375 0.40978774375000004 0.7499787671875 0.4188045234375
0 0.7369936484374999 0.41134052499999996 0.7375275609374999 0.409625284375 0.7423802796875 0.40040731249999995 0.7438243953125 0.395606415625 0.74699854375 0.3917630609375 0.750054525 0.389394215625 0.7500956765625 0.38328503281250004 0.7498315453125 0.380579703125 0.7492677765625 0.374152325 0.7445980484375 0.3764644171875 0.7415794546875001 0.37747467968750004 0.73710679375 0.38057163437499997 0.7337338734375 0.390868996875 0.730896746875 0.397075815625 0.7321186046875 0.40291467968749994 0.7369936484374999 0.41134052499999996
0 0.75559034375 0.363299534375 0.7560275125 0.35638477812499997 0.7544194125 0.34920212500000003 0.7482067640625 0.34862733125 0.74668375 0.35116885625 0.7440987421874999 0.35487853125 0.7450053609375 0.3614070421875 0.7487552921875 0.36919353906249996 0.7494941609375 0.3684891 0.7525166999999999 0.3675918046875 0.75559034375 0.363299534375
0 0.737417725 0.37004188125000004 0.7427594375 0.3699684515625 0.745322659375 0.3632056640625 0.747097790625 0.35816699375 0.748013821875 0.35281900624999996 0.7447921531249999 0.3504431671875 0.74249853125 0.347921815625 0.7391075890625001 0.3504154640625 0.7393303890625 0.3543664078125 0.7356972828125 0.36207140625 0.73603636875 0.36692314062500003 0.737417725 0.37004188125000004
0 0.7428643312500001 0.3292464859375 0.7362498390625001 0.331739596875 0.727732634375 0.35262238749999997 0.72997891875 0.35378811718750003 0.731196646875 0.3546504453125 0.740796290625 0.352618621875 0.744951653125 0.34772304374999996 0.7485749875 0.3421674078125 0.753382609375 0.3389456484375 0.7544483703125 0.3330268984375 0.757431278125 0.32613634999999996 0.7553326609375 0.32191159062499997 0.7516717609375 0.3239622421875 0.7479537484375001 0.32680663125 0.7464168359375 0.3265209828125 0.7428643312500001 0.3292464859375
0 0.6403023546875 0.4179562484375 0.6415583171875 0.41768743906249994 0.64483431875 0.4148736265625 0.6444911515625 0.4074622296875 0.6387107125 0.40136546093750003 0.63084371875 0.40074037812499996 0.625006665625 0.400269359375 0.6232590015625 0.4033672265625 0.6269035828125 0.40627679531250005 0.6265450796875001 0.40808892031250005 0.6284771250000001 0.4102709625 0.631518109375 0.41038971718750006 0.634139875 0.412997575 0.6403023546875 0.4179562484375
0 0.6510272890625 0.39654881406250003 0.6484608 0.405186571875 0.6495639453125001 0.4053730015625 0.6533652671875 0.4079396671875 0.6570253609375001 0.40646214687500004 0.6583653984375 0.40135395625000003 0.6618881890625 0.395944590625 0.6621093890624999 0.3902006171875 0.66056723125 0.387105159375 0.659232809375 0.3851272 0.6566698875 0.38420441875 0.654931940625 0.38516491249999996 0.6519283125 0.388531590625 0.6518520828125001 0.3935956484375 0.6510272890625 0.39654881406250003
0 0.6632026640625 0.473985196875 0.6643974765625 0.4754675375 0.6654047921874999 0.48030936718749995 0.6684637078125 0.48934693593749995 0.670460296875 0.4897852328125 0.67511704375 0.4856600484375 0.6732210484375 0.477191496875 0.671307496875 0.472584521875 0.6699248625 0.4657237140625 0.6674981078125 0.46387797500000005 0.6661493828125 0.4645347 0.6627578375 0.4590648984375 0.662991728125 0.465762615625 0.6617651828125 0.46773592812500003 0.660023584375 0.4702352484375 0.66111224375 0.47304215312500003 0.6632026640625 0.473985196875
0 0.6935309265625 0.44996354062500005 0.6940652296875001 0.44344220625 0.692719725 0.435462453125 0.689264553125 0.43253498125 0.6865741921875 0.4340513921875 0.6861495843750001 0.43934964218749994 0.684393971875 0.44581202031249995 0.6884865375 0.45389905312499995 0.68913609375 0.45286032656249997 0.6921963765625 0.45102618593750005 0.6935309265625 0.44996354062500005
0 0.6856731890625001 0.4322539765625 0.68863440625 0.43194736093749997 0.6949959484375 0.43517975781249996 0.697255984375 0.42788692968750003 0.6935848046875 0.42313812500000003 0.692825390625 0.421030953125 0.6922038625 0.414143565625 0.6870761140625 0.41350979531250004 0.6852124984375 0.4190615078125 0.6858375703124999 0.426050375 0.68494566875 0.43106013125000003 0.6856731890625001 0.4322539765625
0 0.683177425 0.5266299171875 0.6867740234374999 0.524878653125 0.6890519390625001 0.5224622078125 0.6892554640624999 0.5217438703124999 0.6935760390625 0.5210849718749999 0.6926519203125 0.5164434453125 0.6845027109374999 0.5143911234375 0.6768774953125 0.514250984375 0.672972909375 0.5159114 0.6696436234375 0.5187709765624999 0.6700898171875 0.5228195671875 0.6731946375 0.528807403125 0.6737009125 0.5302121828125 0.683177425 0.5266299171875
0 0.69440285625 0.4792967328125 0.69457819375 0.48213552968749995 0.6970527078125001 0.48316676562499994 0.6976386390625 0.48467036874999997 0.6967025203125 0.4905961078125 0.696233859375 0.501179321875 0.6957100265625 0.5036361171875 0.69791199375 0.5055913078125001 0.7048238671875 0.504943521875 0.706846953125 0.5039584359375 0.7064713125 0.49320149999999996 0.7054957296875 0.4849040140625 0.70539819375 0.47992881093750006 0.704362690625 0.47864411562500003 0.7034529078125 0.4787774890625 0.7010617546875 0.4823155375 0.6990368140625 0.48106539374999996 0.6962047015625 0.47852258125 0.69440285625 0.4792967328125
0 0.6995068421874999 0.45961047343750006 0.70120793125 0.46249759375000005 0.6990876328125 0.467245434375 0.70118900625 0.477230878125 0.7017288671874999 0.477415234375 0.7029678953125 0.47798159218749997 0.708189471875 0.4791201078125 0.7128445296875 0.4771286703125 0.7112634453125 0.46458495 0.7094030499999999 0.461500184375 0.7110098234375 0.4507756234375 0.7078574015625 0.44997126875 0.70580073125 0.45217677968750003 0.70410165625 0.45589386718749997 0.699655359375 0.4551346984375 0.697432290625 0.4569396015625 0.6995068421874999 0.45961047343750006
0 0.7536237906250001 0.47445235625000004 0.7502014671875 0.47547395468750003 0.74555200625 0.48656158281249995 0.74947559375 0.489130828125 0.7541341921875 0.489068378125 0.7570517546875 0.48435583125 0.7637355890624999 0.477707590625 0.763794859375 0.47509949375 0.766845265625 0.47419111562499994 0.7666809578125 0.4694859578125 0.7634297765625 0.4711029703125 0.764128159375 0.4695751046875 0.7649102875 0.4661399109375 0.7592844390625 0.46864170156249996 0.7561363046875 0.47105696874999997 0.7536237906250001 0.47445235625000004
0 0.7463520921875 0.496556825 0.7499434078125 0.4853056828125 0.7503148453125 0.47226257499999996 0.746714390625 0.47248853906250005 0.7423577906250001 0.47043557500000005 0.740666015625 0.4758069390625 0.7391645296875 0.480169340625 0.7360185421875001 0.49340956562500005 0.7366455000000001 0.4962943953125 0.740733234375 0.49925883437499996 0.7463520921875 0.496556825
0 0.7632556187499999 0.4833373328125 0.7608566390625 0.48783130625000004 0.7593165390625 0.4867825375 0.7563430421875 0.48989332812499997 0.7577942359375001 0.49485424375 0.7541799578124999 0.49898972812500003 0.7498606234375 0.513072784375 0.7518075984375 0.5150094296875001 0.7544914125 0.51651941875 0.7602692531249999 0.5162174203125 0.762930265625 0.5149217140625 0.7648679421875 0.5015232187499999 0.7682534796875 0.4972954875 0.7681537671875 0.49228737968749997 0.76580174375 0.49166789062499994 0.76595008125 0.48945761093750006 0.767093475 0.48129890625 0.7656232937499999 0.4822523328125 0.7655708546875 0.48075068749999994 0.7632556187499999 0.4833373328125
0 0.7644528140625 0.5606744828125 0.7617010671875 0.5636772984375 0.759679009375 0.5617432734375 0.757215278125 0.5622302359375 0.7566129515625 0.5643561375 0.7553768359374999 0.5677069546875 0.7549298375 0.5678227953125 0.7513939781250001 0.56774580625 0.747788359375 0.5699765859375 0.745216571875 0.575980071875 0.7448290046875 0.577797778125 0.7460164984375 0.5816653515625 0.7495367046875 0.5834468265625 0.7527913828125 0.5819299250000001 0.7570639234375001 0.57727029375 0.7614536562499999 0.57811931875 0.7652059437500001 0.5757831859375 0.7642523578125 0.5700030421875 0.7642715046874999 0.5683986625 0.7681233453125 0.5667606765625 0.767553990625 0.563372678125 0.7663054 0.5599081671875 0.7644528140625 0.5606744828125
0 0.741000446875 0.5951713453125 0.7416413859375 0.5984566140625 0.7427258296875 0.6015259296875 0.7460714015625001 0.6026118828125 0.7507927671875 0.6000414453125 0.7550478265625 0.5948812640625001 0.7588315765625 0.59344611875 0.7580927515625 0.5873577796875 0.75629244375 0.5853157796875 0.753570175 0.582704584375 0.7512304671875001 0.5845904625 0.7498913015625 0.587143021875 0.74633629375 0.5886704109374999 0.741000446875 0.5951713453125
0 0.7285116015625 0.62287051875 0.7318361984374999 0.6233558125 0.734388996875 0.6232666671875 0.7360511359374999 0.6191993499999999 0.7397178531249999 0.6165655109375 0.7382421859375 0.610903828125 0.7327192265625 0.6098939140625 0.727061915625 0.6114947171875 0.72107829375 0.618820128125 0.7189848109375 0.621298796875 0.7187562265625 0.625516515625 0.7221577328125 0.6282042234375 0.724516190625 0.6283121421875 0.7256061953125 0.62577846875 0.7285116015625 0.62287051875
0 0.727852384375 0.5975348921875 0.7202449203125 0.6057188625000001 0.7188759578125 0.6052655078125 0.7168612109375 0.6121516265625 0.7195521765625 0.6181717984375 0.722977996875 0.6172503109374999 0.7266167453125 0.6138155937499999 0.729911546875 0.611294971875 0.735217759375 0.606098084375 0.7401084359375 0.6019180265624999 0.740918371875 0.5949737484375001 0.7398321 0.5896993968750001 0.7359401359375 0.5923411015625 0.7334607531249999 0.5945325515625 0.727852384375 0.5975348921875
0 0.7502275453125 0.6139934046875 0.7477936093750001 0.6174862812499999 0.743657409375 0.6260501921875 0.743341428125 0.6277651671875 0.7444381875 0.63333985 0.7487773078125 0.6348922640625 0.7537866875 0.629805975 0.761224840625 0.6232316250000001 0.7627769375 0.6181658328124999 0.7621273359375 0.616785271875 0.7644181 0.613497859375 0.7643689984375001 0.6077863609375 0.7617970515625 0.6094798828125 0.7584341609374999 0.612203346875 0.7547812671874999 0.6109276625 0.7502275453125 0.6139934046875
0 0.7501442953125 0.7235496796875001 0.7512665546874999 0.7104803546875 0.7471438609375001 0.7065148171875 0.743770640625 0.7132479140625 0.7393619203124999 0.7183132265625 0.7388331671875 0.7268513953125 0.7394356531249999 0.7290354578125 0.7417860078125 0.7317598703125 0.74805096875 0.7303383125 0.7501442953125 0.7235496796875001
0 0.7542236015625 0.687524240625 0.7538793359375 0.6798184125 0.7519619953125 0.6765777187500001 0.752035090625 0.670060096875 0.7438179890625001 0.6715498265625001 0.73936199375 0.6731086796875 0.7362138609375 0.6755239453125 0.7354701890625 0.680060346875 0.737448628125 0.68289798125 0.747836284375 0.6854419578125001 0.75129539375 0.6876264953125 0.7542236015625 0.687524240625
0 0.71018899375 0.74398899375 0.7164259890625 0.7417665578125 0.71871858125 0.7406841796875 0.72295815 0.7415384484375 0.7246848828125 0.7371681828125001 0.723492225 0.7353054265625001 0.72515086875 0.7311380015625 0.71846139375 0.7268611703125 0.708657075 0.7281056312499999 0.7053850765624999 0.7334319453125 0.7051058828125 0.7383530546875 0.706595371875 0.7401052124999999 0.707410790625 0.73977604375 0.71018899375 0.74398899375
0 0.6932146125 0.700425384375 0.6950142546875 0.7004667828125 0.6959459296875 0.7025191125 0.6994018484375 0.7052129984375 0.7007691609375 0.701829465625 0.704023375 0.700986121875 0.7043663796875 0.69513651875 0.6939568921875 0.688098753125 0.6859192765625 0.686294565625 0.6838273640625 0.6890779421875 0.6832973625000001 0.6962892390625 0.6890541703124999 0.699945209375 0.6932146125 0.700425384375
0 0.7120013265625 0.6607823390625 0.715967496875 0.6624159734374999 0.7218875859375 0.661792265625 0.72581896875 0.6557131109375 0.7320728890625 0.64673828125 0.73251943125 0.6416147640625 0.7289056031250001 0.641115503125 0.7295628578125 0.6375482781249999 0.7270566281249999 0.63294485 0.7243635671875001 0.6341855703125 0.7225876421875 0.6370621562500001 0.720813615625 0.642232028125 0.715685471875 0.647623271875 0.7120013265625 0.6607823390625
0 0.6873757359375 0.589193184375 0.6899108859374999 0.5901470875 0.6926893046875 0.5891118734375 0.69428360625 0.5855119265625001 0.6955491140625 0.5792131359375 0.6985798078125 0.574207865625 0.697482784375 0.5696594687500001 0.6933386234375 0.567406590625 0.691911403125 0.5713134328125 0.6902606640625 0.5710583484375 0.6880162140625 0.5739512953125 0.6880472015625 0.5770775125000001 0.6857719296875 0.5813266984375 0.6873757359375 0.589193184375
0 0.6624116953125 0.597466221875 0.6576521734375 0.6022191343750001 0.65839148125 0.6077182125 0.6602783859375 0.6102584015625 0.6654666015624999 0.60882630625 0.6701244859375 0.6056405921875 0.6749440812499999 0.6048468296875 0.6769579046875001 0.6020661796875 0.67612613125 0.60063581875 0.67342926875 0.597289965625 0.6737705390625 0.593629534375 0.6717837359375001 0.5904673703125 0.669137940625 0.593061603125 0.6678923453125 0.5976918062500001 0.6624116953125 0.597466221875
0 0.6722875453125 0.6116111703125 0.6654359453125 0.614665003125 0.6662296265625 0.61724336875 0.6687848562500001 0.6210111421875 0.67235695625 0.62255429375 0.6770965640625 0.6194699703125 0.6804941437500001 0.6160155375 0.6820957171875001 0.6126238234375 0.6845089843750001 0.6078486015625 0.6841166484375 0.60556895 0.6801051109375 0.6048750890625 0.676683815625 0.6054115359375001 0.6762390078125 0.6083458828125 0.6760338328125 0.6091869937500001 0.6722875453125 0.6116111703125
0 0.6303484109374999 0.6397620046875 0.6317901734375 0.6362716265625 0.6344756312500001 0.6258577609375 0.6304294703125 0.6219335671875 0.6251849828125 0.6239930890625 0.623040434375 0.62750800625 0.62267925 0.632837028125 0.6242375250000001 0.63716083125 0.6230573749999999 0.643665128125 0.6226998265625 0.649098265625 0.625182340625 0.6507837109375 0.6261647531250001 0.649811215625 0.6277336046875 0.6454824546875 0.62902109375 0.6442908171874999 0.6304720296874999 0.643301959375 0.6303484109374999 0.6397620046875
0 0.65128993125 0.6774964921875 0.647641478125 0.6737668953125 0.6465936218749999 0.672865296875 0.645661946875 0.6708129671874999 0.6408858140625 0.6683736703125 0.6375479765625001 0.6668223375 0.6317712546875 0.6648349546875 0.629189003125 0.66700999375 0.6278326015625 0.6707058765625 0.6275657828125001 0.6742594671875 0.6296833109375 0.6766873609374999 0.6342450937499999 0.6774662499999999 0.6376392046875 0.6783901578125 0.6400109078125 0.6791412828125 0.6402325281250001 0.6810099234375 0.6405285984375 0.6827717203125 0.6415020046875 0.6837801609375 0.6431418359375 0.683722896875 0.6441696125 0.681810628125 0.6453445578125 0.681873840625 0.6482066 0.6832333015625001 0.6502659562499999 0.6839953328124999 0.649127203125 0.6804908281250001 0.65128993125 0.6774964921875
0 0.6272743421875 0.699496525 0.6230029265625 0.693599575 0.6221856953125 0.6925856796875001 0.620778225 0.6903414765625 0.6173984921875 0.6853515781249999 0.61418410625 0.68285774375 0.6097748609375 0.6819692859375001 0.604544915625 0.684445271875 0.6034935906250001 0.6879220140625 0.60324495 0.6919961859375 0.6041511749999999 0.693319703125 0.60996425625 0.6963482484375 0.6125847656250001 0.69750765625 0.615109009375 0.6981492125 0.615535803125 0.6991767421875 0.6155013453125 0.7004288640625 0.6154324296875 0.702933109375 0.616888903125 0.70434165625 0.6184923765625 0.7032432281250001 0.6199360406250001 0.7020461375 0.6234627765625 0.7045290640624999 0.62552213125 0.705291096875 0.6234589734375 0.699942490625 0.6258905875 0.7001703078125 0.6272743421875 0.699496525
0 0.6077476421875 0.6172007390625 0.6014753765624999 0.6211725296874999 0.5994052796875 0.62458060625 0.5982287656249999 0.63118901875 0.59920580625 0.6323015765625 0.6025072859375 0.6328117468750001 0.6057905859375 0.6328013343750001 0.6087705453125001 0.630820890625 0.6108570859375 0.63012256875 0.612796625 0.6319312171875 0.6153245046875 0.6326768890625 0.6151899796875 0.628824584375 0.619077896875 0.6259784890625 0.618732825 0.6250523484375 0.6171347218750001 0.6240657234375 0.61852385 0.6213068875000001 0.615307728125 0.6210022234375 0.6128215781249999 0.6192126625000001 0.6077476421875 0.6172007390625
0 0.5844738375 0.613426771875 0.5806074015625 0.607932653125 0.5768536765625 0.6056661390625 0.5736938281249999 0.60473405 0.5709663109374999 0.6072268937499999 0.5702055171875 0.6100680296875 0.5740593125 0.617438971875 0.576705271875 0.6193271953124999 0.5778457593749999 0.62064253125 0.5777186703125 0.6214809171875 0.5786358046875 0.6231167828124999 0.5798434703125 0.62411704375 0.58207354375 0.6252900875 0.58533693125 0.6269482625 0.5856982796875 0.626101696875 0.5838640140625 0.622829965625 0.58799363125 0.6246663781249999 0.5892430281250001 0.6246227484375 0.5860284765625 0.617646459375 0.5844738375 0.613426771875
0 0.593697471875 0.620088978125 0.59427126875 0.618609534375 0.5970460515625 0.617470203125 0.5964411015625 0.6113409734374999 0.5927962859375 0.60771549375 0.58635321875 0.6090350453125 0.5811304625 0.6094780359375 0.5703272359375 0.6113147 0.572270575 0.617709921875 0.5867113484375001 0.6192905046875 0.591897828125 0.6200475796875 0.593697471875 0.620088978125
0 0.5397877546875 0.5606764796875 0.54090105625 0.5634521718750001 0.54436961875 0.5642692375 0.545837 0.56599013125 0.54889190625 0.577350215625 0.5507078265625001 0.5756189093749999 0.5545685609375 0.5742331703125 0.5566622078125001 0.5692606234375 0.554706225 0.5647422203125 0.5507144359375 0.557897315625 0.547614328125 0.5519594624999999 0.5416268953125 0.5484157890625 0.5429654515625 0.5531642390625 0.5399091421875 0.5529582359375 0.5421556578125 0.5568410312500001 0.5408463546875 0.557407971875 0.5399892953125 0.5597312515625 0.5397877546875 0.5606764796875
0 0.4991695734375 0.559488815625 0.5049695140625 0.5509468125 0.5045624671875 0.5437682390624999 0.5019509640625001 0.5406278921875 0.4965103078125 0.5415475875 0.49115881093749997 0.5472593609375 0.48797384375 0.5545633703124999 0.47982955 0.56537635 0.4825499625 0.5671577296875 0.48217233437499996 0.569777 0.48812134374999994 0.5655037671875001 0.48856631562499997 0.567051878125 0.49240713593749996 0.567334728125 0.4958554515625 0.5608554671875 0.4991695734375 0.559488815625
0 0.49074141875 0.40769214531250003 0.49069605312500003 0.40863191875 0.4988134921875 0.408244209375 0.5040235234375 0.40743680937500004 0.503847434375 0.40911085312499995 0.5044885765625 0.41179879062499997 0.5073887140625 0.41201024375 0.5078698796875 0.4101170625 0.5102033234375 0.4075337375 0.510086978125 0.40420201406249995 0.5077968312500001 0.399069821875 0.5062312828125 0.3945377859375 0.4960472171875 0.39395523125 0.48957704843750005 0.39897636875 0.48915595781250004 0.4048286984375 0.49074141875 0.40769214531250003
0 0.5268867984375001 0.30990061562500004 0.523948403125 0.3063547125 0.51803005 0.3047892484375 0.5152227093749999 0.3094739890625 0.5141260203125 0.3138905046875 0.5143348296875 0.313153509375 0.5134670296875 0.3196468984375 0.5122576265625 0.320835809375 0.5095410171875 0.32364100156250003 0.5110956578125 0.32786068749999997 0.511606075 0.33128289375 0.5108054546874999 0.33746120625 0.515205359375 0.33136568906249997 0.5148514484375 0.33690294375 0.5147189890625 0.33982638125000003 0.5176970468750001 0.33555265312500004 0.5211346203125 0.33324349999999997 0.5239002328125 0.3296026515625 0.5267654140625 0.317618859375 0.5268867984375001 0.30990061562500004
0 0.554170453125 0.6841918828125 0.553446803125 0.6898721531249999 0.5530657796875 0.6948028484375001 0.557807425 0.698571178125 0.5633842046875001 0.69985165 0.566348196875 0.700239884375 0.5688539859375 0.7033486828125 0.5727388640625 0.703704759375 0.57352254375 0.6997434796875 0.5800802390625 0.702710784375 0.577865625 0.6973789921875 0.5804012328125 0.6960610984375 0.573774934375 0.6911292359375001 0.5715088671874999 0.684324021875 0.5623898374999999 0.6819379015625 0.557759675 0.68136198125 0.554170453125 0.6841918828125
0 0.52757131875 0.67233553125 0.5321116375 0.6756191546875 0.535422740625 0.6806667875 0.5380955562499999 0.683278015625 0.5413290890625 0.67554314375 0.54415178125 0.6771656593750001 0.546901384375 0.6714146421875 0.544451140625 0.6646158609375 0.5351565093749999 0.662481740625 0.5299950546875001 0.6572528546874999 0.5232531828125 0.6542919828125 0.521942696875 0.6590092656250001 0.5210348687499999 0.664695965625 0.52757131875 0.67233553125
0 0.5435967203125001 0.7246378546875001 0.5461711125 0.729711215625 0.548475575 0.7323353046875 0.5528059890625 0.7348886484375 0.5561554859375 0.735755159375 0.5596977359374999 0.736860809375 0.5592905953125 0.7304824203125 0.5564462703124999 0.722959790625 0.552355578125 0.7167100343749999 0.5468686484374999 0.7127218609375 0.5422642093750001 0.7128826515625 0.5393688203125 0.7144589765625 0.538173909375 0.71720526875 0.5435967203125001 0.7246378546875001
0 0.5505693484374999 0.7130843687499999 0.5552080875 0.7139058578124999 0.5565953625 0.7008263312499999 0.5508429828125 0.6997978609375 0.5442767109375 0.6965849859375 0.53698230625 0.693643409375 0.53610878125 0.700312390625 0.5367344015625 0.7076666265625 0.5408206078125 0.7085074125 0.5505693484374999 0.7130843687499999
0 0.49366785156250004 0.7364620578125 0.49770260625 0.7358294234375 0.5011162234375 0.7332515203125001 0.498580225 0.723997040625 0.488201771875 0.7172292484375 0.48065906875 0.717738515625 0.4800211734375 0.7258744828125 0.4862276625 0.7293457906249999 0.48962861406249997 0.731685721875 0.4912649671875 0.7363000984375 0.49366785156250004 0.7364620578125
0 0.47725616249999997 0.6625367093750001 0.4851974296875 0.6681602625 0.4914851921875 0.6686782984375 0.4905516375 0.6736282874999999 0.496364046875 0.6763757484374999 0.49826994375 0.6728670203125 0.5028743796875 0.6727062296875 0.502728596875 0.6685315390625 0.5055725328125 0.6654817921875 0.500646709375 0.6617198937500001 0.49251677968749996 0.6506938015625 0.4843272140625 0.648521090625 0.47770988125 0.6544071734375 0.47774009062499995 0.6605528546875 0.47725616249999997 0.6625367093750001
0 0.5224763343750001 0.72709648125 0.52207776875 0.7209636609375 0.515883946875 0.7125745234374999 0.510816821875 0.71004690625 0.5101703515625 0.71793730625 0.515259109375 0.726365034375 0.5224763343750001 0.72709648125
0 0.48956371093750006 0.713985384375 0.4899876109375 0.710282540625 0.48704077031250004 0.7103854453125 0.4776346578125 0.705058915625 0.476375625 0.7112496187499999 0.477733471875 0.7131691578125 0.4849380296875 0.7188184375 0.4909901609375 0.717869484375 0.48956371093750006 0.713985384375
0 0.461938828125 0.6463524781250001 0.4637634515625 0.645797021875 0.46037516875 0.6385392578125 0.45902998906250003 0.6317018875 0.4571665796875 0.625866090625 0.45378278125 0.6240173 0.44950382031249997 0.6229373765624999 0.4513374109375 0.633199865625 0.4555694015625 0.638215340625 0.45854645156249996 0.644258115625 0.461938828125 0.6463524781250001
0 0.3782074390625 0.6723881734375 0.380503325 0.6747666953125 0.3818783234375 0.6771773750000001 0.3856304765625 0.679013303125 0.3891555765625 0.6796278109375 0.3879476046875 0.6767195609375001 0.3916397328125 0.6768364984375 0.3896092953125 0.6714982734375 0.38702632656249997 0.66617934375 0.38136379374999996 0.6624431734375 0.3774360359375 0.6608592468750001 0.37526020937500004 0.66191870625 0.3743095015625 0.66637755625 0.3782074390625 0.6723881734375
0 0.371046721875 0.5782243453125 0.377223003125 0.5755499703125 0.3790174171875 0.5688488328125 0.3698983890625 0.5664627125 0.3624626828125 0.564755415625 0.3576654921875 0.5646770671875 0.35572529531249997 0.5672035156249999 0.3564750625 0.5728323328125 0.35790151406250004 0.57671643125 0.36561124375 0.57570959375 0.367821375 0.5756324140625 0.371046721875 0.5782243453125
0 0.41160338906250005 0.55148351875 0.4135178609375 0.5482203609375 0.42049087968750004 0.5472392484374999 0.4272923890625 0.5413467375 0.4260072390625 0.53622835625 0.4200020765625 0.53324175625 0.4117741171875 0.5352501703125 0.40202128281249994 0.535836615625 0.39730127187500003 0.537968396875 0.3955967046875 0.541961834375 0.396363625 0.5480817906250001 0.4070761296875 0.5538544390625 0.41160338906250005 0.55148351875
0 0.2664093359375 0.6128579203125 0.272761609375 0.6205039171875 0.2744963859375 0.6226561640625 0.2735028046875 0.6258871640625 0.2760428953125 0.6299782421875 0.278972584375 0.629384196875 0.28448524062499997 0.63410908125 0.281928 0.6295268625 0.2881173390625 0.632507028125 0.28322990937500003 0.6245640078125 0.280535459375 0.61605266875 0.27421748749999997 0.6093889515625001 0.26974577499999997 0.6080698890625 0.2668503859375 0.6096462171875 0.2664093359375 0.6128579203125
0 0.3298467125 0.6974345703125 0.336018903125 0.6999235968749999 0.336121415625 0.6922980640625 0.3308827828125 0.684859046875 0.3229415140625 0.67923549375 0.3135484625 0.67956350625 0.3125377265625 0.6823033656249999 0.31289341406250004 0.687208334375 0.314204290625 0.6930634265625 0.32324205 0.69840281875 0.3285105015625 0.70141514375 0.3298467125 0.6974345703125
0 0.3526519890625 0.7379442671875001 0.3580102890625 0.738248890625 0.361899259375 0.733441565625 0.3589949046875 0.7241999453125 0.3495287640625 0.7171544265625001 0.34301394687500003 0.7154149734375 0.34028558593749997 0.7164937265625 0.3400201375 0.7194534296875 0.340071590625 0.72092685 0.34865114531249997 0.728986809375 0.348402846875 0.7324376531250001 0.3526519890625 0.7379442671875001
0 0.3445380375 0.695692190625 0.3482130125 0.6953179875 0.3491551421875 0.69061356875 0.348589553125 0.6849783203124999 0.3449443953125 0.68092583125 0.3398515453125 0.6776615031250001 0.335414134375 0.6773247234374999 0.3336238109375 0.678862459375 0.3326473796875 0.6825846 0.33749193125 0.68929976875 0.33925243437499997 0.6921887265625 0.3445380375 0.695692190625
0 0.2845938046875 0.6741820187500001 0.2897422 0.6737563625 0.28554860312499997 0.6645597640625 0.27308416874999997 0.65614373125 0.26829555312500003 0.656310953125 0.26672371093749997 0.6588245374999999 0.2660943890625 0.6672060765625 0.277149525 0.672229153125 0.27922693125000003 0.673631825 0.28264503125 0.6764628953125 0.2845938046875 0.6741820187500001
0 0.277052275 0.7064084078125 0.27674395 0.7081402609375 0.2790059234375 0.720108878125 0.2825012046875 0.725150078125 0.28163176875 0.72665565625 0.28134059375 0.72887865 0.2847501203125 0.7314641515625 0.2872301828125 0.733836240625 0.28982581875 0.7342373375 0.29006554218749997 0.730540925 0.293582065625 0.7309098625 0.2928106625 0.7193809359375 0.2873919421875 0.706784946875 0.2793779796875 0.7043602359375 0.277185 0.70492855625 0.277052275 0.7064084078125
0 0.232014928125 0.7210122296875 0.2449714765625 0.7171176046875 0.2458066078125 0.714629746875 0.2432150640625 0.709065246875 0.239227278125 0.7057623296875 0.22802675312499998 0.7071369390625 0.22699068125 0.7197124640625 0.232014928125 0.7210122296875
0 0.2447529953125 0.71614175625 0.2498503296875 0.7248150546875001 0.2615135421875 0.726128853125 0.2613375484375 0.7158084796875 0.2566600234375 0.7085957390625001 0.24819604062499998 0.6985647890625 0.24742502968750002 0.697608234375 0.24181843125000002 0.70075445625 0.24013959218749997 0.7054846015625 0.2447529953125 0.71614175625
0 0.129260034375 0.394534509375 0.12793161718749999 0.3931831953125 0.1216116953125 0.3923167890625 0.115871103125 0.4013693765625 0.1111963453125 0.4075893375 0.113525846875 0.41092459843749995 0.1093272578125 0.4174385328125 0.1144350953125 0.41694956406249994 0.11365609218749999 0.42132517812500003 0.1145759265625 0.42098245468749995 0.12050609999999999 0.417358759375 0.12216160312499999 0.411399534375 0.1277102765625 0.406857359375 0.129260034375 0.394534509375
0 0.14685605 0.3914352359375 0.1413801296875 0.38805455 0.1397622953125 0.388421646875 0.13912437187499999 0.4035080609375 0.1380397015625 0.40913675468750005 0.141140203125 0.4112026875 0.14513345625000001 0.41215034375000004 0.14758137968750001 0.3988643265625 0.14685605 0.3914352359375
0 0.1440276140625 0.43051440625000004 0.146205696875 0.43618446093749996 0.1518652875 0.43148311250000004 0.1546947109375 0.419115575 0.15310088125000001 0.410163809375 0.14841762812499998 0.40613424218749994 0.1452657921875 0.40593370625 0.143374790625 0.40848454843750004 0.14509837187500002 0.41448107343749996 0.142095615625 0.4218850515625 0.1433321984375 0.42727738281249994 0.1440276140625 0.43051440625000004
0 0.12076265625 0.47807225625000005 0.11348523125000001 0.48314070156250005 0.11372097656249999 0.4932269953125 0.10939522187499999 0.49943477031250005 0.11332089062499999 0.5017824890625 0.1118276375 0.5057171453125 0.1155882234375 0.5066729249999999 0.11986264531249999 0.5023305484375 0.1236825671875 0.49831464375 0.12373106874999999 0.4930327359375 0.13047921093749998 0.48015314531250003 0.129893415625 0.4760451 0.1261679140625 0.4727585875 0.12076265625 0.47807225625000005
0 0.11224864999999999 0.4777483703125 0.11284114999999999 0.47803828125000003 0.11736190312500001 0.47741451250000005 0.121974740625 0.479427634375 0.124233578125 0.474068540625 0.1253043359375 0.4580352078125 0.1211000828125 0.457716121875 0.1164954953125 0.45927462031250005 0.11529990781249999 0.4650624859375 0.11224864999999999 0.4777483703125
0 0.2831615171875 0.43280804375 0.26736424531249997 0.424176959375 0.260885928125 0.43588160781249996 0.265945753125 0.457513915625 0.27802345 0.4582399953125 0.2845017671875 0.446535346875 0.2831615171875 0.43280804375