0 0.3758079828125 0.7157192140624999 0.3717678515625 0.7201076640624999 0.3716752234375 0.725414346875 0.37447210625 0.727374153125 0.38036371875 0.7304496390625 0.3836636625 0.7360278703125 0.392687053125 0.7380963625 0.3964663921875 0.7324293671875 0.396298228125 0.7258441421875 0.38962794375 0.7187207578125 0.3758079828125 0.7157192140624999
0 0.33320929375 0.71731404375 0.330490825 0.72093505 0.33189227187500003 0.728715675 0.3352105171875 0.7307650437500001 0.335458840625 0.7325512 0.3370804703125 0.7357238953125 0.3404744078125 0.741443040625 0.35390285 0.7407341187500001 0.3539814953125 0.73622853125 0.35104691718750003 0.7282115171875 0.34427620625 0.723796 0.33320929375 0.71731404375
0 0.269238721875 0.7072883265625001 0.263446675 0.71085568125 0.2629507328125 0.715249171875 0.2704126703125 0.7200960078125 0.27516640468750003 0.7199693593750001 0.27735966875 0.722418340625 0.28066328125 0.7253059578125 0.289593628125 0.726090715625 0.2918289578125 0.7261297328125 0.292584196875 0.7228937125 0.2909051640625 0.715003428125 0.28347980625 0.708060971875 0.269238721875 0.7072883265625001
0 0.30957542656250003 0.76626845 0.31499041562499996 0.7602838125 0.3124402125 0.75426495625 0.308169615625 0.7507315828125 0.303237059375 0.7450903953125 0.2940090046875 0.7453485703125 0.29326910625 0.7557121453125 0.29641655 0.7595403515625 0.2999739734375 0.76389978125 0.30957542656250003 0.76626845
0 0.29057695 0.765832015625 0.3015747765625 0.7602592671874999 0.3093794359375 0.7534778390625 0.312945296875 0.7493475593750001 0.3114487453125 0.7470155515625 0.294112134375 0.74744663125 0.28902594375 0.7506070546875 0.28684801875 0.755285625 0.282861203125 0.75951336875 0.282896659375 0.7654883296875 0.29057695 0.765832015625
0 0.3264349234375 0.713108090625 0.3351206046875 0.7118971296875001 0.33802633437499996 0.7055542546875 0.3319377046875 0.7020939609375 0.3202095359375 0.70146999375 0.31107912656250003 0.704140571875 0.3093258125 0.7085121156249999 0.31666267187499997 0.7125182624999999 0.3264349234375 0.713108090625
0 0.3067094734375 0.682263190625 0.30787905625 0.68731463125 0.3125706046875 0.6907505390625001 0.3201294765625 0.6900439765625 0.3237264296875 0.68413241875 0.3225440453125 0.6798144453125 0.32033066250000003 0.678518053125 0.31870171875 0.67576448125 0.3160820125 0.6737273078125 0.3134257296875 0.6737857546875 0.3048797578125 0.6749991546875 0.3026371109375 0.675379259375 0.3067094734375 0.682263190625
0 0.30340290937500003 0.6875509375 0.30163425625 0.684794928125 0.2928626140625 0.6909306 0.29642552499999997 0.6949756859375 0.30133542812499997 0.69390844375 0.30340290937500003 0.6875509375
0 0.271481196875 0.642867459375 0.26640963906250004 0.645189634375 0.265380471875 0.648106434375 0.2669911265625 0.6519078171875 0.2686328734375 0.653927921875 0.2711439625 0.6541813796875 0.2728296046875 0.6536867375 0.275594503125 0.6554120078125 0.2791647296875 0.65903796875 0.2819021953125 0.6623349546874999 0.28843555625 0.6643356296875 0.289955178125 0.6573396828125 0.2893334546875 0.6529266828125 0.2810698484375 0.6459695937500001 0.271481196875 0.642867459375
0 0.299239221875 0.6458674906249999 0.3005722890625 0.6495592140625 0.3006534703125 0.6529146484374999 0.30449579843749996 0.6569646109375 0.3116764890625 0.66191135 0.320206 0.6616409812499999 0.3224095296875 0.655495475 0.31734458125 0.6494327234374999 0.306794434375 0.6453704890624999 0.299239221875 0.6458674906249999
0 0.32782717968749997 0.6173332874999999 0.32668207968749996 0.61888549375 0.32387145624999997 0.6197797515625 0.3260592328125 0.6225430796875 0.32800600156250004 0.6231011234375 0.3305006296875 0.6242976125 0.3322765984375 0.6266344968750001 0.3376337671875 0.631968659375 0.34383030625 0.62924686875 0.341441759375 0.621973078125 0.33818204218750003 0.616570715625 0.33137475 0.61425081875 0.32782717968749997 0.6173332874999999
0 0.4395237703125 0.6393022453125 0.4379716421875 0.6321478671875 0.43585885312499995 0.625088515625 0.4308074125 0.6262581 0.4296275625 0.6298011484375 0.42985393906249997 0.6328446765625 0.4294995359375 0.637135825 0.4284337890625 0.6421482468749999 0.43016951875 0.6467903171875 0.4348903328125 0.648549728125 0.43855566562500004 0.646727071875 0.4395237703125 0.6393022453125
0 0.45319305 0.5767578421875 0.453318834375 0.58556433125 0.45897005156250004 0.5900651203125 0.46638006875000004 0.589880025 0.47048210937499996 0.5790510703125 0.476154565625 0.5743286859375 0.4810820515625 0.56424783125 0.47374702031249993 0.560136903125 0.461148390625 0.5693501640624999 0.45319305 0.5767578421875
0 0.32893382187500003 0.5139021484375 0.333555871875 0.5213197375 0.34496255625 0.5243487921875001 0.3487346765625 0.5244146359374999 0.347785275 0.5147552656250001 0.346652271875 0.507608203125 0.3451776671875 0.5040188203125 0.33641812031249996 0.5014552234375 0.3308371109375 0.5009385546875 0.3293028578125 0.5087727515625 0.32893382187500003 0.5139021484375
0 0.407235390625 0.5435684234375 0.41136079218750005 0.5474137 0.4232304953125 0.5479353265625 0.43331874531250003 0.546434409375 0.43622996093750005 0.539777190625 0.42383251718750004 0.5374645328125001 0.4197517171875 0.5390703109375 0.4178250671875 0.537359671875 0.41520536249999995 0.5353224984375 0.41039675937500003 0.5385925796875 0.407235390625 0.5435684234375
0 0.26645360937499996 0.49855698125 0.265919259375 0.5051508734375 0.26876717031249997 0.5101267968750001 0.27179136718749997 0.5130095359375 0.27562820781249997 0.5173738421875 0.2858378734375 0.5169231734374999 0.28671453125 0.514737403125 0.28543816093749996 0.5077974640625 0.2733139390625 0.4978382234375 0.26645360937499996 0.49855698125
0 0.284211465625 0.5220306234375001 0.284520853125 0.5283248046875 0.28970905 0.535333025 0.299648446875 0.534353575 0.299482425 0.52785226875 0.29584565 0.5200326234375 0.2875052265625 0.5174763437500001 0.284211465625 0.5220306234375001
0 0.2808484484375 0.4504894390625 0.275068496875 0.4453575234375 0.2672649609375 0.4440683703125 0.2663901328125 0.446149359375 0.2671442484375 0.4509839234375 0.2665323765625 0.45401281875 0.26845719843750004 0.45582823906250003 0.2716741421875 0.455674765625 0.27307488125 0.45548958749999996 0.2731505765625 0.459159365625 0.2756122828125 0.4622419125 0.279072065625 0.4641889375 0.28498623749999996 0.469637634375 0.2886643734375 0.4670815109375 0.288167725 0.46350919843750005 0.2872537828125 0.45982479062500003 0.283861671875 0.454000865625 0.2808484484375 0.4504894390625
0 0.324213546875 0.456067778125 0.3164228109375 0.45404515625 0.3164674140625 0.45949621093750004 0.3165339640625 0.46368989374999997 0.3149605953125 0.46575869062499997 0.316740221875 0.467886015625 0.3207881 0.4681662984375 0.32232306093749996 0.468297903125 0.32432906250000004 0.47346875624999996 0.33011084375 0.478495890625 0.33423807499999997 0.4822363875 0.345177375 0.480016634375 0.3420829703125 0.4731497734375 0.3374590921875 0.465836965625 0.331849940625 0.45892620937500006 0.324213546875 0.456067778125
0 0.303740171875 0.4280397765625 0.29754363281249996 0.430761565625 0.2973545421875 0.4335882171875 0.30039154218749997 0.43573748749999996 0.30114382968750003 0.44067683124999996 0.30205594375 0.444466021875 0.3055914203125 0.45008282499999996 0.31357124375 0.44927879531250003 0.31626959375 0.44681038281249996 0.316163928125 0.4368513 0.31365030312500003 0.428736821875 0.303740171875 0.4280397765625
0 0.286916253125 0.4471365234375 0.2888948234375 0.4538790921875 0.2932758640625 0.45909140156249995 0.3022555921875 0.4570470703125 0.299173990625 0.4494467421875 0.299566803125 0.4429551921875 0.2966768265625 0.440389234375 0.291531403125 0.43893685156249995 0.2878203453125 0.44337903437500004 0.286916253125 0.4471365234375
0 0.28642750625 0.49114946249999997 0.2873315984375 0.48739197343749996 0.2821086515625 0.4823745953125 0.2794871171875 0.48044220156249995 0.271124746875 0.47914329218749996 0.27075754218750003 0.48416790781249996 0.27655029531249997 0.4885663546875 0.28642750625 0.49114946249999997
0 0.34633936875 0.8137615874999999 0.3502292484375 0.8150872421875001 0.3535913890625 0.8146218640624999 0.3557254203125 0.8124580390625 0.3602107125 0.8116978265625001 0.36860966093749997 0.8109011125000001 0.366077746875 0.8038344453124999 0.36049125000000004 0.8036321203125001 0.3554562703125 0.8038586750000001 0.3478260703125 0.8086517000000001 0.34633936875 0.8137615874999999
0 0.3530069515625 0.81607904375 0.3526488890625 0.8205797546875001 0.3537043703125 0.824161821875 0.3631990375 0.8246419906250001 0.366026121875 0.822804703125 0.3653678171875 0.820487325 0.3671522234375 0.814334503125 0.363547246875 0.8126993828125 0.3575507703125 0.8119658375000001 0.355456978125 0.8118244765625 0.35276594375000003 0.8138737640624999 0.3530069515625 0.81607904375
0 0.33094840468750003 0.822821296875 0.3303237296875 0.8265836625 0.3356125203125 0.827828921875 0.3420134890625 0.8294080328125 0.34969743750000004 0.8295421578125 0.35183146718749997 0.8273783328125001 0.353123590625 0.8254094390625 0.3504947421875 0.8238961703125 0.34497042968749997 0.8201312875 0.342459340625 0.8198778296875 0.3395638796875 0.817626215625 0.3346887265625 0.8167026156249999 0.3340585640625 0.8207793234375 0.33094840468750003 0.822821296875
0 0.28226566875 0.801637809375 0.283172296875 0.8057413421874999 0.2930806 0.806543171875 0.2972261203125 0.8092358578125 0.3083325640625 0.805446825 0.309126209375 0.8000104015625 0.2967324234375 0.7974881796875 0.292719296875 0.7952170578125 0.2857503484375 0.794152096875 0.284456396875 0.796225771875 0.286217734375 0.7994009078125 0.28226566875 0.801637809375
0 0.295732103125 0.81476486875 0.296634365625 0.8111121625 0.2859408546875 0.8072570515624999 0.2797033703125 0.8043182218749999 0.2659936828125 0.80512705 0.26627380624999997 0.8130977296875 0.2909820265625 0.81468195625 0.295732103125 0.81476486875
0 0.29262631093749997 0.82456308125 0.29574744218750004 0.8218924218750001 0.2962122921875 0.8192802109375 0.28181503750000003 0.819448159375 0.2717633671875 0.8188534531249999 0.2703926 0.825327934375 0.2738212875 0.8290562390625 0.285018059375 0.828098734375 0.29262631093749997 0.82456308125
0 0.318701228125 0.8359187765625 0.332291325 0.8339549187499999 0.33247675625 0.8313378296874999 0.331520746875 0.8300633859375001 0.3180166109375 0.8271025328125001 0.30615239375000003 0.8262665625000001 0.300001578125 0.826368825 0.300292675 0.8337108203125 0.3057028859375 0.836006328125 0.318701228125 0.8359187765625
0 0.414862075 0.8512229625 0.41923875156249996 0.8486790328125 0.41180973749999994 0.8419461390625 0.3879159890625 0.841738696875 0.3829182953125 0.8478354296875 0.3852037140625 0.8530111609375 0.40754787031250006 0.85392524375 0.414862075 0.8512229625
0 0.4140892546875 0.8634725968750001 0.41404282343750004 0.8581263218749999 0.4024946 0.8551996093750001 0.38929619375 0.8587424984375 0.3832375328125 0.8615715093749999 0.3884001265625 0.8700466640625001 0.41023300156250003 0.8682266859375 0.4140892546875 0.8634725968750001
0 0.350981034375 0.8760995953125 0.354808021875 0.87302200625 0.3632252609375 0.8711774812499999 0.36828035937500003 0.8697983359375 0.37527487656249997 0.8693983109375001 0.36810333125 0.8639276671875 0.3542612515625 0.8643149296875 0.34500759375 0.866040040625 0.3441089890625 0.8694831859375001 0.3471039234375 0.8740424234375 0.350981034375 0.8760995953125
0 0.33193541875 0.8623510859374999 0.3341451421875 0.863857040625 0.33337344375 0.8680360890625 0.335026165625 0.8694275078124999 0.338678696875 0.8683383203125 0.3427796140625 0.8655799515625 0.34768768906249997 0.8646174906249999 0.3559396125 0.8642374640625 0.36073724218750003 0.8615960687499999 0.3581266828125 0.8590349875 0.34992596875 0.85648114375 0.3399627953125 0.8588227484375001 0.337576784375 0.8594099796875 0.33242404375 0.85837671875 0.3296079328125 0.8595853218749999 0.33193541875 0.8623510859374999
0 0.498808909375 0.79800696875 0.49396199531249996 0.7982250609375 0.4939382265625 0.7995867703124999 0.4932960484375 0.8016944203125 0.4890622609375 0.8014691718750001 0.4898190203125 0.8043579765625 0.49241780312500005 0.8057654624999999 0.496205865625 0.808404484375 0.5000467484375 0.8080174859374999 0.4992715 0.8061877890625 0.50389819375 0.8070252828125 0.5083231515625 0.8078592562500001 0.5143619890625 0.8087213999999999 0.5184230921874999 0.807278815625 0.5168831609375 0.8030142171874999 0.51532474375 0.799808725 0.5090815328125 0.7990943625 0.504441634375 0.799013371875 0.498808909375 0.79800696875
0 0.499177446875 0.8231370234375 0.503002484375 0.82365783125 0.5041732765625 0.825948475 0.5090069875000001 0.8264868890624999 0.5154730609375 0.825994365625 0.5211269140625 0.8257903593749999 0.5237758734375 0.8243231265625001 0.5249968468749999 0.8237390515625 0.5236771375 0.8184188671875001 0.5168392859375001 0.8170887328124999 0.50915488125 0.81801403125 0.502909028125 0.81745096875 0.49966806874999997 0.8181511328125 0.49699797968750004 0.8208287750000001 0.499177446875 0.8231370234375
0 0.4711060765625 0.8706240734374999 0.47778708906249995 0.8693785671875001 0.48633389375 0.8652900328124999 0.4886295625 0.8609410375 0.4890858515625 0.857922059375 0.475346765625 0.8588930203125 0.4698603140625 0.8610674609375 0.46600886875 0.8620596624999999 0.464538625 0.8653636359375 0.4644805234375 0.8686922578124999 0.4711060765625 0.8706240734374999
0 0.49828113749999997 0.8629256703125 0.49846438437499996 0.8639882999999999 0.499377984375 0.8694527437499999 0.504838025 0.8687913125 0.5131619671875 0.865909665625 0.5174168828125 0.8649245062500001 0.524700459375 0.8638408640625 0.5243286828125 0.862018209375 0.520150353125 0.8586156390624999 0.507619034375 0.8597590296875 0.5061963281249999 0.8603395828125 0.501171446875 0.8591924437499999 0.49652098437500003 0.8597166578125 0.49828113749999997 0.8629256703125
0 0.5024287937499999 0.879646253125 0.5048179187499999 0.8815041203125 0.506753396875 0.8862296640625 0.511974728125 0.887682928125 0.5169035125 0.882774503125 0.5228119203125 0.879548 0.5285502859375 0.8745023609375 0.52763140625 0.8693405203125 0.5175103375 0.8711313671875001 0.5116072125 0.8740552718749999 0.5101580953125 0.8761488359375 0.507139996875 0.8756421140624999 0.498855671875 0.8762542468750001 0.5024287937499999 0.879646253125
0 0.5284842609375 0.8782848859374999 0.528224425 0.8816099875000001 0.5300162687500001 0.8830033875 0.5407346171875 0.88167700625 0.5472350234375 0.879217571875 0.548248978125 0.878932575 0.549883984375 0.8777503359375001 0.550571059375 0.8730705703125 0.54069398125 0.8724441234375 0.5364390671875 0.873429284375 0.5299703515624999 0.8740731078125 0.528345909375 0.8746501406249999 0.52689679375 0.8767437062500001 0.5284842609375 0.8782848859374999
0 0.5746018546875 0.8489717953125 0.5679498921875 0.8485529906249999 0.566896321875 0.8511075015625 0.56808824375 0.8521877375000001 0.5708808375000001 0.854052646875 0.5708491453125 0.855868259375 0.5718287671875 0.8575501781250001 0.574045209375 0.8577402125000001 0.574461884375 0.8569907499999999 0.5732858078125 0.855002709375 0.575319 0.8541301140625001 0.579749240625 0.8546614874999999 0.5843917796875 0.854591175 0.588012440625 0.8552597625 0.5897451609375 0.8484793875 0.5869261578125 0.8481274875 0.5812775859375 0.848028890625 0.5780313453125 0.8490316578125 0.5746018546875 0.8489717953125
0 0.5874179953125 0.8774040515625 0.5853334765625 0.8795494140625 0.5797670578125 0.8836541359375 0.581123546875 0.886182784375 0.5866251046875 0.88579398125 0.5867074328124999 0.8872499156250001 0.5868579875 0.8909695953125001 0.5906150703125 0.8917624249999999 0.5927024078125 0.8894555000000001 0.5920006250000001 0.8864534484375 0.5923378484375 0.88565128125 0.597982365625 0.8832448375 0.6061492828125 0.8782966468750001 0.606058496875 0.8773253953125 0.6039269015625 0.8759953015624999 0.598247996875 0.8741992609375 0.5921199328125 0.8734458515625001 0.5874179953125 0.8774040515625
0 0.611947175 0.8794483203125001 0.6035685265625 0.8780091828125001 0.6025286546874999 0.8820313046875 0.6041231203125 0.88327121875 0.6077837765625 0.8834159218750001 0.606415140625 0.8877555265625 0.6066959640625 0.8901845921874999 0.609601253125 0.890396915625 0.61307469375 0.8889222406249999 0.614505915625 0.8871695031250001 0.6181722109375001 0.88699108125 0.6230190624999999 0.887075684375 0.6295492125 0.8833110046874999 0.6309649234375 0.88244685625 0.628767921875 0.87869145625 0.6222245375 0.8770419374999999 0.6179999609375 0.8783418890625001 0.611947175 0.8794483203125001
0 0.5956952156249999 0.853791725 0.598023896875 0.8561757312499999 0.5981132734375 0.8572277625 0.5997942968750001 0.85968126875 0.6021596390624999 0.859964971875 0.6067242578125 0.8577012890625 0.60918320625 0.8587946828125 0.6184418484374999 0.8591987078125 0.6199610375 0.85857878125 0.6213282640625 0.85431995625 0.6166441109374999 0.85108678125 0.6026491468749999 0.850438471875 0.5956952156249999 0.853791725
0 0.771987959375 0.8953323265625001 0.7706272375000001 0.8930460234375 0.76325603125 0.8894427234375 0.7592167171875001 0.8863016078125 0.7513667374999999 0.8854373375 0.7490089906249999 0.8908909546875 0.75131088125 0.894809796875 0.7544188968750001 0.8957529078125 0.7586068109374999 0.89655325625 0.759437453125 0.8983454765625 0.7628432109375 0.9007482828125 0.7651290453125 0.8994144875 0.7688418734375 0.8965702999999999 0.771987959375 0.8953323265625001
0 0.7615468062499999 0.8886048343749999 0.7637818796875 0.8901791515624999 0.7671335125 0.8895104046875 0.7708793140625 0.8909494812500001 0.7745808609375 0.8887515390624999 0.773220140625 0.886465234375 0.771106875 0.8840849890625 0.7733625546875 0.8783063671875 0.7713400765625 0.8768973734375001 0.7651965015625 0.8770325531250001 0.7616708890624999 0.88149611875 0.7630104609374999 0.8849941359375 0.7615468062499999 0.8886048343749999
0 0.75714975625 0.8627511406249999 0.74895409375 0.8631737218750001 0.74479210625 0.8670605437500001 0.738596359375 0.8701846140624999 0.73552555 0.8732824265625 0.7376486859375 0.8750972046875001 0.7423398875 0.8779264765624999 0.74455945 0.8803893828125 0.7473499828125 0.8810037296875001 0.7487826140625 0.8791702109375 0.7490487906250001 0.8762658609375 0.7511149796875001 0.8751706499999999 0.7563328953124999 0.8725143421875 0.7564279140625 0.8732432515624999 0.759572590625 0.8720860593750001 0.7612234578125 0.8700947390625 0.76086876875 0.8657250515625 0.75714975625 0.8627511406249999
0 0.7621773187499999 0.8710002484375 0.7640864484375001 0.8727304874999999 0.7667509421875 0.8743931046875 0.7746333515625 0.873399415625 0.777571075 0.8717537796875 0.779265653125 0.867258253125 0.781257975 0.864222421875 0.782597 0.8615792125 0.7806210515625 0.8575044515625001 0.772628115625 0.8586578203125 0.769204571875 0.863446390625 0.7652988890625 0.864994325 0.7602977984375 0.8675736125 0.7621773187499999 0.8710002484375
0 0.7798010515625 0.8797924453125001 0.785104115625 0.8784305124999999 0.7864817546875 0.879747446875 0.7906386484375 0.8823249750000001 0.792809725 0.8813932046874999 0.7930688515625001 0.878892759375 0.7905303953125 0.8761818703124999 0.79178004375 0.8724866312499999 0.797065640625 0.86595284375 0.7931467234375 0.8620865828125 0.7858936390625 0.8640609203125 0.781590103125 0.8698846 0.780761415625 0.874152825 0.7782164546875 0.8779870656250001 0.7798010515625 0.8797924453125001
0 0.790361190625 0.885875571875 0.7875979953125001 0.8898676140624999 0.7886017515625 0.89408701875 0.786834715625 0.8965611453125 0.7864650609375 0.899221271875 0.7873182640625 0.8997209984375001 0.7905607765625 0.899131153125 0.7936913546875 0.8987817703125 0.79752794375 0.9011920968749999 0.7994596328125 0.901629840625 0.801004203125 0.8995558593749999 0.7993020296875 0.898314065625 0.7984488265625 0.897814340625 0.7992352125 0.8959695406250001 0.7995070296875 0.8927420671874999 0.80015978125 0.8862082171875001 0.799191821875 0.8861105171875 0.798225271875 0.8859320343749999 0.795980328125 0.884923184375 0.790361190625 0.885875571875
0 0.80419800625 0.8770668828125 0.8064105187499999 0.87993369375 0.80954250625 0.8795035312499999 0.81266603125 0.8795580515625 0.8165435125 0.879625734375 0.8186322609375001 0.877238028125 0.8197158453125001 0.8707117 0.8208676562500001 0.8664491156249999 0.8199947125 0.8670803218750001 0.8119800796875 0.8633041796875001 0.8094689578125 0.8651996796875 0.8067937281249999 0.87032453125 0.8070505812500001 0.8741268734375 0.8055102406250001 0.8759585109374999 0.80419800625 0.8770668828125
0 0.822061446875 0.872126334375 0.8159804578125 0.8748483828125 0.8101760625000001 0.8802418375000001 0.8085623999999999 0.8862740812500001 0.8140554984374999 0.8863699640625 0.8193698406250001 0.884361784375 0.8190847890624999 0.8821750609375 0.8261295078125 0.8797930578125 0.831007378125 0.8781004812500001 0.8305083218749999 0.8758292171875001 0.829484825 0.87274074375 0.826912528125 0.8719685937499999 0.822061446875 0.872126334375
0 0.8395015546875 0.9037832734375 0.840553253125 0.9052561296875 0.844398303125 0.9071817718749999 0.8471445796875001 0.9041591 0.8485969531249999 0.9011946484375001 0.8505356921875 0.9012284890625001 0.8499557187500001 0.897420509375 0.8497924734375 0.8944278578124999 0.8488042281249999 0.8893198640625 0.842616396875 0.8858180250000001 0.8402741609375 0.890383053125 0.84128355625 0.894279334375 0.841459490625 0.8965449578125 0.8372433765625 0.8973602250000001 0.837719875 0.9009239828125001 0.8395015546875 0.9037832734375
0 0.8488564000000001 0.8863309718749999 0.8463838953125 0.8921866125 0.848084659375 0.8935091875 0.8535932671875001 0.8927164796874999 0.85488858125 0.8925774796875 0.8607067578125 0.8987394468750001 0.8645174203125 0.8964626015625001 0.8638438390625 0.8918449328125 0.862473246875 0.8901240953125 0.8633927218749999 0.8868271218749999 0.8635638812499999 0.8831938625 0.8630374875 0.8763162093749999 0.859219228125 0.8728557328125 0.85553883125 0.8738419625 0.8533367343749999 0.8765509093749999 0.8518603921875 0.8808886359375 0.8488564000000001 0.8863309718749999
0 0.8591151109374999 0.8973379703125 0.8630706890625 0.8991039296875 0.8649375171875 0.9032575953125 0.8705228125 0.9042439453125001 0.875202190625 0.9015782390625 0.8813254781250001 0.8964327671874999 0.885009559375 0.8890629703125 0.8849483828125001 0.8863953203125 0.8827674359375 0.88789255625 0.8775320546875 0.8853770093750001 0.8703894984374999 0.8871916656250001 0.8677326000000001 0.89126636875 0.8634967437500001 0.8932125687499999 0.8585153953125 0.894660921875 0.8591151109374999 0.8973379703125
0 0.8632222015625001 0.8657339187499999 0.8682077828124999 0.864043221875 0.8713059281250001 0.8655517984375001 0.8736030421875001 0.8635717578125 0.8751216875000001 0.8568106078125 0.871555503125 0.8512535874999999 0.8671690953125 0.8494801078125 0.8617230734374999 0.85285968125 0.8615166625 0.8585124609375001 0.8603860046875 0.8615633328125 0.8610736859375001 0.86537319375 0.8632222015625001 0.8657339187499999
0 0.83928741875 0.8543265906249999 0.8390226515625001 0.8571501609375 0.8458694203125001 0.8599362515625 0.8469747 0.8583394359375 0.8518962828125 0.854142653125 0.8560300703125 0.85187145 0.8587678859375 0.8493334640624999 0.8571672343750001 0.8422754484375 0.849711425 0.843519 0.8435015781249999 0.8474508796875 0.841869040625 0.84839205 0.8346497984375001 0.8484276484375 0.834159746875 0.8518129249999999 0.83928741875 0.8543265906249999
0 0.91778048125 0.8510099765625 0.91998821875 0.8479779046875 0.9195869984374999 0.8462739875 0.9225275390625001 0.8444667875 0.9232301875 0.8412468359374999 0.91603350625 0.8399899390625001 0.9099336421875 0.8376209125 0.9040379140624999 0.83590189375 0.897579675 0.8355467484375 0.895863946875 0.8412539875 0.9004220593750001 0.8455354343750001 0.9051301828125 0.847395334375 0.9116039296875 0.8468618906250001 0.913205446875 0.8476979015625 0.9136918140624999 0.850696190625 0.91778048125 0.8510099765625
0 0.9254094046875 0.8521936109375 0.927525490625 0.8544122937499999 0.9307609546875 0.8542263531250001 0.9313319234374999 0.85237779375 0.93489333125 0.85203593125 0.9412198921874999 0.8537624703125 0.9409531687499999 0.850525596875 0.93692654375 0.8466574546875 0.93415998125 0.8446698328125001 0.933135075 0.841662140625 0.9304277359375 0.8362817234375 0.92375408125 0.83592281875 0.9186636140625 0.8374500734374999 0.9191443406250001 0.8407714890625 0.9247541515625001 0.8465257906250001 0.9254094046875 0.8521936109375
0 0.9105692484375 0.8135519796875 0.9097738578125 0.8097402390624999 0.9053409171875 0.810632528125 0.904625578125 0.8145795078125 0.8985629203125001 0.8162514046875 0.8953942734375 0.8187818703125 0.8961812046875 0.8230782968750001 0.8979910859375 0.8243219703125 0.9025176343749999 0.8242393703124999 0.9079340437500001 0.82255619375 0.9116652015625 0.8186618546875 0.915910928125 0.8161501890625 0.9145459765625 0.814106225 0.9105692484375 0.8135519796875
0 0.8502252234375 0.8202559953125 0.85094110625 0.8224502390625 0.8528699765625 0.8230495453125 0.8528065249999999 0.8266846828125001 0.8567248968750001 0.8244097203124999 0.8580461359375 0.8289578890625 0.86210605625 0.8247460656250001 0.86436933125 0.8247047640625 0.8673225625000001 0.8221705406250001 0.8659646625 0.8197226734375 0.8685237234375001 0.815080625 0.870572446875 0.808813559375 0.8688020468750001 0.8053080218750001 0.8670119046875 0.8029334171875 0.8606797046875 0.80153 0.8556588734374999 0.8052402171875 0.8551434406249999 0.8100795484375001 0.8545047890624999 0.8158055890625 0.85415064375 0.817577128125 0.8515529687500001 0.818259034375 0.8502252234375 0.8202559953125
0 0.9216161703125 0.7794024828125 0.9237082843750001 0.782994440625 0.9244010609375 0.780339953125 0.924956521875 0.7793799828125 0.9279229890625 0.782259953125 0.9282841828124999 0.7800845109375001 0.9274247953125 0.773766684375 0.9275037578124999 0.76924295625 0.92706533125 0.763498115625 0.9206409343749999 0.7612042296875 0.916441740625 0.7610501281250001 0.9165556328125 0.7668701078125 0.92037953125 0.7700074625 0.9205582859374999 0.772111525 0.91824143125 0.775222496875 0.9193684062499999 0.7785551921875 0.9216161703125 0.7794024828125
0 0.9274859718749999 0.77643433125 0.9250783281249999 0.778574053125 0.92579844375 0.7805259546875 0.9294746093749999 0.77978206875 0.9314232203125 0.7792504421875 0.9376604015625001 0.7799249515625 0.938557315625 0.7779204703125 0.9362737546875 0.7729514765625 0.9334558875000001 0.7677307421874999 0.9311447625 0.765314471875 0.9266745265624999 0.76736995625 0.926483625 0.7721341453125 0.9274859718749999 0.77643433125
0 0.7738759953125001 0.7871667671875 0.7763222546875 0.7889871875 0.77486283125 0.7923555421875 0.7756111453125001 0.7926918265625 0.77735703125 0.7914294140625 0.7768627484375 0.79505703125 0.78146966875 0.7903699234375 0.7820180765625 0.7898138578125 0.784251740625 0.7914689546875 0.7866255437499999 0.7912679734375 0.7870902156249999 0.789336753125 0.7897457046875 0.78534283125 0.793690865625 0.7815330312500001 0.7941865578125 0.777824634375 0.7942316796875 0.775239646875 0.789004759375 0.7722394140625 0.7815278 0.7746946765625 0.7788652609375 0.779092503125 0.7794395953125 0.78322360625 0.7773846875 0.7836725703125 0.7744709359375 0.783944934375 0.7738759953125001 0.7871667671875
0 0.913528403125 0.7180915734375 0.915081434375 0.71553290625 0.9132941109375 0.7129967390624999 0.9063571015624999 0.715380621875 0.9049357484374999 0.7165678953125 0.8994511109375001 0.715987328125 0.89548056875 0.7212511828125 0.9031052609374999 0.722677159375 0.9074445953125 0.72097518125 0.909695178125 0.7216609093749999 0.9129094921875 0.72268668125 0.913155928125 0.7209132625 0.913528403125 0.7180915734375
0 0.86094561875 0.6998813671875 0.86285051875 0.7018539484375 0.8633735484375 0.7027519390625 0.863847225 0.7064772593749999 0.865695178125 0.7055398484375 0.8671621953124999 0.7079088140625001 0.8703590453125001 0.70376273125 0.8713270046874999 0.7038604312500001 0.8759302390625001 0.7055568921875001 0.8778971796875 0.7039751140625 0.8788631859375 0.6980123734375 0.8822542999999999 0.6950817625 0.8852329109375001 0.69109348125 0.8852991828125001 0.6872967796875 0.8832028375000001 0.683947165625 0.8755598140625 0.6835713390625 0.869572434375 0.687103075 0.8671977671875 0.6935260624999999 0.866293803125 0.6959344468750001 0.8644486703125001 0.69671029375 0.8626063578125001 0.6973245796875001 0.86094561875 0.6998813671875
0 0.889752634375 0.7099192421875 0.8896905921875 0.7134735984375 0.8907380593750001 0.7151887968749999 0.8939081171875 0.71257755 0.8940586703125 0.7162972296875 0.8958257062499999 0.7138231046875 0.8980433140624999 0.7102255671875 0.89994061875 0.706460828125 0.9015458203125 0.70091326875 0.9026976296875 0.696650684375 0.9032756515625 0.694398221875 0.90138203125 0.6917793921875 0.8949322531250001 0.6909395609375 0.890223265625 0.695301665625 0.8890968359375 0.698110196875 0.889887996875 0.7021642796875 0.8899745546875 0.703377871875 0.8898033953125 0.7070111296875 0.889752634375 0.7099192421875
0 0.9040231000000001 0.700956509375 0.9057280953125 0.7020367421875 0.9089762484374999 0.7011237718750001 0.9163742453125 0.7031922359375 0.9178181593750001 0.7007124703125001 0.9178886609375001 0.696673428125 0.9182140593750001 0.6903762828125 0.91667599375 0.685905134375 0.9110013203125 0.6838667515625 0.9080353999999999 0.6871280046875 0.9063408203125001 0.6916235328125 0.9069334859374999 0.694704484375 0.9065666515625 0.6972030515625 0.904289278125 0.6980521578125 0.9040231000000001 0.700956509375
0 0.9243172890625001 0.698724971875 0.9267903375 0.6990105546875001 0.9302228875 0.699878525 0.9324108843750001 0.6979773859375 0.9285850281249999 0.6887795875 0.9270342734374999 0.68503546875 0.9261994015624999 0.6834855921874999 0.9220044375 0.6830891453125 0.9197825999999999 0.6869290265625 0.9197050484375 0.691371971875 0.920300534375 0.6942913625 0.9202300328125 0.6983304046875001 0.9208593578125001 0.69931105625 0.9243172890625001 0.698724971875
0 0.8942079093749999 0.6892300031249999 0.8977010906249999 0.6866243984375 0.901234296875 0.6878981515625 0.9060030515624999 0.686284475 0.9061144453125 0.6799027890625 0.90350635 0.6750089359375 0.9021738312500001 0.6711070140625 0.8922675328125 0.6707724890625 0.8910748328125001 0.6773777171875001 0.8935808578125 0.681946565625 0.8947318031249999 0.6839059875 0.8925522671874999 0.6853224421874999 0.8927141015625001 0.688395875 0.8942079093749999 0.6892300031249999
0 0.9185859890625 0.6814133671875 0.9247732750000001 0.67877398125 0.9202419515625 0.6729576984375 0.9178690156249999 0.666936675 0.9175994718749999 0.6638613609374999 0.912589378125 0.6607841078125001 0.907125025 0.665213834375 0.9051868296875 0.6713212171875 0.9077111859375 0.674839915625 0.9104368562499999 0.6791701828125001 0.914392434375 0.6809361421875 0.9185859890625 0.6814133671875
0 0.9409235796875001 0.6608746562500001 0.9451839515625 0.6636964062499999 0.9476240234375 0.6596987249999999 0.948449890625 0.6555920609375 0.9468892640625001 0.6524134078125 0.9422065234374999 0.6490994531250001 0.9376385375 0.645383471875 0.9297161031250001 0.6424977984375 0.9267050578125 0.648344040625 0.9322226718750001 0.6532078718750001 0.9371335203125 0.6557985625 0.936043753125 0.6565067890625 0.9337325375000001 0.6592946375000001 0.9365089687499999 0.6607167921875 0.9409235796875001 0.6608746562500001
0 0.9359524203125 0.6493943140625 0.939604615625 0.6500237015625 0.9417940218749999 0.6480417796875 0.942688115625 0.6461988609375 0.9508950578125 0.6451300328125 0.949766675 0.6418781171875 0.9451451093750001 0.6412318109374999 0.9431028906250001 0.640953746875 0.9412177312500001 0.6378502328125 0.937935190625 0.6345607171875 0.932509775 0.6305873546874999 0.9265379046875 0.6332305015624999 0.926597671875 0.6359789296875 0.9289776578125 0.64159605 0.9328979859375 0.6453815296875 0.9359524203125 0.6493943140625
0 0.9292224593749999 0.6213989578125 0.9310765984374999 0.6262796484375001 0.9331729421875 0.6296292640625001 0.9358760531250001 0.635252025 0.9409354999999999 0.6355019484375 0.9434353390625001 0.6342526953125 0.946547584375 0.6349534640625001 0.9486504359374999 0.6317579515625 0.946742715625 0.62994693125 0.9431939984375 0.629561765625 0.9426681484375001 0.6288253390625 0.9420938140624999 0.6246942343749999 0.9436237390625 0.6172868375 0.9427691265625 0.6168678921875 0.936859296875 0.6159566812499999 0.9313379984375001 0.617476415625 0.9292224593749999 0.6213989578125
0 0.865219509375 0.615514259375 0.8641001296875 0.6179188828125 0.8650412984375 0.619551421875 0.8670792875 0.6200718281250001 0.867234071875 0.6235491640624999 0.8674269265625 0.6248454171875 0.8695669828125 0.6256908265625001 0.8712945375000001 0.625478565625 0.8726081812500001 0.6242894125 0.8741527515625 0.62221543125 0.8752594390624999 0.620537834375 0.87590850625 0.6203875531249999 0.878846228125 0.6187419171874999 0.8778269625 0.6154111 0.87861475625 0.613485521875 0.881332834375 0.612078465625 0.88260363125 0.6071715156249999 0.8819286375000001 0.602634628125 0.88002515 0.6005812640625 0.871924503125 0.6017327546875 0.8708888609375001 0.6055125343750001 0.8705206171875 0.60809188125 0.8703579171875001 0.6112404546875 0.8695574328125 0.6138930625000001 0.866735878125 0.6150558937499999 0.865219509375 0.615514259375
0 0.9139068953124999 0.5914760171875 0.9125495390625 0.595169375 0.91338018125 0.5969615953125 0.9166909234375 0.5986354921875 0.9184683734375 0.6017371265625 0.9207795890625 0.598949278125 0.9216257406249999 0.5998529078125 0.9237982265625 0.5988403578125 0.9248084890625 0.5965146328125 0.9281460203125 0.5966536953125 0.929830728125 0.592723634375 0.925852590625 0.5922501687499999 0.92349711875 0.5914009984375 0.9238752343750001 0.5882561859375001 0.9249390765625 0.5828607890625 0.9247372171875 0.575907996875 0.9176369609374999 0.575299228125 0.9117460078124999 0.579479090625 0.9105203312500001 0.5818010546875 0.9133396093749999 0.586941009375 0.9139068953124999 0.5914760171875
0 0.8774711828124999 0.598758965625 0.875953721875 0.5869348796875 0.8707682374999999 0.5877332281250001 0.8663739125 0.5925856578124999 0.8651256765625 0.5962001156250001 0.8641836421875 0.6007895828125001 0.876269475 0.5997076546875 0.8774711828124999 0.598758965625
0 0.9395011 0.569539653125 0.9467660109375 0.573060290625 0.9508490359374999 0.5736971984375 0.9561351796875 0.5733046374999999 0.9565273937500001 0.5693520140625 0.95831135 0.5659085171875 0.9535863062500001 0.5650179875 0.9516616671874999 0.5641763390625 0.951000775 0.5588316421874999 0.9489707015625 0.551685325 0.94243295625 0.5497126828125001 0.9373100593749999 0.5530978984375 0.93655946875 0.5590644015625 0.9385128546875 0.5644316578125 0.9395011 0.569539653125
0 0.9344541187500001 0.5500582453125 0.93146595625 0.5422487625 0.9289260890625 0.5396186546874999 0.92120215 0.5377061125 0.9119110765625 0.53916004375 0.9123325828125 0.5458742562500001 0.9182240828125 0.5478356171875001 0.9206167593749999 0.552725709375 0.9251165171875 0.554177946875 0.9289412796875001 0.5510932953125 0.9344541187500001 0.5500582453125
0 0.9208615609375 0.5325286171875 0.9262934812499999 0.5299568515625 0.931168534375 0.5284258359375 0.9292052765625 0.5236240453125001 0.9264598656249999 0.5204247093750001 0.920080590625 0.5155458375 0.9125114328124999 0.5171106328125 0.912528896875 0.5222824875 0.9162239390625 0.526629675 0.9172305156249999 0.5306875171875001 0.91783728125 0.5329606609375 0.9208615609375 0.5325286171875
0 0.9209873734375 0.512975890625 0.9233809140625 0.5116439765624999 0.9270641312500001 0.5104961859375 0.9294703640625 0.5084372453125 0.9247081140625 0.5035057921874999 0.920786378125 0.4998010921875 0.9172616296875 0.498042653125 0.9077151171875 0.49561346406249995 0.906301359375 0.5025380578124999 0.9110664296875 0.5073079484374999 0.9139392890625 0.50937823125 0.9137751796875 0.512607584375 0.9155751921874999 0.514416725 0.9209873734375 0.512975890625
0 0.9506434546874999 0.49288814687500004 0.949538175 0.49448496249999996 0.949826046875 0.496510125 0.9511044406250001 0.49734049375 0.95466161875 0.49724097343749996 0.9553473468749999 0.49499038906250004 0.956779978125 0.49315687031250005 0.9591580109375 0.492713546875 0.9613037062500001 0.4932358328125 0.9639056140625 0.492311584375 0.9647032796874999 0.4898205375 0.960438678125 0.4872411296875 0.9547823359375001 0.4841525953125 0.9525557234375001 0.48209359375 0.9499208390625 0.4787345765625 0.94457493125 0.47637871093750006 0.9425369421875001 0.47585830468749996 0.9392521265625 0.47887157656249996 0.9398123609375 0.4838104890625 0.9416137843750001 0.48553884687500004 0.9466154187500001 0.489100784375 0.9493848015624999 0.49092684531249997 0.9508715593750001 0.492164878125 0.9506434546874999 0.49288814687500004
0 0.9208676140625001 0.488974578125 0.922226925 0.4913416640625 0.9254708484374999 0.49067103593750006 0.9307070953125001 0.4869645796875 0.9329063718749999 0.48441719218749996 0.931872459375 0.4757529609375 0.9318578140625 0.4704195453125 0.930197940625 0.46675432656250004 0.9238601015624999 0.46567403125 0.9196910624999999 0.46996475625 0.9188666078125 0.47399063906250005 0.9196464859375 0.47869096874999995 0.9213204609375 0.4815483796875 0.92063614375 0.48371818125 0.9208676140625001 0.488974578125
0 0.9467973140625 0.47868005468749997 0.9499636859375 0.4824523765625 0.95382565625 0.4834086484375 0.9553589468749999 0.48198091249999997 0.9562516296875 0.480218775 0.9602480984374999 0.4796420890625 0.9640305625 0.4789808625 0.9639566953125 0.47704024218749996 0.9606233921875 0.47665883750000004 0.956961328125 0.47659491562499995 0.9565601078125001 0.47489099843749993 0.9537380093750001 0.46991260468749996 0.9502809437499999 0.46427668437499997 0.9487631640625 0.46481582968749996 0.9414959812499999 0.467597978125 0.9413262296875 0.4711504546875 0.9433247390625 0.47393272499999994 0.9467973140625 0.47868005468749997
0 0.9085962953125 0.47599311875000005 0.9122936109375 0.4740375171875 0.914878596875 0.47408263906250003 0.9189827749999999 0.473507834375 0.9219303671875 0.47129673125 0.9198847828125001 0.4650390046875 0.9153562796875001 0.45906116093750005 0.9097182687500001 0.45492247656250007 0.9058351468750001 0.4551779171875 0.9022102875 0.45915491875000003 0.902858490625 0.46522664375 0.9042079296875001 0.46815919375000004 0.904568259375 0.47220575625 0.9049511499999999 0.474959825 0.9085962953125 0.47599311875000005
0 0.9349455453125 0.4663523625 0.9396973781250001 0.4657080578125 0.9409842312500001 0.46605374062499993 0.9459557109375 0.4651708515625 0.9462232984375 0.46218572187499996 0.94845500625 0.45778037656250004 0.950070078125 0.45166735156250004 0.9501123796875 0.4492439265625 0.9409120953125001 0.45166910937500004 0.9365248203125001 0.45611763437499997 0.934259271875 0.4624617203125 0.9349455453125 0.4663523625
0 0.9486682406250001 0.4332192359375 0.9502311421874999 0.4300951046875 0.9521755234375 0.4298058203125 0.9558277187499999 0.43043520781250005 0.9608471375000001 0.42680577187499996 0.9551625953125 0.42533285468750004 0.9536659656250001 0.4246602859375 0.9512958499999999 0.4184777015625 0.947487459375 0.4144517578125 0.9392621875 0.4165707375 0.9380906359375001 0.4219642546875 0.941140840625 0.42621938125 0.9422156421875 0.43254096875 0.9486682406250001 0.4332192359375
0 0.92769960625 0.43705511093749994 0.9260538328125 0.432582084375 0.931373815625 0.43025077968750003 0.9313098203125 0.42774469374999996 0.9202384765625 0.42625855625 0.913506465625 0.423070440625 0.9030588093749999 0.4228880765625 0.9013298437499999 0.42318111875 0.8981372265625 0.42708485781250005 0.9046030593750001 0.43317732500000006 0.91415944375 0.435041046875 0.918776778125 0.43592969843749996 0.9205697390625 0.438142740625 0.9246541765625 0.43869886874999997 0.92769960625 0.43705511093749994
0 0.9053347734375 0.4221197484375 0.9107751546875 0.419063296875 0.912818784375 0.4192605796875 0.9176430734375 0.42063767500000004 0.9199274984375 0.4193846625 0.9188780765625 0.41160902187500004 0.9179152109375 0.40504697187499994 0.9160765828124999 0.399277690625 0.9111445843749999 0.397898715625 0.9044145296874999 0.40077104375 0.9034640359375 0.405845196875 0.9046423140625001 0.41241100625 0.9062128109375 0.41502419375 0.904994184375 0.4169422546875 0.90409163125 0.41926985937500005 0.9053347734375 0.4221197484375
0 0.9250988828125 0.419394125 0.9230783609375001 0.4240455734375 0.9287318828125001 0.42729566874999997 0.9319870874999999 0.42597879531249994 0.93360129375 0.42608777656249996 0.9396019109375 0.42797023906250004 0.9396569015624999 0.42481978593749997 0.938092046875 0.4218834734375 0.9373516468749999 0.41492128125 0.93847525625 0.4122743125 0.9277890765624999 0.40723945625 0.9223585671875 0.4097304421875 0.92359606875 0.41290345625 0.9250988828125 0.419394125
0 0.9220505031249999 0.3718273015625 0.9235786984375001 0.376863915625 0.9253730687499999 0.3789961796875 0.9302712265625 0.38231389375 0.933415903125 0.381156703125 0.9361212890624999 0.380476678125 0.934692340625 0.375926628125 0.9388275390624999 0.37357464375 0.9381102453124999 0.37146118281249996 0.9342384046875001 0.371070378125 0.9327304953125 0.3710440578125 0.931045240625 0.36883289375 0.9308306906249999 0.3626071265625 0.9269385640625 0.35720602968750004 0.9202324796875001 0.3587050828125 0.9168611062500001 0.3605047625 0.9170187109375 0.3638205359375 0.9184814984375 0.36643184375 0.9220505031249999 0.3718273015625
0 0.8954438546875 0.3715244921875 0.89940561875 0.37910855312499997 0.9031528312500001 0.3804668484375 0.90619685 0.378903871875 0.908652434375 0.374017603125 0.9055683875 0.371701215625 0.9024942140625001 0.36881936406250004 0.8982535828125 0.3648666828125 0.8921889703125 0.3604781359375 0.88797990625 0.3608894984375 0.883917165625 0.365262884375 0.8853418828124999 0.3700552734375 0.891010915625 0.37241678125 0.8954438546875 0.3715244921875
0 0.87452620625 0.3909567109375 0.87780310625 0.39456935 0.8819129234374999 0.39367142187500004 0.88358353125 0.3905491703125 0.8873377953125001 0.3915035609375 0.8929230890625 0.3924899125 0.893598946875 0.39080479375 0.891491321875 0.3881014265625 0.8873189187499999 0.3864124875 0.8863904390625 0.38405292343749997 0.885487340625 0.38023930156249997 0.8777459343749999 0.3731549046875 0.8770215921875 0.37144534687499997 0.8710328 0.3750578640625 0.8682512734375001 0.38010005625 0.8753007671875 0.3836169359375 0.87452620625 0.3909567109375
0 0.8640490328125001 0.36160305937500004 0.8638017328125001 0.369598484375 0.8677573093750001 0.37136444375 0.8740269234375001 0.37018099375 0.87855488125 0.3700176125 0.881264496875 0.36909524375 0.8800002031249999 0.36745706562499997 0.8766908734375001 0.36570238593750004 0.87579059375 0.3617272046875 0.87467999375 0.35128391406250004 0.872759584375 0.3501999203125 0.8657219156249999 0.352178021875 0.8639351390625001 0.3557830796875 0.8640490328125001 0.36160305937500004
0 0.851748103125 0.350317996875 0.8552855390625 0.351349409375 0.8591173546875 0.347860853125 0.859845384375 0.34318684374999997 0.8588557281250001 0.33815963125000004 0.8509671328125 0.33333521875 0.8465088109375 0.3356815625 0.8442573624999999 0.3412178390625 0.845602571875 0.344392734375 0.8451082890625001 0.3480203515625 0.8470884671875 0.3518527734375 0.851748103125 0.350317996875
0 0.9032296125 0.3513782203125 0.9052120640625001 0.34890785625 0.9023772749999999 0.344656490625 0.8934158312499999 0.339570934375 0.889779146875 0.3380529578125 0.883763565625 0.343200309375 0.8890516640625 0.3488681921875 0.8907087171875 0.352694971875 0.8936596734375 0.3564635328125 0.9000369953125 0.3552819625 0.8992486546875 0.35106631875 0.9032296125 0.3513782203125
0 0.914390653125 0.34155315937499997 0.9069822390625 0.33390893906249997 0.8985156249999999 0.33133698906250003 0.8901214656249999 0.33078644062499996 0.8890801843749999 0.33488934531250003 0.8953988296875 0.34324179374999997 0.898480053125 0.345719740625 0.9011403171874999 0.34762470156249997 0.9028594125 0.347897125 0.9107545125 0.346176409375 0.914390653125 0.34155315937499997
0 0.9398976625 0.3431296640625 0.9326383921874999 0.3392859015625 0.9268278109375 0.3388612546875 0.9254177390624999 0.3394022796875 0.9254211046874999 0.34538194375 0.9291759125000001 0.35247755937499997 0.9313841953124999 0.35558671249999996 0.9358783109375001 0.3573620734375 0.9446534046874999 0.35460624687500003 0.9479777015625 0.3493311109375 0.9398976625 0.3431296640625
0 0.9777355312499999 0.3419316 0.9779503999999999 0.33579413593749996 0.9713825 0.329376665625 0.965964134375 0.32499939843750003 0.9578240078125001 0.32841275312499996 0.9552762250000001 0.3324085546875 0.9609556734375 0.3403458203125 0.9639024015625001 0.344356721875 0.9688400390625 0.345412575 0.9777355312499999 0.3419316
0 0.9260256890624999 0.32309018906250003 0.920746596875 0.3230788484375 0.9160398843750001 0.3211381671875 0.911561278125 0.3184742171875 0.9033712546875 0.3185736765625 0.900769346875 0.31949792499999996 0.897221175 0.325253984375 0.905442765625 0.329518571875 0.9114504312499999 0.3309971296875 0.92408044375 0.3296014765625 0.9296186625 0.3271123734375 0.9306359750000001 0.32438274218749996 0.9260256890624999 0.32309018906250003
0 0.9151790875 0.3149011203125 0.9170580609375 0.31218653281250003 0.920541371875 0.3101463921875 0.9209110265625 0.3074862625 0.91895395625 0.3085025734375 0.9144682984375001 0.30624252812499997 0.9095475796875 0.30421730468749997 0.9089069734375 0.30388290156250003 0.9080537718749999 0.3033831765625 0.9012098234374999 0.30043552500000004 0.8954105218749999 0.29936463125 0.893357025 0.2997328140625 0.8885572500000001 0.30312366874999996 0.893302578125 0.30902449375 0.901749453125 0.3127273734375 0.90819923125 0.31356720312499997 0.9084983828125001 0.31494611875 0.9108411640625 0.316522315625 0.9151790875 0.3149011203125
0 0.91893985625 0.30931038125 0.9265828796875001 0.3096862078125 0.9310426093749999 0.30725908281250003 0.927751609375 0.30445425312499996 0.9214490203124999 0.3013544390625 0.911158421875 0.29834662343749996 0.9030191609375 0.2955379734375 0.9014830515625001 0.29712726875 0.9022158546875 0.298352140625 0.905820109375 0.301728078125 0.9119726890625 0.3072494375 0.91893985625 0.30931038125
0 0.941261390625 0.283519034375 0.9256888812499999 0.280661440625 0.9187899406250001 0.2808642421875 0.9160337953125 0.2844523796875 0.9181230875 0.2882058984375 0.926004634375 0.293434215625 0.931580059375 0.29498603437500004 0.9372034250000001 0.293791303125 0.9392084374999999 0.2900284421875 0.94485859375 0.2872988765625 0.941261390625 0.283519034375
0 0.928676178125 0.2946929296875 0.9211366328124999 0.2945613265625 0.9257023406249999 0.30458009375 0.9366180359375 0.3088109 0.9333016531249999 0.30746012500000003 0.9405778437500001 0.3103345171875 0.9455507328125 0.3093708484375 0.9518429062499999 0.30689490468749997 0.9539852375000001 0.3014375265625 0.94492595625 0.29578462499999997 0.928676178125 0.2946929296875
0 0.9509162515625 0.2612236421875 0.9406120984375 0.2651648609375 0.9369392968750001 0.2718884109375 0.9425702578124999 0.2764310015625 0.9498929796875 0.276639625 0.9599929968750001 0.27204839999999997 0.9776551234375 0.2662962828125 0.9811054562500001 0.2599728765625 0.9611028265625 0.257846009375 0.9509162515625 0.2612236421875
0 0.906893915625 0.26489952968749997 0.9017611484374999 0.2688502109375 0.9016976968750001 0.27248535 0.918787984375 0.274803796875 0.9300206187500001 0.27322214375 0.9333336328125 0.26859325625 0.9308290187500001 0.263943625 0.9178843406249999 0.264848953125 0.906893915625 0.26489952968749997
0 0.9281267718749999 0.2520988609375 0.9182176546875 0.251925896875 0.9077761828125 0.2575616328125 0.8993651046875 0.25798045625 0.8971489078125 0.2614972125 0.8994493875 0.2654968359375 0.9107347359375 0.2670675140625 0.9300708328124999 0.26417280781249997 0.93368018125 0.26108439687499996 0.9413697390625 0.258794453125 0.9356409390625 0.25368451875 0.9281267718749999 0.2520988609375
0 0.8993597843750001 0.2459403484375 0.88917461875 0.2492372 0.883973625 0.25092413750000003 0.8835503875 0.2566539375 0.890518965625 0.2586341 0.8990603109374999 0.2569246640625 0.9077860531249999 0.25699616718749996 0.9107646671875 0.2530078859375 0.9128147999999999 0.2466600390625 0.8993597843750001 0.2459403484375
0 0.8578097281250001 0.2252561390625 0.8497626640625 0.22333795625000002 0.8405792999999999 0.22479377031249997 0.8277950468749999 0.2288533109375 0.82170136875 0.232302384375 0.8203031218750001 0.2383383890625 0.8284043125 0.2433281234375 0.83794323125 0.240019990625 0.8434532499999999 0.23914650312500002 0.8498903375 0.2407133609375 0.8561086437500001 0.2362967953125 0.8617884124999999 0.2318708296875 0.8578097281250001 0.2252561390625
0 0.82210704375 0.252268415625 0.814394928125 0.2558508515625 0.810710303125 0.2570794234375 0.8087058359375 0.2669835078125 0.8216406421875 0.2666436484375 0.8282629890625 0.2637694390625 0.8350057359375 0.2601700828125 0.8360667578125 0.2549362484375 0.8357036078125001 0.251051246875 0.82210704375 0.252268415625
0 0.8076496828125 0.24724853906250002 0.793656675 0.2526606734375 0.7885394171875 0.2557227640625 0.785365128125 0.258576353125 0.7856318515625 0.2618132265625 0.7930763796875 0.2612159234375 0.8061470953125 0.259262325 0.8108890578124999 0.2591834859375 0.8130643640624999 0.258009375 0.810783625 0.25287881875 0.8115911609375001 0.2498223078125 0.8076496828125 0.24724853906250002
0 0.76963241875 0.2710690015625 0.7657041765625 0.2739094296875 0.767989146875 0.27879764218749997 0.770446684375 0.279971815625 0.78640013125 0.27952303437500003 0.79418329375 0.27804278125000004 0.79623060625 0.2718564953125 0.7932951593750001 0.267199346875 0.7751565375 0.2693877046875 0.76963241875 0.2710690015625
0 0.77139545 0.28734167187500004 0.758505765625 0.285096546875 0.7501981640625 0.285759590625 0.747026696875 0.28845161875 0.7492848765625 0.2948746671875 0.7615565156249999 0.295492896875 0.7647581390625 0.2972456953125 0.7662279765625 0.29945309999999997 0.7705743593750001 0.29734721875000003 0.775949334375 0.2918654625 0.77139545 0.28734167187500004
0 0.8086623515625 0.28799216875 0.7938471609375 0.2911273984375 0.787349440625 0.2930341171875 0.788441165625 0.298386334375 0.7965846562500001 0.30095264374999997 0.8048127515625 0.2986721015625 0.8132153687500001 0.29873796406249997 0.8194477750000001 0.29351358906249997 0.8197576640625 0.288105034375 0.8086623515625 0.28799216875
0 0.725486734375 0.22625945625 0.720674815625 0.2365185640625 0.72025016875 0.242329146875 0.7273876296874999 0.24697883593749997 0.730870940625 0.24493869531249998 0.7385091890625 0.23941563906250002 0.74256346875 0.23552693906250002 0.7468247046875 0.232126684375 0.7490079265625 0.2243266625 0.7445265 0.221824275 0.725486734375 0.22625945625
0 0.7314937625 0.252464475 0.72306066875 0.260317015625 0.7237413 0.26453078125 0.726947153125 0.26604123749999997 0.7333089640625 0.26574825625 0.7444931109375 0.26077192656250003 0.748529059375 0.257933378125 0.7486517328125 0.25090544375 0.7423265828125001 0.24909812343749999 0.7314937625 0.252464475
0 0.763282528125 0.24598927499999998 0.7560567796875 0.2525700015625 0.7522551234375 0.2605033859375 0.754276190625 0.2619931609375 0.7653785546874999 0.2617021203125 0.7786218375 0.256034484375 0.7812189703125 0.24921135312499998 0.7839054796875 0.243440253125 0.7800985015624999 0.23933352968750002 0.763282528125 0.24598927499999998
0 0.6658387593749999 0.2671563328125 0.6701856875 0.271191678125 0.6859400921875001 0.2636285421875 0.6909440015625 0.26088769375 0.6949695359375 0.2524733859375 0.6823860546875 0.2512032703125 0.6721458984375001 0.257650575 0.6658387593749999 0.2671563328125
0 0.6402570187500001 0.2698612171875 0.6418585343750001 0.27069722500000004 0.658137378125 0.2639512984375 0.6641994906249999 0.25613817656250004 0.66284723125 0.2533671875 0.6492393875 0.255230603125 0.6409949171875 0.264621740625 0.6402570187500001 0.2698612171875
0 0.6285092718749999 0.2639189703125 0.6312983953125 0.2646140984375 0.6442980625 0.26055831875 0.652389703125 0.25375028906249997 0.65188305 0.24574170468749998 0.6354169921875 0.250868253125 0.6315555671874999 0.2560532078125 0.6285092718749999 0.2639189703125
0 0.6156819484375 0.24575625625000003 0.6128561640625 0.2471614296875 0.611170046875 0.251172271875 0.6248833234375 0.255613521875 0.6318942 0.255170259375 0.637498690625 0.24888445468749998 0.6339310984375001 0.24340821406250002 0.6220761890625 0.24360531562499999 0.6156819484375 0.24575625625000003
0 0.5938098953125001 0.258141740625 0.59040468125 0.26188015937500003 0.5927705671875 0.26830508750000004 0.593937021875 0.26937591875 0.5995265484375001 0.270119928125 0.6102291015625 0.2680441890625 0.6146572671875 0.26125301875 0.6132212703125 0.2571068734375 0.604414609375 0.2554986546875 0.5938098953125001 0.258141740625
0 0.57491754375 0.27882139375000004 0.579536834375 0.2857704890625 0.5848229765624999 0.28537792500000003 0.5955297609375 0.28305984375 0.59890340625 0.2749573796875 0.5919700812500001 0.270957696875 0.5793090484375 0.2741305265625 0.57491754375 0.27882139375000004
0 0.5796296703125 0.26193449687500003 0.573554321875 0.26433342031249996 0.5684291499999999 0.274021421875 0.5747472484375 0.276232646875 0.5918214828125 0.2732984609375 0.5963488953125 0.26699385625 0.5948489015625 0.260341625 0.5920767 0.258677125 0.5796296703125 0.26193449687500003
0 0.5706609515625 0.238748390625 0.570314403125 0.24625724999999998 0.578036934375 0.24825057187500002 0.584295265625 0.24771336875 0.5918083421875 0.237016578125 0.598515290625 0.22929551875 0.595901559375 0.2247247890625 0.5909568703125 0.22407284062500002 0.5832870546875 0.22523185156249997 0.5736206890625 0.2296690359375 0.5706609515625 0.238748390625
0 0.557118834375 0.23067388281249998 0.5562980640624999 0.228316196875 0.5492688546875 0.2298096109375 0.54859440625 0.23141394843750002 0.54679580625 0.22952402656249998 0.5419918 0.23315722499999997 0.5413088921875 0.2352462453125 0.532840003125 0.23897708281250002 0.5301148765625 0.2407880421875 0.5294931453125 0.2455447125 0.5358780624999999 0.2501004609375 0.5364250609375001 0.2496251765625 0.5462301578125001 0.24341269375 0.54779305625 0.2402885609375 0.5496396 0.2394319328125 0.5532277984375 0.2375552328125 0.55459079375 0.23353875156249998 0.557118834375 0.23067388281249998
0 0.5331210515625 0.2599106046875 0.5346543406250001 0.2584828703125 0.5337117609375001 0.2569311140625 0.53028203125 0.25590158125 0.5295605078125 0.25403046093750004 0.530236365625 0.25234534375 0.5307974640625 0.25106225000000004 0.5300717109375 0.24943347343750003 0.5275845609375 0.24995569843749998 0.5233458859375 0.252063459375 0.5182441375 0.25423696093750003 0.5133549859375 0.256575784375 0.5118259265625 0.25776117656249997 0.5119736609375 0.2616424171875 0.5134547796875 0.263203575 0.5141889921875 0.264347665625 0.5186233421875001 0.263374596875 0.5230816640625 0.2610282546875 0.5260207953125 0.2593018359375 0.528948646875 0.258221665625 0.53107883125 0.259632540625 0.5331210515625 0.2599106046875
0 0.531836790625 0.240898903125 0.5326245875 0.2389733234375 0.5301642281250001 0.23796071093750001 0.5273638265625 0.23791182968750002 0.5268309265625 0.2375793078125 0.52752934375 0.2346016953125 0.5282023812500001 0.2330781390625 0.5274836796875 0.23104545937499998 0.5217497828125001 0.232399871875 0.5172590328125 0.236604175 0.5138947093749999 0.2379999484375 0.508689484375 0.23992922656250001 0.5047880328125001 0.24123482031250001 0.5005564078125 0.24293867812499997 0.4988133421875 0.244039528125 0.5023964453125 0.24862717812500001 0.5093861734375 0.249395628125 0.521210925 0.2447537015625 0.524898371875 0.24336356874999998 0.528354890625 0.24285826250000003 0.5303035015625001 0.2423266375 0.531836790625 0.240898903125
0 0.53158875625 0.3044884734375 0.5338393406249999 0.30517420156249997 0.5356774234375 0.3048022578125 0.5365743359375 0.30279777812500003 0.5365926671875 0.3017476265625 0.5380126078125 0.30064113593749997 0.539880303125 0.29857279531250003 0.540595640625 0.2946258125 0.5395453531250001 0.293072175 0.5339332671875 0.29362065937500004 0.5294678968750001 0.2963709078125 0.5281810421875 0.296025225 0.5245457671875 0.2944264671875 0.52026565625 0.29273564687500003 0.5161925015625 0.2915332734375 0.5132872093749999 0.29132094999999997 0.5099431734375 0.2977270171875 0.5131095453125 0.3014993390625 0.5180316734375 0.30344377968749997 0.523419884375 0.3033762203125 0.5280696500000001 0.3024069125 0.5299928796875 0.30332934218749996 0.53158875625 0.3044884734375
0 0.503922496875 0.30933871874999996 0.50746839375 0.3098854453125 0.5081639921875001 0.3070693953125 0.505636815625 0.303712259375 0.5069659703125 0.30163451874999997 0.507334215625 0.29905517187499997 0.503992453125 0.2991584515625 0.501179359375 0.29983659687499997 0.4959171875 0.2988558859375 0.48633824375 0.2982846578125 0.4830717578125 0.3002477765625 0.481977759375 0.3011983484375 0.484119771875 0.3081042 0.49122566562500003 0.3083898453125 0.4961957359375 0.30758773906250003 0.5020345171875 0.3063967671875 0.503655775 0.30610184375 0.5024329187500001 0.308262246875 0.503922496875 0.30933871874999996
0 0.556306240625 0.32043456875 0.558579384375 0.3198278015625 0.55753755625 0.31778948125 0.5565935671875 0.31631850625 0.556735115625 0.3143816453125 0.5580544 0.31286936875000004 0.5588323265625 0.31150925625000003 0.55885770625 0.3100552 0.5545381140625001 0.31062624375 0.5517109203125 0.3121122 0.54493801875 0.3112667296875 0.5415054687499999 0.310398759375 0.5350303125 0.31101298437499997 0.5344903624999999 0.311084365625 0.5343135640625001 0.315040746875 0.53639580625 0.31919817031250003 0.5414298734375 0.32090215 0.54845203125 0.31981264062500003 0.5515938874999999 0.318817009375 0.5543731390625 0.3200776046875 0.556306240625 0.32043456875
0 0.5610090421875 0.31025436093750003 0.55981720625 0.3106375875 0.5594517828125001 0.313055371875 0.5600655984375 0.3149246125 0.5600458578125 0.31605554375 0.5586357859375 0.31659656875 0.55828023125 0.3184488890625 0.5583639687499999 0.3198240421875 0.5620175734374999 0.32037265000000004 0.567944321875 0.320314490625 0.5694494125 0.320502371875 0.5711727375 0.320532453125 0.5748460828125 0.319950128125 0.578095646875 0.318956378125 0.5795578890625 0.3154264625 0.5702366624999999 0.3124355671875 0.5664668890625 0.312369765625 0.565156065625 0.31339735625 0.5634524812499999 0.31223634375 0.5621910078125001 0.3104366046875 0.5610090421875 0.31025436093750003
0 0.5252203468750001 0.342194271875 0.5267663265625 0.3400395078125 0.52806305 0.3398197265625 0.5342164953124999 0.33911908125 0.5321159203125 0.33601180625 0.528189953125 0.33254945 0.5224842609375 0.3322882453125 0.5217359453125 0.3319519609375 0.51919466875 0.329402634375 0.5126569234375 0.3274299921875 0.5082268046875 0.32816071875 0.502388021875 0.3293516890625 0.5035775828125 0.3352712515625 0.5107376046875001 0.3386284484375 0.5166248718750001 0.340832153125 0.5215526406250001 0.34245347187499997 0.5252203468750001 0.342194271875
0 0.4792923421875 0.3192518984375 0.47693068437499997 0.31258462656249997 0.472659034375 0.3104091234375 0.4705942546875 0.311423553125 0.468166871875 0.31469420625 0.46542482500000004 0.3174745359375 0.4640576 0.32173335937499997 0.4629043796875 0.32607672499999996 0.4622798296875 0.33099495624999997 0.47105123750000005 0.334622696875 0.47546866718749997 0.3346189984375 0.478090315625 0.3325638171875 0.479797584375 0.3273412625 0.4792923421875 0.3192518984375
0 0.6545504015625 0.3274825875 0.6579020328125 0.3268138421875 0.6590073125 0.325217025 0.6575276031249999 0.32357508749999997 0.6575360640625 0.3230904015625 0.6592974593750001 0.3209393984375 0.6598726609375001 0.318848496875 0.6557938640625001 0.317969246875 0.6535037984375001 0.3195453828125 0.651053309375 0.31796730625 0.6447738265625 0.3197162234375 0.640607609375 0.3238453859375 0.635938103125 0.3259456265625 0.6339373203124999 0.3294661421875 0.6381610296875 0.33438819531249997 0.6440821390625 0.33465316093749997 0.6469276625 0.33211705468749997 0.64857853125 0.3301257328125 0.65012028125 0.3282133140625 0.651973875 0.32695278125 0.6545504015625 0.3274825875
0 0.6626343515625 0.34580492343749997 0.6661035625 0.344572590625 0.6651750828125 0.342213025 0.6613131125 0.3412567546875 0.6600572796875 0.3391338921875 0.6613977140625 0.33640990312499996 0.660890196875 0.3346233234375 0.6564826359375 0.3340615578125 0.653309759375 0.336834365625 0.6513244874999999 0.33946629375000004 0.6437623796875 0.340627184375 0.63974053125 0.34265792500000003 0.6376701125 0.3439954765625 0.6371259328125001 0.3443092015625 0.640456959375 0.35099339218750003 0.6449764578125 0.351314696875 0.650836390625 0.3489120125 0.656171884375 0.34569212031249996 0.6581331859375 0.3444334671875 0.66059354375 0.345446078125 0.6626343515625 0.34580492343749997
0 0.5932148953125 0.3724710875 0.598131384375 0.374738653125 0.601199375 0.3718024015625 0.598394196875 0.36585463906250004 0.5963204125 0.361212528125 0.59166728125 0.356202175 0.5867352828125 0.3548231984375 0.58273599375 0.355561446875 0.58132733125 0.356021690625 0.580305790625 0.3589936609375 0.581442634375 0.361760890625 0.5861112765625001 0.3658826546875 0.58713759375 0.3688095671875 0.5877316687499999 0.37180973906250003 0.5909572625 0.3721892625 0.5932148953125 0.3724710875
0 0.6132514625 0.341791528125 0.6088960734375 0.3382408703125 0.6011481625 0.3377016015625 0.5914803859375 0.3422195671875 0.588409575 0.3453173796875 0.58724930625 0.35006465000000003 0.5917448328125 0.351759228125 0.6000228234375 0.35279258125 0.603175959375 0.3511507046875 0.606354478125 0.3480547734375 0.61068535 0.34683748125 0.6132514625 0.341791528125
0 0.6970647328124999 0.3546480640625 0.69561518125 0.3574509546875 0.6991526171875 0.358482365625 0.702074828125 0.35772531875 0.7058713937500001 0.3562562828125 0.708569728125 0.3559801625 0.7142937515625001 0.3551912140625 0.7158721625 0.35117849218749997 0.7126705390625 0.34942569375 0.6972880640625 0.3480259140625 0.6935583171874999 0.3518394734375 0.6970647328124999 0.3546480640625
0 0.744511796875 0.3275983703125 0.7357733640624999 0.3282538953125 0.7262296703125 0.32566314687500003 0.7174201921875001 0.3242164890625 0.713831128125 0.3323151921875 0.7225672875 0.33796245625 0.7325587312499999 0.3395913546875 0.7425572265625 0.34081635 0.750527603125 0.3409554734375 0.74639695625 0.330701884375 0.744511796875 0.3275983703125
0 0.748166171875 0.3527926578125 0.7430779796875 0.3480171265625 0.7361079937499999 0.34611774375 0.730067896875 0.346497146875 0.7292975671875 0.35359458125 0.737597253125 0.3595574453125 0.7414183328124999 0.3628563625 0.7447107421875 0.3655804125 0.755478703125 0.365929978125 0.7557857718750001 0.3606829828125 0.748166171875 0.3527926578125
0 0.7847414796875001 0.33751240625 0.7838045390625 0.3356375265625 0.7843002328125 0.3319291265625 0.7769704625 0.33212440625 0.769982690625 0.33741640156249997 0.7663093437499999 0.3379987265625 0.76497031875 0.340641934375 0.7687843484375 0.344344753125 0.773886096875 0.3421712515625 0.77877101875 0.3400747703125 0.7804985734375001 0.339862509375 0.7832834656250001 0.3407999796875 0.786853334375 0.33997343125 0.7847414796875001 0.33751240625
0 0.2704330578125 0.2529606609375 0.26818656406249997 0.254285784375 0.2631455875 0.2535914203125 0.26165179375 0.258113134375 0.2646245328125 0.26150006718749996 0.2676078515625 0.26428081406250004 0.26733965937500004 0.2680659546875 0.2688212484375 0.2758230546875 0.274891053125 0.275474225 0.280019325 0.2711675453125 0.2799045546875 0.26616297499999997 0.27747878593749997 0.2545995734375 0.2704330578125 0.2529606609375
0 0.2921996359375 0.2797177609375 0.2897669515625 0.280130078125 0.28766432656249996 0.28479275625 0.287207296875 0.2878166375 0.29078622187500003 0.2912141515625 0.29255187656250004 0.294276828125 0.29543996875 0.30251325625000003 0.304532771875 0.302671971875 0.3070024890625 0.300138003125 0.304851225 0.29600744375 0.29994515625 0.2875841984375 0.2921996359375 0.2797177609375
0 0.38862567812500004 0.27897539843749997 0.37778838124999997 0.27454163125000003 0.37510602187500003 0.2776782625 0.3728198484375 0.2812765859375 0.369938071875 0.28425814374999997 0.366790746875 0.2908732921875 0.364929859375 0.293266296875 0.375205940625 0.2951131890625 0.3798904078125 0.29307265625 0.3860898296875 0.2852980375 0.38862567812500004 0.27897539843749997
0 0.39900389999999997 0.263390890625 0.39383595 0.2699707703125 0.39188512656249996 0.2775163640625 0.397476740625 0.28140378906249996 0.3995026546875 0.2811359640625 0.4061009109375 0.2736714921875 0.40964442500000003 0.2675180359375 0.40663994218750005 0.2659496625 0.4023886984375 0.2663302375 0.40345720625 0.26301384375 0.39900389999999997 0.263390890625
0 0.4052181703125 0.2431859125 0.399879903125 0.24794370312499997 0.39732818281250004 0.2551756234375 0.39908061250000004 0.258996034375 0.4029118609375 0.2595176875 0.40786452031250003 0.2536920125 0.4099433390625 0.25039325625000003 0.4127986640625 0.24892716718750002 0.407975621875 0.24732705156249998 0.40680028124999995 0.245184234375 0.4052181703125 0.2431859125
0 0.37926263437499996 0.2595596671875 0.3698434421875 0.266520121875 0.3639952390625 0.2773327296875 0.37474157343750003 0.27539800625 0.38244639375 0.2740165671875 0.38757995625 0.26940679218749997 0.3911075984375 0.2641626171875 0.391620178125 0.2579562546875 0.37926263437499996 0.2595596671875
0 0.39443906875 0.2354181171875 0.38331770781249996 0.23567877187500003 0.37556791718750004 0.23963650625000002 0.3724496890625 0.24458464218749998 0.3735483171875 0.25112231406249996 0.38037875625 0.253515434375 0.38953504687499996 0.250037028125 0.3956551109375 0.2468088109375 0.3984358578125 0.243825490625 0.39516002499999997 0.24043326562499998 0.3962179515625 0.2377230609375 0.39443906875 0.2354181171875
0 0.3424978765625 0.2583115640625 0.34058673281249996 0.26358395625000003 0.3400794421875 0.2694872265625 0.3534472984375 0.267901446875 0.3665009671875 0.26115602656250003 0.36858243125 0.25770572187499996 0.3650140859375 0.253702021875 0.3463767390625 0.2561053765625 0.3424978765625 0.2583115640625
0 0.31859692968750003 0.2380357015625 0.31463870781250003 0.24478829218749998 0.31388703281249997 0.2531127796875 0.3156103640625 0.25860020625 0.31860955625 0.26047167187500003 0.32689146562500004 0.260767825 0.3318467703125 0.25479060468750003 0.3329549578125 0.24920101093749997 0.33628582812499996 0.2436502140625 0.3345651421875 0.23801124218749997 0.3265064578125 0.2365062421875 0.31859692968750003 0.2380357015625
0 0.489734140625 0.2531503453125 0.4829195734375 0.24984794531249999 0.47520946249999996 0.25153248125 0.46966384375 0.256589840625 0.46729037656249994 0.2651892046875 0.4672083734375 0.269887153125 0.47386584843749996 0.2706097328125 0.478941215625 0.2693339875 0.48570714375 0.26384314999999997 0.488958659375 0.2628387546875 0.49206101406249997 0.2587998984375 0.489734140625 0.2531503453125
0 0.39768289375 0.327491628125 0.3959251734375 0.323974309375 0.39068477968750004 0.32312487343749996 0.3871677171875 0.32776286250000003 0.38578869375 0.3372891453125 0.38471754062499997 0.3407570859375 0.38906768125 0.3462903609375 0.3943398171875 0.3453212359375 0.3982504234375 0.3412964875 0.4010068515625 0.33391655 0.402064778125 0.3312063421875 0.40491216718749995 0.3301948953125 0.40050912031249997 0.327692553125 0.39768289375 0.327491628125
0 0.41926448125000004 0.306948515625 0.41192146249999995 0.31076175781250004 0.40378077343749996 0.31395470625 0.402858778125 0.32045710625 0.4129513125 0.32123964531250004 0.41908460312500007 0.31725369375 0.4231126234375 0.31808196718750004 0.424805834375 0.31371532812499997 0.424906353125 0.3079565515625 0.41926448125000004 0.306948515625
0 0.3770318375 0.3178839953125 0.370994796875 0.3279353421875 0.3690968796875 0.3324500015625 0.36986545 0.3347373109375 0.38039120625 0.3338598875 0.383732659375 0.3277029046875 0.38719681562499997 0.32609585 0.38885828437500003 0.3235477703125 0.387350240625 0.3173061390625 0.38557665 0.3146981015625 0.3770318375 0.3178839953125
0 0.3510132375 0.3726096546875 0.3478764921875 0.37861861874999997 0.35129567968750003 0.3795878578125 0.3597955234375 0.378978259375 0.3685106546875 0.37761445312499997 0.3756701296875 0.3727368578125 0.3743562125 0.3669533921875 0.37029909375000003 0.3677921328125 0.365242246875 0.36800705 0.356314471875 0.369973515625 0.3510132375 0.3726096546875
0 0.3743149125 0.38089921718749997 0.3700530859375 0.381885978125 0.36970024375 0.3905206140625 0.36835560625 0.3980767890625 0.3754251421875 0.39835178125000004 0.37976632499999996 0.39281861875 0.3790083359375 0.38992512343749997 0.38511781875 0.3873030921875 0.38253597968749997 0.384680946875 0.37750029375 0.3836834921875 0.3743149125 0.38089921718749997
0 0.3059433625 0.349235615625 0.300875934375 0.3500567203125 0.303006034375 0.355399653125 0.3031975171875 0.35600936562499996 0.3019137203125 0.3600799671875 0.30695205312499996 0.360925875 0.3106986515625 0.3662970234375 0.3122596 0.3695077203125 0.3199406125 0.3694902 0.32302180625 0.36666371875000003 0.3185330890625 0.35748979375 0.31491448437499997 0.3563654796875 0.314557975 0.353630584375 0.31399675781249997 0.35104370937499996 0.310176090625 0.3499158703125 0.3059433625 0.349235615625
0 0.30216544375 0.380397809375 0.29838180937500003 0.377148315625 0.29829980625 0.3818462640625 0.29752065625 0.380165140625 0.2941067578125 0.3788928078125 0.292253809375 0.3808311734375 0.29580628125 0.385744153125 0.2945859734375 0.38617763125 0.29415274999999996 0.3878375921875 0.29771844999999997 0.3919928390625 0.3006647359375 0.39689524062500003 0.3032412859375 0.3998204796875 0.3060410609375 0.40153687031249996 0.31579295625000003 0.3986752328125 0.30768034375000003 0.3886800890625 0.306701775 0.38684389218750004 0.30776234687500004 0.3839821390625 0.30676790625 0.3830552234375 0.303332846875 0.3829952640625 0.30216544375 0.380397809375
0 0.44501375468750004 0.45292715625 0.4410359953125 0.44921949375 0.434402328125 0.4471329953125 0.42794427031250004 0.446565490625 0.423504190625 0.44618480156249996 0.4220871078125 0.44631166093749997 0.4187324296875 0.45322637656250003 0.426376409375 0.4553305109375 0.432595371875 0.45801614375 0.4369746109375 0.46188240625 0.4430311890625 0.462291309375 0.4485662296875 0.4578401375 0.44501375468750004 0.45292715625
0 0.3719778796875 0.41057063437499997 0.37274645156249997 0.4128579421875 0.369298165625 0.413555715625 0.366033425 0.41531784531250004 0.3659567125 0.4197127 0.371978903125 0.4220917109375 0.3737445578125 0.4251543890625 0.37732083906249997 0.4287034515625 0.38412747187499996 0.432460490625 0.390071925 0.427713278125 0.38990160625 0.42589119062499997 0.38651945312499997 0.4228002953125 0.3787765765625 0.41478231406250005 0.3719778796875 0.41057063437499997
0 0.376205315625 0.41155398125 0.379938690625 0.4176828640625 0.3802211328125 0.42466106562499994 0.3807611890625 0.42846031562500003 0.3878227875 0.42918994843749997 0.3921480984375 0.4245660671875 0.3918735921875 0.4171332234375 0.392957971875 0.41290755 0.3934546796875 0.40761046875 0.3890569234375 0.4048050328125 0.3819900328125 0.40437849375 0.376205315625 0.41155398125
0 0.4311225625 0.5192339671874999 0.4381735796875 0.5205697859375 0.4436848140625 0.517482534375 0.45755893593749997 0.498472409375 0.4557932796875 0.4954097328125 0.4446877890625 0.4947611046875 0.4375547671875 0.4981232359375 0.4325306859375 0.508040671875 0.4311225625 0.5192339671874999
0 0.587558040625 0.484975890625 0.5838415625 0.48945880624999993 0.592648678125 0.5059845671875001 0.6085877921875 0.5076271218749999 0.6114457625 0.5060094875 0.60955475625 0.498548428125 0.6008147953125 0.489755075 0.587558040625 0.484975890625
0 0.664607265625 0.482682559375 0.6641132015625 0.48782809531250004 0.673009234375 0.487680190625 0.6782469812499999 0.488681171875 0.6998851421875 0.47647665781250004 0.695516484375 0.4720042078125 0.6910869843749999 0.47101733437500004 0.6686501328125 0.47108047500000005 0.6639074703125 0.4764550359375 0.664607265625 0.482682559375
0 0.824117446875 0.4922885015625 0.8297593203125 0.49329653906250004 0.8362702843750001 0.4908331078125 0.8385802625000001 0.4858708640625 0.8355519734374999 0.4856664109375 0.8337492843750001 0.4847253875 0.8358254578125001 0.4815781765625 0.8384274375 0.47146687031249995 0.8376747375000001 0.46827028125 0.8318546109374999 0.46589479687499996 0.8297625656250001 0.4699512875 0.8245470031250001 0.47925900937500004 0.822582953125 0.4875623375 0.824117446875 0.4922885015625
0 0.6616030281249999 0.5737374546875 0.6398543671875 0.5691132296875 0.631564521875 0.5692717140625 0.629541253125 0.5693879921875 0.6268006984375 0.57585865 0.6329614640625 0.581878309375 0.64059750625 0.5844370828125001 0.650038884375 0.587785334375 0.6576908 0.5894348265625 0.6648079499999999 0.5869819796875 0.6616030281249999 0.5737374546875
0 0.7531846890625 0.6305158343749999 0.764127796875 0.6288877312500001 0.7768646343750001 0.6171342140625 0.7674020953125 0.6149983375 0.75318895625 0.6186916625000001 0.7452423953125 0.6223427765625 0.7403505765625 0.6246828765625 0.7412762390625 0.6295500078125 0.7531846890625 0.6305158343749999
0 0.8146887656249999 0.6619079718750001 0.8228278296875 0.6703876484375 0.8284829281249999 0.6706379515625 0.8303729109375 0.666577934375 0.830263434375 0.661270271875 0.829621834375 0.6517087187499999 0.8272103156249999 0.6509086625 0.8183037000000001 0.651662753125 0.8139995515624999 0.655074259375 0.8146887656249999 0.6619079718750001
0 0.7933937109375 0.7355136015625 0.7972159999999999 0.724968815625 0.7972927125 0.720573959375 0.788029590625 0.7185931562500001 0.7788494921875 0.723435484375 0.776542159375 0.7282461828125 0.77354928125 0.7375927015625 0.77795761875 0.7397919500000001 0.7852212796875 0.7405251093749999 0.7933937109375 0.7355136015625
0 0.7445017234375 0.664775859375 0.74429539375 0.6765965046875 0.746406978125 0.6830002656249999 0.75375895625 0.6902534609375001 0.764696771875 0.6889284515625 0.7660652171875 0.68000835625 0.76102321875 0.6677929171875 0.7485879390625 0.66227010625 0.7445017234375 0.664775859375
0 0.57589940625 0.7823492515625 0.5728129203125001 0.785478828125 0.5778380249999999 0.7870824703125 0.5798639390625 0.786814646875 0.5897755734375 0.786381284375 0.5978845171875 0.7850068968749999 0.5934841171875 0.7823530078125 0.5882384328125 0.781806665625 0.5774143625 0.776615165625 0.5745352296874999 0.779445175 0.57589940625 0.7823492515625
0 0.6838662078125 0.8036377109374999 0.6917069578125 0.8060484656250001 0.6950325390625001 0.8008007609375 0.692157675 0.7918065999999999 0.6928379296875 0.787573871875 0.6813177328125 0.7875243796875 0.6799254796875001 0.7978083953125 0.6838662078125 0.8036377109374999
0 0.7045321125 0.8008149859374999 0.707629178125 0.797079221875 0.7151160640625001 0.796603534375 0.7164659921875 0.7887442671875 0.714676528125 0.7870455093750001 0.7028209859375 0.783048746875 0.691752528125 0.7802784671875 0.6833568734375 0.786498821875 0.6945506796875 0.793667484375 0.6957339546875 0.7953556609375 0.6982470203125 0.8019180218749999 0.7045321125 0.8008149859374999
0 0.58718435 0.73797791875 0.581393321875 0.7339354203124999 0.56943725625 0.735697434375 0.5725538625000001 0.742421921875 0.574338034375 0.7444237734375 0.5742851296875 0.74745470625 0.5816794328125 0.7522831562500001 0.5891071 0.7436204171874999 0.58718435 0.73797791875
0 0.6502191859375 0.6121949375 0.6555257109375 0.6092557046875 0.660244565625 0.6052450656249999 0.66275660625 0.6002863484375001 0.656731771875 0.5980588828125 0.646557234375 0.60197429375 0.6441271953125 0.6022350640624999 0.6394612468750001 0.60321476875 0.6375342296875 0.6093964421875 0.6362504328125 0.6134670421874999 0.6502191859375 0.6121949375
0 0.6151242531250001 0.6426588984375 0.614341434375 0.6296082453125 0.61045096875 0.620899540625 0.60079165625 0.61845704375 0.595753325 0.6176111359374999 0.5912656296875001 0.6199582875 0.5975861359375 0.6284062234375 0.601130671875 0.6337738453124999 0.600883640625 0.6363466109375 0.6022293000000001 0.640311515625 0.6080441375000001 0.6429900921875 0.6151242531250001 0.6426588984375
0 0.693947828125 0.44081125625000006 0.693990209375 0.43838328750000005 0.6886936140625 0.43262385468750003 0.6692133765625 0.43552210156250004 0.6583941609374999 0.4369523875 0.6485692796875 0.44325744531250005 0.6527867781250001 0.44899804374999996 0.6840805671875 0.44954427812500003 0.693947828125 0.44081125625000006