0 0.62552789375 0.727374153125 0.6283247765625 0.725414346875 0.6282321484375 0.7201076640624999 0.6241920171875 0.7157192140624999 0.61037205625 0.7187207578125 0.603701771875 0.7258441421875 0.6035336078125 0.7324293671875 0.607312946875 0.7380963625 0.6163363375 0.7360278703125 0.61963628125 0.7304496390625 0.62552789375 0.727374153125
0 0.6629195296875 0.7357238953125 0.6645411593749999 0.7325512 0.6647894828124999 0.7307650437500001 0.6681077281250001 0.728715675 0.669509175 0.72093505 0.66679070625 0.71731404375 0.65572379375 0.723796 0.6489530828125 0.7282115171875 0.6460185046875 0.73622853125 0.64609715 0.7407341187500001 0.6595255921875001 0.741443040625 0.6629195296875 0.7357238953125
0 0.710406371875 0.726090715625 0.7193367187499999 0.7253059578125 0.7226403312499999 0.722418340625 0.7248335953125 0.7199693593750001 0.7295873296875001 0.7200960078125 0.7370492671875 0.715249171875 0.736553325 0.71085568125 0.7307612781249999 0.7072883265625001 0.71652019375 0.708060971875 0.7090948359375 0.715003428125 0.707415803125 0.7228937125 0.7081710421875 0.7261297328125 0.710406371875 0.726090715625
0 0.685009584375 0.7602838125 0.6904245734375001 0.76626845 0.7000260265625 0.76389978125 0.70358345 0.7595403515625 0.70673089375 0.7557121453125 0.7059909953125 0.7453485703125 0.696762940625 0.7450903953125 0.691830384375 0.7507315828125 0.6875597875 0.75426495625 0.685009584375 0.7602838125
0 0.687054703125 0.7493475593750001 0.6906205640625 0.7534778390625 0.6984252234375 0.7602592671874999 0.70942305 0.765832015625 0.717103340625 0.7654883296875 0.717138796875 0.75951336875 0.71315198125 0.755285625 0.71097405625 0.7506070546875 0.705887865625 0.74744663125 0.6885512546875 0.7470155515625 0.687054703125 0.7493475593750001
0 0.683337328125 0.7125182624999999 0.6906741875 0.7085121156249999 0.6889208734375 0.704140571875 0.6797904640625 0.70146999375 0.6680622953124999 0.7020939609375 0.6619736656249999 0.7055542546875 0.6648793953125 0.7118971296875001 0.6735650765625001 0.713108090625 0.683337328125 0.7125182624999999
0 0.6812982812499999 0.67576448125 0.6796693375 0.678518053125 0.6774559546875001 0.6798144453125 0.6762735703125 0.68413241875 0.6798705234375 0.6900439765625 0.6874293953125 0.6907505390625001 0.69212094375 0.68731463125 0.6932905265625 0.682263190625 0.6973628890625 0.675379259375 0.6951202421875 0.6749991546875 0.6865742703125 0.6737857546875 0.6839179875 0.6737273078125 0.6812982812499999 0.67576448125
0 0.703574475 0.6949756859375 0.7071373859375 0.6909306 0.6983657437499999 0.684794928125 0.696597090625 0.6875509375 0.698664571875 0.69390844375 0.703574475 0.6949756859375
0 0.7100448218750001 0.6573396828125 0.71156444375 0.6643356296875 0.7180978046875001 0.6623349546874999 0.7208352703124999 0.65903796875 0.724405496875 0.6554120078125 0.7271703953124999 0.6536867375 0.7288560375 0.6541813796875 0.7313671265624999 0.653927921875 0.7330088734375 0.6519078171875 0.734619528125 0.648106434375 0.7335903609375001 0.645189634375 0.728518803125 0.642867459375 0.7189301515625 0.6459695937500001 0.7106665453125001 0.6529266828125 0.7100448218750001 0.6573396828125
0 0.6994277109375 0.6495592140625 0.700760778125 0.6458674906249999 0.693205565625 0.6453704890624999 0.68265541875 0.6494327234374999 0.6775904703125 0.655495475 0.679794 0.6616409812499999 0.6883235109375 0.66191135 0.6955042015624999 0.6569646109375 0.6993465296875 0.6529146484374999 0.6994277109375 0.6495592140625
0 0.6623662328125001 0.631968659375 0.6677234015625 0.6266344968750001 0.6694993703125001 0.6242976125 0.6719939984375001 0.6231011234375 0.6739407671875 0.6225430796875 0.67612854375 0.6197797515625 0.6733179203125 0.61888549375 0.6721728203125 0.6173332874999999 0.6686252500000001 0.61425081875 0.6618179578125 0.616570715625 0.658558240625 0.621973078125 0.65616969375 0.62924686875 0.6623662328125001 0.631968659375
0 0.5701460609375 0.6328446765625 0.5703724375 0.6298011484375 0.5691925875 0.6262581 0.564141146875 0.625088515625 0.5620283578125 0.6321478671875 0.5604762296875 0.6393022453125 0.561444334375 0.646727071875 0.5651096671875 0.648549728125 0.56983048125 0.6467903171875 0.5715662109374999 0.6421482468749999 0.5705004640625 0.637135825 0.5701460609375 0.6328446765625
0 0.546681165625 0.58556433125 0.54680695 0.5767578421875 0.538851609375 0.5693501640624999 0.5262529796875001 0.560136903125 0.5189179484374999 0.56424783125 0.523845434375 0.5743286859375 0.529517890625 0.5790510703125 0.53361993125 0.589880025 0.5410299484375 0.5900651203125 0.546681165625 0.58556433125
0 0.6512653234375 0.5244146359374999 0.6550374437500001 0.5243487921875001 0.666444128125 0.5213197375 0.671066178125 0.5139021484375 0.6706971421875 0.5087727515625 0.6691628890625 0.5009385546875 0.6635818796875 0.5014552234375 0.6548223328125 0.5040188203125 0.653347728125 0.507608203125 0.652214725 0.5147552656250001 0.6512653234375 0.5244146359374999
0 0.5666812546875 0.546434409375 0.5767695046875 0.5479353265625 0.5886392078125 0.5474137 0.592764609375 0.5435684234375 0.589603240625 0.5385925796875 0.5847946375 0.5353224984375 0.5821749328125 0.537359671875 0.5802482828125 0.5390703109375 0.5761674828125 0.5374645328125001 0.5637700390625 0.539777190625 0.5666812546875 0.546434409375
0 0.734080740625 0.5051508734375 0.733546390625 0.49855698125 0.7266860609375 0.4978382234375 0.7145618390624999 0.5077974640625 0.71328546875 0.514737403125 0.7141621265625 0.5169231734374999 0.7243717921874999 0.5173738421875 0.7282086328124999 0.5130095359375 0.7312328296875 0.5101267968750001 0.734080740625 0.5051508734375
0 0.700517575 0.52785226875 0.700351553125 0.534353575 0.71029095 0.535333025 0.715479146875 0.5283248046875 0.715788534375 0.5220306234375001 0.7124947734375 0.5174763437500001 0.70415435 0.5200326234375 0.700517575 0.52785226875
0 0.7191515515625 0.4504894390625 0.716138328125 0.454000865625 0.7127462171875 0.45982479062500003 0.711832275 0.46350919843750005 0.7113356265624999 0.4670815109375 0.7150137625 0.469637634375 0.7209279343749999 0.4641889375 0.7243877171875 0.4622419125 0.7268494234375 0.459159365625 0.72692511875 0.45548958749999996 0.7283258578125 0.455674765625 0.7315428015625 0.45582823906250003 0.7334676234375 0.45401281875 0.7328557515624999 0.4509839234375 0.7336098671875 0.446149359375 0.7327350390625 0.4440683703125 0.724931503125 0.4453575234375 0.7191515515625 0.4504894390625
0 0.6625409078125 0.465836965625 0.6579170296875 0.4731497734375 0.654822625 0.480016634375 0.665761925 0.4822363875 0.66988915625 0.478495890625 0.6756709375 0.47346875624999996 0.6776769390624999 0.468297903125 0.6792119 0.4681662984375 0.6832597781249999 0.467886015625 0.6850394046875 0.46575869062499997 0.6834660359375 0.46368989374999997 0.6835325859375 0.45949621093750004 0.6835771890625 0.45404515625 0.675786453125 0.456067778125 0.668150059375 0.45892620937500006 0.6625409078125 0.465836965625
0 0.69794405625 0.444466021875 0.6988561703125 0.44067683124999996 0.6996084578125 0.43573748749999996 0.7026454578125 0.4335882171875 0.7024563671874999 0.430761565625 0.696259828125 0.4280397765625 0.686349696875 0.428736821875 0.683836071875 0.4368513 0.68373040625 0.44681038281249996 0.68642875625 0.44927879531250003 0.6944085796875 0.45008282499999996 0.69794405625 0.444466021875
0 0.7111051765624999 0.4538790921875 0.713083746875 0.4471365234375 0.7121796546875 0.44337903437500004 0.708468596875 0.43893685156249995 0.7033231734375 0.440389234375 0.7004331968749999 0.4429551921875 0.700826009375 0.4494467421875 0.6977444078125 0.4570470703125 0.7067241359375 0.45909140156249995 0.7111051765624999 0.4538790921875
0 0.728875253125 0.47914329218749996 0.7205128828125 0.48044220156249995 0.7178913484375 0.4823745953125 0.7126684015625 0.48739197343749996 0.71357249375 0.49114946249999997 0.7234497046875 0.4885663546875 0.7292424578125 0.48416790781249996 0.728875253125 0.47914329218749996
0 0.6442745796875 0.8124580390625 0.6464086109375 0.8146218640624999 0.6497707515625 0.8150872421875001 0.65366063125 0.8137615874999999 0.6521739296875 0.8086517000000001 0.6445437296875001 0.8038586750000001 0.63950875 0.8036321203125001 0.633922253125 0.8038344453124999 0.6313903390625 0.8109011125000001 0.6397892875 0.8116978265625001 0.6442745796875 0.8124580390625
0 0.6346321828125 0.820487325 0.6339738781250001 0.822804703125 0.6368009625 0.8246419906250001 0.6462956296875 0.824161821875 0.6473511109375 0.8205797546875001 0.6469930484375 0.81607904375 0.6472340562500001 0.8138737640624999 0.644543021875 0.8118244765625 0.6424492296875 0.8119658375000001 0.636452753125 0.8126993828125 0.6328477765625 0.814334503125 0.6346321828125 0.820487325
0 0.6575406593750001 0.8198778296875 0.6550295703125 0.8201312875 0.6495052578125 0.8238961703125 0.646876409375 0.8254094390625 0.6481685328125 0.8273783328125001 0.6503025625000001 0.8295421578125 0.6579865109374999 0.8294080328125 0.6643874796875 0.827828921875 0.6696762703125 0.8265836625 0.6690515953125 0.822821296875 0.6659414359375 0.8207793234375 0.6653112734375 0.8167026156249999 0.6604361203125 0.817626215625 0.6575406593750001 0.8198778296875
0 0.690873790625 0.8000104015625 0.6916674359375 0.805446825 0.7027738796875 0.8092358578125 0.7069194000000001 0.806543171875 0.716827703125 0.8057413421874999 0.71773433125 0.801637809375 0.713782265625 0.7994009078125 0.715543603125 0.796225771875 0.7142496515625 0.794152096875 0.707280703125 0.7952170578125 0.7032675765625 0.7974881796875 0.690873790625 0.8000104015625
0 0.7340063171875 0.80512705 0.7202966296875 0.8043182218749999 0.7140591453125 0.8072570515624999 0.703365634375 0.8111121625 0.704267896875 0.81476486875 0.7090179734375 0.81468195625 0.73372619375 0.8130977296875 0.7340063171875 0.80512705
0 0.714981940625 0.828098734375 0.7261787125 0.8290562390625 0.7296074 0.825327934375 0.7282366328125 0.8188534531249999 0.7181849625 0.819448159375 0.7037877078125 0.8192802109375 0.7042525578125 0.8218924218750001 0.7073736890625 0.82456308125 0.714981940625 0.828098734375
0 0.667708675 0.8339549187499999 0.681298771875 0.8359187765625 0.6942971140624999 0.836006328125 0.699707325 0.8337108203125 0.6999984218749999 0.826368825 0.6938476062500001 0.8262665625000001 0.6819833890625 0.8271025328125001 0.668479253125 0.8300633859375001 0.66752324375 0.8313378296874999 0.667708675 0.8339549187499999
0 0.6170817046875 0.8478354296875 0.6120840109375 0.841738696875 0.5881902625000001 0.8419461390625 0.5807612484375 0.8486790328125 0.585137925 0.8512229625 0.5924521296874999 0.85392524375 0.6147962859375 0.8530111609375 0.6170817046875 0.8478354296875
0 0.6167624671875 0.8615715093749999 0.61070380625 0.8587424984375 0.5975054 0.8551996093750001 0.5859571765625 0.8581263218749999 0.5859107453125 0.8634725968750001 0.5897669984375 0.8682266859375 0.6115998734375 0.8700466640625001 0.6167624671875 0.8615715093749999
0 0.631719640625 0.8697983359375 0.6367747390625 0.8711774812499999 0.645191978125 0.87302200625 0.649018965625 0.8760995953125 0.6528960765625 0.8740424234375 0.6558910109375 0.8694831859375001 0.65499240625 0.866040040625 0.6457387484375 0.8643149296875 0.63189666875 0.8639276671875 0.6247251234375 0.8693983109375001 0.631719640625 0.8697983359375
0 0.66757595625 0.85837671875 0.662423215625 0.8594099796875 0.6600372046875 0.8588227484375001 0.65007403125 0.85648114375 0.6418733171875 0.8590349875 0.6392627578125001 0.8615960687499999 0.6440603874999999 0.8642374640625 0.6523123109375 0.8646174906249999 0.6572203859375 0.8655799515625 0.661321303125 0.8683383203125 0.664973834375 0.8694275078124999 0.66662655625 0.8680360890625 0.6658548578125 0.863857040625 0.66806458125 0.8623510859374999 0.6703920671875 0.8595853218749999 0.66757595625 0.85837671875
0 0.5060380046875 0.7982250609375 0.501191090625 0.79800696875 0.495558365625 0.799013371875 0.4909184671875 0.7990943625 0.48467525624999996 0.799808725 0.48311683906249997 0.8030142171874999 0.4815769078125 0.807278815625 0.48563801093750003 0.8087213999999999 0.4916768484375 0.8078592562500001 0.49610180625 0.8070252828125 0.5007285 0.8061877890625 0.4999532515625 0.8080174859374999 0.503794134375 0.808404484375 0.507582196875 0.8057654624999999 0.5101809796875 0.8043579765625 0.5109377390625001 0.8014691718750001 0.5067039515625 0.8016944203125 0.5060617734374999 0.7995867703124999 0.5060380046875 0.7982250609375
0 0.49709097187499995 0.81745096875 0.49084511875 0.81801403125 0.48316071406249994 0.8170887328124999 0.4763228625 0.8184188671875001 0.475003153125 0.8237390515625 0.47622412656249996 0.8243231265625001 0.4788730859375 0.8257903593749999 0.4845269390625 0.825994365625 0.4909930125 0.8264868890624999 0.49582672343749995 0.825948475 0.49699751562500005 0.82365783125 0.500822553125 0.8231370234375 0.5030020203125 0.8208287750000001 0.5003319312500001 0.8181511328125 0.49709097187499995 0.81745096875
0 0.5113704375 0.8609410375 0.51366610625 0.8652900328124999 0.5222129109375 0.8693785671875001 0.5288939234375001 0.8706240734374999 0.5355194765625 0.8686922578124999 0.535461375 0.8653636359375 0.53399113125 0.8620596624999999 0.5301396859375 0.8610674609375 0.524653234375 0.8588930203125 0.5109141484374999 0.857922059375 0.5113704375 0.8609410375
0 0.49238096562500006 0.8597590296875 0.479849646875 0.8586156390624999 0.4756713171875 0.862018209375 0.475299540625 0.8638408640625 0.4825831171875 0.8649245062500001 0.48683803281250004 0.865909665625 0.495161975 0.8687913125 0.5006220156250001 0.8694527437499999 0.501535615625 0.8639882999999999 0.5017188625 0.8629256703125 0.503479015625 0.8597166578125 0.49882855312499996 0.8591924437499999 0.493803671875 0.8603395828125 0.49238096562500006 0.8597590296875
0 0.48839278750000004 0.8740552718749999 0.4824896625 0.8711313671875001 0.47236859375 0.8693405203125 0.4714497140625 0.8745023609375 0.4771880796875 0.879548 0.4830964875 0.882774503125 0.48802527187500006 0.887682928125 0.49324660312499996 0.8862296640625 0.49518208125 0.8815041203125 0.49757120625000006 0.879646253125 0.501144328125 0.8762542468750001 0.492860003125 0.8756421140624999 0.48984190468750005 0.8761488359375 0.48839278750000004 0.8740552718749999
0 0.4635609328125 0.873429284375 0.45930601875 0.8724441234375 0.449428940625 0.8730705703125 0.45011601562500003 0.8777503359375001 0.451751021875 0.878932575 0.45276497656250003 0.879217571875 0.4592653828125 0.88167700625 0.46998373125 0.8830033875 0.471775575 0.8816099875000001 0.47151573906250005 0.8782848859374999 0.47310320624999996 0.8767437062500001 0.47165409062499997 0.8746501406249999 0.47002964843750006 0.8740731078125 0.4635609328125 0.873429284375
0 0.4320501078125 0.8485529906249999 0.42539814531250003 0.8489717953125 0.4219686546875 0.8490316578125 0.4187224140625 0.848028890625 0.4130738421875 0.8481274875 0.41025483906250004 0.8484793875 0.411987559375 0.8552597625 0.4156082203125 0.854591175 0.420250759375 0.8546614874999999 0.424681 0.8541301140625001 0.4267141921875 0.855002709375 0.42553811562500005 0.8569907499999999 0.42595479062499997 0.8577402125000001 0.42817123281249997 0.8575501781250001 0.42915085468749997 0.855868259375 0.4291191625 0.854052646875 0.43191175625 0.8521877375000001 0.433103678125 0.8511075015625 0.4320501078125 0.8485529906249999
0 0.4125820046875 0.8774040515625 0.40788006718750003 0.8734458515625001 0.40175200312500003 0.8741992609375 0.3960730984375 0.8759953015624999 0.393941503125 0.8773253953125 0.3938507171875 0.8782966468750001 0.40201763437500004 0.8832448375 0.40766215156249996 0.88565128125 0.407999375 0.8864534484375 0.4072975921875 0.8894555000000001 0.40938492968749995 0.8917624249999999 0.4131420125 0.8909695953125001 0.4132925671875 0.8872499156250001 0.4133748953125 0.88579398125 0.41887645312500005 0.886182784375 0.42023294218749996 0.8836541359375 0.4146665234375 0.8795494140625 0.4125820046875 0.8774040515625
0 0.388052825 0.8794483203125001 0.3820000390625 0.8783418890625001 0.3777754625 0.8770419374999999 0.371232078125 0.87869145625 0.3690350765625 0.88244685625 0.3704507875 0.8833110046874999 0.3769809375 0.887075684375 0.38182778906250003 0.88699108125 0.385494084375 0.8871695031250001 0.38692530625 0.8889222406249999 0.390398746875 0.890396915625 0.3933040359375 0.8901845921874999 0.393584859375 0.8877555265625 0.3922162234375 0.8834159218750001 0.39587687968749996 0.88327121875 0.3974713453125 0.8820313046875 0.39643147343749996 0.8780091828125001 0.388052825 0.8794483203125001
0 0.3815581515625 0.8591987078125 0.39081679375 0.8587946828125 0.3932757421875 0.8577012890625 0.39784036093749997 0.859964971875 0.400205703125 0.85968126875 0.4018867265625 0.8572277625 0.401976103125 0.8561757312499999 0.404304784375 0.853791725 0.39735085312499996 0.850438471875 0.3833558890625 0.85108678125 0.3786717359375 0.85431995625 0.3800389625 0.85857878125 0.3815581515625 0.8591987078125
0 0.24056254687499998 0.8983454765625 0.24139318906249999 0.89655325625 0.245581103125 0.8957529078125 0.24868911875 0.894809796875 0.25099100937499996 0.8908909546875 0.2486332625 0.8854373375 0.2407832828125 0.8863016078125 0.23674396875 0.8894427234375 0.2293727625 0.8930460234375 0.228012040625 0.8953323265625001 0.2311581265625 0.8965702999999999 0.2348709546875 0.8994144875 0.2371567890625 0.9007482828125 0.24056254687499998 0.8983454765625
0 0.22663744531250002 0.8783063671875 0.228893125 0.8840849890625 0.22677985937499998 0.886465234375 0.2254191390625 0.8887515390624999 0.22912068593749998 0.8909494812500001 0.2328664875 0.8895104046875 0.2362181203125 0.8901791515624999 0.23845319375 0.8886048343749999 0.2369895390625 0.8849941359375 0.2383291109375 0.88149611875 0.23480349843749998 0.8770325531250001 0.22865992343750002 0.8768973734375001 0.22663744531250002 0.8783063671875
0 0.24285024375000003 0.8627511406249999 0.23913123125000002 0.8657250515625 0.23877654218750002 0.8700947390625 0.24042740937499998 0.8720860593750001 0.2435720859375 0.8732432515624999 0.2436671046875 0.8725143421875 0.2488850203125 0.8751706499999999 0.25095120937500004 0.8762658609375 0.2512173859375 0.8791702109375 0.2526500171875 0.8810037296875001 0.25544055 0.8803893828125 0.2576601125 0.8779264765624999 0.2623513140625 0.8750972046875001 0.26447444999999997 0.8732824265625 0.261403640625 0.8701846140624999 0.25520789375 0.8670605437500001 0.25104590625 0.8631737218750001 0.24285024375000003 0.8627511406249999
0 0.22737188437500003 0.8586578203125 0.2193789484375 0.8575044515625001 0.217403 0.8615792125 0.218742025 0.864222421875 0.220734346875 0.867258253125 0.222428925 0.8717537796875 0.2253666484375 0.873399415625 0.2332490578125 0.8743931046875 0.2359135515625 0.8727304874999999 0.23782268125 0.8710002484375 0.23970220156250002 0.8675736125 0.23470111093749998 0.864994325 0.23079542812499998 0.863446390625 0.22737188437500003 0.8586578203125
0 0.21840989687499998 0.8698846 0.21410636093750002 0.8640609203125 0.20685327656250002 0.8620865828125 0.202934359375 0.86595284375 0.20821995625 0.8724866312499999 0.20946960468750003 0.8761818703124999 0.2069311484375 0.878892759375 0.207190275 0.8813932046874999 0.2093613515625 0.8823249750000001 0.21351824531250002 0.879747446875 0.214895884375 0.8784305124999999 0.2201989484375 0.8797924453125001 0.22178354531250002 0.8779870656250001 0.219238584375 0.874152825 0.21840989687499998 0.8698846
0 0.21139824843750002 0.89408701875 0.2124020046875 0.8898676140624999 0.20963880937499998 0.885875571875 0.20401967187499997 0.884923184375 0.20177472812500002 0.8859320343749999 0.20080817812500001 0.8861105171875 0.19984021875 0.8862082171875001 0.20049297031250002 0.8927420671874999 0.20076478749999999 0.8959695406250001 0.2015511734375 0.897814340625 0.20069797031249997 0.898314065625 0.198995796875 0.8995558593749999 0.20054036718749998 0.901629840625 0.20247205625000003 0.9011920968749999 0.20630864531249998 0.8987817703125 0.2094392234375 0.899131153125 0.2126817359375 0.8997209984375001 0.2135349390625 0.899221271875 0.21316528437499999 0.8965611453125 0.21139824843750002 0.89408701875
0 0.193206271875 0.87032453125 0.1905310421875 0.8651996796875 0.1880199203125 0.8633041796875001 0.1800052875 0.8670803218750001 0.17913234375 0.8664491156249999 0.1802841546875 0.8707117 0.1813677390625 0.877238028125 0.18345648750000002 0.879625734375 0.18733396875 0.8795580515625 0.19045749375 0.8795035312499999 0.19358948125 0.87993369375 0.19580199375000001 0.8770668828125 0.194489759375 0.8759585109374999 0.19294941875 0.8741268734375 0.193206271875 0.87032453125
0 0.1738704921875 0.8797930578125 0.18091521093750002 0.8821750609375 0.180630159375 0.884361784375 0.1859445015625 0.8863699640625 0.1914376 0.8862740812500001 0.18982393749999998 0.8802418375000001 0.1840195421875 0.8748483828125 0.177938553125 0.872126334375 0.173087471875 0.8719685937499999 0.170515175 0.87274074375 0.169491678125 0.8758292171875001 0.168992621875 0.8781004812500001 0.1738704921875 0.8797930578125
0 0.1627566234375 0.8973602250000001 0.158540509375 0.8965449578125 0.15871644375 0.894279334375 0.15972583906249999 0.890383053125 0.157383603125 0.8858180250000001 0.151195771875 0.8893198640625 0.1502075265625 0.8944278578124999 0.15004428125 0.897420509375 0.1494643078125 0.9012284890625001 0.151403046875 0.9011946484375001 0.1528554203125 0.9041591 0.155601696875 0.9071817718749999 0.159446746875 0.9052561296875 0.1604984453125 0.9037832734375 0.162280125 0.9009239828125001 0.1627566234375 0.8973602250000001
0 0.1481396078125 0.8808886359375 0.146663265625 0.8765509093749999 0.14446116874999998 0.8738419625 0.140780771875 0.8728557328125 0.1369625125 0.8763162093749999 0.13643611875 0.8831938625 0.136607278125 0.8868271218749999 0.137526753125 0.8901240953125 0.1361561609375 0.8918449328125 0.1354825796875 0.8964626015625001 0.1392932421875 0.8987394468750001 0.14511141875 0.8925774796875 0.1464067328125 0.8927164796874999 0.151915340625 0.8935091875 0.1536161046875 0.8921866125 0.1511436 0.8863309718749999 0.1481396078125 0.8808886359375
0 0.13226739999999998 0.89126636875 0.1296105015625 0.8871916656250001 0.1224679453125 0.8853770093750001 0.1172325640625 0.88789255625 0.11505161718750001 0.8863953203125 0.114990440625 0.8890629703125 0.11867452187500001 0.8964327671874999 0.124797809375 0.9015782390625 0.12947718749999998 0.9042439453125001 0.1350624828125 0.9032575953125 0.1369293109375 0.8991039296875 0.14088488906250002 0.8973379703125 0.1414846046875 0.894660921875 0.13650325624999998 0.8932125687499999 0.13226739999999998 0.89126636875
0 0.12844449687499998 0.8512535874999999 0.1248783125 0.8568106078125 0.1263969578125 0.8635717578125 0.12869407187499998 0.8655517984375001 0.1317922171875 0.864043221875 0.1367777984375 0.8657339187499999 0.1389263140625 0.86537319375 0.13961399531250002 0.8615633328125 0.1384833375 0.8585124609375001 0.13827692656249999 0.85285968125 0.1328309046875 0.8494801078125 0.12844449687499998 0.8512535874999999
0 0.15649842187500002 0.8474508796875 0.15028857499999998 0.843519 0.142832765625 0.8422754484375 0.1412321140625 0.8493334640624999 0.1439699296875 0.85187145 0.14810371718749998 0.854142653125 0.1530253 0.8583394359375 0.1541305796875 0.8599362515625 0.1609773484375 0.8571501609375 0.16071258125000001 0.8543265906249999 0.165840253125 0.8518129249999999 0.1653502015625 0.8484276484375 0.158130959375 0.84839205 0.15649842187500002 0.8474508796875
0 0.08679455312499999 0.8476979015625 0.08839607031249999 0.8468618906250001 0.09486981718750001 0.847395334375 0.099577940625 0.8455354343750001 0.104136053125 0.8412539875 0.102420325 0.8355467484375 0.0959620859375 0.83590189375 0.0900663578125 0.8376209125 0.08396649375000001 0.8399899390625001 0.0767698125 0.8412468359374999 0.0774724609375 0.8444667875 0.0804130015625 0.8462739875 0.08001178125 0.8479779046875 0.08221951875 0.8510099765625 0.0863081859375 0.850696190625 0.08679455312499999 0.8476979015625
0 0.080855659375 0.8407714890625 0.0813363859375 0.8374500734374999 0.07624591875 0.83592281875 0.0695722640625 0.8362817234375 0.06686492499999999 0.841662140625 0.06584001874999999 0.8446698328125001 0.06307345625 0.8466574546875 0.05904683125 0.850525596875 0.0587801078125 0.8537624703125 0.06510666875 0.85203593125 0.0686680765625 0.85237779375 0.0692390453125 0.8542263531250001 0.072474509375 0.8544122937499999 0.0745905953125 0.8521936109375 0.0752458484375 0.8465257906250001 0.080855659375 0.8407714890625
0 0.09206595625 0.82255619375 0.097482365625 0.8242393703124999 0.10200891406249998 0.8243219703125 0.1038187953125 0.8230782968750001 0.1046057265625 0.8187818703125 0.1014370796875 0.8162514046875 0.095374421875 0.8145795078125 0.09465908281249999 0.810632528125 0.0902261421875 0.8097402390624999 0.0894307515625 0.8135519796875 0.0854540234375 0.814106225 0.084089071875 0.8161501890625 0.0883347984375 0.8186618546875 0.09206595625 0.82255619375
0 0.147193475 0.8266846828125001 0.14713002343749998 0.8230495453125 0.14905889375 0.8224502390625 0.1497747765625 0.8202559953125 0.14844703125 0.818259034375 0.14584935625 0.817577128125 0.1454952109375 0.8158055890625 0.144856559375 0.8100795484375001 0.1443411265625 0.8052402171875 0.1393202953125 0.80153 0.1329880953125 0.8029334171875 0.131197953125 0.8053080218750001 0.129427553125 0.808813559375 0.1314762765625 0.815080625 0.13403533750000002 0.8197226734375 0.1326774375 0.8221705406250001 0.13563066875000002 0.8247047640625 0.13789394375 0.8247460656250001 0.1419538640625 0.8289578890625 0.143275103125 0.8244097203124999 0.147193475 0.8266846828125001
0 0.08063159375 0.7785551921875 0.08175856875000001 0.775222496875 0.0794417140625 0.772111525 0.07962046874999999 0.7700074625 0.08344436718750001 0.7668701078125 0.083558259375 0.7610501281250001 0.079359065625 0.7612042296875 0.07293466875 0.763498115625 0.0724962421875 0.76924295625 0.07257520468749999 0.773766684375 0.0717158171875 0.7800845109375001 0.07207701093749999 0.782259953125 0.075043478125 0.7793799828125 0.07559893906250001 0.780339953125 0.076291715625 0.782994440625 0.07838382968749999 0.7794024828125 0.08063159375 0.7785551921875
0 0.0637262453125 0.7729514765625 0.061442684375 0.7779204703125 0.0623395984375 0.7799249515625 0.0685767796875 0.7792504421875 0.07052539062499999 0.77978206875 0.07420155625 0.7805259546875 0.074921671875 0.778574053125 0.07251402812499999 0.77643433125 0.073516375 0.7721341453125 0.0733254734375 0.76736995625 0.0688552375 0.765314471875 0.0665441125 0.7677307421874999 0.0637262453125 0.7729514765625
0 0.22264296875 0.7914294140625 0.2243888546875 0.7926918265625 0.22513716874999998 0.7923555421875 0.2236777453125 0.7889871875 0.2261240046875 0.7871667671875 0.2255290640625 0.783944934375 0.22261531250000002 0.7836725703125 0.2205604046875 0.78322360625 0.22113473906249997 0.779092503125 0.21847219999999998 0.7746946765625 0.21099524062500002 0.7722394140625 0.20576832031249997 0.775239646875 0.20581344218750003 0.777824634375 0.206309134375 0.7815330312500001 0.2102542953125 0.78534283125 0.212909784375 0.789336753125 0.21337445625 0.7912679734375 0.21574825937500003 0.7914689546875 0.2179819234375 0.7898138578125 0.21853033125 0.7903699234375 0.2231372515625 0.79505703125 0.22264296875 0.7914294140625
0 0.0968947390625 0.722677159375 0.10451943125 0.7212511828125 0.1005488890625 0.715987328125 0.09506425156250001 0.7165678953125 0.0936428984375 0.715380621875 0.0867058890625 0.7129967390624999 0.084918565625 0.71553290625 0.086471596875 0.7180915734375 0.086844071875 0.7209132625 0.0870905078125 0.72268668125 0.090304821875 0.7216609093749999 0.0925554046875 0.72097518125 0.0968947390625 0.722677159375
0 0.13430482187499998 0.7055398484375 0.136152775 0.7064772593749999 0.1366264515625 0.7027519390625 0.13714948124999998 0.7018539484375 0.13905438125 0.6998813671875 0.1373936421875 0.6973245796875001 0.1355513296875 0.69671029375 0.13370619687500002 0.6959344468750001 0.1328022328125 0.6935260624999999 0.130427565625 0.687103075 0.12444018593749999 0.6835713390625 0.11679716250000001 0.683947165625 0.1147008171875 0.6872967796875 0.1147670890625 0.69109348125 0.1177457 0.6950817625 0.12113681406250001 0.6980123734375 0.1221028203125 0.7039751140625 0.1240697609375 0.7055568921875001 0.1286729953125 0.7038604312500001 0.1296409546875 0.70376273125 0.1328378046875 0.7079088140625001 0.13430482187499998 0.7055398484375
0 0.11030940781250001 0.7134735984375 0.110247365625 0.7099192421875 0.1101966046875 0.7070111296875 0.1100254453125 0.703377871875 0.110112003125 0.7021642796875 0.1109031640625 0.698110196875 0.10977673437499999 0.695301665625 0.105067746875 0.6909395609375 0.09861796874999999 0.6917793921875 0.0967243484375 0.694398221875 0.0973023703125 0.696650684375 0.0984541796875 0.70091326875 0.10005938125 0.706460828125 0.1019566859375 0.7102255671875 0.10417429375000001 0.7138231046875 0.1059413296875 0.7162972296875 0.1060918828125 0.71257755 0.10926194062500001 0.7151887968749999 0.11030940781250001 0.7134735984375
0 0.09306651406250001 0.694704484375 0.09365917968750001 0.6916235328125 0.0919646 0.6871280046875 0.0889986796875 0.6838667515625 0.08332400625 0.685905134375 0.081785940625 0.6903762828125 0.0821113390625 0.696673428125 0.082181840625 0.7007124703125001 0.0836257546875 0.7031922359375 0.0910237515625 0.7011237718750001 0.09427190468749999 0.7020367421875 0.0959769 0.700956509375 0.095710721875 0.6980521578125 0.0934333484375 0.6972030515625 0.09306651406250001 0.694704484375
0 0.08029495156250001 0.691371971875 0.08021740000000001 0.6869290265625 0.0779955625 0.6830891453125 0.0738005984375 0.6834855921874999 0.0729657265625 0.68503546875 0.071414971875 0.6887795875 0.067589115625 0.6979773859375 0.0697771125 0.699878525 0.0732096625 0.6990105546875001 0.0756827109375 0.698724971875 0.0791406421875 0.69931105625 0.0797699671875 0.6983304046875001 0.079699465625 0.6942913625 0.08029495156250001 0.691371971875
0 0.1064191421875 0.681946565625 0.1089251671875 0.6773777171875001 0.1077324671875 0.6707724890625 0.09782616875 0.6711070140625 0.09649365 0.6750089359375 0.0938855546875 0.6799027890625 0.0939969484375 0.686284475 0.098765703125 0.6878981515625 0.102298909375 0.6866243984375 0.10579209062499999 0.6892300031249999 0.1072858984375 0.688395875 0.1074477328125 0.6853224421874999 0.105268196875 0.6839059875 0.1064191421875 0.681946565625
0 0.08741062187500001 0.6607841078125001 0.08240052812500001 0.6638613609374999 0.08213098437500001 0.666936675 0.07975804843749999 0.6729576984375 0.07522672500000001 0.67877398125 0.0814140109375 0.6814133671875 0.085607565625 0.6809361421875 0.08956314374999999 0.6791701828125001 0.0922888140625 0.674839915625 0.0948131703125 0.6713212171875 0.092874975 0.665213834375 0.08741062187500001 0.6607841078125001
0 0.063956246875 0.6565067890625 0.0628664796875 0.6557985625 0.06777732812500001 0.6532078718750001 0.0732949421875 0.648344040625 0.070283896875 0.6424977984375 0.0623614625 0.645383471875 0.0577934765625 0.6490994531250001 0.0531107359375 0.6524134078125 0.051550109375 0.6555920609375 0.0523759765625 0.6596987249999999 0.0548160484375 0.6636964062499999 0.0590764203125 0.6608746562500001 0.06349103125 0.6607167921875 0.0662674625 0.6592946375000001 0.063956246875 0.6565067890625
0 0.0710223421875 0.64159605 0.073402328125 0.6359789296875 0.0734620953125 0.6332305015624999 0.067490225 0.6305873546874999 0.062064809374999995 0.6345607171875 0.05878226875 0.6378502328125 0.056897109375 0.640953746875 0.054854890625 0.6412318109374999 0.050233324999999995 0.6418781171875 0.0491049421875 0.6451300328125 0.057311884375 0.6461988609375 0.058205978125 0.6480417796875 0.06039538437500001 0.6500237015625 0.0640475796875 0.6493943140625 0.0671020140625 0.6453815296875 0.0710223421875 0.64159605
0 0.06866200156249999 0.617476415625 0.063140703125 0.6159566812499999 0.057230873437499996 0.6168678921875 0.0563762609375 0.6172868375 0.0579061859375 0.6246942343749999 0.0573318515625 0.6288253390625 0.0568060015625 0.629561765625 0.053257284375000005 0.62994693125 0.0513495640625 0.6317579515625 0.053452415625000006 0.6349534640625001 0.0565646609375 0.6342526953125 0.0590645 0.6355019484375 0.064123946875 0.635252025 0.06682705781250001 0.6296292640625001 0.0689234015625 0.6262796484375001 0.070777540625 0.6213989578125 0.06866200156249999 0.617476415625
0 0.12739181875 0.6242894125 0.12870546249999998 0.625478565625 0.1304330171875 0.6256908265625001 0.1325730734375 0.6248454171875 0.13276592812500002 0.6235491640624999 0.13292071249999998 0.6200718281250001 0.1349587015625 0.619551421875 0.1358998703125 0.6179188828125 0.134780490625 0.615514259375 0.133264121875 0.6150558937499999 0.1304425671875 0.6138930625000001 0.1296420828125 0.6112404546875 0.1294793828125 0.60809188125 0.1291111390625 0.6055125343750001 0.128075496875 0.6017327546875 0.11997485000000001 0.6005812640625 0.11807136250000001 0.602634628125 0.11739636875 0.6071715156249999 0.11866716562499999 0.612078465625 0.12138524375 0.613485521875 0.1221730375 0.6154111 0.12115377187500001 0.6187419171874999 0.12409149374999999 0.6203875531249999 0.1247405609375 0.620537834375 0.1258472484375 0.62221543125 0.12739181875 0.6242894125
0 0.0833090765625 0.5986354921875 0.08661981875 0.5969615953125 0.0874504609375 0.595169375 0.0860931046875 0.5914760171875 0.086660390625 0.586941009375 0.08947966874999999 0.5818010546875 0.08825399218749999 0.579479090625 0.0823630390625 0.575299228125 0.0752627828125 0.575907996875 0.07506092343750001 0.5828607890625 0.07612476562500001 0.5882561859375001 0.07650288125 0.5914009984375 0.074147409375 0.5922501687499999 0.07016927187500001 0.592723634375 0.0718539796875 0.5966536953125 0.0751915109375 0.5965146328125 0.0762017734375 0.5988403578125 0.078374259375 0.5998529078125 0.0792204109375 0.598949278125 0.0815316265625 0.6017371265625 0.0833090765625 0.5986354921875
0 0.1348743234375 0.5962001156250001 0.1336260875 0.5925856578124999 0.12923176249999999 0.5877332281250001 0.12404627812499999 0.5869348796875 0.1225288171875 0.598758965625 0.123730525 0.5997076546875 0.1358163578125 0.6007895828125001 0.1348743234375 0.5962001156250001
0 0.062689940625 0.5530978984375 0.057567043750000005 0.5497126828125001 0.0510292984375 0.551685325 0.048999225 0.5588316421874999 0.0483383328125 0.5641763390625 0.04641369375 0.5650179875 0.04168865 0.5659085171875 0.043472606250000004 0.5693520140625 0.043864820312500004 0.5733046374999999 0.049150964062500004 0.5736971984375 0.0532339890625 0.573060290625 0.0604989 0.569539653125 0.061487145312500005 0.5644316578125 0.06344053125 0.5590644015625 0.062689940625 0.5530978984375
0 0.07879785 0.5377061125 0.0710739109375 0.5396186546874999 0.06853404375 0.5422487625 0.06554588125000001 0.5500582453125 0.0710587203125 0.5510932953125 0.0748834828125 0.554177946875 0.07938324062499999 0.552725709375 0.0817759171875 0.5478356171875001 0.0876674171875 0.5458742562500001 0.0880889234375 0.53916004375 0.07879785 0.5377061125
0 0.079919409375 0.5155458375 0.073540134375 0.5204247093750001 0.0707947234375 0.5236240453125001 0.068831465625 0.5284258359375 0.07370651875 0.5299568515625 0.0791384390625 0.5325286171875 0.08216271875 0.5329606609375 0.08276948437500001 0.5306875171875001 0.0837760609375 0.526629675 0.087471103125 0.5222824875 0.0874885671875 0.5171106328125 0.079919409375 0.5155458375
0 0.0889335703125 0.5073079484374999 0.093698640625 0.5025380578124999 0.0922848828125 0.49561346406249995 0.0827383703125 0.498042653125 0.079213621875 0.4998010921875 0.0752918859375 0.5035057921874999 0.0705296359375 0.5084372453125 0.07293586875 0.5104961859375 0.0766190859375 0.5116439765624999 0.0790126265625 0.512975890625 0.0844248078125 0.514416725 0.08622482031249999 0.512607584375 0.08606071093749999 0.50937823125 0.0889335703125 0.5073079484374999
0 0.043220021875 0.49315687031250005 0.044652653125000004 0.49499038906250004 0.04533838125 0.49724097343749996 0.048895559374999994 0.49734049375 0.050173953125000004 0.496510125 0.050461825 0.49448496249999996 0.0493565453125 0.49288814687500004 0.049128440625000006 0.492164878125 0.050615198437499995 0.49092684531249997 0.05338458124999999 0.489100784375 0.058386215625 0.48553884687500004 0.0601876390625 0.4838104890625 0.0607478734375 0.47887157656249996 0.057463057812499996 0.47585830468749996 0.055425068749999994 0.47637871093750006 0.0500791609375 0.4787345765625 0.0474442765625 0.48209359375 0.0452176640625 0.4841525953125 0.039561321875 0.4872411296875 0.0352967203125 0.4898205375 0.0360943859375 0.492311584375 0.03869629375 0.4932358328125 0.0408419890625 0.492713546875 0.043220021875 0.49315687031250005
0 0.08035351406249999 0.47869096874999995 0.0811333921875 0.47399063906250005 0.0803089375 0.46996475625 0.07613989843749999 0.46567403125 0.069802059375 0.46675432656250004 0.0681421859375 0.4704195453125 0.06812754062500001 0.4757529609375 0.067093628125 0.48441719218749996 0.0692929046875 0.4869645796875 0.07452915156249999 0.49067103593750006 0.077773075 0.4913416640625 0.07913238593750001 0.488974578125 0.07936385625 0.48371818125 0.0786795390625 0.4815483796875 0.08035351406249999 0.47869096874999995
0 0.05320268593750001 0.47868005468749997 0.056675260937500006 0.47393272499999994 0.0586737703125 0.4711504546875 0.05850401875 0.467597978125 0.0512368359375 0.46481582968749996 0.04971905625 0.46427668437499997 0.046261990625 0.46991260468749996 0.0434398921875 0.47489099843749993 0.043038671875000004 0.47659491562499995 0.0393766078125 0.47665883750000004 0.0360433046875 0.47704024218749996 0.0359694375 0.4789808625 0.039751901562500004 0.4796420890625 0.0437483703125 0.480218775 0.044641053125 0.48198091249999997 0.04617434375 0.4834086484375 0.0500363140625 0.4824523765625 0.05320268593750001 0.47868005468749997
0 0.0957920703125 0.46815919375000004 0.097141509375 0.46522664375 0.0977897125 0.45915491875000003 0.094164853125 0.4551779171875 0.09028173125 0.45492247656250007 0.0846437203125 0.45906116093750005 0.0801152171875 0.4650390046875 0.0780696328125 0.47129673125 0.081017225 0.473507834375 0.085121403125 0.47408263906250003 0.0877063890625 0.4740375171875 0.0914037046875 0.47599311875000005 0.09504884999999999 0.474959825 0.09543174062500001 0.47220575625 0.0957920703125 0.46815919375000004
0 0.051544993750000004 0.45778037656250004 0.053776701562499994 0.46218572187499996 0.054044289062499994 0.4651708515625 0.059015768749999996 0.46605374062499993 0.060302621875 0.4657080578125 0.0650544546875 0.4663523625 0.06574072812500001 0.4624617203125 0.06347517968750001 0.45611763437499997 0.059087904687500005 0.45166910937500004 0.0498876203125 0.4492439265625 0.049929921875 0.45166735156250004 0.051544993750000004 0.45778037656250004
0 0.0607378125 0.4165707375 0.052512540625000007 0.4144517578125 0.04870415 0.4184777015625 0.046334034375 0.4246602859375 0.0448374046875 0.42533285468750004 0.0391528625 0.42680577187499996 0.04417228125 0.43043520781250005 0.0478244765625 0.4298058203125 0.0497688578125 0.4300951046875 0.051331759374999994 0.4332192359375 0.0577843578125 0.43254096875 0.058859159375000004 0.42621938125 0.06190936406250001 0.4219642546875 0.0607378125 0.4165707375
0 0.081223221875 0.43592969843749996 0.08584055625 0.435041046875 0.09539694062500001 0.43317732500000006 0.10186277343750001 0.42708485781250005 0.09867015625 0.42318111875 0.09694119062499999 0.4228880765625 0.086493534375 0.423070440625 0.07976152343750001 0.42625855625 0.06869017968749999 0.42774469374999996 0.068626184375 0.43025077968750003 0.0739461671875 0.432582084375 0.07230039375 0.43705511093749994 0.0753458234375 0.43869886874999997 0.0794302609375 0.438142740625 0.081223221875 0.43592969843749996
0 0.095005815625 0.4169422546875 0.0937871890625 0.41502419375 0.0953576859375 0.41241100625 0.09653596406250001 0.405845196875 0.0955854703125 0.40077104375 0.088855415625 0.397898715625 0.0839234171875 0.399277690625 0.0820847890625 0.40504697187499994 0.0811219234375 0.41160902187500004 0.0800725015625 0.4193846625 0.0823569265625 0.42063767500000004 0.087181215625 0.4192605796875 0.0892248453125 0.419063296875 0.09466522656250001 0.4221197484375 0.09590836875 0.41926985937500005 0.095005815625 0.4169422546875
0 0.06152474375 0.4122743125 0.062648353125 0.41492128125 0.061907953125000005 0.4218834734375 0.0603430984375 0.42481978593749997 0.06039808906250001 0.42797023906250004 0.06639870625 0.42608777656249996 0.0680129125 0.42597879531249994 0.07126811718750001 0.42729566874999997 0.0769216390625 0.4240455734375 0.0749011171875 0.419394125 0.07640393125 0.41290345625 0.0776414328125 0.4097304421875 0.07221092343749999 0.40723945625 0.06152474375 0.4122743125
0 0.0764213015625 0.376863915625 0.077949496875 0.3718273015625 0.0815185015625 0.36643184375 0.08298128906249999 0.3638205359375 0.08313889375 0.3605047625 0.07976752031249999 0.3587050828125 0.0730614359375 0.35720602968750004 0.069169309375 0.3626071265625 0.068954759375 0.36883289375 0.06726950468750001 0.3710440578125 0.0657615953125 0.371070378125 0.0618897546875 0.37146118281249996 0.06117246093749999 0.37357464375 0.06530765937500001 0.375926628125 0.0638787109375 0.380476678125 0.066584096875 0.381156703125 0.0697287734375 0.38231389375 0.07462693125 0.3789961796875 0.0764213015625 0.376863915625
0 0.11202009375 0.3608894984375 0.1078110296875 0.3604781359375 0.1017464171875 0.3648666828125 0.0975057859375 0.36881936406250004 0.0944316125 0.371701215625 0.091347565625 0.374017603125 0.09380315 0.378903871875 0.09684716875 0.3804668484375 0.10059438125 0.37910855312499997 0.10455614531249999 0.3715244921875 0.10898908437499999 0.37241678125 0.1146581171875 0.3700552734375 0.116082834375 0.365262884375 0.11202009375 0.3608894984375
0 0.12469923281249999 0.3836169359375 0.1317487265625 0.38010005625 0.1289672 0.3750578640625 0.1229784078125 0.37144534687499997 0.122254065625 0.3731549046875 0.11451265937499999 0.38023930156249997 0.1136095609375 0.38405292343749997 0.11268108125000001 0.3864124875 0.10850867812500001 0.3881014265625 0.10640105312499999 0.39080479375 0.1070769109375 0.3924899125 0.11266220468749999 0.3915035609375 0.11641646875 0.3905491703125 0.11808707656249999 0.39367142187500004 0.12219689375000001 0.39456935 0.12547379375 0.3909567109375 0.12469923281249999 0.3836169359375
0 0.12532000625 0.35128391406250004 0.12420940625000002 0.3617272046875 0.1233091265625 0.36570238593750004 0.119999796875 0.36745706562499997 0.118735503125 0.36909524375 0.12144511875 0.3700176125 0.1259730765625 0.37018099375 0.132242690625 0.37136444375 0.1361982671875 0.369598484375 0.1359509671875 0.36160305937500004 0.1360648609375 0.3557830796875 0.134278084375 0.352178021875 0.127240415625 0.3501999203125 0.12532000625 0.35128391406250004
0 0.1490328671875 0.33333521875 0.141144271875 0.33815963125000004 0.140154615625 0.34318684374999997 0.1408826453125 0.347860853125 0.1447144609375 0.351349409375 0.148251896875 0.350317996875 0.1529115328125 0.3518527734375 0.1548917109375 0.3480203515625 0.15439742812499999 0.344392734375 0.1557426375 0.3412178390625 0.1534911890625 0.3356815625 0.1490328671875 0.33333521875
0 0.116236434375 0.343200309375 0.110220853125 0.3380529578125 0.10658416875000001 0.339570934375 0.097622725 0.344656490625 0.0947879359375 0.34890785625 0.0967703875 0.3513782203125 0.1007513453125 0.35106631875 0.0999630046875 0.3552819625 0.1063403265625 0.3564635328125 0.1092912828125 0.352694971875 0.1109483359375 0.3488681921875 0.116236434375 0.343200309375
0 0.10987853437499999 0.33078644062499996 0.101484375 0.33133698906250003 0.0930177609375 0.33390893906249997 0.085609346875 0.34155315937499997 0.0892454875 0.346176409375 0.0971405875 0.347897125 0.0988596828125 0.34762470156249997 0.10151994687499999 0.345719740625 0.1046011703125 0.34324179374999997 0.110919815625 0.33488934531250003 0.10987853437499999 0.33078644062499996
0 0.0745822609375 0.3394022796875 0.0731721890625 0.3388612546875 0.0673616078125 0.3392859015625 0.060102337500000005 0.3431296640625 0.0520222984375 0.3493311109375 0.055346595312500003 0.35460624687500003 0.0641216890625 0.3573620734375 0.0686158046875 0.35558671249999996 0.0708240875 0.35247755937499997 0.0745788953125 0.34538194375 0.0745822609375 0.3394022796875
0 0.0220496 0.33579413593749996 0.02226446875 0.3419316 0.031159960937499998 0.345412575 0.0360975984375 0.344356721875 0.039044326562499995 0.3403458203125 0.044723775 0.3324085546875 0.0421759921875 0.32841275312499996 0.034035865625 0.32499939843750003 0.0286175 0.329376665625 0.0220496 0.33579413593749996
0 0.094557234375 0.329518571875 0.10277882499999999 0.325253984375 0.099230653125 0.31949792499999996 0.0966287453125 0.3185736765625 0.088438721875 0.3184742171875 0.083960115625 0.3211381671875 0.079253403125 0.3230788484375 0.0739743109375 0.32309018906250003 0.069364025 0.32438274218749996 0.0703813375 0.3271123734375 0.07591955624999999 0.3296014765625 0.08854956875 0.3309971296875 0.094557234375 0.329518571875
0 0.0829419390625 0.31218653281250003 0.0848209125 0.3149011203125 0.0891588359375 0.316522315625 0.0915016171875 0.31494611875 0.09180076875 0.31356720312499997 0.098250546875 0.3127273734375 0.106697421875 0.30902449375 0.11144275 0.30312366874999996 0.106642975 0.2997328140625 0.104589478125 0.29936463125 0.0987901765625 0.30043552500000004 0.091946228125 0.3033831765625 0.0910930265625 0.30388290156250003 0.0904524203125 0.30421730468749997 0.08553170156249999 0.30624252812499997 0.08104604374999999 0.3085025734375 0.0790889734375 0.3074862625 0.079458628125 0.3101463921875 0.0829419390625 0.31218653281250003
0 0.088841578125 0.29834662343749996 0.0785509796875 0.3013544390625 0.072248390625 0.30445425312499996 0.068957390625 0.30725908281250003 0.0734171203125 0.3096862078125 0.08106014375000001 0.30931038125 0.0880273109375 0.3072494375 0.094179890625 0.301728078125 0.0977841453125 0.298352140625 0.0985169484375 0.29712726875 0.0969808390625 0.2955379734375 0.088841578125 0.29834662343749996
0 0.0839662046875 0.2844523796875 0.081210059375 0.2808642421875 0.07431111875 0.280661440625 0.058738609374999994 0.283519034375 0.055141406250000004 0.2872988765625 0.06079156249999999 0.2900284421875 0.062796575 0.293791303125 0.068419940625 0.29498603437500004 0.073995365625 0.293434215625 0.0818769125 0.2882058984375 0.0839662046875 0.2844523796875
0 0.06338196406249999 0.3088109 0.074297659375 0.30458009375 0.0788633671875 0.2945613265625 0.071323821875 0.2946929296875 0.05507404375 0.29578462499999997 0.0460147625 0.3014375265625 0.048157093750000005 0.30689490468749997 0.0544492671875 0.3093708484375 0.059422156250000004 0.3103345171875 0.06669834687500001 0.30746012500000003 0.06338196406249999 0.3088109
0 0.0593879015625 0.2651648609375 0.049083748437500005 0.2612236421875 0.0388971734375 0.257846009375 0.01889454375 0.2599728765625 0.022344876562499998 0.2662962828125 0.040007003125 0.27204839999999997 0.05010702031249999 0.276639625 0.0574297421875 0.2764310015625 0.06306070312499999 0.2718884109375 0.0593879015625 0.2651648609375
0 0.08211565937500001 0.264848953125 0.06917098125 0.263943625 0.06666636718749999 0.26859325625 0.06997938125 0.27322214375 0.081212015625 0.274803796875 0.098302303125 0.27248535 0.0982388515625 0.2688502109375 0.093106084375 0.26489952968749997 0.08211565937500001 0.264848953125
0 0.1005506125 0.2654968359375 0.10285109218749999 0.2614972125 0.1006348953125 0.25798045625 0.0922238171875 0.2575616328125 0.0817823453125 0.251925896875 0.071873228125 0.2520988609375 0.0643590609375 0.25368451875 0.0586302609375 0.258794453125 0.06631981875000001 0.26108439687499996 0.0699291671875 0.26417280781249997 0.0892652640625 0.2670675140625 0.1005506125 0.2654968359375
0 0.11082538125000001 0.2492372 0.100640215625 0.2459403484375 0.08718519999999999 0.2466600390625 0.0892353328125 0.2530078859375 0.092213946875 0.25699616718749996 0.10093968906249999 0.2569246640625 0.10948103437500001 0.2586341 0.11644961250000001 0.2566539375 0.11602637499999999 0.25092413750000003 0.11082538125000001 0.2492372
0 0.16205676875 0.240019990625 0.1715956875 0.2433281234375 0.179696878125 0.2383383890625 0.17829863125 0.232302384375 0.172204953125 0.2288533109375 0.1594207 0.22479377031249997 0.1502373359375 0.22333795625000002 0.142190271875 0.2252561390625 0.1382115875 0.2318708296875 0.14389135625 0.2362967953125 0.1501096625 0.2407133609375 0.15654675 0.23914650312500002 0.16205676875 0.240019990625
0 0.185605071875 0.2558508515625 0.17789295624999998 0.252268415625 0.1642963921875 0.251051246875 0.1639332421875 0.2549362484375 0.1649942640625 0.2601700828125 0.1717370109375 0.2637694390625 0.1783593578125 0.2666436484375 0.1912941640625 0.2669835078125 0.189289696875 0.2570794234375 0.185605071875 0.2558508515625
0 0.2069236203125 0.2612159234375 0.21436814843750002 0.2618132265625 0.21463487187500002 0.258576353125 0.21146058281250002 0.2557227640625 0.20634332500000002 0.2526606734375 0.1923503171875 0.24724853906250002 0.1884088390625 0.2498223078125 0.189216375 0.25287881875 0.1869356359375 0.258009375 0.1891109421875 0.2591834859375 0.1938529046875 0.259262325 0.2069236203125 0.2612159234375
0 0.23429582343750002 0.2739094296875 0.23036758124999998 0.2710690015625 0.22484346249999998 0.2693877046875 0.206704840625 0.267199346875 0.20376939374999997 0.2718564953125 0.20581670624999998 0.27804278125000004 0.21359986874999998 0.27952303437500003 0.22955331562499998 0.279971815625 0.23201085312499997 0.27879764218749997 0.23429582343750002 0.2739094296875
0 0.252973303125 0.28845161875 0.2498018359375 0.285759590625 0.241494234375 0.285096546875 0.22860455000000002 0.28734167187500004 0.224050665625 0.2918654625 0.229425640625 0.29734721875000003 0.23377202343749998 0.29945309999999997 0.2352418609375 0.2972456953125 0.238443484375 0.295492896875 0.2507151234375 0.2948746671875 0.252973303125 0.28845161875
0 0.20615283906249998 0.2911273984375 0.1913376484375 0.28799216875 0.1802423359375 0.288105034375 0.180552225 0.29351358906249997 0.18678463125 0.29873796406249997 0.1951872484375 0.2986721015625 0.20341534375 0.30095264374999997 0.21155883437499998 0.298386334375 0.21265055937500002 0.2930341171875 0.20615283906249998 0.2911273984375
0 0.27261237031249996 0.24697883593749997 0.27974983125 0.242329146875 0.279325184375 0.2365185640625 0.274513265625 0.22625945625 0.2554735 0.221824275 0.2509920734375 0.2243266625 0.2531752953125 0.232126684375 0.25743653125 0.23552693906250002 0.2614908109375 0.23941563906250002 0.269129059375 0.24493869531249998 0.27261237031249996 0.24697883593749997
0 0.27693933125000003 0.260317015625 0.26850623749999997 0.252464475 0.25767341718750003 0.24909812343749999 0.2513482671875 0.25090544375 0.25147094062500003 0.257933378125 0.25550688906249996 0.26077192656250003 0.2666910359375 0.26574825625 0.27305284687500003 0.26604123749999997 0.27625869999999997 0.26453078125 0.27693933125000003 0.260317015625
0 0.2439432203125 0.2525700015625 0.23671747187499997 0.24598927499999998 0.2199014984375 0.23933352968750002 0.21609452031249998 0.243440253125 0.2187810296875 0.24921135312499998 0.22137816250000003 0.256034484375 0.2346214453125 0.2617021203125 0.245723809375 0.2619931609375 0.24774487656250002 0.2605033859375 0.2439432203125 0.2525700015625
0 0.3050304640625 0.2524733859375 0.3090559984375 0.26088769375 0.31405990781250004 0.2636285421875 0.32981431250000004 0.271191678125 0.33416124062499997 0.2671563328125 0.3278541015625 0.257650575 0.3176139453125 0.2512032703125 0.3050304640625 0.2524733859375
0 0.33715276875 0.2533671875 0.335800509375 0.25613817656250004 0.341862621875 0.2639512984375 0.35814146562500004 0.27069722500000004 0.35974298125000004 0.2698612171875 0.3590050828125 0.264621740625 0.3507606125 0.255230603125 0.33715276875 0.2533671875
0 0.34811695 0.24574170468749998 0.347610296875 0.25375028906249997 0.3557019375 0.26055831875 0.3687016046875 0.2646140984375 0.371490728125 0.2639189703125 0.3684444328125 0.2560532078125 0.36458300781249997 0.250868253125 0.34811695 0.24574170468749998
0 0.3779238109375 0.24360531562499999 0.3660689015625 0.24340821406250002 0.36250130937499997 0.24888445468749998 0.36810580000000004 0.255170259375 0.3751166765625 0.255613521875 0.388829953125 0.251172271875 0.3871438359375 0.2471614296875 0.3843180515625 0.24575625625000003 0.3779238109375 0.24360531562499999
0 0.40959531875 0.26188015937500003 0.40619010468749994 0.258141740625 0.39558539062500003 0.2554986546875 0.3867787296875 0.2571068734375 0.3853427328125 0.26125301875 0.3897708984375 0.2680441890625 0.40047345156249997 0.270119928125 0.40606297812500003 0.26937591875 0.4072294328125 0.26830508750000004 0.40959531875 0.26188015937500003
0 0.40109659375 0.2749573796875 0.4044702390625 0.28305984375 0.4151770234375 0.28537792500000003 0.420463165625 0.2857704890625 0.42508245625 0.27882139375000004 0.4206909515625 0.2741305265625 0.40802991874999994 0.270957696875 0.40109659375 0.2749573796875
0 0.40792330000000004 0.258677125 0.40515109843749997 0.260341625 0.4036511046875 0.26699385625 0.4081785171875 0.2732984609375 0.42525275156250003 0.276232646875 0.43157085000000006 0.274021421875 0.426445678125 0.26433342031249996 0.4203703296875 0.26193449687500003 0.40792330000000004 0.258677125
0 0.41570473437500005 0.24771336875 0.42196306562499997 0.24825057187500002 0.429685596875 0.24625724999999998 0.42933904843750004 0.238748390625 0.42637931093750003 0.2296690359375 0.41671294531249997 0.22523185156249997 0.4090431296875 0.22407284062500002 0.404098440625 0.2247247890625 0.401484709375 0.22929551875 0.4081916578125 0.237016578125 0.41570473437500005 0.24771336875
0 0.44288116562499996 0.23067388281249998 0.44540920625 0.23353875156249998 0.4467722015625 0.2375552328125 0.4503604 0.2394319328125 0.45220694375 0.2402885609375 0.45376984218749994 0.24341269375 0.46357493906249997 0.2496251765625 0.4641219375 0.2501004609375 0.47050685468750003 0.2455447125 0.4698851234375 0.2407880421875 0.467159996875 0.23897708281250002 0.45869110781250005 0.2352462453125 0.4580082 0.23315722499999997 0.45320419375 0.22952402656249998 0.45140559375 0.23141394843750002 0.4507311453125 0.2298096109375 0.4437019359375 0.228316196875 0.44288116562499996 0.23067388281249998
0 0.47043949218750003 0.25403046093750004 0.46971796875000005 0.25590158125 0.46628823906249994 0.2569311140625 0.46534565937499994 0.2584828703125 0.4668789484375 0.2599106046875 0.46892116875 0.259632540625 0.471051353125 0.258221665625 0.47397920468750004 0.2593018359375 0.4769183359375 0.2610282546875 0.48137665781249994 0.263374596875 0.4858110078125 0.264347665625 0.48654522031249997 0.263203575 0.48802633906250004 0.2616424171875 0.48817407343749997 0.25776117656249997 0.4866450140625 0.256575784375 0.4817558625 0.25423696093750003 0.47665411406249997 0.252063459375 0.47241543906250005 0.24995569843749998 0.46992828906249995 0.24943347343750003 0.4692025359375 0.25106225000000004 0.469763634375 0.25234534375 0.47043949218750003 0.25403046093750004
0 0.47316907343750003 0.2375793078125 0.4726361734375 0.23791182968750002 0.469835771875 0.23796071093750001 0.46737541250000003 0.2389733234375 0.468163209375 0.240898903125 0.46969649843749994 0.2423266375 0.471645109375 0.24285826250000003 0.475101628125 0.24336356874999998 0.478789075 0.2447537015625 0.49061382656249997 0.249395628125 0.4976035546875 0.24862717812500001 0.5011866578124999 0.244039528125 0.49944359218749995 0.24293867812499997 0.4952119671875 0.24123482031250001 0.49131051562500005 0.23992922656250001 0.486105290625 0.2379999484375 0.48274096718750004 0.236604175 0.47825021718749994 0.232399871875 0.47251632031249996 0.23104545937499998 0.47179761875 0.2330781390625 0.47247065624999995 0.2346016953125 0.47316907343750003 0.2375793078125
0 0.46198739218749996 0.30064113593749997 0.4634073328125 0.3017476265625 0.46342566406249996 0.30279777812500003 0.4643225765625 0.3048022578125 0.466160659375 0.30517420156249997 0.46841124375 0.3044884734375 0.47000712031249997 0.30332934218749996 0.47193034999999994 0.3024069125 0.476580115625 0.3033762203125 0.4819683265625 0.30344377968749997 0.48689045468750003 0.3014993390625 0.4900568265625 0.2977270171875 0.48671279062500006 0.29132094999999997 0.4838074984375 0.2915332734375 0.47973434375 0.29273564687500003 0.4754542328125 0.2944264671875 0.4718189578125 0.296025225 0.47053210312499993 0.2963709078125 0.4660667328125 0.29362065937500004 0.460454646875 0.293072175 0.459404359375 0.2946258125 0.460119696875 0.29857279531250003 0.46198739218749996 0.30064113593749997
0 0.49253160625000003 0.3098854453125 0.496077503125 0.30933871874999996 0.49756708125 0.308262246875 0.496344225 0.30610184375 0.49796548281249997 0.3063967671875 0.5038042640625 0.30758773906250003 0.508774334375 0.3083898453125 0.515880228125 0.3081042 0.518022240625 0.3011983484375 0.5169282421875 0.3002477765625 0.51366175625 0.2982846578125 0.5040828125 0.2988558859375 0.498820640625 0.29983659687499997 0.49600754687500004 0.2991584515625 0.492665784375 0.29905517187499997 0.49303402968750004 0.30163451874999997 0.49436318437500004 0.303712259375 0.4918360078125 0.3070693953125 0.49253160625000003 0.3098854453125
0 0.44340643281250003 0.31631850625 0.44246244375000005 0.31778948125 0.44142061562499996 0.3198278015625 0.443693759375 0.32043456875 0.4456268609375 0.3200776046875 0.4484061125 0.318817009375 0.45154796875000003 0.31981264062500003 0.45857012656249996 0.32090215 0.46360419375 0.31919817031250003 0.4656864359375 0.315040746875 0.4655096375 0.311084365625 0.4649696875 0.31101298437499997 0.45849453125000006 0.310398759375 0.45506198124999997 0.3112667296875 0.4482890796875 0.3121122 0.44546188593749997 0.31062624375 0.44114229375 0.3100552 0.44116767343749996 0.31150925625000003 0.44194560000000005 0.31286936875000004 0.443264884375 0.3143816453125 0.44340643281250003 0.31631850625
0 0.4399344015625 0.3149246125 0.4405482171875 0.313055371875 0.44018279375 0.3106375875 0.43899095781249997 0.31025436093750003 0.43780899218749997 0.3104366046875 0.43654751875000003 0.31223634375 0.434843934375 0.31339735625 0.43353311093749997 0.312369765625 0.4297633375 0.3124355671875 0.42044211093749995 0.3154264625 0.42190435312499996 0.318956378125 0.42515391718749995 0.319950128125 0.42882726250000003 0.320532453125 0.43055058749999997 0.320502371875 0.43205567812499995 0.320314490625 0.4379824265625 0.32037265000000004 0.44163603125 0.3198240421875 0.44171976874999996 0.3184488890625 0.4413642140625 0.31659656875 0.4399541421875 0.31605554375 0.4399344015625 0.3149246125
0 0.47844735937499994 0.34245347187499997 0.48337512812499994 0.340832153125 0.4892623953125 0.3386284484375 0.4964224171875 0.3352712515625 0.497611978125 0.3293516890625 0.4917731953125 0.32816071875 0.4873430765625 0.3274299921875 0.48080533125 0.329402634375 0.4782640546875 0.3319519609375 0.4775157390625 0.3322882453125 0.47181004687500006 0.33254945 0.4678840796875 0.33601180625 0.4657835046875 0.33911908125 0.47193695 0.3398197265625 0.4732336734375 0.3400395078125 0.474779653125 0.342194271875 0.47844735937499994 0.34245347187499997
0 0.5289487625 0.334622696875 0.5377201703125001 0.33099495624999997 0.5370956203125 0.32607672499999996 0.5359423999999999 0.32173335937499997 0.534575175 0.3174745359375 0.5318331281249999 0.31469420625 0.5294057453125001 0.311423553125 0.527340965625 0.3104091234375 0.523069315625 0.31258462656249997 0.5207076578125001 0.3192518984375 0.520202415625 0.3273412625 0.521909684375 0.3325638171875 0.5245313328125001 0.3346189984375 0.5289487625 0.334622696875
0 0.342472396875 0.32357508749999997 0.3409926875 0.325217025 0.3420979671875 0.3268138421875 0.3454495984375 0.3274825875 0.34802612499999996 0.32695278125 0.34987971875 0.3282133140625 0.35142146875 0.3301257328125 0.3530723375 0.33211705468749997 0.3559178609375 0.33465316093749997 0.3618389703125 0.33438819531249997 0.3660626796875 0.3294661421875 0.364061896875 0.3259456265625 0.359392390625 0.3238453859375 0.3552261734375 0.3197162234375 0.348946690625 0.31796730625 0.3464962015625 0.3195453828125 0.3442061359375 0.317969246875 0.34012733906250003 0.318848496875 0.340702540625 0.3209393984375 0.3424639359375 0.3230904015625 0.342472396875 0.32357508749999997
0 0.3386868875 0.3412567546875 0.3348249171875 0.342213025 0.33389643750000003 0.344572590625 0.3373656484375 0.34580492343749997 0.33940645625 0.345446078125 0.34186681406249997 0.3444334671875 0.343828115625 0.34569212031249996 0.349163609375 0.3489120125 0.3550235421875 0.351314696875 0.35954304062500003 0.35099339218750003 0.36287406718750004 0.3443092015625 0.3623298875 0.3439954765625 0.36025946875 0.34265792500000003 0.3562376203125 0.340627184375 0.3486755125 0.33946629375000004 0.346690240625 0.336834365625 0.3435173640625 0.3340615578125 0.339109803125 0.3346233234375 0.3386022859375 0.33640990312499996 0.3399427203125 0.3391338921875 0.3386868875 0.3412567546875
0 0.41226833125000006 0.37180973906250003 0.41286240625000004 0.3688095671875 0.4138887234375 0.3658826546875 0.418557365625 0.361760890625 0.41969420937499996 0.3589936609375 0.41867266875000003 0.356021690625 0.41726400625000004 0.355561446875 0.4132647171875 0.3548231984375 0.40833271875 0.356202175 0.4036795875 0.361212528125 0.401605803125 0.36585463906250004 0.398800625 0.3718024015625 0.40186861562500004 0.374738653125 0.4067851046875 0.3724710875 0.4090427375 0.3721892625 0.41226833125000006 0.37180973906250003
0 0.41275069374999995 0.35006465000000003 0.411590425 0.3453173796875 0.40851961406250004 0.3422195671875 0.3988518375 0.3377016015625 0.3911039265625 0.3382408703125 0.3867485375 0.341791528125 0.38931465 0.34683748125 0.393645521875 0.3480547734375 0.396824040625 0.3511507046875 0.3999771765625 0.35279258125 0.4082551671875 0.351759228125 0.41275069374999995 0.35006465000000003
0 0.29143027187500004 0.3559801625 0.29412860625000004 0.3562562828125 0.297925171875 0.35772531875 0.3008473828125 0.358482365625 0.30438481875 0.3574509546875 0.30293526718749997 0.3546480640625 0.3064416828125 0.3518394734375 0.3027119359375 0.3480259140625 0.2873294609375 0.34942569375 0.2841278375 0.35117849218749997 0.28570624843750003 0.3551912140625 0.29143027187500004 0.3559801625
0 0.28257980781250003 0.3242164890625 0.2737703296875 0.32566314687500003 0.2642266359375 0.3282538953125 0.255488203125 0.3275983703125 0.25360304375 0.330701884375 0.24947239687499997 0.3409554734375 0.2574427734375 0.34081635 0.26744126874999996 0.3395913546875 0.2774327125 0.33796245625 0.286168871875 0.3323151921875 0.28257980781250003 0.3242164890625
0 0.269932103125 0.346497146875 0.26389200625 0.34611774375 0.2569220203125 0.3480171265625 0.251833828125 0.3527926578125 0.24421422812500002 0.3606829828125 0.244521296875 0.365929978125 0.2552892578125 0.3655804125 0.2585816671875 0.3628563625 0.262402746875 0.3595574453125 0.2707024328125 0.35359458125 0.269932103125 0.346497146875
0 0.22122898124999998 0.3400747703125 0.226113903125 0.3421712515625 0.23121565156249999 0.344344753125 0.23502968124999998 0.340641934375 0.23369065625 0.3379987265625 0.23001730937499998 0.33741640156249997 0.22302953749999999 0.33212440625 0.2156997671875 0.3319291265625 0.2161954609375 0.3356375265625 0.2152585203125 0.33751240625 0.213146665625 0.33997343125 0.216716534375 0.3407999796875 0.2195014265625 0.339862509375 0.22122898124999998 0.3400747703125
0 0.7311787515625 0.2758230546875 0.7326603406250001 0.2680659546875 0.7323921484375 0.26428081406250004 0.7353754671875 0.26150006718749996 0.73834820625 0.258113134375 0.7368544125 0.2535914203125 0.7318134359374999 0.254285784375 0.7295669421875 0.2529606609375 0.7225212140624999 0.2545995734375 0.7200954453125 0.26616297499999997 0.719980675 0.2711675453125 0.725108946875 0.275474225 0.7311787515625 0.2758230546875
0 0.7074481234375 0.294276828125 0.709213778125 0.2912141515625 0.712792703125 0.2878166375 0.7123356734375 0.28479275625 0.7102330484375 0.280130078125 0.7078003640625 0.2797177609375 0.70005484375 0.2875841984375 0.695148775 0.29600744375 0.6929975109375001 0.300138003125 0.695467228125 0.302671971875 0.70456003125 0.30251325625000003 0.7074481234375 0.294276828125
0 0.6271801515625001 0.2812765859375 0.624893978125 0.2776782625 0.62221161875 0.27454163125000003 0.611374321875 0.27897539843749997 0.6139101703125001 0.2852980375 0.6201095921875 0.29307265625 0.624794059375 0.2951131890625 0.635070140625 0.293266296875 0.633209253125 0.2908732921875 0.6300619281250001 0.28425814374999997 0.6271801515625001 0.2812765859375
0 0.6025232593750001 0.28140378906249996 0.6081148734374999 0.2775163640625 0.6061640500000001 0.2699707703125 0.6009960999999999 0.263390890625 0.5965427937500001 0.26301384375 0.5976113015625 0.2663302375 0.5933600578125 0.2659496625 0.590355575 0.2675180359375 0.5938990890625 0.2736714921875 0.6004973453125 0.2811359640625 0.6025232593750001 0.28140378906249996
0 0.6009193875000001 0.258996034375 0.6026718171875001 0.2551756234375 0.600120096875 0.24794370312499997 0.5947818296875 0.2431859125 0.59319971875 0.245184234375 0.592024378125 0.24732705156249998 0.5872013359375 0.24892716718750002 0.5900566609375 0.25039325625000003 0.5921354796875 0.2536920125 0.5970881390625 0.2595176875 0.6009193875000001 0.258996034375
0 0.6083798218750001 0.2579562546875 0.6088924015625 0.2641626171875 0.61242004375 0.26940679218749997 0.61755360625 0.2740165671875 0.6252584265625 0.27539800625 0.6360047609375 0.2773327296875 0.6301565578125 0.266520121875 0.6207373656249999 0.2595596671875 0.6083798218750001 0.2579562546875
0 0.6196212437499999 0.253515434375 0.6264516828125 0.25112231406249996 0.6275503109375 0.24458464218749998 0.6244320828125 0.23963650625000002 0.6166822921875 0.23567877187500003 0.60556093125 0.2354181171875 0.6037820484374999 0.2377230609375 0.604839975 0.24043326562499998 0.6015641421875 0.243825490625 0.6043448890625001 0.2468088109375 0.6104649531249999 0.250037028125 0.6196212437499999 0.253515434375
0 0.6536232609375 0.2561053765625 0.6349859140625 0.253702021875 0.63141756875 0.25770572187499996 0.6334990328125001 0.26115602656250003 0.6465527015625 0.267901446875 0.6599205578125 0.2694872265625 0.6594132671875 0.26358395625000003 0.6575021234375 0.2583115640625 0.6536232609375 0.2561053765625
0 0.6731085343750001 0.260767825 0.68139044375 0.26047167187500003 0.6843896359375 0.25860020625 0.6861129671875 0.2531127796875 0.6853612921875001 0.24478829218749998 0.6814030703125 0.2380357015625 0.6734935421875 0.2365062421875 0.6654348578125 0.23801124218749997 0.6637141718749999 0.2436502140625 0.6670450421874999 0.24920101093749997 0.6681532296875 0.25479060468750003 0.6731085343750001 0.260767825
0 0.5327916265625 0.269887153125 0.5327096234375001 0.2651892046875 0.53033615625 0.256589840625 0.5247905375 0.25153248125 0.5170804265625 0.24984794531249999 0.510265859375 0.2531503453125 0.5079389859375001 0.2587998984375 0.5110413406250001 0.2628387546875 0.51429285625 0.26384314999999997 0.521058784375 0.2693339875 0.5261341515625 0.2706097328125 0.5327916265625 0.269887153125
0 0.5989931484375 0.33391655 0.6017495765625 0.3412964875 0.6056601828125 0.3453212359375 0.61093231875 0.3462903609375 0.615282459375 0.3407570859375 0.61421130625 0.3372891453125 0.6128322828125 0.32776286250000003 0.6093152203125001 0.32312487343749996 0.6040748265625 0.323974309375 0.60231710625 0.327491628125 0.5994908796875 0.327692553125 0.5950878328125 0.3301948953125 0.597935221875 0.3312063421875 0.5989931484375 0.33391655
0 0.5880785375 0.31076175781250004 0.58073551875 0.306948515625 0.575093646875 0.3079565515625 0.5751941656249999 0.31371532812499997 0.5768873765625 0.31808196718750004 0.5809153968749999 0.31725369375 0.5870486875 0.32123964531250004 0.5971412218750001 0.32045710625 0.5962192265625 0.31395470625 0.5880785375 0.31076175781250004
0 0.63013455 0.3347373109375 0.6309031203125001 0.3324500015625 0.629005203125 0.3279353421875 0.6229681625 0.3178839953125 0.61442335 0.3146981015625 0.612649759375 0.3173061390625 0.611141715625 0.3235477703125 0.6128031843749999 0.32609585 0.616267340625 0.3277029046875 0.61960879375 0.3338598875 0.63013455 0.3347373109375
0 0.6402044765625 0.378978259375 0.6487043203125 0.3795878578125 0.6521235078125 0.37861861874999997 0.6489867625 0.3726096546875 0.643685528125 0.369973515625 0.6347577531249999 0.36800705 0.62970090625 0.3677921328125 0.6256437874999999 0.3669533921875 0.6243298703125 0.3727368578125 0.6314893453125 0.37761445312499997 0.6402044765625 0.378978259375
0 0.63164439375 0.3980767890625 0.63029975625 0.3905206140625 0.6299469140625 0.381885978125 0.6256850875 0.38089921718749997 0.62249970625 0.3836834921875 0.6174640203124999 0.384680946875 0.6148821812499999 0.3873030921875 0.6209916640625 0.38992512343749997 0.6202336749999999 0.39281861875 0.6245748578125 0.39835178125000004 0.63164439375 0.3980767890625
0 0.6860032421875 0.35104370937499996 0.6854420250000001 0.353630584375 0.685085515625 0.3563654796875 0.6814669109375 0.35748979375 0.67697819375 0.36666371875000003 0.6800593875 0.3694902 0.6877404 0.3695077203125 0.6893013484375 0.3662970234375 0.6930479468749999 0.360925875 0.6980862796875 0.3600799671875 0.6968024828125 0.35600936562499996 0.696993965625 0.355399653125 0.699124065625 0.3500567203125 0.6940566375 0.349235615625 0.689823909375 0.3499158703125 0.6860032421875 0.35104370937499996
0 0.70170019375 0.3818462640625 0.701618190625 0.377148315625 0.69783455625 0.380397809375 0.696667153125 0.3829952640625 0.6932320937500001 0.3830552234375 0.6922376531250001 0.3839821390625 0.693298225 0.38684389218750004 0.69231965625 0.3886800890625 0.6842070437500001 0.3986752328125 0.6939589390625 0.40153687031249996 0.6967587140625 0.3998204796875 0.6993352640625 0.39689524062500003 0.70228155 0.3919928390625 0.7058472499999999 0.3878375921875 0.7054140265625 0.38617763125 0.70419371875 0.385744153125 0.707746190625 0.3808311734375 0.7058932421875 0.3788928078125 0.70247934375 0.380165140625 0.70170019375 0.3818462640625
0 0.573623590625 0.4553305109375 0.5812675703125 0.45322637656250003 0.5779128921875001 0.44631166093749997 0.576495809375 0.44618480156249996 0.5720557296875 0.446565490625 0.565597671875 0.4471329953125 0.5589640046875 0.44921949375 0.5549862453125 0.45292715625 0.5514337703125001 0.4578401375 0.5569688109375 0.462291309375 0.5630253890625 0.46188240625 0.567404628125 0.45801614375 0.573623590625 0.4553305109375
0 0.609928075 0.427713278125 0.6158725281249999 0.432460490625 0.6226791609375 0.4287034515625 0.6262554421875001 0.4251543890625 0.628021096875 0.4220917109375 0.6340432875 0.4197127 0.633966575 0.41531784531250004 0.630701834375 0.413555715625 0.6272535484375 0.4128579421875 0.6280221203125 0.41057063437499997 0.6212234234375 0.41478231406250005 0.613480546875 0.4228002953125 0.61009839375 0.42589119062499997 0.609928075 0.427713278125
0 0.6078519015625 0.4245660671875 0.6121772125 0.42918994843749997 0.6192388109375 0.42846031562500003 0.6197788671875 0.42466106562499994 0.620061309375 0.4176828640625 0.623794684375 0.41155398125 0.6180099671875 0.40437849375 0.6109430765625 0.4048050328125 0.6065453203125 0.40761046875 0.607042028125 0.41290755 0.6081264078124999 0.4171332234375 0.6078519015625 0.4245660671875
0 0.5674693140625 0.508040671875 0.5624452328125 0.4981232359375 0.5553122109374999 0.4947611046875 0.5442067203125001 0.4954097328125 0.5424410640625 0.498472409375 0.5563151859375 0.517482534375 0.5618264203125001 0.5205697859375 0.5688774375000001 0.5192339671874999 0.5674693140625 0.508040671875
0 0.3885542375 0.5060094875 0.3914122078125 0.5076271218749999 0.40735132187499995 0.5059845671875001 0.41615843750000003 0.48945880624999993 0.412441959375 0.484975890625 0.3991852046875 0.489755075 0.39044524375 0.498548428125 0.3885542375 0.5060094875
0 0.33588679843749997 0.48782809531250004 0.335392734375 0.482682559375 0.33609252968750003 0.4764550359375 0.33134986718750004 0.47108047500000005 0.308913015625 0.47101733437500004 0.304483515625 0.4720042078125 0.3001148578125 0.47647665781250004 0.32175301875 0.488681171875 0.326990765625 0.487680190625 0.33588679843749997 0.48782809531250004
0 0.1681453890625 0.46589479687499996 0.16232526249999998 0.46827028125 0.16157256250000002 0.47146687031249995 0.1641745421875 0.4815781765625 0.166250715625 0.4847253875 0.1644480265625 0.4856664109375 0.1614197375 0.4858708640625 0.163729715625 0.4908331078125 0.1702406796875 0.49329653906250004 0.175882553125 0.4922885015625 0.17741704687499998 0.4875623375 0.175452996875 0.47925900937500004 0.170237434375 0.4699512875 0.1681453890625 0.46589479687499996
0 0.37045874687499997 0.5693879921875 0.368435478125 0.5692717140625 0.3601456328125 0.5691132296875 0.338396971875 0.5737374546875 0.33519204999999996 0.5869819796875 0.3423092 0.5894348265625 0.349961115625 0.587785334375 0.35940249375 0.5844370828125001 0.3670385359375 0.581878309375 0.37319930156250003 0.57585865 0.37045874687499997 0.5693879921875
0 0.2587237609375 0.6295500078125 0.2596494234375 0.6246828765625 0.2547576046875 0.6223427765625 0.24681104375000001 0.6186916625000001 0.23259790468750002 0.6149983375 0.223135365625 0.6171342140625 0.235872203125 0.6288877312500001 0.24681531093750003 0.6305158343749999 0.2587237609375 0.6295500078125
0 0.17717217031250002 0.6703876484375 0.185311234375 0.6619079718750001 0.18600044843750002 0.655074259375 0.1816963 0.651662753125 0.172789684375 0.6509086625 0.17037816562500002 0.6517087187499999 0.169736565625 0.661270271875 0.16962708906249999 0.666577934375 0.171517071875 0.6706379515625 0.17717217031250002 0.6703876484375
0 0.202784 0.724968815625 0.2066062890625 0.7355136015625 0.2147787203125 0.7405251093749999 0.22204238125 0.7397919500000001 0.22645071875 0.7375927015625 0.223457840625 0.7282461828125 0.2211505078125 0.723435484375 0.21197040937499997 0.7185931562500001 0.2027072875 0.720573959375 0.202784 0.724968815625
0 0.2514120609375 0.66227010625 0.23897678125000002 0.6677929171875 0.23393478281250002 0.68000835625 0.23530322812499999 0.6889284515625 0.24624104375 0.6902534609375001 0.253593021875 0.6830002656249999 0.25570460625 0.6765965046875 0.2554982765625 0.664775859375 0.2514120609375 0.66227010625
0 0.42013606093750006 0.786814646875 0.422161975 0.7870824703125 0.42718707968749997 0.785478828125 0.42410059375 0.7823492515625 0.4254647703125 0.779445175 0.4225856375 0.776615165625 0.4117615671875 0.781806665625 0.4065158828125 0.7823530078125 0.4021154828125 0.7850068968749999 0.4102244265625 0.786381284375 0.42013606093750006 0.786814646875
0 0.3071620703125 0.787573871875 0.307842325 0.7918065999999999 0.3049674609375 0.8008007609375 0.3082930421875 0.8060484656250001 0.3161337921875 0.8036377109374999 0.3200745203125 0.7978083953125 0.3186822671875 0.7875243796875 0.3071620703125 0.787573871875
0 0.2971790140625 0.783048746875 0.285323471875 0.7870455093750001 0.28353400781250004 0.7887442671875 0.2848839359375 0.796603534375 0.29237082187499996 0.797079221875 0.29546788749999997 0.8008149859374999 0.3017529796875 0.8019180218749999 0.3042660453125 0.7953556609375 0.3054493203125 0.793667484375 0.3166431265625 0.786498821875 0.308247471875 0.7802784671875 0.2971790140625 0.783048746875
0 0.4108929 0.7436204171874999 0.4183205671875 0.7522831562500001 0.4257148703125 0.74745470625 0.42566196562499997 0.7444237734375 0.42744613749999993 0.742421921875 0.43056274375000003 0.735697434375 0.418606678125 0.7339354203124999 0.41281565000000003 0.73797791875 0.4108929 0.7436204171874999
0 0.33724339375 0.6002863484375001 0.339755434375 0.6052450656249999 0.3444742890625 0.6092557046875 0.3497808140625 0.6121949375 0.3637495671875 0.6134670421874999 0.3624657703125 0.6093964421875 0.360538753125 0.60321476875 0.35587280468750004 0.6022350640624999 0.353442765625 0.60197429375 0.343268228125 0.5980588828125 0.33724339375 0.6002863484375001
0 0.4087343703125 0.6199582875 0.404246675 0.6176111359374999 0.39920834374999997 0.61845704375 0.38954903125 0.620899540625 0.385658565625 0.6296082453125 0.38487574687500004 0.6426588984375 0.39195586250000003 0.6429900921875 0.39777070000000003 0.640311515625 0.399116359375 0.6363466109375 0.398869328125 0.6337738453124999 0.4024138640625 0.6284062234375 0.4087343703125 0.6199582875
0 0.3159194328125 0.44954427812500003 0.34721322187500003 0.44899804374999996 0.3514307203125 0.44325744531250005 0.34160583906249997 0.4369523875 0.3307866234375 0.43552210156250004 0.3113063859375 0.43262385468750003 0.306009790625 0.43838328750000005 0.306052171875 0.44081125625000006 0.3159194328125 0.44954427812500003