0 0.2502034296875 0.23763129374999997 0.2501462671875 0.24013115312500002 0.25516727499999997 0.240366215625 0.25804770625 0.2444644109375 0.262796034375 0.24785977812499999 0.26977942499999996 0.24886922031249997 0.2750212046875 0.24470823749999998 0.273009540625 0.2408303234375 0.2661591390625 0.23680969531249998 0.26165431875 0.23573668125 0.26237669218750004 0.2332440171875 0.26131895156249996 0.230069321875 0.2567476375 0.2305019015625 0.25657877500000004 0.23613368124999998 0.2523174625 0.23738302187500002 0.2502034296875 0.23763129374999997
0 0.20033686875 0.2504077609375 0.2054337 0.2501314984375 0.20652468906250002 0.252553396875 0.2072511375 0.2547905953125 0.2108166203125 0.25241905781249996 0.2105424921875 0.24898170312499998 0.2156445796875 0.244969840625 0.21923397812499998 0.24085124218749998 0.218188196875 0.236803015625 0.21233166718750002 0.2355948765625 0.20716571250000002 0.23924453125 0.2054841609375 0.2447695734375 0.203580390625 0.2480929953125 0.2009740859375 0.24743215625 0.19838644375 0.24875984999999998 0.20033686875 0.2504077609375
0 0.291813075 0.2062680125 0.293929734375 0.2041519421875 0.2893065125 0.203348784375 0.2909002796875 0.1992086 0.2882846453125 0.19755349375 0.2862012328125 0.19891676875 0.28360163125 0.20111799375 0.2744709625 0.20110962031250001 0.2666348375 0.20373623125 0.2678416 0.207756071875 0.2721002828125 0.20837453125 0.2786552703125 0.2088370671875 0.286309125 0.20611810625000002 0.291813075 0.2062680125
0 0.2818346546875 0.19109697187500002 0.27916448437499997 0.1900739265625 0.27035577499999996 0.1900087828125 0.262740421875 0.18823935 0.258507103125 0.192471490625 0.26888711249999997 0.196741175 0.279153975 0.1975451203125 0.285271225 0.196466484375 0.2856716390625 0.194030590625 0.28232430000000003 0.19387388125 0.2818346546875 0.19109697187500002
0 0.2225105796875 0.15400260625 0.2208395375 0.152056453125 0.21663013437499998 0.15454153125 0.21965958749999998 0.159484871875 0.2173326671875 0.15852579218750001 0.21705998593750003 0.16168609843749998 0.22058696875 0.1638029546875 0.22544581562500002 0.17253186250000002 0.23504076718750003 0.170466546875 0.23380338437499998 0.165331703125 0.2273507671875 0.1607429796875 0.22735339375 0.1588751828125 0.22513554375 0.1566519796875 0.2225105796875 0.15400260625
0 0.30630049062500003 0.1585239796875 0.3043433625 0.154014003125 0.30024303125 0.155234959375 0.3009455640625 0.1592192203125 0.29972566562499997 0.164538371875 0.2975185953125 0.169907096875 0.296942615625 0.17511270625 0.30582715 0.174666525 0.308647521875 0.1680692546875 0.30982484375 0.16250863437500002 0.312810271875 0.16061284375 0.3138239859375 0.1569484078125 0.30630049062500003 0.1585239796875
0 0.29230979375 0.15825215937499998 0.293527065625 0.15480080624999998 0.2910205015625 0.151881578125 0.28589042187499997 0.1529106390625 0.282805253125 0.15706481875 0.27420680625 0.1600748265625 0.2678195015625 0.16244596875 0.26837971562499996 0.16844715 0.28027096875 0.16622591250000002 0.2825392765625 0.163087190625 0.2875629125 0.161454453125 0.290825096875 0.16112822031250001 0.29353114062499996 0.15953067031249998 0.29230979375 0.15825215937499998
0 0.3585461734375 0.141947140625 0.3581525296875 0.1391233984375 0.35466281718750003 0.13825305625 0.35411622187499997 0.1339706109375 0.3501101265625 0.13608447343750002 0.350827996875 0.1383818859375 0.344618278125 0.140415146875 0.3371876796875 0.1432110328125 0.33634542343749996 0.14789475937500002 0.3408061609375 0.148359303125 0.3483763375 0.1469462828125 0.3523172234375 0.143280053125 0.3585461734375 0.141947140625
0 0.3532785140625 0.159374759375 0.349025865625 0.15949906875 0.348632221875 0.1566753265625 0.3448107734375 0.156879990625 0.34460524375 0.1592620296875 0.34089077031250004 0.160073378125 0.33214899062500003 0.16075466562500001 0.32566102343750003 0.1641662734375 0.32773605 0.169430309375 0.33746973593749996 0.167870384375 0.34594572968750004 0.1644991984375 0.35136741875 0.162135728125 0.3532785140625 0.159374759375
0 0.3900528796875 0.1414742234375 0.3936620296875 0.138883 0.39643057187499997 0.1398023109375 0.3987369609375 0.1386918921875 0.39839680624999996 0.1361714921875 0.3954586390625 0.1360640234375 0.39372632812499997 0.1362912828125 0.3918945546875 0.13536318125 0.391722371875 0.1332041296875 0.391168265625 0.1294703625 0.3879652234375 0.130817078125 0.386729321875 0.13267705937500002 0.3886012109375 0.1338326671875 0.388519328125 0.1345508453125 0.3850931765625 0.13640606093750002 0.37696815156249996 0.1394025890625 0.3722417984375 0.1457095046875 0.37144625625 0.145927971875 0.3773594046875 0.148716796875 0.38193627812500003 0.14806615781250002 0.38647633593749997 0.1448416296875 0.3900528796875 0.1414742234375
0 0.3890329171875 0.1622971015625 0.392375540625 0.16233325468749998 0.3935236984375 0.1605669375 0.391678553125 0.159563 0.38991950000000003 0.15963858749999998 0.388456278125 0.1602093671875 0.386700525 0.157938575 0.387766803125 0.156890434375 0.3879247046875 0.15482956718750002 0.385782078125 0.1545036296875 0.3841759765625 0.156037921875 0.38442253125 0.1580274734375 0.3777206140625 0.16022571562500001 0.3731763453125 0.1616525390625 0.37081316875 0.1648059953125 0.3709745390625 0.16986010625 0.376131353125 0.168950821875 0.382692040625 0.1665429015625 0.38731398125 0.162600196875 0.3890329171875 0.1622971015625
0 0.3817966359375 0.1898460046875 0.38472894062499996 0.1893289609375 0.3840854421875 0.18686204687500002 0.38170798281249996 0.185795584375 0.381581775 0.1844885515625 0.3836324484375 0.18311044999999998 0.3853872921875 0.1812371578125 0.384074459375 0.1802957453125 0.380878928125 0.181093784375 0.3791583390625 0.1825700703125 0.377061690625 0.1830961515625 0.3754872828125 0.18126254375 0.37232344687499996 0.17869268124999999 0.36738809375 0.1802666578125 0.3602056984375 0.18387890625 0.362328353125 0.1888217703125 0.368616653125 0.1884167125 0.3756068890625 0.1872623390625 0.37913085625 0.1877356734375 0.3817966359375 0.1898460046875
0 0.45341231249999997 0.1436733015625 0.45039977656249996 0.1437353328125 0.448234615625 0.145055428125 0.44413070781249997 0.14484073749999998 0.44255300000000003 0.145353509375 0.44322324375 0.1479720953125 0.4444007046875 0.149328340625 0.44277719062500004 0.15845045468750002 0.442399478125 0.15867344218749999 0.4429794171875 0.15841479687499999 0.44989363437499996 0.1586031140625 0.45517574375000003 0.15485677656250002 0.453322178125 0.15025743125 0.4518029078125 0.147553975 0.453901209375 0.1458547 0.45341231249999997 0.1436733015625
0 0.46088281249999996 0.2050808203125 0.464632221875 0.205636821875 0.4675794765625 0.2047114328125 0.46732904375000006 0.2025241984375 0.47226315625000004 0.1998284953125 0.4704409671875 0.196397 0.46630354687500003 0.198242234375 0.46275253593750004 0.1995783625 0.4625562796875 0.1961644515625 0.45922529218749997 0.1964475140625 0.4578942265625 0.19810219375 0.4593424265625 0.20017965625 0.4561501984375 0.20124966875 0.4498025765625 0.20206464375 0.4448164296875 0.204465240625 0.44055759375000003 0.20562189531250002 0.43862823281249996 0.2100191734375 0.443187396875 0.21286663906249997 0.45394996093750006 0.21178032500000002 0.4578098609375 0.20836119218750002 0.46088281249999996 0.2050808203125
0 0.37730182968750003 0.23726383750000002 0.37455939531250004 0.2355160109375 0.37764208906249996 0.23152393125 0.37452138437500004 0.23146563437499998 0.3732250078125 0.2333170515625 0.3701986296875 0.23456067187500002 0.3636255203125 0.2340968578125 0.3586914078125 0.23679256093749998 0.354887825 0.237463234375 0.3578806921875 0.241398296875 0.3667279203125 0.2409539890625 0.37172167031250003 0.2393634671875 0.37746339687499997 0.24048101093750002 0.37730182968750003 0.23726383750000002
0 0.21288775000000001 0.18442242656250002 0.21542391562500002 0.180763265625 0.210891846875 0.1807364578125 0.20743469218750002 0.18125427656249998 0.205808559375 0.17897143437500002 0.20538676718749999 0.175191446875 0.2012960546875 0.17627983281249998 0.20058015468749998 0.17915917812499998 0.202183715625 0.1806200671875 0.199230696875 0.18260909218750002 0.1927558140625 0.186136821875 0.1897273296875 0.19116757812500002 0.19303055156249999 0.193246475 0.1991034109375 0.194378159375 0.2066934140625 0.19092911562499998 0.20639222968749998 0.1857513046875 0.21288775000000001 0.18442242656250002
0 0.1870759671875 0.169885478125 0.1832069046875 0.1708430109375 0.18127678125 0.17099980312500002 0.178233475 0.1697010109375 0.1757482609375 0.1708733828125 0.1777667359375 0.1753813078125 0.178949571875 0.1779258578125 0.1787064203125 0.182098403125 0.1871634515625 0.1807907421875 0.18679755468749998 0.1766338171875 0.1848242234375 0.1737698015625 0.1864630453125 0.172654896875 0.187983196875 0.1715609203125 0.1870759671875 0.169885478125
0 0.1815753578125 0.194899253125 0.1828689203125 0.191826278125 0.187947265625 0.19148145156250002 0.1892163171875 0.18896342187499998 0.185024565625 0.1887848359375 0.1809446078125 0.1878523734375 0.1775541015625 0.1859724078125 0.172679775 0.1874742765625 0.17494440625000002 0.19129640312500001 0.1684293203125 0.195290075 0.165523525 0.20089185937499998 0.1716355734375 0.204452396875 0.18074379375 0.20128627500000001 0.1815753578125 0.194899253125
0 0.16586116875 0.165458646875 0.16376335625 0.166746253125 0.159139059375 0.164808525 0.15344972968749998 0.1665458734375 0.1589165421875 0.171179925 0.1581830109375 0.17534716875 0.1587069109375 0.185257775 0.1711359828125 0.18288265312500002 0.1700275421875 0.1724327234375 0.16875054375 0.16935415625 0.17455854531249998 0.167595884375 0.1722223234375 0.1640616921875 0.16586116875 0.165458646875
0 0.14340095625 0.169235446875 0.1426682953125 0.1671621421875 0.13811859375 0.1684232296875 0.1351832046875 0.169124359375 0.133279528125 0.1673493078125 0.1299253515625 0.1677572 0.1296998296875 0.17064185 0.133121721875 0.172699821875 0.1324774109375 0.175291234375 0.135385484375 0.1827624953125 0.142387075 0.1815279265625 0.144188646875 0.177172359375 0.14332161875 0.1750309765625 0.140985396875 0.1714967859375 0.1428056640625 0.17071697187499998 0.14340095625 0.169235446875
0 0.094264271875 0.1771654078125 0.0927548734375 0.17623853750000001 0.0880462984375 0.1779864921875 0.084938278125 0.1777085859375 0.082226475 0.1769019625 0.0818352015625 0.17954052812500002 0.0840566265625 0.180341846875 0.083663415625 0.1843573125 0.0856711390625 0.1908860828125 0.086925565625 0.19314269687500002 0.0868225875 0.1932526265625 0.0927492609375 0.19147342812499998 0.094235021875 0.186714696875 0.09465768125 0.1842541359375 0.0920370375 0.180494784375 0.0941662375 0.179385184375 0.094264271875 0.1771654078125
0 0.0707665390625 0.187549084375 0.0725554203125 0.1865912625 0.0732850765625 0.18517781718749998 0.07088220625 0.184041409375 0.065327240625 0.1858468359375 0.0620485265625 0.18321299375 0.0584746390625 0.18237483906250002 0.056634803125 0.1858194484375 0.059635970312499995 0.18896108125 0.0597595828125 0.19105000625 0.055975868750000005 0.1931855046875 0.056022079687500004 0.19969306250000002 0.056255548437500004 0.2024050078125 0.067527359375 0.20179404218750002 0.0687777125 0.195700259375 0.06797045625 0.190428140625 0.068138146875 0.1892973265625 0.0690492484375 0.18821897031249998 0.0707665390625 0.187549084375
0 0.051294806250000005 0.1978652640625 0.0464783109375 0.1976132953125 0.0455259390625 0.1942939453125 0.0401857421875 0.195235565625 0.0355184375 0.201381225 0.0302508984375 0.20689856093749998 0.030402025 0.2119192890625 0.0378361609375 0.21244386093749998 0.045421223437500005 0.2068849671875 0.0470011453125 0.202660253125 0.052941575 0.20234695937499997 0.0543695 0.1993420625 0.051294806250000005 0.1978652640625
0 0.1105219296875 0.21385182500000002 0.105382746875 0.2124637390625 0.103503578125 0.21013374218749997 0.10242371875 0.2074792671875 0.0974395359375 0.20835811249999997 0.097330746875 0.21259873749999997 0.0909814125 0.21683849375 0.08605419375 0.2222040484375 0.0916308625 0.2274611234375 0.10028009062500001 0.22446770468750002 0.10362632187500001 0.21846321406250002 0.1056054640625 0.2171965328125 0.10940293593749999 0.2165269359375 0.1105219296875 0.21385182500000002
0 0.15363951874999998 0.1946859484375 0.1580382921875 0.1995083265625 0.16805955 0.19388694687500002 0.1795813921875 0.189836384375 0.1778669078125 0.1828888265625 0.163653896875 0.18833161874999998 0.15363951874999998 0.1946859484375
0 0.0214264328125 0.227634584375 0.0180997703125 0.2309742796875 0.018886390625 0.23404754374999998 0.026034167187500002 0.2357238546875 0.027680934375 0.24020555156249998 0.032390578125 0.24332124375 0.034610065625000005 0.2454994625 0.034847409375 0.2454576125 0.034831715624999995 0.2453686078125 0.0437084015625 0.2381136390625 0.035285565625 0.2319818625 0.030065976562500003 0.2315256578125 0.030916242187499998 0.2287143890625 0.0283181671875 0.2257769921875 0.0214264328125 0.227634584375
0 0.027387893749999996 0.25172853281249996 0.0231785125 0.2528378421875 0.027073151562499998 0.2561890140625 0.0350183015625 0.2589177421875 0.040276154687499996 0.2602849015625 0.046199823437499996 0.25501895625 0.03980815 0.24999735781250002 0.03267800625 0.247033153125 0.031446151562500003 0.24559849374999998 0.02916108125 0.2506817078125 0.027387893749999996 0.25172853281249996
0 0.0693407484375 0.2002812765625 0.0650754703125 0.201767525 0.06324445 0.2045681859375 0.0666977296875 0.20680416406250002 0.06710189062500001 0.211872046875 0.0665624953125 0.2129766328125 0.07584828593750001 0.21289939531250002 0.077049621875 0.2079155015625 0.07347273125 0.2035905984375 0.0754606875 0.20167996875 0.0741346703125 0.19971129062499998 0.0693407484375 0.2002812765625
0 0.116463934375 0.1841720171875 0.110048628125 0.18907092187500002 0.104967 0.19281195625 0.1031345421875 0.1952111515625 0.1065876109375 0.199677159375 0.11494884999999999 0.196511221875 0.1180418515625 0.193120834375 0.11804672187500001 0.189659834375 0.11878705625 0.1862998265625 0.116463934375 0.1841720171875
0 0.021989903124999998 0.30816413125 0.020762078125 0.31142195625 0.0147623046875 0.311466103125 0.0158265171875 0.3140944953125 0.022219990624999998 0.3171348984375 0.026107159375 0.3212930796875 0.029790876562500002 0.325149209375 0.036245584375 0.319167475 0.02886495 0.3139356625 0.025868628124999998 0.31142266875 0.028347229687499996 0.3092959984375 0.0258757609375 0.30635253281249997 0.021989903124999998 0.30816413125
0 0.03627115625 0.33549601406249996 0.0327753109375 0.3361124265625 0.0286390375 0.33650383906250003 0.03047851875 0.34012194687499997 0.033318359375 0.34345102656250004 0.041617546875 0.3513369171875 0.049070234375 0.34675619687500003 0.0441489375 0.33928846875 0.04059768125 0.33788709843750003 0.042193879687500005 0.33501488749999997 0.0405662890625 0.332598475 0.03627115625 0.33549601406249996
0 0.021831532812500002 0.33792946874999996 0.0195455609375 0.34114859062499997 0.0248616265625 0.3440410421875 0.030194575 0.3487327859375 0.03314155 0.3518176890625 0.0377411984375 0.3463883359375 0.033031793749999996 0.34012230312499997 0.033388034375 0.3353285359375 0.030933453125 0.3341843625 0.02702595625 0.337576759375 0.021831532812500002 0.33792946874999996
0 0.111889615625 0.3418747390625 0.108552628125 0.33998502343750003 0.1051362125 0.3393483703125 0.0997660484375 0.34040791718749996 0.1011962546875 0.34511196875 0.09798091249999999 0.3464674125 0.100208028125 0.35058038125 0.10236178124999999 0.358536103125 0.10622493125000002 0.365965128125 0.10752267499999998 0.36821441875 0.10707725312500001 0.367391825 0.1168388625 0.36398096406249997 0.116287371875 0.35574271875 0.1112095953125 0.3490910734375 0.1125614390625 0.3473883640625 0.11543849531249999 0.344966153125 0.111889615625 0.3418747390625
0 0.1514455796875 0.34560091875 0.1517416546875 0.3421694609375 0.1473079953125 0.34002255 0.1437965765625 0.344809453125 0.1404957375 0.34482827031249996 0.14115911718750002 0.34944225 0.1404453234375 0.3530600046875 0.138945440625 0.3564784421875 0.1380859890625 0.3601218796875 0.136783490625 0.3612526796875 0.14724700625 0.3626742890625 0.15033464218749998 0.3554839953125 0.1508642515625 0.351673434375 0.1557998109375 0.34900089375 0.1550377390625 0.3455307328125 0.1514455796875 0.34560091875
0 0.0723125 0.36698856874999997 0.06789572656250001 0.3666409484375 0.063146728125 0.36781625 0.067402265625 0.37236004375 0.0711437734375 0.376543909375 0.0745915828125 0.3824691859375 0.0780441484375 0.385014375 0.0890288296875 0.38172577812499997 0.085964965625 0.372015625 0.0808439078125 0.368525578125 0.07961715 0.36412357812499996 0.0746201125 0.3621886484375 0.0723125 0.36698856874999997
0 0.0510421796875 0.35282906718749996 0.055036481250000005 0.356743075 0.059819250000000004 0.3591663546875 0.0657082015625 0.35508664687499997 0.059372515625 0.35237398125 0.06065812968749999 0.34944389062500003 0.057747303125 0.348267521875 0.0546945046875 0.351396571875 0.0510421796875 0.35282906718749996
0 0.042463320312500004 0.3800890546875 0.0421649015625 0.38242457500000004 0.0362249046875 0.380960765625 0.0358410953125 0.3833874390625 0.040100932812500004 0.3856801828125 0.045392034375 0.3915198265625 0.0485214875 0.395457725 0.054410151562499995 0.3914516234375 0.0538074421875 0.38630722500000003 0.047274537500000005 0.38205628593749996 0.049501975 0.3791523375 0.0464823328125 0.3764126234375 0.042463320312500004 0.3800890546875
0 0.0279932890625 0.3860648640625 0.034544912500000004 0.390997371875 0.040222315625 0.3973015765625 0.046883582812500005 0.394224596875 0.044005315625 0.38423076875 0.0402448 0.381317303125 0.0366267109375 0.3843903640625 0.034487875 0.3849196921875 0.0279932890625 0.3860648640625
0 0.0689598703125 0.38477689375 0.063972171875 0.3823842 0.0598636734375 0.384402284375 0.0624736421875 0.39862873906249996 0.0733369921875 0.396941528125 0.07268134375 0.3874689515625 0.075365853125 0.38600634375 0.0761693015625 0.38365786874999996 0.0717297671875 0.38322313124999996 0.0689598703125 0.38477689375
0 0.05696878281249999 0.36540811562500003 0.052739203125 0.3636755375 0.0515689453125 0.3699229046875 0.055754790624999995 0.3790208453125 0.056395600000000004 0.38851152187500004 0.070109640625 0.38136898124999996 0.066526340625 0.3710030625 0.0631409734375 0.3670305046875 0.06472761875000001 0.363730228125 0.0624215984375 0.36119378125 0.05696878281249999 0.36540811562500003
0 0.068589725 0.41315870625000006 0.06586405 0.4099992171875 0.06119339687499999 0.41337859374999997 0.056839710937499996 0.4144560609375 0.055873026562500004 0.4183440640625 0.0642354734375 0.42887412812500003 0.0645235140625 0.42897532343749994 0.072608459375 0.427165396875 0.0710530421875 0.41775853906249993 0.068589725 0.41315870625000006
0 0.09169691875 0.42883376875 0.0888852390625 0.4298716859375 0.0854701140625 0.42807294687499997 0.080126525 0.43056414375 0.0837726125 0.4342583828125 0.08359969843750001 0.438548565625 0.0880653140625 0.44806186718749996 0.09512308750000001 0.4465075953125 0.09214976875 0.43433024375 0.092285484375 0.432757334375 0.0955507484375 0.43194923281250003 0.096428890625 0.42931602656249995 0.09169691875 0.42883376875
0 0.0451286359375 0.4639972484375 0.039199017187500004 0.4655074953125 0.040061546875 0.46922785468750006 0.04688181875 0.4704261734375 0.05468055468750001 0.47834492031250003 0.06157849375 0.47178465 0.05293554375 0.46610588281250004 0.049306871875000005 0.46426734999999997 0.052106942187500005 0.4619922953125 0.0491263515625 0.45972969218750004 0.0451286359375 0.4639972484375
0 0.0833664734375 0.49520487500000004 0.08202877343750001 0.4876184015625 0.07865338281249999 0.486045003125 0.0735730484375 0.4912004953125 0.06619904062500001 0.48979001875000006 0.066218990625 0.4945883359375 0.075610175 0.499825375 0.078680709375 0.507481709375 0.0787034265625 0.5074120921875 0.087325525 0.5041879046875 0.0833664734375 0.49520487500000004
0 0.044014226562499995 0.4922302703125 0.046492425 0.49574319375 0.05102409375 0.49626077031250004 0.0635796578125 0.505974025 0.06855567031250001 0.4990556 0.0563725890625 0.49028350468750004 0.058286174999999996 0.48708047812500005 0.056628239062499995 0.48411995937499996 0.051767256250000004 0.489933815625 0.044014226562499995 0.4922302703125
0 0.047652140625 0.5017346218750001 0.0407830609375 0.5020164375 0.0385425296875 0.5051222171874999 0.0459678828125 0.5079951703125001 0.053239371875 0.5158519874999999 0.0630707265625 0.5118724343750001 0.0587921703125 0.5022487 0.05432999375000001 0.49978264687499996 0.0526455671875 0.4966719015625 0.047095870312499996 0.49857984999999994 0.047652140625 0.5017346218750001
0 0.11248929218749999 0.5051722796875 0.114297090625 0.5107396390625001 0.11589968125000001 0.51982838125 0.12829360625 0.516326365625 0.12299865624999999 0.5079661343749999 0.1289977671875 0.5045074109375001 0.124314603125 0.502545015625 0.119037234375 0.505411784375 0.11248929218749999 0.5051722796875
0 0.0742591671875 0.5349156234375 0.06793638125 0.5359530515625 0.06889162343750001 0.54019920625 0.0727826515625 0.5405973984375 0.0788316390625 0.5491344687499999 0.08538285 0.5470499265625001 0.088068625 0.540612784375 0.0806109765625 0.5369710343749999 0.08151560937499999 0.5344880546875 0.07896955312500001 0.5317615859375 0.0742591671875 0.5349156234375
0 0.53318345 0.24319381093749998 0.535413275 0.23994122187500003 0.53697895625 0.23991745 0.5406333953125 0.2390207734375 0.54110071875 0.23658356249999998 0.5396680265625 0.234817778125 0.5353098468749999 0.2361749453125 0.533656896875 0.2312521859375 0.5304301859375 0.2269433234375 0.5288582015625 0.22629540312500002 0.5224400265625 0.2286886046875 0.5265844328125 0.23502226093749998 0.5304240625000001 0.23644773749999998 0.531304915625 0.23889953125000002 0.5300556390625 0.24071771718749999 0.530283975 0.243284565625 0.53318345 0.24319381093749998
0 0.5881270859375001 0.24763461874999998 0.59153525625 0.2466131640625 0.5930083421875 0.24542831562499998 0.5898293046875 0.2432976546875 0.5911855593750001 0.242722109375 0.59544936875 0.241465684375 0.5957710953124999 0.23947464687500003 0.5927934078125 0.2384858875 0.590429615625 0.2390708890625 0.5899416078125 0.2407548453125 0.5885808234375001 0.23939688124999997 0.5856785953125 0.236292309375 0.5786248609375 0.231901353125 0.5725743171875 0.23574353750000002 0.573498315625 0.23844002031249997 0.5774736859375 0.24127126875 0.584281153125 0.24553745 0.5881270859375001 0.24763461874999998
0 0.6620295890625 0.1974312734375 0.6624610484375 0.19987820625 0.664706234375 0.201164325 0.668331909375 0.20010452031249998 0.6685691203124999 0.1963622796875 0.66833270625 0.1943855578125 0.673183421875 0.1932779453125 0.6734476234375 0.19096065 0.6716230671875 0.1895162625 0.6687442765625 0.190360271875 0.667993840625 0.193099703125 0.6651203765625 0.190158259375 0.662015025 0.1871736046875 0.6583129125 0.1858920796875 0.6538845984375 0.18557960625 0.6492837015624999 0.1842883609375 0.643972759375 0.182785915625 0.64165309375 0.188072753125 0.64751055 0.192674646875 0.650878328125 0.1946038265625 0.6563330875 0.19692191718750002 0.6620295890625 0.1974312734375
0 0.6035085671875 0.1803334078125 0.608255059375 0.1811784796875 0.610946884375 0.1792741328125 0.608340375 0.177210721875 0.6123147671875 0.175584825 0.6129708328125 0.172946134375 0.608860696875 0.1731662609375 0.6066488046875 0.173976778125 0.60300599375 0.1717596921875 0.5959406328125 0.17048249843750002 0.5946338265625 0.1719744265625 0.5935858984375 0.174934515625 0.5949305234375 0.17747273125000002 0.5983558296875 0.17972816875 0.6035085671875 0.1803334078125
0 0.6517990250000001 0.1635766671875 0.65071505 0.161244790625 0.6481130703125 0.1611148890625 0.649314671875 0.1571185 0.6460394890625001 0.15635039687500002 0.6443120578125 0.1580005953125 0.64187458125 0.15943959218749998 0.63284004375 0.1616213265625 0.6281071375 0.16657678125 0.6335618984375 0.16889487187500002 0.63813758125 0.167499353125 0.64334509375 0.1652355234375 0.650209109375 0.1653708171875 0.6517990250000001 0.1635766671875
0 0.6658935234375 0.1506629875 0.66581078125 0.1476499671875 0.6612063328125 0.14888235625 0.658077725 0.152125225 0.6542749375 0.1502727484375 0.6496561078124999 0.151423575 0.6466236453125 0.153303884375 0.6497946031249999 0.156024671875 0.65316415625 0.1566920328125 0.65968930625 0.155541471875 0.66082450625 0.1575279140625 0.6635415421874999 0.15831033125 0.6663708828125 0.1565499390625 0.6625474109375 0.1539442078125 0.6658935234375 0.1506629875
0 0.6501234328125001 0.1489863625 0.6484363921875 0.147685928125 0.6437375734375 0.14901905937499998 0.6413018734375 0.1491962375 0.628722628125 0.15671261718750001 0.6409011328124999 0.15582672343749998 0.644190696875 0.1566763890625 0.6473094515625 0.155285465625 0.646124803125 0.1523826390625 0.647511596875 0.15070840624999998 0.6501234328125001 0.1489863625
0 0.6388669671875 0.1436544546875 0.6354749546875 0.1434956546875 0.6290343218750001 0.14639741875 0.6215627125000001 0.1453600578125 0.61854640625 0.1460601140625 0.6204231671875 0.15161621249999999 0.6325262125 0.15284613125 0.6386577234375 0.1532787859375 0.6414376140625 0.1506020078125 0.6389335515625 0.14784772968749998 0.639132146875 0.14579430468750001 0.6388669671875 0.1436544546875
0 0.6024788203125 0.144604146875 0.6039087609375 0.1431746046875 0.605954371875 0.14205700625 0.606731796875 0.1407425203125 0.605219115625 0.139159040625 0.6000484453125 0.140995871875 0.5955050765625 0.140030884375 0.590141134375 0.1401356890625 0.583882940625 0.14216428125 0.58509005 0.1445585453125 0.590181709375 0.1473611609375 0.5965451093749999 0.147837028125 0.6005671765625 0.148389334375 0.6033498203125001 0.1489078828125 0.6048166015625001 0.1470513421875 0.6024788203125 0.144604146875
0 0.5562210046875 0.13854769375 0.553678325 0.13748223125 0.5514682078125 0.13703093125000002 0.5533268546875 0.13485299687500002 0.5527291140624999 0.13209898281250002 0.5491546625 0.13281335625 0.5476492625 0.13635871093750002 0.54020286875 0.1380081125 0.5319709703125 0.141562125 0.5341901453125 0.14588044218750001 0.541585315625 0.1445764734375 0.5485490265624999 0.14082557499999998 0.55481175 0.140730490625 0.5562210046875 0.13854769375
0 0.6388793921875 0.13482173125000002 0.6432582578125 0.13421781875 0.643655446875 0.13011097031250002 0.6402013765625 0.12769240312500002 0.6410830234375 0.124425234375 0.6373791359375 0.1244055265625 0.6321779249999999 0.1273410484375 0.63172045625 0.1279263140625 0.616652328125 0.12705101875 0.6159351859375 0.1318870890625 0.6176492140625001 0.13461246875 0.627203278125 0.134105234375 0.6312316499999999 0.13532923125000001 0.6388793921875 0.13482173125000002
0 0.1343559078125 0.1852009359375 0.13205068749999999 0.1835615984375 0.12694034999999998 0.1868642921875 0.12238803437500001 0.19131386875 0.1194945640625 0.199117825 0.1185231265625 0.20302494218749997 0.1260347390625 0.20392415000000003 0.132256325 0.200870253125 0.1336526375 0.1946645125 0.1293112046875 0.1908936609375 0.13321714843750002 0.188159128125 0.1343559078125 0.1852009359375
0 0.1280115984375 0.1828506265625 0.12364077968750001 0.18362131875 0.12122720312499999 0.1827126734375 0.1206929390625 0.1810279125 0.11760256875 0.1816617765625 0.11932226093750001 0.18536122187499998 0.1166692546875 0.19116591562500002 0.11556091875 0.1942966390625 0.12228259062499999 0.19542408125 0.124972684375 0.19050233125 0.1254840359375 0.18667633749999998 0.12763235781249999 0.185408046875 0.128745484375 0.18432229218750001 0.1280115984375 0.1828506265625
0 0.6379936296875 0.24534676718749998 0.6417053109374999 0.2441026390625 0.6427073734375 0.2491486359375 0.6451119046875 0.24813499375 0.6453881828125 0.24269511718749998 0.6499785890625 0.2464344953125 0.65217966875 0.245540965625 0.649077365625 0.24196037812500001 0.651264040625 0.24098514999999998 0.651826646875 0.23844307812499999 0.6492573421875 0.23788527343750002 0.6470193609375 0.2392064953125 0.6475405296875001 0.23515546406249999 0.645215134375 0.231522125 0.64237035 0.230675946875 0.6417536796875 0.230363496875 0.6334588812499999 0.2330054109375 0.63485344375 0.2377294875 0.6379845578125 0.24147347031250002 0.6379936296875 0.24534676718749998
0 0.6478120203125 0.2640850828125 0.645721646875 0.263695540625 0.6451436562499999 0.26169153437500003 0.64164351875 0.262224465625 0.6397242328125 0.2640791515625 0.632733828125 0.2632900625 0.6285369000000001 0.263693146875 0.6244246265625 0.265850278125 0.62392141875 0.26745527187499996 0.629522778125 0.2699213140625 0.6361350875 0.27111401874999996 0.641639165625 0.27048044843749997 0.6411943765625 0.2666839796875 0.64487546875 0.2665403234375 0.6478120203125 0.2640850828125
0 0.617970159375 0.2814771203125 0.620866253125 0.281977303125 0.6227900734375 0.282059265625 0.62306101875 0.28041099062499997 0.6249145921875 0.278820603125 0.6236542140625 0.2767684453125 0.61928264375 0.277455034375 0.6175468890625 0.27270687968749996 0.6141880484375 0.270856265625 0.6126261375000001 0.2715528578125 0.6070429234375 0.276833409375 0.6109509453124999 0.2805246375 0.61366608125 0.2806355453125 0.6138596656249999 0.2823703859375 0.6157753953125 0.2830434328125 0.617970159375 0.2814771203125
0 0.6507771296875 0.298099378125 0.652849540625 0.30093495937500003 0.658785778125 0.30275229375 0.6609391062500001 0.2996770234375 0.659477053125 0.296481109375 0.6610227796875 0.2969666875 0.6639080234375 0.2948574421875 0.6630833609375 0.29272845625 0.6592807125 0.2915457546875 0.65836961875 0.2889265875 0.6564096921875 0.28354406718749997 0.6551493140625 0.281491909375 0.64521426875 0.283749146875 0.6434003578125 0.2881123609375 0.645483615625 0.2935573703125 0.647746853125 0.294927275 0.6463209062499999 0.29703191875 0.6489541453125 0.29858929375 0.6507771296875 0.298099378125
0 0.6930078453124999 0.31466047656249996 0.6962244125 0.3144302578125 0.7020759953125 0.3144935453125 0.70297979375 0.311975546875 0.700237625 0.3104373796875 0.7018895234375 0.3077032375 0.700635459375 0.30632386093749997 0.6981219984375 0.3073567109375 0.6965952140625 0.308889478125 0.6919615890624999 0.3049050078125 0.6848433140625 0.30211678124999997 0.679993790625 0.307099490625 0.6819635875000001 0.310627059375 0.686941959375 0.3121078703125 0.6918419921875001 0.312507415625 0.6930078453124999 0.31466047656249996
0 0.6639638734375 0.3069891234375 0.666058853125 0.30539452031250003 0.6649672703125 0.3034150453125 0.6641066078125 0.30106070625000003 0.6666771265625 0.299215178125 0.6658629078125 0.297966471875 0.6634292484375 0.29806144375 0.66364829375 0.2993037140625 0.6615461421875 0.2991731609375 0.6523239640625 0.3003537515625 0.6478589921875 0.301141046875 0.648775621875 0.304655028125 0.650255853125 0.30673304843750004 0.655253503125 0.3060189 0.660899296875 0.3051904671875 0.6639638734375 0.3069891234375
0 0.6458684546875 0.36122839687499997 0.6460870546875 0.3636607625 0.6497952125 0.362428615625 0.6511902234375 0.35960658125 0.6529937453125 0.3594988625 0.6566738234375 0.35890253906249997 0.6567631140625 0.35662617343749997 0.6536049828125 0.3566047390625 0.6518913640624999 0.35722233124999997 0.6508030234375 0.3546278890625 0.6492888031249999 0.3520033953125 0.644087734375 0.348346671875 0.639689646875 0.3504364875 0.6384154515625 0.35434124218749996 0.641673090625 0.3577097734375 0.646509490625 0.3596959046875 0.6458684546875 0.36122839687499997
0 0.5442530296875 0.3654394421875 0.5460353875 0.3645883796875 0.5476009515625 0.3665668203125 0.54932483125 0.36781952812499996 0.5533651265625 0.36678504375 0.5532583703125 0.3637441984375 0.5547010859375 0.36096692343750003 0.5567582062499999 0.358832809375 0.5587889203125 0.355737140625 0.5593137968749999 0.35424895156249997 0.55914165 0.35164906406249996 0.5553497109375 0.3504389390625 0.55061641875 0.3507904421875 0.5490113625 0.353864734375 0.5473019328125 0.3587824953125 0.546031871875 0.36050943750000003 0.5433001125 0.362064690625 0.54218208125 0.36424793125 0.5442530296875 0.3654394421875
0 0.4914113515625 0.34501900937499996 0.4876842953125 0.34701815156250004 0.49151873124999995 0.35090470156250003 0.49315773125 0.353299621875 0.49534172343750005 0.35634994531249997 0.5001049375 0.3610389390625 0.5044940546875 0.3619827296875 0.5102036640625001 0.358238371875 0.51164235625 0.355032378125 0.511227009375 0.3543004390625 0.5029420874999999 0.3503397734375 0.49902565781249997 0.34882952968750003 0.5016971828125001 0.347338578125 0.5006972375000001 0.3445089046875 0.49647913125 0.346970378125 0.4914113515625 0.34501900937499996
0 0.5299866171875001 0.4059562984375 0.5327415921875 0.407722134375 0.5346100609375 0.404460340625 0.5387237 0.40284482343750005 0.5419235859375 0.4059460125 0.5447825890625 0.40434226874999996 0.5435362953125 0.401629690625 0.5416436703125 0.399607071875 0.540122603125 0.3965240390625 0.540462765625 0.392117925 0.538490653125 0.3888526078125 0.532199553125 0.38880990937500004 0.527684671875 0.39012963749999996 0.5252924140624999 0.39358851562499997 0.531705065625 0.4002598921875 0.53230220625 0.4024585765625 0.5299866171875001 0.4059562984375
0 0.60926519375 0.4270248171875 0.6086825015625 0.42981366093749995 0.611733996875 0.429651653125 0.6143353281249999 0.42693664687500005 0.6166398984375 0.427819615625 0.618938684375 0.42623239375 0.6171910031250001 0.42444540000000003 0.615663809375 0.42390885625 0.6154260796875 0.421748171875 0.6159771843749999 0.41837395624999996 0.613047896875 0.41394804531249996 0.612362390625 0.41412264062500004 0.6073359234375 0.4160833828125 0.6057376171875 0.4200183015625 0.6080744015625 0.42433379843749996 0.60926519375 0.4270248171875
0 0.660208875 0.46123455 0.658991771875 0.4640815359375 0.66275809375 0.465942365625 0.663887353125 0.46300342499999997 0.6659696765625001 0.46059481875 0.6693317703125 0.46016315781249995 0.674108546875 0.461254875 0.6758986453125 0.459220128125 0.67420319375 0.45651064999999996 0.6704478171875 0.4567430484375 0.6685710078125 0.45787981093749996 0.6671258718749999 0.45496502968749997 0.664764421875 0.451728321875 0.6611800796875 0.448868409375 0.657475175 0.4461372 0.655085653125 0.44639737031250004 0.6501878046875 0.44908754218749997 0.6501110234375 0.457589153125 0.65467825625 0.45952364843750004 0.660208875 0.46123455
0 0.721492875 0.4452174953125 0.7241791578125001 0.44135934531250004 0.7252826140625 0.4403052234375 0.7300708453125 0.439836984375 0.7314992499999999 0.4381883453125 0.727987271875 0.43655127812499994 0.7262494015625001 0.43766354375 0.7251349968749999 0.4366244359375 0.7223946109375 0.43286360312500005 0.716972478125 0.4297368 0.7118180171875 0.4338152671875 0.7140790390625 0.43932600781250003 0.7188925609375 0.44062613281249996 0.7195275984375 0.44341514687499994 0.721492875 0.4452174953125
0 0.6949641140625 0.4471016875 0.699655940625 0.449336546875 0.7063158171875 0.4481085078125 0.706382903125 0.4432079765625 0.701746803125 0.4383134484375 0.7017272015625 0.4383343734375 0.7017200015625 0.4383236828125 0.6970130921875 0.442066584375 0.6949641140625 0.4471016875
0 0.715124553125 0.4728790640625 0.7158463 0.4765660609375 0.718971290625 0.47682087187500005 0.7202934765625 0.474976075 0.720110871875 0.473128003125 0.7236894265625 0.4735177265625 0.7261627640625 0.4729204421875 0.72599450625 0.4707475109375 0.7237215234375001 0.4704499125 0.721716096875 0.4708572453125 0.7208835953125 0.4701982078125 0.718161584375 0.466541578125 0.712250271875 0.4622654265625 0.7080034484375 0.4629605328125 0.7050903859375001 0.46675122656249995 0.7065303609375 0.4700429703125 0.7110097515625 0.47188551093750003 0.715124553125 0.4728790640625
0 0.733585396875 0.48901755781249995 0.736915903125 0.4880005234375 0.736177540625 0.486250446875 0.7364249640625 0.484810046875 0.739510315625 0.48362135312500004 0.739541278125 0.48135957031250004 0.736721725 0.4812120703125 0.7351095812499999 0.481818665625 0.734759965625 0.48349197187500004 0.7324686093749999 0.4830901703125 0.7287470875000001 0.48229588124999995 0.7229701796875 0.4812193484375 0.7204853875 0.4833765875 0.7214821171875 0.48577949218749994 0.725280028125 0.48822569531250004 0.7312308640625 0.48744501093750003 0.733585396875 0.48901755781249995
0 0.7316183171875 0.514828628125 0.7338011890625 0.51664633125 0.7375444843750001 0.5151267359375 0.7387765609375 0.5148020421874999 0.74172875625 0.5161080390625 0.7438926312499999 0.5149743828125 0.7459893015625 0.512240915625 0.74535313125 0.51025793125 0.7410942296874999 0.5096658406250001 0.7423641875 0.5087435265625 0.7424215765625 0.50744408125 0.7410700703125 0.5070914453124999 0.7394958078125 0.5071004203125 0.73841475 0.5086878109375 0.73704486875 0.5082309734375 0.7327675921875 0.5075346781250001 0.7315010375 0.5060389015625 0.72869180625 0.5051374734375 0.7248302140625 0.5051737140625 0.7202302578124999 0.503459875 0.7181812812499999 0.5084949796875 0.71971539375 0.510695684375 0.7239043171875 0.5149532109375 0.7311567 0.5138355859375 0.7316183171875 0.514828628125
0 0.7024148453125 0.5255113546875 0.7055731828125 0.5283926625 0.7070120234374999 0.5324904359375 0.70689095 0.5362723234375 0.7109609531250001 0.5361993359375 0.7128061734375 0.534477203125 0.7131620828125 0.531620903125 0.7143379015625 0.5317896281250001 0.71884309375 0.5317473484375 0.7212245625 0.5306290453125 0.721175734375 0.5291334390625 0.7203903031250001 0.5279288828124999 0.7182195124999999 0.5273983765625 0.7171470156249999 0.5261907156250001 0.7158356593749999 0.5236284 0.7149686796875 0.5211488953125001 0.7138841031250001 0.5186540359375 0.709408740625 0.5172405609374999 0.709543653125 0.516786996875 0.7041617859375 0.517950853125 0.7006154437500001 0.5209936578125001 0.7010707671875 0.5231696968749999 0.7024148453125 0.5255113546875
0 0.7111189625 0.5752810828125 0.7103106234375 0.5771964406250001 0.7113992234375 0.580120365625 0.7129907265625001 0.5810216234375 0.7168534546875 0.5801793546875 0.7192383234374999 0.5766429640624999 0.720441703125 0.5769679953125 0.725277003125 0.5759542359375 0.7249565921875 0.5733246328125 0.7214894140625 0.57275410625 0.7190631453125 0.57280586875 0.7183552375 0.57244719375 0.7161011375 0.5686006156250001 0.7151956515625 0.5638715765625 0.70987395 0.5584707421874999 0.705065078125 0.5604468375 0.7031234515625 0.5648720703125 0.7032383453125 0.568773515625 0.7077820453125 0.5709807703124999 0.7111189625 0.5752810828125
0 0.672216240625 0.5589865046875 0.67674559375 0.561518621875 0.675952225 0.565956271875 0.677236021875 0.56836228125 0.67991776875 0.5677282515625001 0.6829738 0.564342125 0.6856481171875 0.56569711875 0.6905528859375 0.564671109375 0.6902979171875 0.5616001921875 0.6886093843750001 0.5605548765624999 0.684669134375 0.5605512625 0.6839146671874999 0.557084921875 0.6836855 0.552129184375 0.68034745 0.548634903125 0.680663209375 0.5479882843749999 0.6786526234375 0.5487725796875 0.6754231749999999 0.5503627359375 0.6707446796875 0.5551093875 0.672216240625 0.5589865046875
0 0.3710295328125 0.38866109375 0.36300475625 0.38960352343750004 0.3651848390625 0.39362962968750004 0.37260369843749996 0.39877973437500003 0.3785697796875 0.40402848750000003 0.38702555312500003 0.40553035312499996 0.39278611093750004 0.402466875 0.3868890328125 0.3964183625 0.3767834421875 0.39032433593750004 0.3770594625 0.3871253 0.377374228125 0.385337096875 0.3751369484375 0.383368815625 0.3710295328125 0.38866109375
0 0.346850309375 0.456404421875 0.3558330203125 0.45970359531250005 0.3635009640625 0.4615018953125 0.36850395625 0.4565242578125 0.3561105328125 0.4457930515625 0.3427931046875 0.44530594375000004 0.3345528328125 0.445026225 0.32541365624999996 0.4467952265625 0.3307265953125 0.4531042546875 0.346850309375 0.456404421875
0 0.2673770796875 0.47498572812499995 0.26052057500000003 0.4754071234375 0.252219778125 0.4795485890625 0.2459138265625 0.48428342031250005 0.24140235468750001 0.48728417031250004 0.2439713625 0.4947071 0.25435114375 0.48925394375 0.26260987187499996 0.48606500468749997 0.26943095625 0.481869415625 0.26883833749999997 0.47850850781250004 0.2670471828125 0.47787922812500006 0.2673770796875 0.47498572812499995
0 0.2458942203125 0.5175232390625 0.242542540625 0.5163815296875 0.242000471875 0.51568951875 0.24115028593750001 0.512058990625 0.23626169375 0.51292098125 0.23461370625 0.51667696875 0.2321004046875 0.517907721875 0.23089006250000002 0.5193812859375 0.2313177328125 0.52418894375 0.23116975 0.53287854375 0.2343531578125 0.5378303640625 0.24000264218749998 0.5365191703125001 0.24171115156249998 0.528342 0.2404569078125 0.5224199421875 0.24184400468749997 0.52075769375 0.2438001078125 0.5199402265625 0.24456099843749998 0.5194910234375001 0.2458942203125 0.5175232390625
0 0.1668523234375 0.557608496875 0.1688420125 0.552217075 0.168572640625 0.5506893890625 0.1626050671875 0.5561521468749999 0.1660357265625 0.549404015625 0.1576238546875 0.5552977671875 0.15470649375 0.5542369953125 0.15219834999999998 0.5614525359375 0.1462577125 0.5670680609375001 0.144618209375 0.5744454718750001 0.1505488703125 0.5759200296875 0.1557286171875 0.5707537078125 0.16165412343750002 0.566243478125 0.16266409843750002 0.5624424703125 0.16694161875 0.561688228125 0.16951211875 0.5583996515625 0.1668523234375 0.557608496875
0 0.0804156515625 0.52716930625 0.0833448171875 0.52948814375 0.0954301234375 0.5372808328125 0.0965142625 0.5386648515625 0.09617588437499999 0.537936925 0.1039884875 0.5334089859375 0.10120397968749999 0.5247639093750001 0.094312059375 0.521411109375 0.090499121875 0.5200356953124999 0.082363271875 0.5227304109375 0.0804156515625 0.52716930625
0 0.0608468265625 0.5698418765625 0.055919490625 0.5692930328125 0.0540626546875 0.5671001515625 0.051456734375 0.5666145359375 0.05016225625 0.569993153125 0.0462146328125 0.5678538953125 0.0482567046875 0.5734795187499999 0.047453745312500004 0.5748812484375 0.049744899999999995 0.5771550671875 0.054414671875 0.5774342890625 0.0563877375 0.583859671875 0.0626113859375 0.58937804375 0.06983652812499999 0.5874739828125 0.06872029375000001 0.5799524078125 0.0655638234375 0.57515335625 0.061478190625 0.5746136171875 0.0602863015625 0.5726185218750001 0.060735753125 0.5715941625000001 0.0608468265625 0.5698418765625
0 0.0858355296875 0.5829202265625 0.08405285625 0.5859123703125 0.078894890625 0.5852466765625 0.076800778125 0.5876636625 0.08200929375 0.5909982546875 0.08258678124999999 0.595464459375 0.08924475 0.6010637671875 0.09786879375 0.598755525 0.096407534375 0.59523274375 0.0909868453125 0.5883126421875 0.0875274171875 0.586559859375 0.08949865 0.58463709375 0.0894481 0.5819681953125 0.0858355296875 0.5829202265625
0 0.064645315625 0.6104418968750001 0.0640157859375 0.6140183015625 0.057905043749999996 0.6150957906250001 0.058443789062499994 0.6181511625 0.0656386671875 0.61845769375 0.0703556640625 0.6237691734374999 0.0784309921875 0.62549564375 0.08389191562500001 0.62311506875 0.08026238125 0.6168242484375 0.07041103125 0.613363203125 0.0682006875 0.6115476906249999 0.07037561249999999 0.6095890093749999 0.0680844578125 0.607315190625 0.064645315625 0.6104418968750001
0 0.055324568750000004 0.625474453125 0.052208675 0.63043438125 0.0599186875 0.631280153125 0.0689519453125 0.6372482265625 0.0748254109375 0.6407806078125 0.08328783125 0.6375557515625 0.0772475875 0.6271219734375 0.068929825 0.6240205875 0.0671301890625 0.6197698828125 0.0627449203125 0.61991305 0.061435312500000006 0.6243969640625 0.055324568750000004 0.625474453125
0 0.063715 0.644472371875 0.0716220546875 0.6500089515624999 0.0778320640625 0.6459211109375 0.067810609375 0.637922028125 0.06805969218749999 0.634570225 0.0638663109375 0.6334194109375 0.059947456249999996 0.6397810703125 0.054363653125 0.642655865625 0.063715 0.644472371875
0 0.1330435578125 0.5993265515624999 0.13158745624999998 0.6017885578125 0.1279446234375 0.6049511812499999 0.130954603125 0.6077283234374999 0.1297291296875 0.6103071828125 0.135321415625 0.6110538125 0.139641003125 0.6093470437499999 0.1477432671875 0.61122628125 0.1545846375 0.6119101812500001 0.1609477875 0.605117528125 0.1561197171875 0.6015583343750001 0.14787944375 0.6012786140624999 0.142775353125 0.6009184578125 0.1405801390625 0.5979976484375 0.13745908906249998 0.596972790625 0.1330435578125 0.5993265515624999
0 0.15199568125000001 0.6186674171875 0.1475177953125 0.6170942140625 0.145112240625 0.61893604375 0.1487838453125 0.6242743359375 0.1503613328125 0.632029615625 0.157468753125 0.6366045640625 0.165427846875 0.6340985328125 0.1619901984375 0.62651373125 0.1573152703125 0.6202497234375 0.16118873125 0.617203953125 0.15975440937500002 0.613833940625 0.1545931203125 0.61553160625 0.15199568125000001 0.6186674171875
0 0.094390440625 0.6683618703125 0.0934646015625 0.670257821875 0.10047940156249999 0.6731164 0.10591522187499999 0.6789312046875 0.11537764375 0.6789954265625 0.1121857546875 0.67042218125 0.10583590312499999 0.6677613921875001 0.107211190625 0.6648410796875 0.1036827578125 0.6638880546875 0.0988447140625 0.66741894375 0.094390440625 0.6683618703125
0 0.0921077671875 0.6697094765625 0.089591140625 0.6733035921875 0.08444498125 0.6738959625 0.08416895937499999 0.6770949984375 0.09327454843750001 0.67989995 0.10122367031249999 0.6844840015625 0.101088984375 0.6837201578125 0.1024709234375 0.676073125 0.0975469125 0.673160921875 0.09684321875 0.6715523 0.0979996859375 0.6697732000000001 0.0963734796875 0.6676971703125 0.0921077671875 0.6697094765625
0 0.095756096875 0.6915912953125 0.10255207656250001 0.6955910875 0.10775210937499999 0.695304253125 0.10942703437500001 0.6917010343750001 0.10742038281249999 0.6898496046875 0.10131961249999999 0.6838370109375 0.0996546640625 0.6803501468750001 0.094559053125 0.6836114156249999 0.088694071875 0.6837004609374999 0.08739959375 0.687079078125 0.095756096875 0.6915912953125
0 0.07920654375 0.69183161875 0.0894888890625 0.697736959375 0.0955239765625 0.7021859515625 0.0993586953125 0.6977293484375 0.0956096046875 0.6895693890625 0.0939059109375 0.6846716921875 0.0872649078125 0.6863152343750001 0.0863626796875 0.6907273171874999 0.07920654375 0.69183161875
0 0.1582073953125 0.709877853125 0.15119259375 0.7070192750000001 0.1568287796875 0.715161525 0.161491903125 0.7201674687499999 0.1716277546875 0.724050903125 0.1779001203125 0.7238900265625 0.17965585625 0.7207451125000001 0.179263603125 0.71971165 0.1736779671875 0.714238296875 0.1666480359375 0.712485015625 0.1639074296875 0.71123555625 0.16415651250000002 0.707883753125 0.16179635312500001 0.7064096921874999 0.1582073953125 0.709877853125
0 0.1449017734375 0.7106488109375 0.1408043328125 0.70885100625 0.1378146421875 0.7109533531250001 0.1435921640625 0.7151327234375 0.1466644984375 0.7218368296875 0.1544217359375 0.7277148625 0.1626048109375 0.73005240625 0.1689258921875 0.724212278125 0.154295190625 0.7115127890624999 0.151515840625 0.7088524984375 0.1537058953125 0.7057885203125001 0.1515645578125 0.7031732484375001 0.1461693140625 0.7071174234375001 0.1449017734375 0.7106488109375
0 0.1444371921875 0.7127784671875 0.13870689375 0.713631353125 0.1373921296875 0.71213048125 0.1332374875 0.7123905015625 0.132527146875 0.7155086015625 0.1363670234375 0.7170367843750001 0.1277448109375 0.727693175 0.1327547921875 0.7370484687500001 0.13789579375 0.7304713140625 0.145691434375 0.7187005234375 0.14799256249999998 0.713884259375 0.1444371921875 0.7127784671875
0 0.1026974171875 0.7273841562500001 0.108363865625 0.7333158140625 0.11546612812499998 0.7319059765625 0.116944009375 0.7236119515625 0.115270578125 0.7165036625 0.10832993906249999 0.7188301125 0.1068686796875 0.71530733125 0.10235720781249999 0.7183080828125 0.1026974171875 0.7273841562500001
0 0.1706686703125 0.7495804640625 0.1692243765625 0.753300534375 0.17402883281249998 0.7543435984375 0.1851174625 0.7564838515625001 0.1961252796875 0.7581657953125001 0.197761459375 0.7531517453125 0.1897197203125 0.7468513234375 0.1810451265625 0.74649066875 0.1792842328125 0.74365079375 0.1760133640625 0.742967390625 0.1751380765625 0.747532240625 0.1706686703125 0.7495804640625
0 0.1130125390625 0.7775463640625 0.1152346890625 0.7806199421875 0.12566501875 0.7778356843750001 0.135666184375 0.7809552765625 0.1449551765625 0.7788448203125 0.141589859375 0.7680969 0.1234377109375 0.76877731875 0.12057754999999999 0.7656587218750001 0.11510481875 0.7667812296875 0.11938749687500001 0.772011775 0.11650555468749998 0.7747251953125 0.1130125390625 0.7775463640625
0 0.10043720625000001 0.76101905625 0.1102413296875 0.7594478421875 0.1149195828125 0.763348490625 0.123540303125 0.7634036078124999 0.1289506765625 0.7583541359375 0.1193484109375 0.7515412875 0.108774915625 0.7499402765625 0.1038324453125 0.7504967312499999 0.10409849374999999 0.7543877765625 0.0986375703125 0.7567683484375001 0.10043720625000001 0.76101905625
0 0.09423201406250001 0.752032028125 0.1033442515625 0.7501102562499999 0.1120575890625 0.7518817453125 0.1191867875 0.750624675 0.1178904765625 0.7456551453125 0.10750886562499999 0.7427601546875 0.10409150468749999 0.7400548421875001 0.1001136171875 0.7401261796874999 0.0984235640625 0.7448346921875 0.0924711203125 0.7491921546875 0.09423201406250001 0.752032028125
0 0.08847695312500001 0.7801399484375 0.0976009984375 0.7794762421875 0.1090010671875 0.782191653125 0.1107516453125 0.773061953125 0.10130435468750001 0.7718924359375 0.10155343750000001 0.7685406312499999 0.09775230625 0.76842328125 0.09376777343750001 0.7732213375 0.090098003125 0.7762311937499999 0.08847695312500001 0.7801399484375
0 0.086462159375 0.7937267484375 0.0883813515625 0.79984659375 0.0964481953125 0.7979516375 0.095806859375 0.800269978125 0.100707259375 0.8006660515625 0.10468847031249999 0.79823135625 0.10702834218749999 0.7948259265625001 0.1254531859375 0.7933098296875001 0.134838121875 0.7905523828125001 0.13381783281249998 0.78238381875 0.12688384218749998 0.7799835468749999 0.11213725000000001 0.7821112140625 0.1038903265625 0.7865582171875001 0.098351915625 0.7861171234375 0.09421756406250001 0.791256634375 0.086462159375 0.7937267484375
0 0.087917109375 0.82103590625 0.0901510671875 0.8253675484375 0.0933949984375 0.825898184375 0.09820278125000001 0.8245778859374999 0.102145246875 0.8207323578124999 0.1087744453125 0.8178307515625001 0.11855828125000001 0.811380046875 0.11814574062500001 0.8054670937499999 0.10950989062500001 0.806517271875 0.1023116875 0.8085741000000001 0.0964400546875 0.8133898671875001 0.0925850484375 0.81296698125 0.087935565625 0.8175672484375 0.087917109375 0.82103590625
0 0.12254132343749999 0.8172934968750001 0.128067928125 0.8164765265625 0.131480134375 0.8131970515625 0.1387288875 0.8138091203125001 0.1562076046875 0.8093094859375001 0.1502835890625 0.8031082078124999 0.1341262875 0.8043819921875001 0.129034003125 0.8052798984375 0.12387603750000001 0.8046142046875 0.1243845203125 0.8098801671875 0.12512695625 0.812899621875 0.12254132343749999 0.8172934968750001
0 0.1333472828125 0.8273595078125 0.1344971015625 0.8303071296875 0.1402155921875 0.8281961765625001 0.1495466515625 0.8251331937499999 0.1620677703125 0.8222953109375 0.1578810359375 0.816417775 0.1421008546875 0.81983031875 0.136820009375 0.8196588468750001 0.1353015515625 0.8181938921875 0.1321081703125 0.820332153125 0.13650192187500002 0.8238104109375 0.1333472828125 0.8273595078125
0 0.2020986921875 0.7968071359375 0.20864375468750002 0.7958105828125001 0.21026480468750003 0.7919018265625 0.2181161515625 0.7887847234375001 0.2242420234375 0.7866019359374999 0.22577377968749998 0.77861345 0.21608072812499998 0.778432378125 0.206896159375 0.7835172671875 0.2039452140625 0.7870304453125 0.1989724828125 0.7897974921875 0.2013023828125 0.79348214375 0.2020986921875 0.7968071359375
0 0.2160895515625 0.8011134578125001 0.221796234375 0.797744440625 0.2330261984375 0.7959218140625001 0.23998196875 0.7924900671875 0.2372480125 0.7865138875000001 0.23229373749999999 0.7858122765625 0.2194427234375 0.791543659375 0.21473753437499998 0.78749024375 0.211448209375 0.790275496875 0.21533863437499998 0.7944725781249999 0.21275300156250002 0.7988664515624999 0.2160895515625 0.8011134578125001
0 0.22901839218750003 0.8172633953125 0.2387837734375 0.8142813484375001 0.2391978046875 0.8094827953125 0.25478094375000004 0.8013794453124999 0.2559558671875 0.7961316890625 0.2531226421875 0.793165859375 0.2325852296875 0.8005675984374999 0.22538037656249998 0.80735115 0.218298403125 0.8136404781250001 0.2192832734375 0.8180348515625001 0.2268349859375 0.8156006515625001 0.22901839218750003 0.8172633953125
0 0.2036864953125 0.8165319890625 0.2084370796875 0.817269515625 0.21406627656250002 0.8110788328125 0.22438553125 0.8100468609375 0.226232053125 0.8002701703125 0.2125695984375 0.803781859375 0.2083005609375 0.808157525 0.20441861718749998 0.8075818703125 0.201970996875 0.8103762281250001 0.20538835781250003 0.8130815390624999 0.2036864953125 0.8165319890625
0 0.2574259484375 0.82233555 0.251746203125 0.825857334375 0.25366871875 0.8296138203125001 0.255540684375 0.83070140625 0.26323040625 0.8266676890625 0.26439535625 0.8285100140624999 0.2703175390625 0.8263631453125001 0.27081238124999996 0.8220228984375 0.28332169375 0.8179269484375 0.2893195296875 0.8102536 0.28368001875000004 0.8044747093750001 0.2745947171875 0.80654925 0.2680009375 0.8132250515624999 0.262905328125 0.81648631875 0.26141380625 0.81517413125 0.2551919921875 0.8180039062500001 0.2574259484375 0.82233555
0 0.3064480625 0.8037679750000001 0.3130318671875 0.8041822546875 0.315317865625 0.8004712875 0.3290729390625 0.7986759703125 0.333648259375 0.7888906734375001 0.32249062500000003 0.78755018125 0.3136326265625 0.7921049328125 0.3066683765625 0.7919152546875 0.30527795625 0.7959408625 0.30904882499999997 0.7982688046875 0.3064480625 0.8037679750000001
0 0.2900250546875 0.82021036875 0.2962822890625 0.8211547875 0.2991944921875 0.816230775 0.3167388890625 0.8132947421875001 0.317333 0.8059441421875 0.30553735312499997 0.8045586296874999 0.298021059375 0.810767021875 0.2917099515625 0.8095170671874999 0.2879021703125 0.8141264390625 0.29383283437499996 0.8156009953125001 0.2900250546875 0.82021036875
0 0.2884350765625 0.7730777140625 0.2872752828125 0.7772201734374999 0.29345170625 0.7777062875 0.2950070765625 0.7722339296875 0.31235110625 0.7669704515625 0.3080566234375 0.7604818437499999 0.299516715625 0.7608850328125001 0.2921653703125 0.7656466749999999 0.2889568578125 0.7688902343749999 0.2867734515625 0.7672274890625 0.2834571890625 0.7698599734375 0.2884350765625 0.7730777140625
0 0.2716763328125 0.7483095109375 0.274982621875 0.7527671078125 0.2825579453125 0.7528490375 0.2835107234375 0.7511058562499999 0.294210425 0.7498492828125001 0.30033962187499996 0.7453031375 0.296437390625 0.7398479921875001 0.297033334375 0.7408455390625 0.29028458125 0.7418780078125 0.284089703125 0.7448605515625 0.282955015625 0.7408076328125001 0.27836605625 0.74098671875 0.27766752031249997 0.7453628828125 0.2716763328125 0.7483095109375
0 0.2146221125 0.734426925 0.2166018265625 0.7361255859375 0.21267449218749998 0.7388658203125 0.2145970078125 0.7426223046875 0.218781909375 0.7401516921875 0.219884503125 0.7380670546875 0.22941592968750002 0.7373315171875 0.234907115625 0.7327403515625 0.23214289843749997 0.7289747640625001 0.22341110468749997 0.7306719328125 0.219702590625 0.732270953125 0.2160815390625 0.729601559375 0.21229221250000002 0.7307422734375 0.2146221125 0.734426925
0 0.3109257359375 0.69933139375 0.3106345828125 0.703635725 0.3084024609375 0.7076522296875 0.306850415625 0.7107612265625 0.3127153984375 0.7106721828125 0.3149441984375 0.7090190390625 0.32175530625 0.7119135328125 0.3273088484375 0.7112493296875 0.3333236484375 0.71081883125 0.3340255078125 0.7040793046875 0.3272682734375 0.7014903484375 0.3191508796875 0.7007164078125 0.3169102734375 0.7011114875 0.3173361109375 0.697570996875 0.314268934375 0.6968516765625 0.3109257359375 0.69933139375
0 0.2750318078125 0.6791973859375 0.2776126234375 0.6878783796875 0.2863883171875 0.6935768312499999 0.29507471875 0.69519555 0.302257790625 0.694244015625 0.304385490625 0.6872530765625 0.292335603125 0.6832345828124999 0.2878695234375 0.6829194453125 0.2887145515625 0.6805651875 0.2852820578125 0.6789651734375 0.278656184375 0.6795034203125 0.2750318078125 0.6791973859375
0 0.33038898437499997 0.6834555499999999 0.3323332796875 0.6813800171875 0.33443071875 0.6765996703125 0.328319975 0.6776771593750001 0.32725612656249997 0.681172628125 0.32140295 0.6825197390625 0.31052649374999997 0.6839649953125 0.3126139578125 0.6862747312499999 0.31988965 0.68703956875 0.32773767187499997 0.6862858234375 0.3350975 0.68514560625 0.33038898437499997 0.6834555499999999
0 0.38434060937500003 0.6928446203124999 0.390363890625 0.6960355484375 0.3958366203125 0.694913040625 0.40386987812499997 0.6975920359375001 0.412044471875 0.696308153125 0.4132075890625 0.6898023328125 0.396646228125 0.6887845890625 0.39693738125 0.68448025625 0.391237346875 0.6831225515625 0.38675281093749997 0.6862760703124999 0.39106575 0.6892960218749999 0.38434060937500003 0.6928446203124999
0 0.40738467343749996 0.6889388484375 0.4150828796875 0.6885265578124999 0.4161467296875 0.6850310875 0.4273648875 0.6819503953125 0.4299084515625 0.6785090484375 0.4300379796875 0.6732881046875 0.41823900937499997 0.6742659546875001 0.4097581328125 0.680959465625 0.4040042234375 0.6792962234375 0.4024673109375 0.6812999234375 0.40874815781249996 0.684760471875 0.40738467343749996 0.6889388484375
0 0.4287749140625 0.644684965625 0.433545784375 0.650301984375 0.43518047343750005 0.655999440625 0.4388790125 0.6614905015625 0.44361446562499995 0.663333325 0.4491864625 0.659200465625 0.44483810625000003 0.65240631875 0.43820375 0.6493231421875 0.440663178125 0.6477868499999999 0.438956159375 0.6452525140625001 0.4328218046875 0.643813871875 0.4287749140625 0.644684965625
0 0.4423959828125 0.6802451171875 0.43926828125000006 0.68394698125 0.44100223749999995 0.6866340859375 0.4456753328125 0.684549946875 0.44715837187499996 0.682240709375 0.4567824171875 0.6832215421875001 0.46885408437500004 0.6814080171875 0.46675481406249997 0.6778402171875 0.4652751015625 0.6777860953125 0.45983595624999996 0.67433465 0.45164955625000003 0.67436046875 0.4466498890625 0.676974746875 0.44287901874999996 0.6746468046875 0.4381789859375 0.6765781750000001 0.4423959828125 0.6802451171875
0 0.42145336093749997 0.7151264921875 0.4213356390625 0.7216054984375 0.42636224218749996 0.719143990625 0.426820175 0.72174105625 0.43111282500000003 0.7198815171875 0.43483979375 0.714813840625 0.444413290625 0.713125775 0.44569596093749997 0.7084890921875 0.4453760390625 0.704292509375 0.437228384375 0.7057291593749999 0.4353833546875 0.7047943421875 0.42895452343749996 0.7100233953124999 0.4265253578125 0.70934909375 0.422274775 0.7102561046875 0.42145336093749997 0.7151264921875
0 0.4244566890625 0.7226303578125 0.420298725 0.7252537390625 0.42565705937500004 0.728246878125 0.42482383749999997 0.7318591999999999 0.426246353125 0.733971146875 0.42922091250000005 0.7329740953125 0.43191429374999996 0.7291912953125 0.4390586234375 0.7268289296875 0.44711698593750004 0.721312546875 0.44830039062499993 0.719686215625 0.44731551875 0.7152918453125 0.44360700625 0.716890865625 0.4407855875 0.7151831 0.4351058421875 0.7187048859375 0.429234209375 0.723520653125 0.42619064531250006 0.7253174625 0.4244566890625 0.7226303578125
0 0.428492115625 0.739560853125 0.4259282625 0.738122709375 0.4265998609375 0.7335937765625 0.422879540625 0.7339347328125 0.4228762171875 0.73629809375 0.41918283437500004 0.73679181875 0.4092827671875 0.739010021875 0.41457209375000004 0.7428029203125 0.42120129375 0.7399013125 0.42437289375000004 0.7435950671875 0.4284079796875 0.741465909375 0.428492115625 0.739560853125
0 0.35543475625 0.78142620625 0.362833328125 0.7816968203125 0.362447725 0.7759366359375 0.37114409843749996 0.770465271875 0.37974453124999996 0.7656409 0.3824412359375 0.7594947390625 0.3682821046875 0.758998528125 0.36127761875000003 0.7681095234375 0.35466355156249996 0.7699058359375 0.34769265 0.7744428765625 0.35515690312500003 0.77627709375 0.35543475625 0.78142620625
0 0.38136259687499996 0.7831551609375 0.3868740703125 0.783443484375 0.3895707765625 0.7772973249999999 0.40202621406250005 0.7728958375 0.40637606249999997 0.7689784765625001 0.40438786562500006 0.7636583890625 0.39510219687500003 0.7634054828125 0.388170040625 0.7693533593749999 0.379519059375 0.771508834375 0.3763762265625 0.77631599375 0.3813423078125 0.7782756703125 0.38136259687499996 0.7831551609375
0 0.41354102187499997 0.79055525625 0.416177203125 0.7888302781250001 0.4154617046875 0.7859635921875 0.4208182046875 0.7806085859375 0.42611750625000006 0.7773114 0.41992927656249995 0.775567221875 0.4209898015625 0.7744351125 0.41300376875 0.7767883765625 0.41101407968750003 0.782179796875 0.4079015109375 0.7847763671875 0.4046660609375 0.78786715625 0.40927863281250004 0.7902042 0.41354102187499997 0.79055525625
0 0.44934165000000004 0.7708535828125 0.4562402203125 0.7694796609375001 0.46317570156250004 0.7611684234375 0.47047649687500004 0.7537378828125 0.4708097171875 0.7484810234375 0.46871044843750004 0.7449132234375 0.45805464687499997 0.753565415625 0.45064942500000005 0.758021521875 0.44258258125000005 0.759916478125 0.445223921875 0.7641762875 0.44729625312500004 0.7675913203125 0.44934165000000004 0.7708535828125
0 0.46874620624999996 0.767747071875 0.47534514375 0.7670560562500001 0.47976399843750006 0.7623389359375 0.48766589531250004 0.761890728125 0.49445671718749995 0.75990573125 0.496123159375 0.7526810875 0.484123821875 0.7513314906249999 0.47367503749999995 0.75758440625 0.46678827343749996 0.76021639375 0.4654247890625 0.7643947703125 0.47042113125 0.764143853125 0.46874620624999996 0.767747071875
0 0.4576941484375 0.7396098515625 0.459926271875 0.735593346875 0.4619126359375 0.7325652859375 0.4727418671875 0.72608776875 0.47140348750000005 0.7220707671875 0.4599008265625 0.7247290703125 0.45414875 0.7314139765625 0.448391515625 0.7321140953125 0.44720478750000003 0.7361037859375 0.45253618281249997 0.7389441578125 0.4576941484375 0.7396098515625
0 0.4991258046875 0.7220656421875 0.5045143999999999 0.7228481890625 0.5095291984375 0.7191286156250001 0.5163705703125 0.7198125171875 0.525428934375 0.7175852093749999 0.52938320625 0.7149977453125 0.5299352500000001 0.7085996734375 0.521410471875 0.707897565625 0.5085745890625 0.7125236515625 0.5025749203125 0.711848853125 0.4963143609375 0.7132677968750001 0.503083403125 0.7171148171875 0.4991258046875 0.7220656421875
0 0.48849029374999997 0.735597325 0.49437040625 0.734402984375 0.5025331937499999 0.7318610375 0.508209615625 0.7307026109375 0.5065479890625 0.7248523875 0.490474825 0.7242211171874999 0.48223970781250003 0.729926184375 0.47611715937500004 0.729745609375 0.476736715625 0.733259284375 0.4822061203125 0.7345001390625 0.48849029374999997 0.735597325
0 0.4776972921875 0.6970182171875 0.4801500703125 0.700208646875 0.48407740625000006 0.6974684140625 0.48668665000000005 0.69559066875 0.4913143546875 0.69682241875 0.5007682953125 0.6932652140625 0.5000712515625 0.6869298703125 0.4926306109375 0.6876117828125 0.48426413281249997 0.6901896468750001 0.4799360640625 0.688274990625 0.47495152812499997 0.6897839734375 0.4795489703125 0.6932263140625 0.4776972921875 0.6970182171875
0 0.5381685328125 0.6945464578125 0.5391246328125 0.6904399140625 0.5417910781249999 0.68650434375 0.5428431203125 0.6817508109375 0.544539825 0.6723155734375 0.5350622703125001 0.67335665 0.5297747765625 0.677911896875 0.5320323453125 0.6847596703125001 0.5330880546875 0.6967024296875 0.5381685328125 0.6945464578125
0 0.562792603125 0.7448634234375 0.567039859375 0.7463197734375 0.5702365671875 0.7418181500000001 0.574103378125 0.7434991 0.5798908734375 0.7405883890625 0.57902888125 0.7356997953125 0.58666473125 0.7313605421875 0.587896853125 0.7240549625 0.5781347968749999 0.7246736484375 0.5719096578125 0.729866784375 0.570219603125 0.7345752984375 0.5647048046875 0.7366503359375 0.564332840625 0.7404963625 0.562792603125 0.7448634234375
0 0.549592896875 0.73789730625 0.5546379578125 0.731967140625 0.562354615625 0.72808619375 0.5659284437500001 0.7257233296875001 0.564335825 0.7190733453125 0.553674865625 0.72174075 0.5496213265625001 0.72733856875 0.5434449031249999 0.7268524546874999 0.542500609375 0.7322170625 0.54387773125 0.7376448984375 0.549592896875 0.73789730625
0 0.54719399375 0.7350124140625 0.5452327328125001 0.7298450953125 0.5372972500000001 0.7348672578125 0.5367821187499999 0.7343280156249999 0.5303481296875 0.7335722812500001 0.5315484984375 0.7391888015625 0.532287609375 0.7445716171875 0.5374489 0.74287395 0.543074771875 0.739046628125 0.54719399375 0.7350124140625
0 0.5355064359374999 0.7532976312499999 0.543554825 0.75487133125 0.5497497046875 0.7518887875 0.5493607765624999 0.7484919624999999 0.5560741109375 0.7436852984375 0.5608077296875 0.7371799765625 0.5555453390625 0.7335398468750001 0.545354121875 0.7400623828125 0.54289136875 0.743962034375 0.5381677218750001 0.7433772765625 0.5362891078125 0.7470164109375 0.53758874375 0.7496225796875 0.5355064359374999 0.7532976312499999
0 0.6060327187500001 0.7542510015625 0.6094534046875 0.7545929515625 0.6110796109375001 0.75666898125 0.6147578640625 0.7572805546875 0.6155102734375 0.7532099265625 0.6155556640625 0.7498940375 0.619782634375 0.7464708984375 0.6246088734375 0.74168194375 0.6264638734375 0.7355266796875 0.61983284375 0.7300801406249999 0.612927625 0.736180784375 0.6073792390625 0.7428297734375 0.6062043171875 0.7480775296875 0.598667734375 0.7494064328125 0.5991644109375 0.75341433125 0.6060327187500001 0.7542510015625
0 0.6016643046875 0.6820268046875 0.6010213484375 0.68537998125 0.601402271875 0.6887068984375 0.6063254265625 0.6862960484375 0.6073113578125 0.6848879890624999 0.6143878015625 0.6830231140625 0.6197099546875 0.6805419109375 0.62229188125 0.6788524359375 0.6205144640625 0.6757717609375 0.6138518390625001 0.67648373125 0.61067466875 0.6759640171875 0.6045281359375 0.6784363046874999 0.602495196875 0.677406278125 0.598370040625 0.6796764203125 0.6016643046875 0.6820268046875
0 0.614377365625 0.6526324859375 0.617965096875 0.6543140203125 0.6221282 0.653425675 0.624492553125 0.6551686484375 0.626111675 0.6573515765625 0.6296647156249999 0.6553365921875 0.6298971109375 0.6508215953125001 0.6340551624999999 0.6440716359375 0.6352059046874999 0.63893188125 0.6284146203125001 0.6365810093750001 0.6239284125 0.6403033015624999 0.6223407234375 0.6441316125000001 0.621656565625 0.6484177140625 0.6203507828125 0.650345 0.6176253765624999 0.65005418125 0.614377365625 0.6526324859375
0 0.6761853343750001 0.6111873296875 0.6788348484375 0.6087145546875 0.666254828125 0.6096985375 0.6634271468749999 0.6064944984375 0.6500310546875 0.6110164625000001 0.64342624375 0.6178892984375 0.6527615109375 0.6171689 0.6587201078125 0.6159639609374999 0.6655970515625 0.6141342640625 0.6703850359375 0.6132900125 0.671100628125 0.615015153125 0.6756511671875 0.6128242828125 0.6761853343750001 0.6111873296875
0 0.6339911671875 0.6612076109375 0.6373266328125 0.662625071875 0.639155021875 0.657828659375 0.6424062890625 0.6529356328125 0.6449914734375 0.6489314359375 0.6451298999999999 0.6450501140625 0.6403979375 0.6438788921875 0.6351516765625 0.649123690625 0.6334815859375 0.6548178515624999 0.6314949000000001 0.6587165171875 0.626255153125 0.659331871875 0.6312393796875 0.6607671671875 0.6339911671875 0.6612076109375
0 0.6383337734375 0.74066566875 0.6444391031250001 0.739126303125 0.647266784375 0.7423303437500001 0.6514826515625 0.7417412484375 0.6532286375 0.738810684375 0.6499195515625 0.7375428484375 0.6517298671875 0.7361437046875 0.6551097921875 0.7343135203125 0.65856055625 0.729385315625 0.6573733296875 0.7226522140625 0.6473752375 0.7219467234375 0.641726721875 0.7295765984375 0.6408282453125 0.734980425 0.6368086203125001 0.7378490640625001 0.6383337734375 0.74066566875
0 0.645535284375 0.7255109625 0.649117965625 0.7213308796875 0.6520674578125 0.7135598109375 0.650108615625 0.7071170421875 0.644740209375 0.704669553125 0.6407108171875 0.71448235625 0.6401849546875 0.7196662046875 0.6356459796875 0.7230892484375 0.6354020234375 0.726372071875 0.6409088546875 0.7249382390625 0.645535284375 0.7255109625
0 0.6800273359375 0.7251373140624999 0.686681653125 0.7208784484375 0.6924374953125 0.722023409375 0.6942510656249999 0.7183095453125 0.69086283125 0.716592834375 0.6888826578125 0.71586205625 0.6896723484375 0.712174453125 0.6892155328125 0.7060839421875 0.6899029484375 0.6994831203125 0.6810985953124999 0.7008812890625 0.67736918125 0.7053957984375 0.6773182109375 0.7132728875 0.677831046875 0.7173479234375 0.6800273359375 0.7251373140624999
0 0.73291126875 0.72290916875 0.7353876640625 0.7206211953125 0.7350743265624999 0.7165109796875 0.7401409578125 0.716080425 0.742165590625 0.7135635578125 0.7401474703125 0.7114509828125 0.7364625140625 0.7127178453125 0.733150175 0.7137647296875 0.727397590625 0.7103050484375 0.7204892109375 0.7061235031249999 0.7119190468750001 0.7111830140625 0.7172017937499999 0.717811071875 0.7254192109375001 0.7177506078125 0.7298956515625 0.7209724796875 0.73291126875 0.72290916875
0 0.7415916796875 0.705642375 0.745458059375 0.7077376046875 0.75185685625 0.7055293890625001 0.750120640625 0.7015157890625 0.7470902046875 0.7006616484375 0.7465592921875001 0.6999838796875 0.746580625 0.6942718875 0.7466399015625 0.6899416953124999 0.7451559515625 0.6861921671875 0.7350870171875 0.688584696875 0.7329882875 0.6965143078125 0.7329141906250001 0.7019270515625 0.7348994156249999 0.70851944375 0.7415916796875 0.705642375
0 0.6901172671875 0.69836539375 0.6951987171875 0.6968522921875 0.6971871984375 0.7011299640625 0.704862140625 0.699159559375 0.701940490625 0.6965891937500001 0.706151309375 0.6901384828125 0.713760128125 0.67846031875 0.7148515921875 0.6776507578125 0.702286390625 0.67755219375 0.696054196875 0.6842050515625 0.68984513125 0.69332225625 0.6901172671875 0.69836539375
0 0.728015625 0.6963111875 0.7254319015624999 0.689824325 0.7272339078125001 0.6848782875 0.72606655 0.682924253125 0.7196034234375001 0.683601046875 0.7182499265625 0.6910907015625 0.7182401578125 0.6980348656250001 0.7220306453124999 0.6973665 0.7240256375 0.6970147296875 0.726416375 0.698907325 0.728015625 0.6963111875
0 0.73654896875 0.6607114234375 0.740479678125 0.6643380750000001 0.74645309375 0.6620505875 0.7471751984375 0.6591462859375 0.752761178125 0.6581613265625 0.7549061609375001 0.6551604078125 0.750746315625 0.6537340296874999 0.747486740625 0.6550801640625 0.7432922046875 0.649957265625 0.74111904375 0.6446322234374999 0.7367101875000001 0.6406270515625 0.725553046875 0.641514421875 0.7240857078125 0.6448586828125 0.7263495828125001 0.6518647718749999 0.7348803375 0.655914525 0.73654896875 0.6607114234375
0 0.5637523234375 0.538980640625 0.5678124359375001 0.541037771875 0.5732891453125 0.5441392031250001 0.5780802921875 0.5475463859375 0.582288521875 0.546249753125 0.582819915625 0.5422738015624999 0.5745593796875 0.5359658515625 0.57666544375 0.5339306734375 0.5761773703124999 0.529764740625 0.5692901125 0.532642975 0.568776478125 0.5353217109374999 0.5637523234375 0.538980640625
0 0.6715067234375 0.507039790625 0.67326718125 0.5128300578125 0.67572100625 0.5127671203124999 0.6793246578125001 0.5108376156250001 0.680889375 0.508528153125 0.6813220234374999 0.5067880421875001 0.6849079171875 0.506155753125 0.6885431843750001 0.5044055421875 0.6876224609375 0.501979721875 0.68497895 0.5009668890625 0.6819344046875 0.5018734640625 0.679913228125 0.500196290625 0.67625415 0.49621975625000003 0.6726899171875 0.492781103125 0.66885110625 0.4919790359375 0.665652390625 0.48921541093750004 0.6596719984375 0.49304295312499996 0.6605255890625 0.49788391093750006 0.6623038046875 0.5023769609375 0.66876836875 0.5054890765625 0.6715067234375 0.507039790625
0 0.635198178125 0.5611382171875 0.6384007953124999 0.5611281171875 0.6406194640625 0.55833360625 0.6365277375 0.55609718125 0.6343623453125 0.5550000453124999 0.6319934093749999 0.55135063125 0.6290831234375001 0.54742693125 0.6219390484375 0.55164453125 0.6261533312500001 0.5573718609375 0.62826545 0.5623606453125001 0.6325646203125 0.5643756234375 0.635198178125 0.5611382171875
0 0.5451421421875 0.482364503125 0.54385025 0.49460879531249996 0.5527547828125 0.49618146249999995 0.5609477890625 0.48253544843749996 0.56543059375 0.47860223281250003 0.5640988828125 0.47384558125 0.5643279890625 0.4695531921875 0.55733203125 0.4704170296875 0.5451421421875 0.482364503125
0 0.48620997499999996 0.546552765625 0.46859665 0.5515071625 0.4680752109375 0.5597333515625 0.48006370781249996 0.5550312875000001 0.485755665625 0.55236381875 0.4926922953125 0.5483676656250001 0.48620997499999996 0.546552765625
0 0.3561489046875 0.6424846640624999 0.35637555 0.638909121875 0.362350646875 0.6351235140625 0.36310285625 0.6320981328124999 0.3584638875 0.6313090265625 0.35208859531250003 0.63404024375 0.3505051234375 0.6372122 0.34446640624999997 0.6369913234375 0.3473965328125 0.6414566140625 0.35028713125 0.644482503125 0.3561489046875 0.6424846640624999
0 0.344145396875 0.5501048374999999 0.3404785 0.5475372468749999 0.34065018125 0.5436499796875001 0.334858809375 0.5448318640625 0.332902621875 0.547105290625 0.3302044046875 0.5451704359375 0.325711503125 0.5488554015625 0.32335172968750003 0.55248565625 0.317544921875 0.55479521875 0.317103675 0.5632298437500001 0.3171706859375 0.5648251078125 0.325208509375 0.5618007421875 0.33234805624999997 0.5573276859375 0.335590665625 0.5562738015625001 0.3423232328125 0.55556879375 0.34138542968749996 0.5526806984375 0.344145396875 0.5501048374999999
0 0.412196971875 0.5094994640625 0.4137890984375 0.51002226875 0.41738033124999996 0.5072998328125 0.4177632203125 0.500964703125 0.41936891562499995 0.49184262968750003 0.41244396875 0.49145660312499995 0.4062490109375 0.49399531406249997 0.4039099359375 0.5026038703125 0.4038997609375 0.5098375296875 0.412196971875 0.5094994640625