0 0.15284395 0.294966746875 0.155964665625 0.294726328125 0.158508509375 0.28953361875 0.1618264109375 0.287982559375 0.165778878125 0.28270189375 0.16686865 0.27887552968749996 0.16514362656249998 0.273744378125 0.1626550296875 0.27173589374999996 0.159595146875 0.27450083593749997 0.15441096875 0.2777173109375 0.1521478671875 0.28348470937500003 0.15009175 0.2820186609375 0.1473402359375 0.2817576953125 0.146925584375 0.28353746874999997 0.1469004109375 0.28565736249999996 0.14474848906249999 0.28970949375 0.1466479734375 0.2941691984375 0.15074727968749999 0.2918176828125 0.151397225 0.29189098750000003 0.15284395 0.294966746875
0 0.1724544578125 0.36036692187499997 0.16865617500000002 0.3641346328125 0.1693239484375 0.3665301484375 0.17070494687499999 0.37004278749999997 0.1749080859375 0.37041810937499997 0.1796978890625 0.3698229140625 0.18140998125000002 0.369670453125 0.18374684218749998 0.371711190625 0.187320315625 0.372854715625 0.18864537812499999 0.3708814296875 0.1867864484375 0.368104740625 0.18793949999999998 0.365322196875 0.18736263125 0.3603699078125 0.180210790625 0.36104426093750003 0.176030378125 0.3600297453125 0.1724544578125 0.36036692187499997
0 0.1916776375 0.371717084375 0.195880090625 0.359405284375 0.1890009625 0.352409309375 0.186535090625 0.3497616296875 0.18478978906250002 0.343788971875 0.181701596875 0.337467390625 0.1768233375 0.339138659375 0.1731110625 0.34331100000000003 0.1738144921875 0.35035093125 0.1754940625 0.3567604703125 0.181859603125 0.359847978125 0.1850411484375 0.36213208125 0.1875905765625 0.366665090625 0.1916776375 0.371717084375
0 0.23079275781250003 0.4617292296875 0.227011615625 0.4551320296875 0.22219908593749998 0.45636642031249997 0.217798759375 0.4573017390625 0.21353234062499998 0.45588259531249997 0.2078548515625 0.456032109375 0.2054221859375 0.4595095515625 0.2065175421875 0.46540890625 0.210536425 0.4723784796875 0.214823121875 0.47463913125 0.22180295 0.47315552343749995 0.2277230796875 0.4704169796875 0.23079275781250003 0.4617292296875
0 0.20872539531249998 0.46684270312500004 0.206411259375 0.46416276874999995 0.20284268593750002 0.46005784062500005 0.199019228125 0.46594545 0.199965296875 0.4703963546875 0.20181443125 0.47909585000000005 0.20341289375 0.48213935625 0.20510470937499997 0.48114538749999997 0.20805341249999998 0.4800957125 0.212496740625 0.47936270781249996 0.21083499843750003 0.4752753796875 0.2090823515625 0.4737448265625 0.20902152031250001 0.47122030156249994 0.20872539531249998 0.46684270312500004
0 0.21042270312500003 0.567345703125 0.20612552499999998 0.5583207375 0.19788391249999998 0.562821453125 0.1987114546875 0.57342973125 0.20094761874999997 0.5839500531249999 0.2022856140625 0.587260378125 0.20379807031250002 0.5898992578125 0.20873715937499998 0.5907525125 0.21034296718749998 0.5893539156250001 0.212993096875 0.585407340625 0.21038038593750003 0.5798305109374999 0.2114904359375 0.5768456546875 0.21042270312500003 0.567345703125
0 0.176432603125 0.5491959875 0.17517326718749998 0.5507323937499999 0.1745694609375 0.562067821875 0.178583446875 0.5719988015624999 0.1822859265625 0.57374926875 0.186059034375 0.5721014531249999 0.1863041234375 0.568031721875 0.1852290453125 0.5629738765625001 0.184695178125 0.5582239 0.180810203125 0.5488998640625 0.176432603125 0.5491959875
0 0.23904036562500003 0.7549551109375 0.24151916718750002 0.7628864046875 0.24320118750000003 0.7678152421875 0.24378050624999997 0.7712868312500001 0.2469620515625 0.773570934375 0.25296818593750003 0.7712370171875 0.253906221875 0.76744290625 0.252896871875 0.7619481796875001 0.248339228125 0.7531900328125001 0.24609571875 0.7471118171875 0.2384634953125 0.750002821875 0.23904036562500003 0.7549551109375
0 0.2392861390625 0.7635725046874999 0.2364332390625 0.759104 0.23686327031249998 0.7611271375 0.23427887187500002 0.76463683125 0.23327510624999998 0.7688678234374999 0.234929503125 0.77739725625 0.23674053125 0.7829330375 0.2393126875 0.7868268515625 0.2444059609375 0.7861671515624999 0.24478250781250002 0.7812236625 0.2440790796875 0.7741837281249999 0.2421163140625 0.768680203125 0.2392861390625 0.7635725046874999
0 0.228887025 0.7623996328125 0.22328819375000003 0.7673958812499999 0.2225172734375 0.7749606515624999 0.22675117031249997 0.7829417953125 0.22746929374999997 0.78109751875 0.23029388437499998 0.7764795 0.23135603124999998 0.7762537328125 0.23158084375 0.7713424953125 0.23308771562500002 0.76425565625 0.2313245859375 0.7559607890625 0.228887025 0.7623996328125
0 0.21371035 0.7544184484375 0.210015215625 0.7482258765625 0.20974985 0.7514540984375 0.20799230624999998 0.7528849484375 0.20642705156250002 0.7559665609375 0.20819507656249997 0.7613000265625 0.21085323906250003 0.7655984703125001 0.2156105203125 0.771565275 0.219752828125 0.7694160734375 0.222670771875 0.7607605765625001 0.220786665625 0.7601037828125 0.2171271890625 0.7585556296875 0.21371035 0.7544184484375
0 0.2090537671875 0.7399720609375 0.21261744375 0.74703839375 0.21688141249999998 0.7499382375 0.2218254015625 0.7478300890625 0.22148137656250003 0.7462115781249999 0.21830472812499999 0.7409660703125 0.2148700609375 0.7345066796874999 0.2095082859375 0.7271881812500001 0.2079786890625 0.734914215625 0.2090537671875 0.7399720609375
0 0.20738016875 0.703746175 0.20284035 0.6973102359375 0.20025350312499998 0.70230063125 0.20061780625 0.70476065 0.2026463 0.709827296875 0.2044800546875 0.7147238812500001 0.2086052203125 0.7229395921874999 0.2127880828125 0.72247340625 0.2163056203125 0.7181310046875 0.21706919375 0.7150083390625 0.21454249218750002 0.7098361359375 0.21108264999999998 0.7054966406250001 0.20738016875 0.703746175
0 0.21907986093749998 0.717752775 0.2223725875 0.7183216125 0.227640321875 0.716990465625 0.23005760625 0.7097101140625 0.2267869203125 0.6958149625 0.22351691875 0.6946069328125 0.21874494531250002 0.6975243375 0.2189679921875 0.706780921875 0.218675003125 0.713609740625 0.21907986093749998 0.717752775
0 0.2021044 0.6968323046875 0.20320465312499997 0.6997702546875 0.2062571890625 0.7014474171875 0.21070296875 0.6992337125 0.215826315625 0.6934927125 0.2153987328125 0.689988871875 0.21163786875 0.6842331796875001 0.20756373906249997 0.6844648 0.20346198593749998 0.688297015625 0.2024354953125 0.6931672015625 0.2021044 0.6968323046875
0 0.20153654843750002 0.7650413390625 0.198871040625 0.7651850015624999 0.1952699453125 0.7676420734375 0.19468083125 0.7700932921875 0.191772684375 0.7728259828125 0.1876328265625 0.7734944828125 0.185721096875 0.7764382875 0.18694791093750002 0.7814638796875 0.18934560625000002 0.7860291421875 0.1914244484375 0.786855996875 0.1974963125 0.7840852015625 0.19897556249999998 0.7805989609374999 0.20379788593749998 0.7734417640625 0.20153654843750002 0.7650413390625
0 0.1941119953125 0.7733860203125 0.1981707453125 0.7693514875 0.19989508281249999 0.76179551875 0.1975858453125 0.7561541828125 0.19570479062499999 0.756854746875 0.1950898984375 0.758587803125 0.1912916171875 0.7623555140625 0.18789819218749998 0.7702662609375001 0.1910797359375 0.772550365625 0.1941119953125 0.7733860203125
0 0.183755196875 0.7597283406249999 0.18260214531250002 0.7625108828125 0.18300945156249998 0.765173215625 0.184628190625 0.7690582296875 0.1883485 0.7731309078125 0.1917167515625 0.76734005625 0.193114890625 0.760487784375 0.192502365625 0.7508910765625 0.1904272609375 0.748662975 0.1896445671875 0.749383975 0.186905984375 0.7544066234375 0.183755196875 0.7597283406249999
0 0.1776291609375 0.7428453859374999 0.176842859375 0.746607246875 0.17759419062499998 0.7508880890625 0.178757725 0.7548698609375 0.1832594375 0.75814208125 0.1889823796875 0.7567141796875 0.189338646875 0.75092918125 0.18857683593750002 0.7398840234375 0.1855316453125 0.73376475625 0.1803726421875 0.7348613359375 0.1776291609375 0.7428453859374999
0 0.18655813593749998 0.7288945703125 0.191727621875 0.73456230625 0.19600383593749998 0.730058640625 0.19629437656249998 0.724710525 0.191372428125 0.7134923578125 0.1867798125 0.7127769140625 0.1840639546875 0.7171603656250001 0.184425809375 0.7211010875 0.18655813593749998 0.7288945703125
0 0.177157203125 0.713764990625 0.1737225359375 0.7073055984375001 0.17016444375 0.709964984375 0.1695777796875 0.7109355015625 0.16831844375 0.7124719093749999 0.1681618109375 0.7154655640625001 0.1673534703125 0.7325537390625 0.1681957046875 0.7342778078125 0.1735948984375 0.7320729 0.17777286406249998 0.73456811875 0.180289084375 0.73297600625 0.1792164546875 0.726437459375 0.17949965 0.725531446875 0.177157203125 0.713764990625
0 0.1677877125 0.718928353125 0.1681618109375 0.7154655640625001 0.167612565625 0.7069126781249999 0.1650404109375 0.7030188625 0.1606400828125 0.7039541812500001 0.1567103421875 0.708595653125 0.156075778125 0.7123252609375 0.15632645 0.7179812484375 0.15761899375 0.7225699624999999 0.15800602187499999 0.7243907875 0.157131265625 0.7292287203125001 0.158014053125 0.732635803125 0.1621766390625 0.7313281093749999 0.1653249765625 0.72748709375 0.1680383859375 0.7245843421875 0.1677877125 0.718928353125
0 0.159808034375 0.656765240625 0.15950211406249998 0.6583104468750001 0.1591433953125 0.665576146875 0.161343903125 0.671452046875 0.16435343593750001 0.672926896875 0.16936805 0.6674204625 0.17052844843749998 0.6601958156250001 0.1709074421875 0.653771625 0.170140734375 0.6456878703125 0.165689371875 0.638175859375 0.1598706265625 0.6451219421875 0.159808034375 0.656765240625
0 0.17260415625 0.649816253125 0.17421555 0.6581433718749999 0.1741603015625 0.6653445671875 0.173591465625 0.66863729375 0.178154009375 0.6744340390625 0.1832927359375 0.67249595 0.1846146640625 0.65931624375 0.1847583671875 0.6510389734375 0.1803930109375 0.643931590625 0.1774719328125 0.64138066875 0.171529078125 0.64475840625 0.17260415625 0.649816253125
0 0.14387973125 0.5922740265625001 0.1405163765625 0.5951034734375 0.14119953125 0.6013018984375 0.14424716875000002 0.6059404640625 0.14949217812499999 0.6052485109375 0.15426346562499998 0.5896439859375 0.1527989109375 0.5842460171875 0.1522398703125 0.5816159359374999 0.14619318125 0.5822668359375001 0.144683859375 0.590834375 0.14387973125 0.5922740265625001
0 0.1395860765625 0.5549134140625 0.1393766453125 0.5636275625 0.13763692968750002 0.567380621875 0.135917490625 0.5719751890625 0.136557640625 0.5779713 0.141069146875 0.5753207140625001 0.14245259375 0.5773526515625 0.1439447734375 0.579150025 0.1479783484375 0.5772353890625 0.1486730578125 0.5633431843750001 0.147208503125 0.557945215625 0.1451345578125 0.55415695625 0.1395860765625 0.5549134140625
0 0.13002361093749998 0.5457388921875 0.12756332343750001 0.5528169296875001 0.12586416250000002 0.55825300625 0.1229130125 0.5607833828125 0.122991671875 0.5656301140625 0.12732137187499998 0.5680930796875 0.1293344875 0.5693568140624999 0.130912671875 0.5715588140625 0.1354899078125 0.5684713484375 0.136865321875 0.5622582703125001 0.136708003125 0.5525648046875 0.135847940625 0.548518528125 0.13002361093749998 0.5457388921875
0 0.12524536718749998 0.5262434578125 0.12462862968749999 0.5322952734374999 0.12241098125000001 0.536784284375 0.12318503750000001 0.5404259328125 0.126819340625 0.5440939828125 0.1330883921875 0.540012546875 0.1335687734375 0.53779589375 0.1315273484375 0.527445634375 0.1298201546875 0.52463669375 0.129020921875 0.5231149390625001 0.12272111249999999 0.519590553125 0.12524536718749998 0.5262434578125
0 0.1334457375 0.507372603125 0.13749714062500001 0.507780178125 0.141985921875 0.5057687859375 0.14282991875 0.49332503125000005 0.1390033265625 0.48800621875 0.131659196875 0.4870298078125 0.1312039890625 0.48712656406250004 0.13236507343749998 0.49258903906249996 0.1319682515625 0.49669102187499997 0.13126795625 0.5008575078125 0.1334457375 0.507372603125
0 0.12729873593750002 0.4769610203125 0.1275291328125 0.4817755015625 0.130667675 0.48385729218750007 0.1354623765625 0.48030069218750004 0.1369059671875 0.47217003281250003 0.13564594531250002 0.46101931875 0.1295838765625 0.4578673078125 0.1228442390625 0.45824258906250004 0.1220579375 0.4620044484375 0.126807875 0.47241335937500006 0.12729873593750002 0.4769610203125
0 0.10666272343750001 0.481347340625 0.10283926562500001 0.48723494843750004 0.0990004296875 0.48931964531250005 0.09800714687499999 0.5003149515625 0.10059712968750001 0.5065309765625 0.1097921578125 0.502039059375 0.11680450625000001 0.49399344999999995 0.1183844546875 0.4820276265625 0.1171146375 0.47679971875 0.11516970156249999 0.473618403125 0.11042535 0.472935209375 0.10666272343750001 0.481347340625
0 0.1007080140625 0.4525865203125 0.1006331765625 0.471633328125 0.0990979921875 0.46963364218750003 0.09751001249999999 0.47335445 0.098218340625 0.4774329796875 0.10355425468749999 0.4741842515625 0.10608340624999998 0.477875753125 0.109138390625 0.47807221406249994 0.108462584375 0.467431684375 0.11053584375 0.4585328203125 0.10686098749999999 0.45318175624999996 0.1050653359375 0.45144888906249997 0.1007080140625 0.4525865203125
0 0.0854545328125 0.3338195265625 0.0884941390625 0.3302130765625 0.0882410171875 0.326037790625 0.0911694421875 0.32414660781250004 0.09308606875 0.3182414 0.0942667421875 0.3118582609375 0.087468721875 0.30822831875 0.084259553125 0.30954481093749997 0.0820670796875 0.3119139265625 0.0785243671875 0.31837622187500003 0.07525995156250001 0.32689390937499996 0.0754018921875 0.33278446562499997 0.076373134375 0.33511547343750003 0.07734437968749999 0.337446484375 0.0782953453125 0.338935984375 0.082002725 0.3377250484375 0.0854545328125 0.3338195265625
0 0.0639700140625 0.314068940625 0.0683248890625 0.31441200937499997 0.0692856515625 0.309978703125 0.0682284 0.30724306874999996 0.0656359671875 0.3025077453125 0.061485628125000004 0.29641192968749996 0.0566349921875 0.2944826015625 0.054404414062499996 0.2936879984375 0.0539596890625 0.300549071875 0.0524147125 0.3044721921875 0.057652375 0.30822234375 0.05975394375 0.3084100046875 0.0639700140625 0.314068940625
0 0.070301659375 0.2983442046875 0.066143971875 0.29669049375 0.062504771875 0.29598384843750003 0.061023075 0.3009507921875 0.059480546875 0.3033932109375 0.060383612499999996 0.3076418015625 0.0635829859375 0.312248115625 0.067050175 0.31214550625 0.0754840765625 0.3092955515625 0.07754509062500001 0.30780019687500004 0.0769909484375 0.3022087140625 0.0749372796875 0.2992619640625 0.070301659375 0.2983442046875
0 0.088820725 0.2899673125 0.0823268609375 0.2989599859375 0.07861458437499999 0.3031323265625 0.078387325 0.3095242640625 0.08048399687499999 0.3126733296875 0.0882249515625 0.3095477578125 0.09588969375 0.30009475 0.097065471875 0.29667301562500004 0.096855353125 0.29270004374999997 0.096427771875 0.2891962015625 0.0934612421875 0.28792366875000003 0.088820725 0.2899673125
0 0.09343048125 0.28031784531250004 0.094360484375 0.26827871718749996 0.0923295421875 0.26469277343750003 0.0902482484375 0.2653466203125 0.0816779921875 0.2720317375 0.0760134328125 0.277464865625 0.07627145156250001 0.2786787484375 0.07457473906249999 0.28263412187500003 0.0733940640625 0.2890172609375 0.0769878109375 0.29100229375 0.0795243109375 0.290251690625 0.08576818750000001 0.28829015 0.0871817078125 0.2852407890625 0.09343048125 0.28031784531250004
0 0.05755451406249999 0.275679159375 0.052003584375 0.27791631875 0.049335628124999996 0.2795406828125 0.0448443984375 0.283032775 0.04453113125 0.2890200890625 0.0470197296875 0.2910285734375 0.0516098953125 0.2932247203125 0.0569003578125 0.2912543796875 0.0595025859375 0.29006689531249996 0.0636270640625 0.28559548437500004 0.063550853125 0.2792680515625 0.05755451406249999 0.275679159375
0 0.06129441249999999 0.267906221875 0.0575440328125 0.2689148453125 0.057731425 0.2735270125 0.06058432500000001 0.27799551562499997 0.065374128125 0.2774003203125 0.0698954296875 0.26882692812500003 0.0695384734375 0.261924803125 0.0683773890625 0.2564623296875 0.06787673125 0.257837475 0.0636613484375 0.2648656609375 0.06129441249999999 0.267906221875
0 0.0586827796875 0.235474446875 0.055976717187500004 0.23393509375 0.05142465625 0.2349026640625 0.044381546875 0.23534245 0.0370097921875 0.23796663749999997 0.037907962499999996 0.24517663125000003 0.041306971875 0.24699160468749998 0.0478973234375 0.24516787343750002 0.050153076562499996 0.24384257968749998 0.0572643625 0.2414852109375 0.0586827796875 0.235474446875
0 0.0645064203125 0.2255669609375 0.06562871249999999 0.21517859687500002 0.061647935937499995 0.21137273906249998 0.0646672640625 0.20692478125 0.0573108890625 0.21335187812499998 0.0456832 0.2213212375 0.0457999640625 0.2293316875 0.047051953125000004 0.23223738593749998 0.047112784375 0.2347619078125 0.0473253515625 0.2372541796875 0.05293466249999999 0.239022246875 0.057013690625 0.23582922343749999 0.061031885937499995 0.23011167656249998 0.0645064203125 0.2255669609375
0 0.0331112 0.2106718671875 0.0331346140625 0.22271979375 0.035423575 0.22751962187500002 0.044042420312500004 0.23076253593749999 0.049471685937499996 0.22347633125000002 0.050652362500000006 0.217093190625 0.05184528125 0.20330654374999999 0.0451406140625 0.1956391234375 0.0341352421875 0.20728238281250003 0.0331112 0.2106718671875
0 0.08302058749999999 0.220151471875 0.0818958453125 0.2320205375 0.08847150312499999 0.23908101718750002 0.0922218859375 0.2380723953125 0.09715294218750001 0.2306806328125 0.1011809328125 0.2190402796875 0.09425880156250001 0.21184199218750002 0.0879792671875 0.2091591125 0.08660385312499999 0.215372190625 0.08302058749999999 0.220151471875
0 0.066225171875 0.20828527187499998 0.06928015781249999 0.20848173281250001 0.07495519843750001 0.2098129203125 0.08178084375 0.209842265625 0.084284134375 0.202966540625 0.0820178984375 0.19752751875000002 0.071813521875 0.196524709375 0.0669758171875 0.1998789953125 0.066225171875 0.20828527187499998
0 0.0965684296875 0.1779412609375 0.09548776718749999 0.1631576953125 0.08917502499999999 0.154349696875 0.0839828140625 0.14932115625 0.07966359687499999 0.15362250625 0.0766215421875 0.15870965937499998 0.0768113828125 0.16184112343749998 0.08168474375 0.16313125781249999 0.085096684375 0.17022984218749998 0.0893735859375 0.1784133 0.0965684296875 0.1779412609375
0 0.05613344218750001 0.1391701859375 0.051672284375 0.1375809796875 0.0473757921875 0.141243134375 0.0490123609375 0.147450359375 0.05305396875 0.153780740625 0.058901021875 0.1559211828125 0.06995253125 0.15568665625 0.072407921875 0.151570021875 0.0703185953125 0.143978853125 0.06139138125 0.1437618453125 0.05613344218750001 0.1391701859375
0 0.1156643625 0.1745166578125 0.12015559218750001 0.1710245640625 0.12185230625000001 0.167069190625 0.12382173125 0.155443490625 0.12031643750000001 0.1523823828125 0.11509660156249998 0.15095444062500002 0.11101757500000001 0.1541474640625 0.1118321859375 0.159472128125 0.1088534125 0.1656031015625 0.110616540625 0.1738979703125 0.1156643625 0.1745166578125
0 0.133527509375 0.195882809375 0.12710113750000002 0.1902707796875 0.11905671250000001 0.19346085625 0.1123932875 0.20016357343750002 0.11095214375 0.20681353125 0.1127177203125 0.21362769843749999 0.114966128125 0.216744509375 0.1194272859375 0.21833371562499998 0.125433421875 0.2159997984375 0.126265175 0.21095955156250001 0.130366928125 0.20712733593750002 0.13449140625 0.2026559234375 0.133527509375 0.195882809375
0 0.163247071875 0.136490653125 0.1573870875 0.12906659843749999 0.14788055625000002 0.125378003125 0.1442770125 0.129315778125 0.14340225625 0.1341537109375 0.1422062015625 0.1367339390625 0.1437592109375 0.141055834375 0.149065053125 0.1428884046875 0.15623227343749999 0.1460169625 0.1641704140625 0.1415807515625 0.163247071875 0.136490653125
0 0.1290580203125 0.1338194015625 0.13558019375000002 0.1339132515625 0.1383949875 0.13521803906250002 0.1449626125 0.1340335015625 0.145058415625 0.128515321875 0.14065250468749999 0.11972492187499999 0.12866785625 0.12079215624999999 0.1281549546875 0.129570809375 0.1290580203125 0.1338194015625
0 0.210207275 0.278333253125 0.2143925859375 0.27638636562499996 0.215871834375 0.272900125 0.2163270421875 0.2728033671875 0.22136683124999998 0.2651770390625 0.2219356671875 0.2618843125 0.2249777203125 0.256797159375 0.22109832968749998 0.257198840625 0.215939325 0.25829542031249997 0.208716859375 0.2623680578125 0.2054597890625 0.2664436390625 0.206883790625 0.27015859375 0.20451685625 0.27319915625 0.203060334375 0.2760462015625 0.20752638750000002 0.2746740046875 0.2060471390625 0.27816024375000004 0.2069121 0.2792451171875 0.210207275 0.278333253125
0 0.216954053125 0.129515425 0.21294565312499997 0.1293101640625 0.208542878125 0.131726184375 0.2106322046875 0.1393173546875 0.2113786359375 0.14655959999999998 0.2127141828125 0.151350628125 0.21820672812500003 0.1451082453125 0.21905875937500002 0.14090950625 0.216954053125 0.129515425
0 0.2346409765625 0.165720846875 0.24106421249999999 0.16012645625 0.2399307515625 0.151063384375 0.237373975 0.15097248125 0.22831285625 0.1531099359375 0.218859809375 0.1563879703125 0.21868289999999999 0.1585401171875 0.21709491718749999 0.1622609234375 0.21583068593750002 0.166758734375 0.21894650312500002 0.16947971875 0.2268797453125 0.168004909375 0.2289634875 0.16587036093750002 0.2346409765625 0.165720846875
0 0.24990434375 0.1867937796875 0.249984765625 0.1774726890625 0.2482240875 0.16769711874999998 0.2460365109375 0.16710483125 0.24167428906250002 0.1712038671875 0.23264147968749999 0.1824278453125 0.22831736406249997 0.189690596875 0.2299214109375 0.2024598234375 0.235333534375 0.2055385296875 0.24291785625 0.2054066140625 0.2434737625 0.19683027343749998 0.2450390171875 0.1937486609375 0.24990434375 0.1867937796875
0 0.24568935 0.1542799 0.2533394 0.1537111046875 0.25957524374999996 0.143504546875 0.25581438125 0.13774885625 0.24929220624999998 0.1376550046875 0.241331340625 0.1427304109375 0.24068208281249998 0.15534422812499998 0.24568935 0.1542799
0 0.223831421875 0.1506792234375 0.23008333125 0.1569626984375 0.2352447828125 0.1543854171875 0.24038840781249998 0.14948592656249998 0.24072929687500003 0.1398980171875 0.23596711718750002 0.136892615625 0.2274926609375 0.138059553125 0.2247565265625 0.1416014984375 0.223831421875 0.1506792234375
0 0.221197746875 0.1315737625 0.2252215265625 0.135581934375 0.2328918546875 0.1358546453125 0.24248929062500002 0.136986465625 0.24626729374999998 0.1323772453125 0.242956053125 0.1167990796875 0.22970962187500002 0.12088342031249999 0.22315982656250002 0.1243901671875 0.221197746875 0.1315737625
0 0.25564344375000003 0.11008465468749999 0.26263620312499997 0.1138846609375 0.265660428125 0.1064752984375 0.264883921875 0.10431435 0.256962925 0.0983856515625 0.2506631125 0.09486126406249999 0.246131328125 0.09667034218750001 0.2418323875 0.1018132 0.24260399531250001 0.10693555156250001 0.24485240312499998 0.11005236249999999 0.250188315625 0.1068036359375 0.25042850625 0.105695309375 0.25564344375000003 0.11008465468749999
0 0.304444840625 0.16061048125 0.30633139531250003 0.1597865734375 0.307914478125 0.1590271703125 0.3112145515625 0.1551539015625 0.3125850671875 0.15190222656250002 0.3076784984375 0.14448697187499998 0.3067680859375 0.1446804859375 0.30230203125 0.1460526828125 0.2916099265625 0.1517086328125 0.2887982671875 0.1616102640625 0.289329684375 0.167840940625 0.29304999375 0.17191361875 0.298641478125 0.17135947499999998 0.30178981562499996 0.16751845781250002 0.3027075734375 0.1628828390625 0.304444840625 0.16061048125
0 0.264718371875 0.1033752828125 0.2669170609375 0.10670373124999999 0.27346950312499996 0.1094682671875 0.276065678125 0.10765116875 0.277738684375 0.10404202031250001 0.2784129109375 0.0995606578125 0.27410219687500004 0.09650038125 0.2695861671875 0.09438750625 0.2665357359375 0.0908785953125 0.2618726703125 0.0880739640625 0.25988825625 0.089580278125 0.2608266640625 0.0933573609375 0.26080305312499996 0.096435165625 0.25844267187500003 0.1012749328125 0.260457565625 0.10373868906249999 0.262496071875 0.1031246375 0.264718371875 0.1033752828125
0 0.2849285921875 0.1021522546875 0.29083879218750003 0.10125750625 0.2951988234375 0.0968964625 0.2921005796875 0.088698159375 0.29117531875 0.088171821875 0.2841754875 0.08712915 0.2763412453125 0.0866253453125 0.2708007296875 0.08798376875 0.2701091703125 0.091745809375 0.2703276328125 0.09404915 0.2698025375 0.0979565578125 0.2747444375 0.10015966406250001 0.279357596875 0.099540609375 0.2849285921875 0.1021522546875
0 0.335798715625 0.2547394234375 0.3258760625 0.251425984375 0.32572751875 0.26284494375 0.3258058109375 0.27150440625 0.323337246875 0.2745596453125 0.3234412453125 0.278875590625 0.32448993125 0.283171490625 0.3270042140625 0.2860713546875 0.3304930765625 0.28207623437499996 0.3341893484375 0.275868003125 0.33638117031250003 0.27214857812500004 0.337489640625 0.2626946046875 0.33684949531249997 0.2577696125 0.335798715625 0.2547394234375
0 0.289925015625 0.27298553124999997 0.2871408578125 0.27646935625 0.2878566171875 0.2804745171875 0.291032565625 0.28648727812499997 0.2961818765625 0.286477271875 0.3029264859375 0.285043659375 0.3063744046875 0.283407021875 0.3082763375 0.2757726671875 0.30578357500000003 0.27106070781249997 0.30241545625 0.2692460921875 0.2969873125 0.269857625 0.289925015625 0.27298553124999997
0 0.2911019765625 0.2109181234375 0.2912552921875 0.2078127484375 0.2894457171875 0.204401590625 0.2818472703125 0.20692045 0.27719944375 0.2061008546875 0.275199790625 0.205622134375 0.2725495234375 0.20654697031249997 0.27185796406249996 0.2103090078125 0.27329366875 0.215787909375 0.27423207656250004 0.21956499062499998 0.27872867968750004 0.222224253125 0.281711871875 0.22159015625 0.2881062234375 0.21914648125 0.2912427328125 0.21540700781250002 0.2911019765625 0.2109181234375
0 0.335235509375 0.11369170312500002 0.341275415625 0.11276938593750001 0.348880140625 0.106453396875 0.34937894375 0.0960445 0.330543471875 0.094806290625 0.32272237656249997 0.097553228125 0.318159121875 0.10159596562499999 0.31889639999999997 0.10378902968749999 0.319633678125 0.10598209375 0.3214605875 0.110112575 0.32369603593749996 0.113613965625 0.32508392812500003 0.11440347343749999 0.331679409375 0.113543815625 0.335235509375 0.11369170312500002
0 0.345242403125 0.1556681984375 0.3366577359375 0.1497205828125 0.3326369109375 0.1505752359375 0.32957810468750004 0.1521291671875 0.325587759375 0.1569538875 0.32489829375 0.15945021718750002 0.326022590625 0.1628262828125 0.32748190781250003 0.165227378125 0.3306468046875 0.16672368437500001 0.333374775 0.16361330624999998 0.3350782625 0.1639742265625 0.345242403125 0.1556681984375
0 0.3552034 0.0685974109375 0.352377709375 0.0635947125 0.348358978125 0.06318365625 0.336019759375 0.0650834296875 0.3296795015625 0.06841936562499999 0.3336294890625 0.07679813125 0.3369566625 0.08097122500000001 0.3428259171875 0.082434959375 0.3488117296875 0.0806203796875 0.35390485312500003 0.08098381875 0.35585460156250004 0.0780388578125 0.3552034 0.0685974109375
0 0.3671242 0.08450028750000001 0.36008342187500003 0.085816096875 0.35518514687499997 0.09083380625000001 0.3552912390625 0.093884040625 0.35805865 0.10052589687499999 0.362555253125 0.1031851578125 0.3685347859375 0.1051677078125 0.37472382031249996 0.10367143593749999 0.3770862921875 0.097565959375 0.37746435156249997 0.09296679687500001 0.3671242 0.08450028750000001
0 0.3930886234375 0.0759085921875 0.3906630984375 0.07533963906249999 0.3866748453125 0.0788986515625 0.380853403125 0.0821243109375 0.38350844375 0.0895130609375 0.38704093125 0.09273875312499999 0.391074903125 0.09513484531250001 0.3971452875 0.098182596875 0.40152055937500003 0.0958065859375 0.4027372140625 0.08813713906250001 0.3930886234375 0.0759085921875
0 0.42716520156250004 0.090174896875 0.4212287078125 0.08456815625 0.4189523140625 0.0834252484375 0.41452922968749994 0.081111865625 0.40937992031250003 0.081121871875 0.408573896875 0.0868965140625 0.4098452328125 0.0909643375 0.4120612546875 0.095012109375 0.4166528953125 0.096205153125 0.42355978125 0.09744833124999999 0.42639803125000003 0.09485676875 0.42716520156250004 0.090174896875
0 0.42253830781249996 0.0766982015625 0.4223808046875 0.082334996875 0.424594734375 0.0876484796875 0.4277984828125 0.08805201562500001 0.43419074062499996 0.0868740515625 0.44077098125 0.08402936093749999 0.4404485203125 0.0774100734375 0.437508365625 0.074419978125 0.423965053125 0.07639493750000001 0.42253830781249996 0.0766982015625
0 0.4236551515625 0.0621813890625 0.42950498125000003 0.064191509375 0.43382825468749997 0.059657525 0.43484377968750004 0.050404060937499995 0.43120101406250005 0.0466595515625 0.42684935468749996 0.045957756249999995 0.4214122515625 0.040787121875 0.41501999375 0.0419650859375 0.40810263906250005 0.0470504578125 0.40907152656249995 0.0547976078125 0.4126560140625 0.0601812765625 0.4193055859375 0.060213882812499994 0.4236551515625 0.0621813890625
0 0.44992470156250003 0.059489659375000004 0.452732471875 0.052928028125000005 0.4476671484375 0.0469553609375 0.440615315625 0.0437547171875 0.43787629062500005 0.0423486421875 0.435165653125 0.0461783453125 0.4348652984375 0.048591965625 0.43446781406249996 0.053737514062500005 0.43379568125 0.0569531671875 0.4368287796875 0.059742751562499995 0.4406248625 0.060381887499999995 0.44627146875 0.062073698437500005 0.44992470156250003 0.059489659375000004
0 0.4558922609375 0.079911471875 0.4506305828125 0.080668371875 0.4436827484375 0.08178367656249999 0.443060521875 0.0884230125 0.44420005781249994 0.0937841125 0.44752723124999993 0.0979572078125 0.4524906515625 0.09834821875000001 0.45597742031250005 0.095618809375 0.46255556875000003 0.094039828125 0.4624599421875 0.08466104218750001 0.4558922609375 0.079911471875
0 0.46331638125 0.1716015390625 0.46656317031250005 0.16838088281250002 0.465683040625 0.16296464375 0.46014880468749997 0.1605259375 0.452109246875 0.160969534375 0.4421220359375 0.16309238125 0.442128903125 0.17014025625 0.4452680921875 0.175980078125 0.44791207968749996 0.1788523734375 0.45163883125000004 0.176614209375 0.45306766875 0.17504523593750002 0.45788405 0.174744490625 0.46331638125 0.1716015390625
0 0.4780453609375 0.068695609375 0.47426661093750005 0.06877579843750001 0.474204146875 0.0729463734375 0.47666642968749995 0.073688265625 0.4797037140625 0.07394643125 0.481033328125 0.0763750953125 0.48248845781250005 0.081307609375 0.48620264999999996 0.0866637078125 0.49014367812500004 0.0892603078125 0.4925324421875 0.08965632031250001 0.497556234375 0.08714246249999999 0.49798629375000003 0.08470127499999999 0.49740023750000006 0.08066854375 0.4929120078125 0.07294644375 0.48619938281249997 0.066239409375 0.48501890156250005 0.063236790625 0.4814669859375 0.06055748125 0.480891984375 0.06104120625 0.4805722046875 0.0640012125 0.4798633125 0.067043925 0.4780453609375 0.068695609375
0 0.48916256406249997 0.05530669218749999 0.4937042984375 0.053076051562500004 0.4953405453125 0.049293965625000005 0.49547862187499997 0.04420355625 0.492497521875 0.043571943749999995 0.48325805624999996 0.04155930625 0.48262896250000004 0.041150765625 0.48017295937500004 0.036611746875000004 0.47739508124999996 0.0362984421875 0.4767187609375 0.042045515625 0.477399853125 0.044612026562500004 0.475396015625 0.046664725000000004 0.47452065781249997 0.0495620703125 0.47609025312500003 0.05248198125 0.4835873828125 0.05522646875 0.48916256406249997 0.05530669218749999
0 0.51232935 0.0807488015625 0.5174182875 0.08364366250000001 0.5229608953125 0.08101952812499999 0.5246900875 0.077036934375 0.52369549375 0.073633296875 0.5151649203125 0.0685779453125 0.5063943625 0.063031346875 0.5015995 0.0615199953125 0.5007435703125 0.06387095625 0.5004112296875001 0.074425221875 0.5024392703125 0.0801397203125 0.5048647953125001 0.0807086734375 0.5103664578125 0.08044301875 0.51232935 0.0807488015625
0 0.52657913125 0.11079756249999999 0.5290975984374999 0.11116600624999999 0.534076259375 0.11354204999999999 0.5406113671874999 0.1155872609375 0.544132803125 0.1142965015625 0.5455915328125001 0.105852590625 0.5420611375 0.10136118593750001 0.5385979812499999 0.10101279062499999 0.5303961453125 0.098779596875 0.5220084218750001 0.0969474203125 0.520263990625 0.0989449796875 0.5185715578125001 0.1031005125 0.519484259375 0.1112211109375 0.5216288578125 0.113657296875 0.5255005515625 0.11337660000000001 0.52657913125 0.11079756249999999
0 0.533038959375 0.0799618828125 0.5199582765625 0.0822000109375 0.5183456421875 0.082904290625 0.51686061875 0.0848467109375 0.51877419375 0.092573815625 0.52032855 0.09350869218749999 0.5241655781250001 0.0917893453125 0.527706440625 0.08995219843749999 0.532842603125 0.0866914484375 0.5344615171875 0.08219003750000001 0.533038959375 0.0799618828125
0 0.5628270093750001 0.02175436875 0.5671613359375 0.0217368390625 0.5717266828125 0.01642839375 0.5713806109374999 0.012886909375 0.566924953125 0.0078691671875 0.5610320859375 0.0094832390625 0.56040299375 0.009074701562499999 0.5583319140625 0.006984392187500001 0.5558932421875 0.003164696875 0.553746553125 0.0019942203125 0.5494663203125 0.0029040125 0.5496611687499999 0.0082851609375 0.5513583734374999 0.012443210937500001 0.5526470421874999 0.017230356250000002 0.556181625 0.019190340625 0.5628270093750001 0.02175436875
0 0.5383765828125 0.044484425 0.5401861609374999 0.0478955828125 0.5421233484375 0.052544881249999995 0.5460858953125001 0.053329385937499994 0.55106455625 0.055705429687499995 0.5557838078125 0.0581366125 0.56302780625 0.057139109375 0.5641972359375 0.055625274999999995 0.5654637984375 0.0513795109375 0.5635071843749999 0.0472765984375 0.5596223421875 0.044306553124999995 0.558104746875 0.0435446140625 0.550518859375 0.0384692140625 0.545782275 0.03531870625 0.54057259375 0.038233581249999996 0.538177546875 0.041634696875 0.5383765828125 0.044484425
0 0.54766713125 0.07161075624999999 0.5502833171875 0.080092275 0.5582520375 0.08888209687500001 0.5654051859375 0.0868193921875 0.5655737421875 0.08569905156249999 0.5649010234375 0.07806969999999999 0.5636144484375001 0.07201684375 0.5617418187500001 0.061931259375000006 0.556471178125 0.056905993749999995 0.5525412046875 0.05882585 0.5494262156249999 0.060753225 0.54442185 0.06272069687500001 0.5453234984375 0.066324840625 0.54766713125 0.07161075624999999
0 0.5785662546875 0.091975015625 0.5838126953125 0.08923308125 0.5807533031250001 0.0799420046875 0.574330565625 0.0771499015625 0.56867290625 0.0709416359375 0.565730659375 0.0692172515625 0.563407040625 0.0742299546875 0.5627265343750001 0.0825084484375 0.564373834375 0.0832428171875 0.5667237453125 0.08473160156250001 0.572273221875 0.0891553421875 0.5785662546875 0.091975015625
0 0.5913286640625001 0.08058617812499999 0.5891362531250001 0.0734605984375 0.5825360015625 0.0660066703125 0.5745221468749999 0.06210675 0.574619865625 0.0702198265625 0.5723371921875 0.07287405 0.5702188890625 0.07693935156250001 0.57434161875 0.0816663546875 0.580098503125 0.0838769828125 0.587783615625 0.08495474374999999 0.5913286640625001 0.08058617812499999
0 0.572704453125 0.10840416093750001 0.56806290625 0.10378743593749999 0.5638257125 0.101073034375 0.5561836390625 0.0963710828125 0.5503684765625 0.09579961249999999 0.5499321390625 0.10203793125 0.5491649671875 0.106719803125 0.548229240625 0.1125220140625 0.55092731875 0.116286571875 0.5650566875 0.1183443421875 0.5726141874999999 0.11818396406250001 0.5750869375 0.112597303125 0.572704453125 0.10840416093750001
0 0.57331889375 0.11767266875 0.568053028125 0.12096099062500001 0.57200929375 0.125542625 0.5767826375 0.1288660703125 0.5859312531249999 0.12981350625000002 0.5931295343749999 0.1228608984375 0.5924699609374999 0.11848229218749999 0.5845601078125 0.11889831875000001 0.5797284859375 0.11721402968750001 0.57331889375 0.11767266875
0 0.565803003125 0.0478731203125 0.5691537906249999 0.0489684109375 0.57015256875 0.049840626562500004 0.5733847046875 0.055479939062500004 0.5766924515625 0.060199421875000006 0.5786185859375 0.060332264062499995 0.5847167703125 0.057770790625 0.58464953125 0.053627782812500004 0.5819383046875 0.0466124828125 0.579573153125 0.0431386640625 0.57432403125 0.036301303125 0.5719352671875 0.035905290625 0.57037463125 0.03876754375 0.5694819421874999 0.0409455640625 0.565803003125 0.0478731203125
0 0.5833178234374999 0.052464828124999995 0.5868267 0.058768329687499996 0.5912802640625 0.0650517796875 0.6000092875 0.06211185625 0.6004025875 0.059497728125 0.5961411921875001 0.0490161296875 0.591689721875 0.041466967187499995 0.5868470453125 0.0352662234375 0.5846788359375 0.03590784375 0.5835808328125001 0.039033265625 0.579983784375 0.041243859375000004 0.5788490203125 0.04419634375 0.5806738375 0.0495925359375 0.5833178234374999 0.052464828124999995
0 0.6087042328125001 0.06857828906249999 0.611532015625 0.0723152765625 0.61377165 0.07328524374999999 0.6166840046875001 0.0818845640625 0.6196761578125 0.08703263125 0.6248039484375 0.08883471875 0.6280250296875 0.0899575796875 0.629609278125 0.08401751874999999 0.6295919453125001 0.083298196875 0.6263119968749999 0.0729694875 0.624597459375 0.0680921125 0.618293371875 0.060755984375 0.616797296875 0.05818195 0.61479555 0.0589689390625 0.6142552125 0.0608913125 0.6126210609375 0.0634076875 0.6094672171875 0.0664278359375 0.6087042328125001 0.06857828906249999
0 0.6388713265625 0 0.63845284375 0.000618540625 0.637354840625 0.0037439624999999997 0.6379797468749999 0.006683921875 0.6381808765625 0.0082679390625 0.63484114375 0.011689103125 0.6334774515625 0.0186667953125 0.6350796187500001 0.0242910640625 0.6426481734375 0.028647140625 0.645559940625 0.02640145625 0.6454496625 0.0258826390625 0.6457111640625001 0.024561790625 0.6465990796875001 0.014070184375 0.6470506578124999 0.0098169 0.6493763703125001 0.0035384859375 0.64693560625 0.0009845 0.6464362171875 0.0005483921875 0.6463581734375 0 0.6388713265625 0
0 0.6452718140625 0.055021540625 0.6460999453125 0.058279806249999996 0.64772363125 0.0620919796875 0.649046965625 0.068317775 0.65116166875 0.07762889687499999 0.653675953125 0.0805287609375 0.6614408625 0.07815526874999999 0.6586860109375 0.06391915468750001 0.656917378125 0.058149515625 0.6572565859374999 0.054643123437499996 0.655641271875 0.045768109375 0.6541798625 0.0446327234375 0.6526407453124999 0.0456828828125 0.650842221875 0.0467881796875 0.6482245265625 0.050417371875000005 0.6442793140624999 0.050352193749999996 0.6452718140625 0.055021540625
0 0.6594663296875 0.062488028125 0.660681478125 0.0669292953125 0.6620651828125 0.07025022343750001 0.663801240625 0.073315503125 0.6656323375000001 0.074914565625 0.666784434375 0.07268140625 0.668478959375 0.0672601640625 0.6672506640625 0.05956815 0.6660917015625001 0.054753434375 0.6677085218750001 0.051517735937499996 0.6693662875 0.045923553125 0.6676302296875 0.0428582734375 0.6617824953125 0.03958244375 0.6593160250000001 0.041371971875 0.6583782031250001 0.048439895312499995 0.6585105875 0.057991620312500006 0.6594663296875 0.062488028125
0 0.657838709375 0.1058530015625 0.6623353125 0.1085122609375 0.6713736484374999 0.10894088125000001 0.6693997015625001 0.1041186453125 0.66643325625 0.0946270625 0.662591453125 0.08803282500000001 0.6594633156249999 0.08670945625000001 0.6539228015624999 0.08806788125000001 0.6504575499999999 0.0889851953125 0.6504318437500001 0.0933287109375 0.653501703125 0.0962912359375 0.655628965625 0.0980080984375 0.657838709375 0.1058530015625
0 0.63820265 0.051101571874999994 0.6396162484375 0.0475475640625 0.6392134015625001 0.033534521875 0.6357780453124999 0.027576899999999998 0.6327580937499999 0.028038059375 0.62773639375 0.029286206250000002 0.6263963140625 0.03318609375 0.627630890625 0.037080975 0.6295465578125 0.04354236875 0.632737746875 0.051540164062500005 0.63820265 0.051101571874999994
0 0.623984525 0.0467128890625 0.625835046875 0.0477655671875 0.628450646875 0.04540208125 0.626686203125 0.037101023437500005 0.6248482390625 0.028454084375 0.6205458984375001 0.02033096875 0.61833674375 0.0233310703125 0.6136569328125 0.030652118750000002 0.6145391546875001 0.0348026484375 0.620212053125 0.0429959484375 0.623984525 0.0467128890625
0 0.6137116109375 0.0423893875 0.6196932375 0.0431062265625 0.619048903125 0.0407126546875 0.6156954375 0.030038070312499998 0.61271584375 0.017295742187499998 0.6076463328124999 0.013854496875 0.6023977984375 0.017862140625 0.6020890718749999 0.0253386015625 0.6050056125000001 0.0314065015625 0.609824675 0.040685051562500005 0.6137116109375 0.0423893875
0 0.6887276984375 0.0987450875 0.6869208015625 0.10491322343750001 0.685922609375 0.1148860125 0.688899521875 0.1180490453125 0.696361984375 0.11935488593750002 0.700183775 0.115650503125 0.70158631875 0.107580040625 0.70302294375 0.090103221875 0.6994835890625 0.0798296546875 0.6961175625 0.0767493296875 0.68925639375 0.08146125625 0.6860657921875 0.0843084640625 0.6880854578125 0.0950858046875 0.6887276984375 0.0987450875
0 0.6827463265625 0.1426739765625 0.684172484375 0.1315257078125 0.6828485640624999 0.114454909375 0.67505108125 0.11412404218750001 0.6719103859375 0.1203949328125 0.6695458203125 0.12776611875 0.668627425 0.13428765625 0.6730510953125 0.14744604375 0.68129596875 0.1460550453125 0.6827463265625 0.1426739765625
0 0.655648646875 0.142107440625 0.647628515625 0.14200465 0.6439385234375 0.1444157515625 0.6458263921875 0.15648637031249998 0.6447546796875 0.16611328281249998 0.647986815625 0.1717525953125 0.6556262078125 0.1668752546875 0.65667849375 0.1577947296875 0.655648646875 0.142107440625
0 0.6745519468750001 0.158333659375 0.6699340125 0.15063912968749998 0.66413618125 0.1507869828125 0.6617889515625001 0.15887749375 0.6629374484375 0.17002075781249998 0.6648447421875 0.18154499375 0.6705968515625 0.17544203593750002 0.673017603125 0.167697403125 0.6745519468750001 0.158333659375
0 0.6802842984375 0.1865778125 0.68441749375 0.184976265625 0.686762634375 0.178151465625 0.686809271875 0.16115085 0.6826282640625 0.158063003125 0.6765190265625 0.15610802343750002 0.6735489796875 0.15999286562499998 0.67513590625 0.1636321 0.6741266625 0.1690884359375 0.6719978921875 0.1794822875 0.6802842984375 0.1865778125
0 0.6584395921875 0.224117940625 0.6613944 0.21824806562500002 0.6612058296875001 0.2090697859375 0.6580292937500001 0.1922120203125 0.6537663921875 0.1938411375 0.64995984375 0.199530553125 0.646937796875 0.201257421875 0.648077334375 0.206618521875 0.6511776734375 0.2135511140625 0.6535344515625 0.22208777500000002 0.6584395921875 0.224117940625
0 0.6838935734375 0.210573684375 0.6898710109375 0.21382194375000002 0.692875725 0.21137575156250002 0.6958714765625 0.20314739375 0.700607475 0.195452896875 0.702320840625 0.1786402625 0.7009476 0.16899078437499998 0.69668679375 0.1693541921875 0.6880728203124999 0.18112651562499998 0.6849085109375 0.190475215625 0.6809812171875 0.20197436406249997 0.6838935734375 0.210573684375
0 0.68794513125 0.258334828125 0.693094440625 0.25832482031250004 0.697938621875 0.25241484999999997 0.7008276984374999 0.23029125156250002 0.69752204375 0.2243060609375 0.69611681875 0.2227972296875 0.6904507875 0.22165180312500002 0.6877401484375001 0.22548150625000002 0.6856071906250001 0.23840677968750001 0.685318478125 0.2561818578125 0.68794513125 0.258334828125
0 0.7219987625 0.2080774921875 0.7179952703125 0.2096514703125 0.7164193953125 0.2105286875 0.71591581875 0.212624 0.7164651156249999 0.21648379062499998 0.71572155625 0.21808785625 0.7116965453125 0.2214739296875 0.70975785 0.228935346875 0.7153031390625 0.23589050625 0.7192546328125 0.23215855468750002 0.7213750296875 0.22682754374999997 0.7253008171875 0.22743910781249999 0.7263399546875 0.2151078375 0.7252288046875 0.21498251562499998 0.7267700140625 0.2126666484375 0.7288342250000001 0.20770908281249997 0.7257276078125 0.20457361875000002 0.7232999906249999 0.20527037812499999 0.7219987625 0.2080774921875
0 0.6101000875 0.1765521296875 0.61060634375 0.1840361140625 0.6164409328125 0.1840611984375 0.617666546875 0.18217391562500002 0.6183407734374999 0.177692553125 0.6195900015625 0.1727274640625 0.618690446875 0.1678576125 0.6167275531249999 0.1675518296875 0.6138005453125001 0.1678124796875 0.61050594375 0.1663437421875 0.6097062015625 0.1683212546875 0.6116087218749999 0.1715319046875 0.6101000875 0.1765521296875
0 0.6090322296874999 0.2174483453125 0.6115832718750001 0.22052114843749998 0.6153536484375 0.22550379843749999 0.6206520890625 0.22491983750000002 0.6233953 0.22379449375 0.6239114359375 0.2141049203125 0.623731825 0.21070880625 0.6194752046875001 0.2085407921875 0.6115369640625 0.203721040625 0.6075376593749999 0.20276359687499998 0.6025527203125 0.20418468281250002 0.5985859859375 0.2059315984375 0.5980067984375 0.20894674531250002 0.5994099281249999 0.21172128437499999 0.6051064421875 0.21683678125 0.6068661125 0.21682425468750002 0.6090322296874999 0.2174483453125
0 0.6078592 0.2323386046875 0.6013088515625 0.228308359375 0.5874236515625 0.224210415625 0.5810875796875 0.225014934375 0.5840235484375 0.23053644687500002 0.5865378296875 0.2334363109375 0.5962683140625 0.24094789843750003 0.6035018484375 0.24627894375 0.6075268609375 0.242892871875 0.6089467390625 0.23554173281250002 0.6078592 0.2323386046875
0 0.601713459375 0.2748564140625 0.6027836640625 0.27734021875 0.6085037890625 0.27937790625000003 0.6116423921874999 0.2743727234375 0.6107102624999999 0.2667985109375 0.6074823140625 0.25862777656249997 0.5986923328125 0.2536275640625 0.5990473640625 0.26295121250000003 0.6021650359375 0.270603128125 0.601713459375 0.2748564140625
0 0.6526838046875 0.3220437734375 0.654748015625 0.317086209375 0.656034003125 0.312294059375 0.6563794890625 0.3049905390625 0.6530024109375 0.297393759375 0.6483677296875 0.29982490781250004 0.6443773859374999 0.3046496296875 0.6418983546875 0.31403342031250003 0.6422596671874999 0.3195599359375 0.6433215 0.3271065796875 0.6526838046875 0.3220437734375
0 0.6187180890625 0.3191412890625 0.6172483046874999 0.32306874531249996 0.6158152828125 0.3271691390625 0.615584259375 0.33246005625 0.622949590625 0.3364978234375 0.624248725 0.33495641875 0.6255131921875 0.331976365625 0.6279665171875 0.326936090625 0.6320324734375 0.32119153749999996 0.6329009625 0.31124631875 0.62822475 0.30519094375 0.62372186875 0.3063288125 0.618566278125 0.31013595 0.6187611296875 0.31551709687499996 0.6187180890625 0.3191412890625
0 0.631025575 0.37002789062499997 0.63223863125 0.37573486875 0.635010228125 0.379845303125 0.64089204375 0.373714778125 0.6409697484375 0.37152923437499996 0.6422793484375 0.3636592796875 0.6415268296875001 0.35948117968750004 0.638991028125 0.3583934125 0.6390472140625 0.358019965625 0.6368506171874999 0.35342580625000003 0.6349202968750001 0.35582438125000004 0.6343411078125001 0.358839528125 0.63168246875 0.364827203125 0.631025575 0.37002789062499997
0 0.6897985890625 0.3136125265625 0.6982682046875001 0.310727740625 0.6991608921875 0.308549721875 0.700652196875 0.3028101703125 0.702493759375 0.29808068125 0.7024091875 0.2932183515625 0.700191071875 0.2904362859375 0.695171465625 0.2904187234375 0.6918102140625 0.295651984375 0.689430409375 0.3010381359375 0.687271159375 0.30746191875 0.6897985890625 0.3136125265625
0 0.70884415 0.32221691875 0.7131937171875 0.324184425 0.71471340625 0.32368065156250003 0.7172575812499999 0.31970558125 0.720545315625 0.31412644218749997 0.721705784375 0.30683044375 0.7201036171874999 0.3012061734375 0.7159010890624999 0.29993042187499996 0.71202939375 0.3002111203125 0.710633128125 0.304484453125 0.709710546875 0.31353740937499996 0.70884415 0.32221691875
0 0.7131304109375 0.27286426874999997 0.7094514703125 0.279791825 0.704620434375 0.28895254062500003 0.703580709375 0.2904388046875 0.7057925453125 0.2970179984375 0.7112837421875 0.303080896875 0.7129546546875 0.30073745937499996 0.7173556328124999 0.2940179328125 0.720476903125 0.2882934265625 0.724153746875 0.28263157968749997 0.7250028093750001 0.273232746875 0.72320160625 0.26475874843749997 0.718272853125 0.26580638749999996 0.7131304109375 0.27286426874999997
0 0.7377316484375 0.3605417203125 0.7383350375 0.365293775 0.7383891296875 0.3661860375 0.7338605406250001 0.37166742343750003 0.735586134375 0.38106125468749996 0.7375296 0.381913421875 0.7414033890625 0.3803670140625 0.7433337109375 0.3779684375 0.7455491453125 0.3711712078125 0.7488132656250001 0.36866987500000004 0.750319809375 0.36491535937499997 0.748721828125 0.3567596703125 0.7461881171875 0.354406190625 0.740236971875 0.3576594203125 0.7377316484375 0.3605417203125
0 0.729410578125 0.352007546875 0.7285672078125 0.3467642453125 0.7271745421875 0.3376611546875 0.7259136734375 0.32726478281250004 0.7216050546874999 0.32293879531249997 0.7191517296875001 0.3279790703125 0.7195865609375 0.3338514640625 0.7187632046875 0.3389067828125 0.7225231156249999 0.350217984375 0.72614645625 0.3545088796875 0.729410578125 0.352007546875
0 0.70593531875 0.3786876265625 0.7071068406250001 0.37590808125 0.7064362140625 0.36701301875 0.7036126171875 0.3607446109375 0.700737609375 0.36316323437500003 0.6991013625 0.3669453203125 0.698072690625 0.372948040625 0.6992337453124999 0.3764970453125 0.7052867968750001 0.3788254734375 0.70593531875 0.3786876265625
0 0.7083154546875 0.33950075 0.70717650625 0.3449846546875 0.7065196109375 0.35018534218749997 0.705655309375 0.357599140625 0.7058522515625001 0.3617145796875 0.70995555625 0.36698796875 0.7134554734375 0.36750930312499996 0.7180922453125 0.36381244375 0.7195898281249999 0.3542757640625 0.719749425 0.34737325937499997 0.7184455187500001 0.340601078125 0.71524176875 0.34019754375 0.712831484375 0.34161362500000003 0.710833925 0.33986919531250004 0.7083154546875 0.33950075
0 0.7254300328125 0.418105165625 0.7263233078125 0.42677215 0.7281827890625 0.43360699062499997 0.7306797406250001 0.4357875296875 0.7340152859375 0.4348977859375 0.735962940625 0.433218534375 0.736956946875 0.4257771640625 0.7391939015625 0.41716783749999997 0.7379073265625 0.4111149828125 0.7331575953125 0.40471373125000004 0.73106290625 0.405701228125 0.7244091453125 0.408200040625 0.7251810890625 0.4118317546875 0.7254300328125 0.418105165625
0 0.7351997015625 0.39072325625 0.736670071875 0.39764080625 0.7423208640625 0.3968011984375 0.74545528125 0.394327434375 0.7469056375 0.39094636562499996 0.7494193328125001 0.3830012234375 0.7513427874999999 0.3735547734375 0.7489561171875 0.37189305156249997 0.74497205 0.3729206421875 0.741545653125 0.3727451859375 0.740021778125 0.375780378125 0.73615485625 0.38437465937500004 0.7351997015625 0.39072325625
0 0.747761234375 0.42239613125000003 0.7485824984375 0.41860652187499997 0.7511780859375 0.40594441875 0.7518454453125 0.39441518124999997 0.7479952703125 0.39288378281249997 0.7438037937499999 0.3961244875 0.739112928125 0.3989290828125 0.738702296875 0.4008238859375 0.7386356453125 0.4075258828125 0.7399679390625 0.4195338421875 0.747761234375 0.42239613125000003
0 0.7474958015625 0.47089412812500003 0.7431719421875 0.4645831046875 0.735834996875 0.46578111718750004 0.7297332140624999 0.48171901562499997 0.7332399953125 0.489288225 0.7376326015625 0.4876315390625 0.7445131968750001 0.48237322968749996 0.7474958015625 0.47089412812500003
0 0.6998827750000001 0.4656506546875 0.6978436828125 0.45541970000000004 0.6934845703125 0.436825025 0.6843159421875 0.4255789703125 0.68117943125 0.42931844375 0.6792733109375 0.4394842171875 0.682739146875 0.4494119078125 0.6848947984375 0.45636454843749996 0.688552803125 0.46209409375000005 0.69614765 0.4729516578125 0.6998827750000001 0.4656506546875
0 0.760276971875 0.5265603515625 0.7622099718750001 0.5337410703125001 0.7678781 0.5336207859375001 0.772977503125 0.530187096875 0.7791486171875001 0.51712649375 0.781480609375 0.50705095 0.7773856796875 0.4967147203125 0.769393934375 0.501847709375 0.7675072390625 0.5114671000000001 0.7656698625 0.5136651671875 0.7619562578125 0.5191540734375 0.760276971875 0.5265603515625
0 0.7674014015624999 0.553062590625 0.76949609375 0.5520750953125 0.777213190625 0.5450122093750001 0.7810239265625001 0.536791375 0.7796506875 0.527141896875 0.775430825 0.5251468218750001 0.76995964375 0.5293825437499999 0.7674889859375 0.5337034953125 0.7638315671875 0.5388189546875 0.7640894687500001 0.5508745296875001 0.7674014015624999 0.553062590625
0 0.7599694171875 0.5557268203125 0.7615426125 0.5452703078125001 0.7556428796875 0.5398365046875 0.7496050671875001 0.5394931125 0.7453837 0.54960875 0.7453349671875 0.5678750765625 0.75005840625 0.5677748390625 0.7528231359374999 0.5648373999999999 0.7599694171875 0.5557268203125
0 0.7281766875 0.5604963015625 0.733181053125 0.5585288296875001 0.7403016296875 0.553761765625 0.74208700625 0.5494057234375 0.739187796875 0.54405715 0.7331715046875 0.5419016609375 0.72703446875 0.54555590625 0.7240171984375 0.5555963578124999 0.7256387906249999 0.5606742437500001 0.7281766875 0.5604963015625
0 0.731334384375 0.5887454562500001 0.7360551421875 0.579065925 0.7426736484375 0.5642834578125 0.7350641484375 0.5622858640625 0.7304294687499999 0.5647170140625 0.7252156000000001 0.5701633078125 0.7203887515625 0.5767926015625 0.7205447484375 0.5832665218749999 0.727166521875 0.5889083546875 0.731334384375 0.5887454562500001
0 0.7498772890625001 0.5764894421875 0.7433726609375 0.5784142984375 0.741170371875 0.588462275 0.7419387171875 0.6054704125 0.7497362 0.6058012796875001 0.7554835375 0.5913847375 0.7545666484375 0.5857955593749999 0.7498772890625001 0.5764894421875
0 0.7632400734375 0.5940740875 0.765550546875 0.5858106375000001 0.765286365625 0.5775521921875 0.7600677250000001 0.5746849015625 0.754451596875 0.576963159375 0.7526987921875 0.5840235593750001 0.7533715125 0.591652909375 0.7563678515625 0.5942695578125 0.7606244734375001 0.596437571875 0.7632400734375 0.5940740875
0 0.773202165625 0.6071397593750001 0.7730987546875 0.61366881875 0.7728267875 0.6213182171875 0.7756781828125 0.6219773984375 0.7821092937499999 0.6197066640625 0.7891001656250001 0.6149671703124999 0.793245921875 0.6057713625 0.793390278125 0.5968838234375 0.78896719375 0.5945704390625 0.7814207468750001 0.5992472734375001 0.780932409375 0.6033276187500001 0.777300696875 0.6040995640625 0.773202165625 0.6071397593750001
0 0.7483144828125 0.6590638578125 0.75323695625 0.661813346875 0.76322416875 0.6596905 0.769341778125 0.656582640625 0.7695943203125 0.649479628125 0.76550206875 0.6487226921875 0.7553893390625 0.6483416890625 0.748087059375 0.65097835 0.7451968109375 0.6514119375 0.7483144828125 0.6590638578125
0 0.7542405109375 0.6709991468750001 0.7581038328124999 0.675781290625 0.767304446875 0.6788867 0.7769913046875 0.679177471875 0.779909353125 0.6731346578124999 0.7781449078125 0.6648335984375 0.77490649375 0.6629914140625 0.767000825 0.6608760203124999 0.75958826875 0.6629938640625 0.7541170859374999 0.6672295874999999 0.7542405109375 0.6709991468750001
0 0.746046715625 0.6975038375 0.7484653734375 0.691024915625 0.7477149484375001 0.6855811046875 0.7439923828125 0.6852878484375 0.736432790625 0.6867139375 0.7287781578125 0.6896062453125 0.7317876437499999 0.6954736359375 0.73713808125 0.6970476484375 0.746046715625 0.6975038375
0 0.6934396140625 0.56480710625 0.6989759421875 0.5659801015625 0.6991507796875001 0.5610626296875 0.6989732625 0.55640080625 0.6986786015625001 0.54417229375 0.6969793015625 0.5412799515625 0.68952789375 0.5444905671875 0.6863934765625 0.546964328125 0.6872042734375 0.5495032703125 0.6879977359375 0.5513228906250001 0.6895395328125 0.559852025 0.6934396140625 0.56480710625
0 0.6753073406250001 0.5751683187500001 0.6751907828125 0.5784466328125 0.6792011421875 0.5839205296875 0.6846660453125 0.5834819375 0.690357784375 0.580283846875 0.695068075 0.576932865625 0.6938335 0.5730379828125 0.6892349921875 0.5647970671875 0.6856032796875 0.5655690109375 0.6837076234375 0.5694062359375 0.681461709375 0.5722333984375 0.6753073406250001 0.5751683187500001
0 0.6716547734375 0.5101509109375 0.68190139375 0.507972925 0.6869682234375001 0.5018348765625 0.6873935078125 0.491080103125 0.6797840078124999 0.4890825078125 0.6717229312499999 0.49133820000000006 0.6661393765625 0.49632081718750004 0.6646654062499999 0.5027796906249999 0.667486909375 0.510313809375 0.6716547734375 0.5101509109375
0 0.6645207953125001 0.46702150312499996 0.6653205390625 0.465043990625 0.662996334375 0.459211690625 0.6581620296875 0.44794810625 0.6510776265625 0.44204310468749997 0.6460843140625 0.4485270296875 0.6458532921875 0.453817946875 0.6507930984375 0.45728676406249996 0.6532511953125 0.46056007499999996 0.657973128125 0.4725705515625 0.6645207953125001 0.46702150312499996
0 0.6606079 0.4250149546875 0.662631753125 0.4332608734375 0.6655850531249999 0.4395017125 0.6727229625 0.435453971875 0.6732265390625 0.4333586609375 0.6725323000000001 0.4275414046875 0.6714100953125001 0.422899628125 0.6686468718749999 0.41372635312500006 0.664958971875 0.41487174375 0.6611046109375 0.4158717671875 0.6582122671875 0.41757106562499996 0.6577822109375 0.4200122546875 0.659857475 0.41957114375 0.6606079 0.4250149546875
0 0.6591742890625001 0.41827034375 0.6639733390625 0.4172502734375 0.6665154203125 0.41454091093749995 0.6654688281250001 0.4089793015625 0.66320080625 0.40277355468750003 0.6620744171874999 0.4006631984375 0.65632230625 0.40676615624999996 0.65595739375 0.4146160640625 0.656063484375 0.41766629843749997 0.6591742890625001 0.41827034375
0 0.6966687359375 0.59466785 0.70030254375 0.5926301953124999 0.7016058625 0.5885573703125 0.6992469906250001 0.581286421875 0.6966182437499999 0.5803991625 0.692738175 0.5857427000000001 0.6878246609375 0.5887753734375 0.6862855453125001 0.58982553125 0.687492321875 0.5993296390625 0.6927366703125 0.5978534140625 0.6966687359375 0.59466785
0 0.6781329515625 0.6586174671875 0.67002196875 0.6574494765625001 0.669136146875 0.666675371875 0.6713715953125 0.670176759375 0.67697725625 0.674227053125 0.6836788265625 0.6764176328125 0.6902937328125 0.6750115906249999 0.6937479296875 0.669577821875 0.6931424500000001 0.6660914765625 0.6886888859375 0.6598080265624999 0.68635630625 0.659038565625 0.681594015625 0.6602315734374999 0.6781329515625 0.6586174671875
0 0.642382446875 0.670916028125 0.6345739109374999 0.6660687078125 0.630620325 0.6710663671875 0.6322245843750001 0.6754249265625 0.6343865140625 0.6785804375 0.6402668234375 0.684560625 0.6467436531249999 0.6882449937499999 0.6541346890625 0.68793924375 0.6568085703125 0.6839366046875 0.6537449921875 0.67717695 0.6489564078125001 0.6718684671874999 0.6457873234375 0.67290358125 0.642382446875 0.670916028125
0 0.63346493125 0.586231221875 0.6308819031249999 0.5912990671875 0.6338546296875001 0.59699351875 0.6381889562499999 0.5969759890625 0.6426009875 0.59477291875 0.6471621484375001 0.59199589375 0.6477066703125 0.5875420984375 0.6468244484375 0.58339156875 0.6436443125 0.5799102296875 0.6415322890625 0.5801784015625 0.6396949125 0.5823764703125 0.637358146875 0.5841384296875 0.63346493125 0.586231221875
0 0.6480575171875 0.5993971671875 0.6453794515625 0.605931228125 0.6457539109375 0.614708490625 0.6454167984375 0.616949171875 0.645131684375 0.6213478265625 0.6456983109375 0.6259269421875 0.6475682609375 0.6264332328125 0.649705990625 0.62182154375 0.6519498125000001 0.6202600921875 0.652282153125 0.6097058265624999 0.652033209375 0.603432415625 0.65112946875 0.60109398125 0.6480575171875 0.5993971671875
0 0.596948684375 0.6695473921875 0.593115840625 0.66873531875 0.58983648125 0.669251615625 0.5845186140624999 0.6703819625 0.5832846265625 0.6773320843749999 0.5848888859375 0.68169064375 0.58966223125 0.6850140921875 0.59673558125 0.6864026375 0.6044422125 0.685668303125 0.6104301171875 0.6825880140625 0.6109746406250001 0.6781342203125 0.6093551390624999 0.6717906250000001 0.6046747421875 0.668266671875 0.6005998234375001 0.6682290625 0.596948684375 0.6695473921875
0 0.587731909375 0.6874126671874999 0.587293478125 0.694916696875 0.59239765625 0.699796590625 0.5991359859375 0.7021601109375 0.60810080625 0.702242853125 0.6116805203125 0.699312934375 0.6116195609374999 0.6913727984375 0.608549703125 0.6884102734375 0.60286843125 0.6852798124999999 0.5994226078125 0.6856507421875 0.59273418125 0.68671090625 0.587731909375 0.6874126671874999
0 0.58286738125 0.7168247421875 0.58613836875 0.7213712859375 0.5964611875 0.7291184703125 0.601999609375 0.72902575625 0.60484623125 0.721371353125 0.6001568734375 0.7120652359374999 0.595070028125 0.7079046640625 0.58454189375 0.70110488125 0.579807990625 0.7075336671875 0.58286738125 0.7168247421875
0 0.5566935359375 0.6504488078125 0.5487573890624999 0.6443633453125 0.5477334890625001 0.6586796500000001 0.54865665625 0.660471696875 0.5539252046875001 0.666762671875 0.5631368734375 0.6743845359375 0.5685067359375 0.6754121609375 0.5772856671875 0.675895921875 0.5799963046875 0.6720662171875 0.5784135640625 0.6658955625 0.572278034375 0.6574390921875 0.5647809046875001 0.6546946046875 0.5566935359375 0.6504488078125
0 0.5439487140625 0.7072026984375 0.5450514921875 0.7123908609375 0.5466599390625 0.7142179984375 0.549971871875 0.7164060609375 0.555594865625 0.721175678125 0.559935471875 0.7173610187499999 0.5567054296875 0.7104559953125 0.548641671875 0.7031323921875 0.5448219765625 0.7055710625 0.5439487140625 0.7072026984375
0 0.5331213984375001 0.72450654375 0.5368571109375 0.72805054375 0.54394779375 0.7301584171875 0.5513582578125 0.7293062828125 0.5518098359375 0.7250529984375 0.5497256109374999 0.7197119437499999 0.54450696875 0.716844653125 0.537418378125 0.713471071875 0.5308901374999999 0.7184737343750001 0.5331213984375001 0.72450654375
0 0.49810013125 0.7102602859375 0.503909015625 0.7146288859375 0.51407374375 0.7171678625 0.51559761875 0.7141326703125 0.5157745484375 0.7079494890625 0.512799728125 0.7035207453125001 0.5068937140625 0.7018840734375 0.49635511250000003 0.701412840625 0.495918775 0.7076511609375 0.49810013125 0.7102602859375
0 0.5101949265625 0.66575495625 0.515301196875 0.6693691421875 0.51744998125 0.6692739078125001 0.5218730640625 0.671587290625 0.52289545625 0.6693817015625 0.5259154109375 0.66892054375 0.523619003125 0.6574790171875 0.5191481062500001 0.650476240625 0.5050596828125 0.6460599890625 0.49860496093749995 0.6514085296875 0.50341565 0.66574991875 0.5101949265625 0.66575495625
0 0.51075660625 0.5389283078125 0.5031518796875 0.5452442984375 0.499922425 0.5491842796874999 0.493874146875 0.5551694359375 0.49063841249999995 0.5629065468750001 0.4905801328125 0.5645457046875 0.4916135796875 0.5668565671875 0.49514816093749997 0.5688165515625 0.504434853125 0.5646735796875 0.511319634375 0.556883846875 0.5150374265625 0.5488635203125 0.5149743734375 0.54218909375 0.51075660625 0.5389283078125
0 0.6064143796875 0.3779704453125 0.6056708203125 0.379574509375 0.60611193125 0.38164977499999997 0.6079215078125 0.38506093125 0.610491978125 0.3875873484375 0.6130451124999999 0.3893944421875 0.6183740328125 0.3927805484375 0.6219668921875 0.393101375 0.624789903125 0.38852477812499997 0.6251700546875 0.38265990625 0.6064143796875 0.3779704453125
0 0.5252352953125 0.2849667765625 0.5241734625000001 0.2774201328125 0.5206645875 0.271116634375 0.5175884484375 0.27195123906249996 0.5162525546875 0.2733197046875 0.5168018515624999 0.2771794953125 0.5163308468750001 0.28197916562500003 0.5181924234374999 0.2875482984375 0.5237308453125 0.2874555828125 0.5252352953125 0.2849667765625
0 0.4897453703125 0.31890020625000004 0.49110906249999997 0.311922515625 0.4894008046875 0.30324800937499996 0.48623590781250003 0.301751703125 0.47952805625000006 0.303358253125 0.47712463906249997 0.311822209375 0.4767985796875 0.318579346875 0.4783598015625 0.326562096875 0.4817368796875 0.334158875 0.4851806109375 0.33505365781249996 0.49100623906249996 0.329296578125 0.49060816718750005 0.323597121875 0.4897453703125 0.31890020625000004
0 0.4870561734375 0.399364265625 0.48700685625 0.40678558750000005 0.49291287031250003 0.408422259375 0.494743965625 0.41002132187500007 0.5000208859375 0.41124945625000003 0.5028917093749999 0.41136225312499997 0.50459100625 0.41425459375000007 0.507053290625 0.41499648437500003 0.510447115625 0.41246758437500003 0.5118281421875001 0.406209215625 0.508561340625 0.3991312546875 0.5033794578124999 0.3964369015625 0.49717309062500004 0.39721384843749996 0.4870561734375 0.399364265625
0 0.40479843437499996 0.38738608750000003 0.404235990625 0.3802755515625 0.40134306249999996 0.3711298453125 0.3942864578125 0.35961561875000003 0.38322008125 0.3534724984375 0.37939410625000003 0.3597083 0.380721625 0.3634026734375 0.3849136875 0.371006975 0.3907294359375 0.38242345 0.399255825 0.390010221875 0.40479843437499996 0.38738608750000003
0 0.3671794859375 0.3870676421875 0.367426334375 0.3946067640625 0.368637296875 0.401579453125 0.3714109875 0.4044241765625 0.3755830359375 0.40172985937499994 0.378379753125 0.3906517734375 0.375521490625 0.3829447171875 0.3734934515625 0.3772302171875 0.3689254234375 0.3729593671875 0.368210253125 0.3797992125 0.3671794859375 0.3870676421875
0 0.3337248796875 0.321516271875 0.3346910875 0.31968412968750004 0.33478821718749996 0.31695220156250004 0.3375140953125 0.31510753281250004 0.340633271875 0.3106487359375 0.34297422499999997 0.3063553546875 0.337353325 0.3003200296875 0.333051571875 0.303041915625 0.329878303125 0.30660845000000003 0.3266856078125 0.31072137031249997 0.3267570328125 0.31233295625 0.326696659375 0.3152378234375 0.324615115625 0.319476065625 0.3266341953125 0.31940840000000004 0.3271467328125 0.323095253125 0.330648740625 0.322350878125 0.3337248796875 0.321516271875
0 0.3538308484375 0.42950875 0.358712540625 0.43311408125 0.3631126984375 0.43147531875 0.3642244375 0.421812384375 0.36185326406249996 0.41711064374999995 0.35890005625 0.41562792656249997 0.3528170703125 0.41481046718750003 0.34640585 0.4119523375 0.3418037703125 0.41363401875 0.3385967578125 0.417411 0.34155531250000004 0.42437972031250004 0.34440430312500003 0.42785432968750003 0.3472749328125 0.42696276875 0.349697984375 0.42644773281250004 0.3538308484375 0.42950875
0 0.471258384375 0.580756890625 0.471518909375 0.5790252671875 0.4716824328125 0.575358640625 0.4697426046875 0.5711612859375 0.468116878125 0.5674559140625 0.46438133125 0.56713243125 0.461887190625 0.5691991375 0.4612192484375 0.5749286015624999 0.46167584531249994 0.58446996875 0.46359742812500004 0.5910458859375 0.4668752140625 0.59118729375 0.4701428390625 0.5888164921875 0.47457842812499995 0.5899689875 0.474242384375 0.5854307375000001 0.47246976875 0.583991584375 0.471258384375 0.580756890625
0 0.4333248390625 0.5462153062499999 0.439753384375 0.5454076265625 0.44418528124999995 0.5401352921875 0.4481578 0.5356590390625 0.45109954375 0.5312621984375 0.451167684375 0.5246824140624999 0.4453888328125 0.5221391890625 0.4357210703125 0.525451321875 0.42866800468750005 0.5316998625 0.42760396875 0.5345800890625 0.42786171093750003 0.5431859125 0.4333248390625 0.5462153062499999
0 0.384130296875 0.586844371875 0.3719813359375 0.5843979734375 0.3667105921875 0.5862167406250001 0.3651121125 0.5920043109375001 0.3700290171875 0.5964069921874999 0.3767314828125 0.5944235921875001 0.3812587640625 0.592064415625 0.38582623125 0.5913729453125 0.384130296875 0.586844371875
0 0.4017226546875 0.6908038640624999 0.41123381718749996 0.6956268796875 0.41668840312500005 0.6951659078125 0.4204872375 0.69184406875 0.417837209375 0.684305490625 0.41152876718750003 0.6817351484375 0.40642154843749995 0.679887290625 0.4000847 0.6771832984375 0.3972233265625 0.6849155515625001 0.4017226546875 0.6908038640624999
0 0.3921209015625 0.740757503125 0.3979249234375 0.745390684375 0.40292498125 0.7427913296875001 0.4026355953125 0.736008165625 0.40110525468749997 0.7352159515625 0.39070490156250004 0.7227594546875 0.38693771093749996 0.7242586328125 0.38695479375 0.7312393625 0.3921209015625 0.740757503125
0 0.3809329578125 0.74578963125 0.38594201093749997 0.75506178125 0.3952977375 0.7586606484375 0.39968298125 0.7556332265625 0.39973287343749997 0.7514320046875 0.3971230296875 0.7455611328125 0.3937482421875 0.7434847203125 0.3840313 0.7332576421875 0.3797365875 0.7421326859375 0.3809329578125 0.74578963125
0 0.35301059375 0.725323825 0.3595195078125 0.7278515546875 0.3701263515625 0.727971684375 0.37319835625 0.7227090296875 0.370870521875 0.7107716609375 0.3671215796875 0.709892278125 0.359603825 0.7114902265625 0.3500277578125 0.7112906859375 0.3495404234375 0.7203342562499999 0.35301059375 0.725323825
0 0.35764341875 0.7283900171875 0.3544557109375 0.7257150921875 0.3513483734375 0.7263755781250001 0.3448447640625 0.729294521875 0.34537966249999996 0.7347683140625 0.34965334375 0.73860928125 0.357478278125 0.7330347984375 0.35764341875 0.7283900171875
0 0.3302831984375 0.7228909453125001 0.3341303078125 0.716346040625 0.3334030234375 0.7060240859375 0.32828195625 0.6952391859375 0.3191685046875 0.6922872578125 0.32136445937499997 0.7060685921875 0.3261633328125 0.7212522796874999 0.3302831984375 0.7228909453125001
0 0.3278781671875 0.766286134375 0.340324603125 0.7706249234375 0.339192684375 0.7539633640625001 0.33436262031249997 0.748983475 0.3300840859375 0.748076971875 0.324179825 0.7434650953124999 0.319625753125 0.74471246875 0.3218951546875 0.75736069375 0.3278781671875 0.766286134375
0 0.29014768125 0.6868617828125 0.2876787125 0.691018446875 0.2880533234375 0.6982025578125 0.2923854375 0.70133266875 0.298580246875 0.7033684140625 0.3072959875 0.7044492578125 0.312112203125 0.7004921078125 0.3130208046875 0.6963877375 0.30178691562500004 0.685924346875 0.29183507343750004 0.6878999890624999 0.29014768125 0.6868617828125
0 0.3038933078125 0.6499960609375 0.30452960625 0.64608925625 0.30118322656249996 0.64414649375 0.2950687875 0.6454461578124999 0.288581809375 0.6469646953125 0.2843702515625 0.6488377 0.28294868906250004 0.6515145437500001 0.2860296890625 0.6581233953125001 0.28986385625 0.659403725 0.29179676250000003 0.6591325609375 0.295320059375 0.6579646 0.298414003125 0.6567482124999999 0.29996097499999996 0.65614001875 0.30085986875000004 0.6579045734375 0.3009434765625 0.6592836765625 0.303948959375 0.65962265 0.3057114171875 0.6585495921875 0.3053871515625 0.6555453984375 0.30324523124999997 0.652368809375 0.3038933078125 0.6499960609375
0 0.2827303609375 0.7229411328124999 0.2780942984375 0.7218312484375 0.26485820000000004 0.7275781 0.2687893703125 0.730793434375 0.26959980625 0.7341133515625 0.2733337359375 0.7354149890625 0.2754939046875 0.736213015625 0.2773233375 0.737919465625 0.278335865625 0.74021861875 0.2798093890625 0.740743534375 0.281558453125 0.7391145734375 0.281849003125 0.7365384453125 0.285018009375 0.73321079375 0.28603008281250003 0.7271288078125 0.2827303609375 0.7229411328124999
0 0.2880893046875 0.7456885703125 0.2896293515625 0.7406118578124999 0.2899998203125 0.7329900015625 0.2862691234375 0.7297320546875 0.2836163140625 0.7325309234375 0.280641309375 0.73972858125 0.2779069625 0.7485513296875 0.2775649046875 0.7563068359375 0.2803334171875 0.761445546875 0.28461680624999997 0.7594175875 0.2881433390625 0.756293315625 0.288295084375 0.7510926328124999 0.2873827953125 0.7487721765625001 0.2880893046875 0.7456885703125