0 0.168832290625 0.2736363890625 0.17254139375 0.2692004078125 0.1714917171875 0.26625170468750003 0.168093434375 0.26618107968750004 0.1677621109375 0.26561714062499997 0.1682429890625 0.26091579062500003 0.16339625625 0.2609944515625 0.160569715625 0.264608478125 0.158643334375 0.265493715625 0.15718608437499998 0.2665964171875 0.15854363124999998 0.2690039046875 0.16071923125 0.27028596718750003 0.1563709375 0.274699225 0.155541134375 0.28074346562499997 0.15425980156250002 0.2846634109375 0.157106846875 0.286119934375 0.1624960171875 0.2856087921875 0.165548325 0.2830569140625 0.1687648390625 0.2772983171875 0.168832290625 0.2736363890625
0 0.2429876265625 0.26437641093750003 0.24528049062499999 0.2711842265625 0.250039265625 0.2696969453125 0.25211225625 0.26751181874999996 0.2554049828125 0.268080653125 0.2566687171875 0.26606754062500004 0.25417059218750004 0.263268125 0.2513558 0.2619633375 0.25079870937500004 0.260337253125 0.2493942578125 0.25571946093750003 0.24734181406250003 0.25203236093750003 0.24357115624999998 0.252199475 0.2411111359375 0.25256377812499997 0.23921406093750003 0.257566146875 0.24036049375 0.2609700546875 0.2429876265625 0.26437641093750003
0 0.2371557234375 0.261809840625 0.23061717499999998 0.2628824703125 0.223899765625 0.26510325468749996 0.22159806249999997 0.2701916296875 0.22205545 0.2753279078125 0.2290865828125 0.2755778921875 0.2352527546875 0.27474300625 0.238674490625 0.2759187828125 0.247863625 0.27935766093750003 0.257401721875 0.27051086875 0.2511241390625 0.268831984375 0.24594608281250002 0.26834670625 0.24256540000000001 0.2663692484375 0.2371557234375 0.261809840625
0 0.34902939375 0.24595989999999998 0.34319454375 0.247358725 0.34100719687500003 0.250995478125 0.3431798515625 0.25624293593749997 0.3462116125 0.2595632859375 0.3471469296875 0.2639636125 0.34797669062500003 0.2688621484375 0.3555414609375 0.2696330703125 0.36222956562499997 0.26329515468750003 0.36232341562500003 0.25677298125000003 0.3608398078125 0.249793153125 0.35703104375 0.24679655 0.34902939375 0.24595989999999998
0 0.3642087859375 0.24574664687499997 0.3630711546875 0.24138932343750003 0.362830734375 0.23826860781249998 0.363050646875 0.23631877499999998 0.3596201125 0.23609641250000002 0.350920615625 0.23794554687499997 0.3464697109375 0.238891615625 0.3426462546875 0.244779225 0.34784776093750003 0.246369653125 0.351237246875 0.24739369687499999 0.355356828125 0.24588368906250002 0.3576878375 0.2449124453125 0.3597989328125 0.24589103437499998 0.3642087859375 0.24574664687499997
0 0.464439275 0.19700578124999998 0.46165088125000003 0.19284075 0.45862497187500006 0.19253238125 0.45505662812500003 0.1926564921875 0.44453630625 0.19489265625000002 0.4345085703125 0.1984514328125 0.43374912656250003 0.207811128125 0.4437416640625 0.20806601093750002 0.45285458749999996 0.20517745468749998 0.45512989062500003 0.2029493234375 0.4612872640625 0.2030678515625 0.463814734375 0.19904162187500002 0.464439275 0.19700578124999998
0 0.43504228749999996 0.1770868171875 0.42433725312500004 0.1774591515625 0.4142274125 0.18262129062500002 0.413336053125 0.1843966640625 0.41484606093750004 0.18851624375 0.4249441546875 0.18827291875000002 0.42950061718750004 0.186828640625 0.43455846249999996 0.1857535625 0.438176659375 0.183874353125 0.438147353125 0.179757221875 0.43504228749999996 0.1770868171875
0 0.6473104546874999 0.16400317343749998 0.646999678125 0.1575670078125 0.6436189953125 0.15558955000000002 0.6402119109375 0.1564723390625 0.6350250546875 0.15694047656250001 0.6267712390625 0.157901925 0.6220124625000001 0.1593892046875 0.622475703125 0.167537465625 0.628940946875 0.16711478125 0.6387956734375 0.1677161375 0.6442258953125 0.1664033171875 0.6473104546874999 0.16400317343749998
0 0.6559982843750001 0.1451872984375 0.65139491875 0.144421275 0.6456011203124999 0.145018421875 0.6371361906249999 0.1469762890625 0.63367925625 0.1496141734375 0.6315241609375 0.1534026609375 0.6295010234375 0.1538326921875 0.634743584375 0.154621440625 0.640560834375 0.15512944687500002 0.6463868828125 0.1546840359375 0.65310429375 0.1524632515625 0.6574672390625 0.1501085609375 0.6559982843750001 0.1451872984375
0 0.64733988125 0.1352919765625 0.6383266609375 0.13467034375 0.6317294625 0.1384514828125 0.6294424109375 0.1455984265625 0.6245516796875 0.1504441640625 0.632846546875 0.14868103593749998 0.638707796875 0.1444219625 0.6431029968749999 0.14221900625 0.64287723125 0.141156859375 0.6459471375 0.13669815000000002 0.64733988125 0.1352919765625
0 0.6324156015625 0.129741734375 0.6250296921875 0.12782265937499998 0.6200216968750001 0.1271426421875 0.6144302140625 0.1276967859375 0.6122516671875 0.130380121875 0.6116593781249999 0.1325676984375 0.608818184375 0.1341231578125 0.6159783265625001 0.134980084375 0.621147584375 0.1364187796875 0.6240503359375 0.1391321875 0.62541668125 0.14058626093749998 0.6321370359375 0.1344000796875 0.6324156015625 0.129741734375
0 0.6087917859374999 0.1369834046875 0.6008868921875 0.13660196093750002 0.5958290468749999 0.1376770390625 0.5893931078125 0.14221685625 0.59825971875 0.1441383796875 0.6055576703125001 0.14464883281250002 0.6116417390625 0.14541730625 0.61326025 0.1450732796875 0.6131752374999999 0.1396992609375 0.6087917859374999 0.1369834046875
0 0.5864199578125 0.1471307703125 0.5851445171874999 0.143119921875 0.575961234375 0.142693025 0.570742128125 0.143009428125 0.565288453125 0.143217096875 0.5628929390625 0.1438848703125 0.5593861515625 0.1482778484375 0.567112184375 0.1498074484375 0.57021725 0.152477853125 0.5755888203125 0.1538735453125 0.5813415656250001 0.15407807812500002 0.5838836890625 0.152110415625 0.5864199578125 0.1471307703125
0 0.586525475 0.1575753390625 0.5846665437499999 0.15479864999999998 0.5807170234375 0.15611391875 0.5745977578125 0.1591591078125 0.5660507234375001 0.1627203359375 0.565326478125 0.16826636718750002 0.5677600984375 0.1707623109375 0.581784259375 0.1680985640625 0.58745199375 0.16292907968749998 0.586525475 0.1575753390625
0 0.5643413484375001 0.15467835937500002 0.564555409375 0.14971654375000001 0.561781665625 0.1476100765625 0.5586502015625 0.14779991718750002 0.55543663125 0.14959311875 0.5514050078125 0.152511746875 0.5495724375 0.1578175890625 0.5510179390625 0.1616336984375 0.55780570625 0.16272836875000002 0.5611805390625 0.1616938453125 0.5643413484375001 0.15467835937500002
0 0.636547009375 0.10142736249999999 0.6349460984374999 0.09986455625 0.62980029375 0.0995310125 0.6247101953125 0.1004543546875 0.6227984656250001 0.103398159375 0.62387159375 0.10745201093750001 0.62255800625 0.1112202203125 0.6205583203125 0.1127554046875 0.6197783718750001 0.11704455 0.6207312890625001 0.11953804531250001 0.629325228125 0.11818711875000001 0.6339022359375 0.11087061250000001 0.6364854109375 0.10810126874999999 0.636547009375 0.10142736249999999
0 0.6232998109375 0.11471013593749999 0.625334696875 0.109361290625 0.6233379578125 0.1069310765625 0.6199572734375 0.10495361875 0.6141106765625 0.1112712578125 0.6122136015625 0.116273628125 0.610880475 0.1175402546875 0.611005571875 0.11954362968750001 0.617098440625 0.11935868593750001 0.6232998109375 0.11471013593749999
0 0.6188372015625 0.10963224062500002 0.6227574140625001 0.10419983906250001 0.617523653125 0.102457675 0.6133161140625 0.1025590609375 0.6107182875 0.10326983593750001 0.6086452953125 0.10545496406249999 0.60506520625 0.1104978875 0.6015906703125 0.115042603125 0.601250353125 0.11605088593749999 0.6041298484375 0.1170403390625 0.6131460140625 0.11369657500000001 0.6188372015625 0.10963224062500002
0 0.6021742 0.10286566718750001 0.5980634171875 0.1034222578125 0.5938470796875001 0.104477059375 0.5907302671875 0.1067254671875 0.5845523484374999 0.11247916875 0.585648928125 0.11763817031249998 0.5924777484375 0.1179311609375 0.6028778578125 0.11413463906250002 0.6080178093749999 0.1114562015625 0.6069945328124999 0.105647253125 0.6021742 0.10286566718750001
0 0.57363030625 0.1217787171875 0.5698831 0.1230509828125 0.56698325625 0.12731495312500002 0.56950483125 0.13121951874999999 0.5817550734375 0.131153103125 0.586522646875 0.1287124046875 0.58889765625 0.12297408437499999 0.581617303125 0.12055679999999999 0.57363030625 0.1217787171875
0 0.5832270546875 0.1102234140625 0.579248228125 0.10742155 0.5790664609375 0.101592325 0.5771488796875001 0.101524146875 0.5618668359375001 0.10921298906250002 0.5591957046875 0.110573709375 0.5583043453125 0.1123490828125 0.5576563515624999 0.1132797734375 0.5566740875 0.1176119203125 0.5639720406250001 0.11812237343750001 0.5756739921875 0.11547645625 0.5763864890625 0.1148492375 0.582796028125 0.11316966718749999 0.5832270546875 0.1102234140625
0 0.57169520625 0.101731815625 0.5739236046875 0.097293384375 0.573425165625 0.0929587859375 0.569953578125 0.0935381046875 0.5658897015625 0.0963049984375 0.5640688765624999 0.0966920265625 0.559351153125 0.097377628125 0.55408219375 0.099449125 0.550933128125 0.10154579687500001 0.5482913015624999 0.1070236515625 0.5492266203125 0.111423978125 0.5538299875 0.1121900015625 0.5618668359375001 0.10921298906250002 0.5648780921875 0.107462790625 0.570147053125 0.10539129375 0.57169520625 0.101731815625
0 0.5184660734375 0.129856646875 0.5214568234375 0.1230359 0.5188853953125 0.1208864296875 0.512622465625 0.1212661125 0.506130821875 0.12454904375 0.5048436359374999 0.1254570078125 0.4942324109375 0.1302499453125 0.4902535453125 0.138390859375 0.49892664218749994 0.13940197031249998 0.5066233671875 0.13681443437500002 0.5123380078124999 0.1338552515625 0.5184660734375 0.129856646875
0 0.5287664421875 0.14051309375 0.528446865625 0.1350303421875 0.5212955218750001 0.13322 0.5185188328125 0.1350789296875 0.5119626859374999 0.138058390625 0.5037000703125 0.1399732546875 0.49864222343750003 0.1410483328125 0.49797368437499995 0.1478512515625 0.5014921765625 0.149482234375 0.5097606453125 0.15057935312499998 0.5172638578125001 0.1470814046875 0.5287664421875 0.14051309375
0 0.45208371718749996 0.13191374843749998 0.44660659062499997 0.13101626718749998 0.44066618437500005 0.1329133015625 0.4394493546875 0.1371367171875 0.4384612375 0.13845688437499998 0.43124829687500005 0.1433204515625 0.43311307968749996 0.149109121875 0.43574316093750004 0.14855008125 0.4412701390625 0.147692465625 0.453584925 0.1369867453125 0.45208371718749996 0.13191374843749998
0 0.4274864375 0.14253415 0.42523753124999997 0.1419020328125 0.422818565625 0.14146465625 0.4234050015625 0.1362650984375 0.417666909375 0.13811913125 0.414168921875 0.14155869375000002 0.4114479375 0.1446745109375 0.40357235156250004 0.1484102 0.4051380640625 0.15378666875 0.409442359375 0.1541404890625 0.4149693375 0.1532828734375 0.42737793437500005 0.1469977578125 0.4274864375 0.14253415
0 0.41525088906249996 0.13371635625 0.41259735624999994 0.133170246875 0.4106240703125 0.13184518125 0.40661299062499995 0.1288915828125 0.4021532875 0.1307910671875 0.40104201406250006 0.1345162734375 0.3967670234375 0.1382795859375 0.391301603125 0.14340606718749999 0.39620989375 0.14759627656250002 0.400256171875 0.14673621406249998 0.40917557968749996 0.14293724531250002 0.414292078125 0.13915365468750002 0.41525088906249996 0.13371635625
0 0.387316884375 0.1485349984375 0.388495609375 0.1411478640625 0.383666475 0.1393196953125 0.380024825 0.14009375156249998 0.376825909375 0.14394551875 0.37154815 0.14697043125 0.3644437125 0.147370390625 0.3702257625 0.15169205624999998 0.37194103125 0.1518032375 0.3752015046875 0.1522203375 0.385487259375 0.14987544375 0.387316884375 0.1485349984375
0 0.348627953125 0.17642385 0.35965260468750004 0.1705914890625 0.35966434999999997 0.1656726765625 0.3576441578125 0.16213730937499998 0.35080653906250003 0.1627977359375 0.3472851 0.16513215 0.3436991546875 0.1671630921875 0.3382366796875 0.168324178125 0.3383334375 0.168779384375 0.3422125609375 0.1750914390625 0.348627953125 0.17642385
0 0.33373297812499997 0.1749907390625 0.3350319125 0.16916396250000001 0.3318535421875 0.16714350312499998 0.327361584375 0.1688912515625 0.3230074375 0.1702925265625 0.31156645 0.1701869296875 0.3084496390625 0.1724353375 0.310848059375 0.17874494375 0.31619322968749997 0.1830008796875 0.3268924125 0.1796165625 0.33373297812499997 0.1749907390625
0 0.3431509453125 0.1426980375 0.3435145609375 0.13247093593749998 0.33678249843749997 0.132633153125 0.327141790625 0.13801275625 0.32679872187500003 0.1423676296875 0.3229752640625 0.1482552375 0.3168207984375 0.1551140890625 0.319374628125 0.159170390625 0.32307198125 0.1596532203125 0.32836439375 0.158686875 0.3386530953125 0.15237658125 0.3431509453125 0.1426980375
0 0.32099023125000004 0.1518489875 0.3195681828125 0.1491380265625 0.3151671296875 0.148329 0.315964678125 0.142133025 0.311950653125 0.143144821875 0.309197415625 0.146108903125 0.311648634375 0.1466980171875 0.29427895 0.15451342031249998 0.29501195468749997 0.15895674843750002 0.2973253640625 0.15989233593750002 0.30370850312500003 0.16107301093749998 0.3109947484375 0.15555950000000002 0.32099023125000004 0.1518489875
0 0.181739646875 0.1841436578125 0.18133796562499999 0.180264265625 0.17959044531249999 0.18000135 0.177065921875 0.1800621796875 0.1745413984375 0.1801230125 0.1691023765625 0.18238924843749998 0.1626488390625 0.188835896875 0.15818618906249998 0.194700778125 0.156913653125 0.1976673078125 0.1570162640625 0.2011344953125 0.1630973859375 0.205868365625 0.16844845 0.20219350781249998 0.1730635640625 0.19804071875 0.1736001484375 0.19459625625000002 0.1775174140625 0.193129253125 0.17957575312500001 0.188885559375 0.181739646875 0.1841436578125
0 0.13028455625 0.1768428265625 0.13191771875 0.17855736875 0.1356531796875 0.182203915625 0.1429100796875 0.1835160484375 0.14829045000000002 0.18395832343750002 0.1512196 0.1838114875 0.1548788484375 0.1811306 0.1527941515625 0.1772917625 0.145909628125 0.1757418875 0.1448834046875 0.17389833593749998 0.13932712187500002 0.17063881875 0.13637157187499999 0.17364590156249998 0.13028455625 0.1768428265625
0 0.152289821875 0.180887959375 0.150973328125 0.177678790625 0.145463946875 0.17662957343750002 0.1412153578125 0.1775326390625 0.1396115 0.17993523125 0.13567663125 0.1833090671875 0.13780238125 0.186346221875 0.1410042046875 0.18947183437499998 0.1437280953125 0.1933333984375 0.1472553875 0.194010965625 0.1525888515625 0.1922429390625 0.1531166359375 0.1897518921875 0.152289821875 0.180887959375
0 0.15852921874999998 0.20128867968750003 0.15823604062500002 0.19294568125 0.1545064328125 0.1923111171875 0.1487595421875 0.1951185640625 0.14645783750000002 0.2002069421875 0.1408839140625 0.20979703125000002 0.1409044203125 0.2148675796875 0.14327353437499998 0.21706005312499999 0.146648365625 0.216025528125 0.15036331875 0.214601528125 0.1530109984375 0.21213565625 0.15852921874999998 0.20128867968750003
0 0.1370165375 0.1985661625 0.1337414109375 0.1960904953125 0.128390346875 0.199765353125 0.1254670484375 0.20292417187499998 0.124253165625 0.20318219062499998 0.1215937390625 0.210566875 0.11897241875 0.221115278125 0.11922163906250001 0.2232825765625 0.12332362031249999 0.22367940000000003 0.1339436453125 0.2179330453125 0.135899371875 0.2102221640625 0.1381101703125 0.20769056406250003 0.1373625140625 0.2011886671875 0.1370165375 0.1985661625
0 0.12485142812500001 0.1711782671875 0.12200438124999999 0.1697217453125 0.11666211562499999 0.1724431875 0.11529867812500001 0.1779664921875 0.11489990312500001 0.18106448125000002 0.1151139234375 0.18704544218750002 0.1208314703125 0.1910636359375 0.126642865625 0.18855965937500002 0.12905012656249998 0.18297307499999999 0.1290765265625 0.180112828125 0.12872469687500002 0.174478340625 0.12485142812500001 0.1711782671875
0 0.1184623546875 0.18887116406249999 0.1132197953125 0.18808241406249998 0.10893015156250001 0.1897871609375 0.10953414531250001 0.193623546875 0.1077191734375 0.197022559375 0.1030131578125 0.20373212343749997 0.10196053593750001 0.20474881875 0.107423009375 0.20358773437500002 0.11387359999999999 0.2011064828125 0.11986680624999999 0.1934889546875 0.1184623546875 0.18887116406249999
0 0.072906578125 0.1914177546875 0.075369503125 0.1980308328125 0.0763370734375 0.20258289375 0.07884399843749999 0.20442889375 0.08375818125 0.20068830625 0.083019325 0.1932329953125 0.0833125421875 0.19063321718749998 0.0822980671875 0.183870853125 0.07925750468750001 0.18150391875 0.07230552968750001 0.18361596875 0.072906578125 0.1914177546875
0 0.07585038281249999 0.193329484375 0.0734871203125 0.19414899218749998 0.07115611250000001 0.1951202359375 0.0679923953125 0.19515834062499998 0.06062699218749999 0.198309815625 0.058076028125 0.21217366875 0.055196689062500005 0.2215081875 0.0580320296875 0.21694074687499998 0.06312798124999999 0.21902938437500002 0.072161746875 0.2137787921875 0.07490033125 0.20875614374999998 0.0784892234375 0.20275980312500003 0.0797471046875 0.1977347078125 0.07585038281249999 0.193329484375
0 0.0568006671875 0.18627726718749998 0.0457848140625 0.1911562109375 0.0431048828125 0.1934703484375 0.0369445234375 0.2082599953125 0.046676093749999994 0.21126639218749999 0.058785620312499995 0.204569071875 0.064136684375 0.2008942140625 0.06858468281249999 0.19297076562499998 0.0621165328125 0.186416071875 0.0568006671875 0.18627726718749998
0 0.0851303 0.22703991562499998 0.07474484218750001 0.23289500312500003 0.07183619687500001 0.23811238750000002 0.0667196984375 0.241895978125 0.071724746875 0.2465413921875 0.0811161953125 0.249937265625 0.0901118546875 0.24152295625 0.09485892500000001 0.2340117109375 0.0942549296875 0.230175321875 0.0851303 0.22703991562499998
0 0.049699015624999995 0.22648293437499997 0.048602396874999995 0.23226670781249997 0.0536690015625 0.24118099062499998 0.05955955625 0.2410390515625 0.06482266406250001 0.235955571875 0.062019615625 0.229731971875 0.058495268749999996 0.22508900468749998 0.05707321875 0.2223780453125 0.049699015624999995 0.22648293437499997
0 0.0104295015625 0.262583325 0.0171351640625 0.265281353125 0.0277492953125 0.26746579531250003 0.0416942984375 0.26244001250000004 0.039199121875 0.2556751984375 0.0299835875 0.25509656875000003 0.022110946875000002 0.254866859375 0.0189501765625 0.2509395671875 0.016012226562500002 0.252039821875 0.0126021953125 0.2568880078125 0.0104295015625 0.262583325
0 0 0.2522720359375 0.007776009374999999 0.2510944390625 0.0105380453125 0.2471769421875 0.0062572421875000004 0.2369854953125 0.001923640625 0.23251454218749998 0 0.23222512812499999 0 0.2522720359375
0 0.0322264796875 0.2964878078125 0.0420460484375 0.2899600515625 0.0449693453125 0.28680123125 0.046332784375000005 0.2812779265625 0.0437144515625 0.27691815468750003 0.0354195828125 0.2786812828125 0.0310302359375 0.2838962203125 0.02583458125 0.285317771875 0.0245767 0.29034286875 0.028004287500000002 0.294530628125 0.0322264796875 0.2964878078125
0 0.08789217656250001 0.266893525 0.0846258484375 0.26346444375 0.080863990625 0.2626781421875 0.07392081406249999 0.263836778125 0.06843194062499999 0.267858109375 0.06501896406249999 0.2766716921875 0.065376646875 0.2853181609375 0.07311733125 0.288906325 0.07969693125 0.2870320171875 0.08210419218750001 0.28144543125 0.0839367625 0.27613958906249997 0.08820295312500001 0.27332969218750003 0.08789217656250001 0.266893525
0 0.0166775390625 0.3258017375 0.014545895312500001 0.330695375 0.02178225 0.3378797359375 0.030947932812500002 0.3402134625 0.035973525 0.33898665 0.0367974734375 0.3299304265625 0.031024221875 0.3246553453125 0.02719200625 0.320553590625 0.0226120921875 0.32089271875000003 0.020741415625000002 0.32303484375 0.0166775390625 0.3258017375
0 0.010353090625 0.3109697734375 0.0025420078124999998 0.3150089328125 0.0064416359375 0.3263915359375 0.0162641109375 0.32684115937499997 0.021266251562499998 0.32450919375 0.019677087500000003 0.3180275734375 0.017340225 0.3159868375 0.014601681250000002 0.3100667078125 0.010353090625 0.3109697734375
0 0.1796280296875 0.3254211609375 0.17912079218750002 0.32203998125 0.1777779 0.32169105781249996 0.175194725 0.3244604 0.17463178125 0.3198223328125 0.172623296875 0.3223109296875 0.170808325 0.325709940625 0.1668353515625 0.3259200578125 0.1644368921875 0.330553228125 0.1636539953125 0.3388077703125 0.164750575 0.343966775 0.1659615109375 0.347674153125 0.1693715421875 0.34282596718749997 0.17214823125 0.3409670375 0.1770653609375 0.333261053125 0.1769686046875 0.33280584687500003 0.179551778125 0.3300365046875 0.1796280296875 0.3254211609375
0 0.0576854125 0.3894026671875 0.0611746 0.38691651875 0.06464328124999999 0.37935982031250004 0.05972324375 0.3800884265625 0.052803521875 0.3823522125 0.0450188375 0.38353112500000003 0.0446024625 0.3885359453125 0.046420340625 0.39211431406249997 0.0576854125 0.3894026671875
0 0.0763921375 0.3789242046875 0.0736389015625 0.3818882875 0.07174477343749999 0.382925259375 0.072595040625 0.39289434375 0.0743278671875 0.4020414703125 0.075450846875 0.40434022656249996 0.0841913953125 0.4016894125 0.086689559375 0.39354605 0.0845169046875 0.3882985921875 0.085619378125 0.3855268015625 0.0837399421875 0.37767956406250003 0.07998688281250001 0.37593984687500004 0.0763921375 0.3789242046875
0 0.11833266406250001 0.374291425 0.106014971875 0.37801976718749997 0.10113889375 0.3849240703125 0.09455925312499999 0.39774115625 0.0925888734375 0.403393471875 0.09401972187499999 0.4051510171875 0.103666284375 0.40278339374999994 0.1121488125 0.3989186953125 0.11652350625 0.39164519375 0.118702053125 0.3889618578125 0.126310821875 0.3849657 0.12334651249999999 0.3779834234375 0.11833266406250001 0.374291425
0 0.0670093296875 0.418346021875 0.0697478734375 0.42426615156249997 0.076535640625 0.42536081875000004 0.0833234484375 0.4155127125 0.0807315125 0.40829269375 0.0796671859375 0.4032854265625 0.0684079671875 0.40900905468750004 0.0670093296875 0.418346021875
0 0.0606350703125 0.39432637812500004 0.058512228124999996 0.3982666 0.0608930484375 0.4064830375 0.0655755734375 0.4096110984375 0.0741959125 0.4053999265625 0.07657971875 0.3987081890625 0.0768348328125 0.39294469374999996 0.068551709375 0.389789009375 0.0606350703125 0.39432637812500004
0 0.0442623 0.3998681984375 0.0437227703125 0.40727805781250004 0.045379346875 0.4210405265625 0.060957514062499996 0.417729284375 0.06363159375 0.4124031671875 0.058693995312500004 0.404095825 0.0553250578125 0.3971995546875 0.0500267921875 0.39515391875 0.0442623 0.3998681984375
0 0.031232029687500003 0.42610931250000006 0.028282332812499998 0.432128378125 0.028472900000000002 0.4370041890625 0.034254951562500004 0.44132585625000004 0.0428928484375 0.446150628125 0.0451828046875 0.445981065625 0.05072153124999999 0.44020463750000005 0.0444058421875 0.4353620359375 0.03827486875 0.43238326093749996 0.039189681250000004 0.43171304062500004 0.0399872296875 0.4255170640625 0.036225371875 0.4247307625 0.031232029687500003 0.42610931250000006
0 0.1156436515625 0.4541584125 0.1178720515625 0.4497199796875 0.11610402500000001 0.44438651562500003 0.1108702640625 0.44264435 0.1049621109375 0.444693121875 0.0970601234375 0.45128905625 0.096242028125 0.4633572609375 0.096804971875 0.4679953296875 0.0969984859375 0.4689057421875 0.10576833906250001 0.470372059375 0.10818145312500001 0.4677974546875 0.1103776 0.4632072890625 0.1104274515625 0.4614521921875 0.1104127984375 0.45939362656249993 0.111782090625 0.456882303125 0.1156436515625 0.4541584125
0 0.040834765625000005 0.4444531171875 0.040566593750000005 0.4423410921875 0.037496309374999995 0.441502496875 0.034035015625 0.44562732031249996 0.0312329046875 0.4469007484375 0.0274006828125 0.44757974687499996 0.02683173125 0.450005271875 0.031290528125 0.4531244484375 0.0357368 0.4544839546875 0.0395038421875 0.45775016874999996 0.04405286875 0.46044347500000005 0.047872565625 0.45800480468749993 0.050489212500000005 0.4550084640625 0.051093256249999996 0.45189766093749995 0.045902609375 0.44703614375 0.04196763125 0.44638134375 0.040834765625000005 0.4444531171875
0 0.0357292765625 0.4552989390625 0.0335362140625 0.4560362171875 0.0303807015625 0.45819814687499993 0.03139325 0.4638121796875 0.0350399734375 0.47076419999999997 0.0388395890625 0.4767347734375 0.039696759375 0.477365959375 0.0484464515625 0.4768617953125 0.050657079687499995 0.47110491093749995 0.0490705765625 0.4653417484375 0.0444187921875 0.4613146421875 0.043107985937499996 0.4568485203125 0.039085296874999995 0.453229953125 0.0357292765625 0.4552989390625
0 0.22780396406249998 0.4396871296875 0.23197205625 0.4337853 0.23420273281249998 0.42897310468749994 0.2305309234375 0.427855675 0.2261798859375 0.4286449515625 0.2221947734375 0.43030539843750004 0.220407728125 0.43380322031249996 0.212465071875 0.43725381875 0.2020937515625 0.44203402968749994 0.20915663593749997 0.449751125 0.21235224062500002 0.449478571875 0.2171118171875 0.4480602 0.2252975953125 0.44320228437500003 0.22780396406249998 0.4396871296875
0 0.22347059218749998 0.40739500624999997 0.22203698125 0.400650396875 0.219951709375 0.3959421984375 0.2131670046875 0.39548643437500003 0.20921698281249998 0.3964616015625 0.20716676875 0.4004220546875 0.2071817796875 0.40814601875 0.2088309421875 0.4133536078125 0.21185861250000002 0.415692465625 0.2171771 0.41605319218750003 0.22337784374999997 0.4112105171875 0.22347059218749998 0.40739500624999997
0 0.1568741703125 0.4138233578125 0.1562400734375 0.410840165625 0.151981784375 0.4078139328125 0.1481495625 0.4084929328125 0.14256038437500002 0.409409821875 0.13940487343750002 0.4115717515625 0.1396379546875 0.41436905468749996 0.1408886203125 0.41600111562500003 0.1435278 0.41991375625 0.1443172734375 0.42787979531250003 0.1481695421875 0.4281454828125 0.1509440828125 0.42674235156250007 0.1551021359375 0.4250451453125 0.1572425796875 0.4206588203125 0.1568741703125 0.4138233578125
0 0.07120159375 0.4954776328125 0.0666851390625 0.49548868593749995 0.064381796875 0.49570714843749997 0.06207845468749999 0.4959256109375 0.060241275000000004 0.50173868125 0.060912946875 0.5100008875 0.0697051859375 0.5267043234375001 0.079011303125 0.5220149640625 0.08168812812500001 0.5124987562500001 0.0800740546875 0.5066058875 0.07849255625 0.5034173796875 0.07659526875 0.49704245468749997 0.0753095109375 0.49609567343750005 0.07120159375 0.4954776328125
0 0.11767201249999999 0.4785507078125 0.11567193437500001 0.48019591406249995 0.1128873515625 0.4858036671875 0.1127118921875 0.489230065625 0.11356654531249999 0.493250890625 0.1224916609375 0.4986742609375 0.1259454671875 0.486010490625 0.124922878125 0.48460107812500003 0.1266547859375 0.48084384687500004 0.1240005625 0.47856117343750004 0.1212134953125 0.47820463437500005 0.11767201249999999 0.4785507078125
0 0.045716871874999995 0.5201446828125 0.036455884375 0.519944140625 0.0359871703125 0.5270931015625 0.039270453125 0.539138246875 0.0412805375 0.5426423484375 0.0470000421875 0.543188965625 0.0558901 0.5399436843750001 0.057787421875 0.5369646765625 0.055383843749999995 0.5324597 0.0546068953125 0.5262533328125001 0.0508824671875 0.52148685625 0.045716871874999995 0.5201446828125
0 0.0701362546875 0.5329842109375 0.06730657500000001 0.5341279328125 0.064714978125 0.540643615625 0.0663766671875 0.5476108749999999 0.07831692812499999 0.553613434375 0.0823647015625 0.5513974109374999 0.08698142656249999 0.5467558640625 0.0858310328125 0.5404933125 0.0815877875 0.5358371125 0.0773295 0.5328108796875 0.0701362546875 0.5329842109375
0 0.069790275 0.561119521875 0.0692112828125 0.56774966875 0.0675821328125 0.5728406984375 0.0690884453125 0.5748251125 0.084184215625 0.5786657421875 0.09069574531249999 0.5744348265625 0.09108675625 0.56947140625 0.0858334484375 0.5651654671874999 0.082003746875 0.562454828125 0.0776201359375 0.560539746875 0.069790275 0.561119521875
0 0.085424840625 0.5845024234375 0.0804772828125 0.587587521875 0.0825625546875 0.59229571875 0.0864749640625 0.5953954703125001 0.0884449546875 0.5970101984375 0.09598155781249999 0.6001529875 0.0999466234375 0.597547853125 0.10115971406249999 0.5939009000000001 0.0972147296875 0.5880967906250001 0.0942572421875 0.5843873734375 0.0896580796875 0.5840093140625 0.085424840625 0.5845024234375
0 0.0868734625 0.5989709984375 0.08178805624999999 0.6014075765625 0.08209132031250001 0.6028343203125 0.08579566718750001 0.616010040625 0.0897231234375 0.617479825 0.0959013 0.6150821 0.095823628125 0.6079137109375 0.0942997875 0.601594971875 0.0926280578125 0.598832334375 0.0868734625 0.5989709984375
0 0.0469998015625 0.608666484375 0.04852364375 0.6149852234375001 0.055458721875000005 0.617849178125 0.0578698234375 0.6215391703125001 0.0627722484375 0.6233439749999999 0.0708126578125 0.618652521875 0.073196225 0.6128588781250001 0.0689805484375 0.6083323828125 0.065414015625 0.6051591140625 0.06267960312500001 0.5990976890625 0.0563034359375 0.5980128328125 0.0488319796875 0.600278759375 0.0469998015625 0.608666484375
0 0.06566459218750001 0.621644675 0.0611255703125 0.624100678125 0.059042784375000004 0.6253567734375001 0.0566466921875 0.6293907453124999 0.05904526718749999 0.6313210671875 0.0648374390625 0.6364614171875 0.0723539953125 0.6386595171875 0.07720632031249999 0.6334256359375 0.078081053125 0.62903721875 0.0742388265625 0.6245669078125 0.072110940625 0.6213589734375 0.06832885625 0.6197227265625 0.06566459218750001 0.621644675
0 0.1008463390625 0.6153866406249999 0.0950340875 0.618655534375 0.0968411453125 0.62545633125 0.09828980000000001 0.6305709734375 0.1053000640625 0.634639025 0.11390690625 0.6309116859375 0.11267380468749999 0.6242600203124999 0.11374904687500001 0.619964546875 0.1113730359375 0.6155892765625001 0.10620744062500001 0.6142471031250001 0.1008463390625 0.6153866406249999
0 0.1817316 0.5817906890625 0.17511983281250001 0.5812981671874999 0.16867848593749998 0.584158521875 0.1708013328125 0.5941457328124999 0.173666071875 0.6016706625 0.1781449171875 0.6057345265625 0.183450878125 0.60433558125 0.1850725046875 0.6000595343749999 0.1857342078125 0.5938185 0.184049953125 0.5892961921875 0.1849021203125 0.587352725 0.185430978125 0.583037825 0.1817316 0.5817906890625
0 0.10105423437500001 0.6520803265625 0.09937498125000001 0.6501326734374999 0.0955903765625 0.6518860640625 0.09705407656250001 0.655370740625 0.096284615625 0.6577033203125 0.093793290625 0.659588509375 0.0912192578125 0.661084584375 0.091011228125 0.6618066234375 0.0949035921875 0.6639616875 0.098126765625 0.6638188359375 0.1069842171875 0.6672231265625 0.115864234375 0.6681824671875 0.11978668750000002 0.667077596875 0.12184190312500001 0.6656917984375 0.12209506562500001 0.6600798578125 0.12076169218749999 0.6580586859374999 0.1167866203125 0.655514509375 0.1103828828125 0.6542999484375 0.105284953125 0.6549768546875 0.1025254546875 0.6547500187499999 0.10105423437500001 0.6520803265625
0 0.0814469765625 0.6601793375 0.07814109375 0.659933075 0.0758502765625 0.661911209375 0.074790078125 0.6645767140625 0.07216842812499999 0.6649984 0.06719329843750001 0.6679537953125 0.0686093828125 0.6703640796875 0.0737549296875 0.6707615640625 0.0743840234375 0.6711701015625 0.07998069062499999 0.6787921609375 0.08177021875 0.68125863125 0.086364378125 0.6790620359374999 0.089153965625 0.6760289375 0.08934446562500001 0.6709725718749999 0.0870035484375 0.6659120203125 0.0814469765625 0.6601793375
0 0.1113853578125 0.673472534375 0.1018787296875 0.6780689484375 0.100079159375 0.6798071 0.10341009375000002 0.6835727031250001 0.1120444703125 0.6893290015625 0.1201324609375 0.695065871875 0.1236463765625 0.69459009375 0.12658133124999998 0.6913905328125 0.1267242140625 0.6852597765625 0.1220097703125 0.681788246875 0.12093204375 0.680119428125 0.118937003125 0.6749853578125 0.11743068906250001 0.67300094375 0.1113853578125 0.673472534375
0 0.155855628125 0.6768986781249999 0.15275777343750002 0.6759303765625 0.144968009375 0.678399528125 0.141860115625 0.6816358499999999 0.140744778125 0.6840419468750001 0.14583015 0.6909593015625 0.1512062609375 0.697543728125 0.15293312812499998 0.7005657734375 0.158472171875 0.7019641328125 0.1655927484375 0.69719706875 0.1653396203125 0.6934550765624999 0.1608131578125 0.688316821875 0.1566175296875 0.6847350125 0.1552565875 0.6825841375 0.15717395781250001 0.6805498171875 0.155855628125 0.6768986781249999
0 0.1275964296875 0.6842609953125 0.1264259546875 0.6864076875 0.1264384796875 0.6881673578124999 0.1297142421875 0.7010274843750001 0.13232836875 0.701420784375 0.135782140625 0.6981109437499999 0.13667191875 0.692092559375 0.1369100375 0.6881105859375001 0.136920078125 0.6839059640625 0.1354338125 0.6828662390625 0.1275964296875 0.6842609953125
0 0.0803814671875 0.7444555703125 0.0754840421875 0.7452254203125 0.070995159375 0.7453661781250001 0.0659999828125 0.7473768859375001 0.066909775 0.7516571187500001 0.0688521953125 0.7531421421875 0.0733335578125 0.7538163671875 0.076085534375 0.7548581875 0.07671462812499999 0.755266725 0.07763694531250001 0.7613066296875 0.084033159375 0.7633361765625 0.0874092265625 0.762211878125 0.0904018390625 0.7558820859375001 0.0886549234375 0.7519153515625 0.08360964531250001 0.746887375 0.0803814671875 0.7444555703125
0 0.0967906671875 0.7213108890625 0.0946577453125 0.72488223125 0.09411384375000001 0.7308270984374999 0.09891851874999999 0.73387275625 0.1066405859375 0.738738459375 0.1079539125 0.73981494375 0.11224729062500001 0.742155896875 0.116791315625 0.7422745468749999 0.12015485625 0.739390578125 0.1210621640625 0.73770651875 0.11902702812499999 0.730683075 0.11488653906249999 0.727360675 0.11069091093750001 0.723778865625 0.10836251875 0.7204779875 0.10332724687499999 0.7205993171875 0.099474978125 0.7203336296875 0.0967906671875 0.7213108890625
0 0.1183377921875 0.7274404718749999 0.11818238125 0.7318115578125 0.1249169515625 0.7345825671874999 0.134892259375 0.7321911234375 0.14094511406250002 0.7309045484375 0.14818849375 0.728415971875 0.14914341874999998 0.7278063046875001 0.1481183453125 0.7204326 0.1368472734375 0.7167279546875001 0.1280349203125 0.71778769375 0.12225275625000001 0.7177966546875 0.118593471875 0.7184388953124999 0.11883155781250002 0.723810853125 0.1183377921875 0.7274404718749999
0 0.1331954453125 0.7352630734375001 0.1359674671875 0.7372495812500001 0.14394017812499998 0.7398929812499999 0.14910325468750002 0.7446247921875 0.158835440625 0.7436406640625 0.159206403125 0.7377325578125 0.154070896875 0.73313045 0.14777243281250002 0.7298600484375 0.145456565625 0.728318840625 0.14411566874999998 0.7271126515625 0.1368296765625 0.7311014921875 0.1331954453125 0.7352630734375001
0 0.1302754984375 0.7461865999999999 0.13709778125 0.751921378125 0.146591846875 0.7549192234375 0.153993121875 0.75402385625 0.15654210468750002 0.7490084375 0.1524317046875 0.742426103125 0.148070659375 0.7380660703124999 0.1420754625 0.7362224140625 0.139223215625 0.7398110890625 0.13772690781250002 0.742975984375 0.1302754984375 0.7461865999999999
0 0.1656378453125 0.7016610984375 0.16071785624999999 0.7048759 0.156752790625 0.707481034375 0.15123127812499998 0.7104170015625 0.15411858125 0.7154969796875 0.1615223390625 0.7205659046874999 0.1657254890625 0.7233327265625 0.1718309640625 0.7256952 0.1766306359375 0.726166203125 0.1807285453125 0.721634934375 0.1778011453125 0.7146655828124999 0.170174346875 0.7025947328125 0.1656378453125 0.7016610984375
0 0.18141029375 0.7163385890625 0.180548084375 0.722486678125 0.1827361125 0.7285286765625 0.186239984375 0.7322575203125 0.189077153125 0.7396527453124999 0.19334548125 0.73847435625 0.1967692 0.7290705171874999 0.192182596875 0.7210981984375 0.187204984375 0.7180893 0.18141029375 0.7163385890625
0 0.1052870953125 0.7544804609375 0.10662046875 0.7565016328125 0.11500171875000001 0.7585159390625 0.11913720312500001 0.7592636828125 0.1266487546875 0.7588871312500001 0.1304609296875 0.7572634453125 0.130320596875 0.75065063125 0.129415809375 0.7489450515625 0.12375896718749999 0.7478428609375001 0.1172925703125 0.7471838734375 0.1160895203125 0.74662620625 0.11372603437499999 0.7440106046875 0.10889375625 0.7501891734374999 0.10726712499999999 0.751890565625 0.1052870953125 0.7544804609375
0 0.1128813203125 0.7638469515625 0.11047270468749999 0.766121253125 0.1107684453125 0.7683629796875 0.1184028015625 0.770264915625 0.1271098796875 0.7712610140625 0.1384185609375 0.7708907421875 0.1406467171875 0.769468184375 0.1397820578125 0.7602980484375 0.1322304125 0.7587852265625 0.1250446890625 0.758143571875 0.1213453125 0.7568964375 0.115673425 0.7574242140624999 0.113437746875 0.75966175625 0.1128813203125 0.7638469515625
0 0.15009065 0.7747812765625001 0.148436446875 0.776352965625 0.1469601890625 0.78046255 0.1453260359375 0.782978925 0.143789634375 0.7842544453125 0.1438848671875 0.7864032296875 0.1468448734375 0.786723009375 0.15611086406250002 0.78949820625 0.1612639328125 0.7890807078125001 0.172033753125 0.787876025 0.1726979375 0.7875992843749999 0.1774800796875 0.7837359625 0.1751441640625 0.781250065625 0.1714122140625 0.7772985718750001 0.165492203125 0.7766590124999999 0.15645177187499998 0.7774961015625 0.1546547203125 0.775844615625 0.15009065 0.7747812765625001
0 0.10010618125 0.8295997046875 0.098354228125 0.8324122484375 0.0934542859375 0.8365717374999999 0.09676016875 0.8368180000000001 0.09953971406249999 0.8379895234375001 0.10328922812500001 0.8369214109374999 0.10389075156250001 0.8372002453125 0.1072166828125 0.83839119375 0.112006346875 0.8337128890625 0.1157082421875 0.8315703859375001 0.12493165312500001 0.8264919125000001 0.126031946875 0.8257157828125001 0.12655076406250002 0.8256055046874999 0.1274179765625 0.8220320703124999 0.12036009375000001 0.816889628125 0.11457040781250001 0.8177135718749999 0.1087506328125 0.82179745 0.1069836359375 0.8262399609375001 0.10545475625 0.8267004968749999 0.1025147984375 0.8273254046874999 0.10010618125 0.8295997046875
0 0.147909971875 0.8146939515625 0.1495741796875 0.818271571875 0.147323459375 0.8221390812499999 0.14704524531250002 0.8242316781250001 0.14671189375 0.8260648703125 0.148343528125 0.8269381296875 0.1571082640625 0.824804 0.16017354374999998 0.8230679421874999 0.16616373906249998 0.8223369437500001 0.1802895765625 0.8190632765625001 0.1792995953125 0.8110042921874999 0.17562778750000002 0.8098868609375 0.16626152656249998 0.81174215625 0.16003573124999998 0.8130654906249999 0.155892725 0.8131327296874999 0.15257931875 0.8137014499999999 0.147909971875 0.8146939515625
0 0.1606773171875 0.8245876328125 0.1518975359375 0.8283517296875 0.1458221140625 0.8320832546875 0.1451905015625 0.8350643546875001 0.15056160937500002 0.839074125 0.154068 0.8394133328125 0.158504265625 0.835623528125 0.160802603125 0.8328304125000001 0.1656724578125 0.8319308578125 0.17319905468750002 0.8299243359374999 0.17746238125 0.8261712921875001 0.1790338734375 0.8242104921875001 0.17682828281250002 0.8231881 0.1733218921875 0.8228488921875 0.1697252703125 0.8229355578125 0.165173725 0.823631890625 0.1606773171875 0.8245876328125
0 0.1862873265625 0.8081633625 0.187299875 0.8137773953125 0.189781159375 0.8160968296875 0.1973678984375 0.816924371875 0.207245453125 0.8157737812500001 0.2124536609375 0.8156156921875001 0.208385875 0.8075330953125001 0.20412758593749997 0.8045068625 0.1960621265625 0.805678971875 0.193628459375 0.80443393125 0.189673434375 0.8028344421875 0.1857158921875 0.8046245937500001 0.1862873265625 0.8081633625
0 0.12364592968749999 0.8161912015624999 0.1304857734375 0.8169063734374999 0.1434511765625 0.8115747750000001 0.1461229625 0.8088378421875 0.14430085937499998 0.8036670140625001 0.1356965375 0.8040047140625 0.1290145875 0.80488275 0.12495428906249999 0.8053391 0.12193662499999999 0.8081495515625001 0.1228388953125 0.81324476875 0.12364592968749999 0.8161912015624999
0 0.1286486625 0.8040115812499999 0.136949721875 0.8022471359375001 0.1380450125 0.7988963515624999 0.13633066875 0.7976339765625 0.13140067187499999 0.79569946875 0.12160834375 0.7938495328124999 0.1174578140625 0.79473175625 0.112673153125 0.801984715625 0.11083096875000001 0.8052231296875 0.12000172499999999 0.80584954375 0.1286486625 0.8040115812499999
0 0.1177259875 0.796843778125 0.1288416828125 0.795565578125 0.13129039375 0.795180653125 0.12820258125 0.79000773125 0.12506463437499998 0.7871500546875 0.11462816718749999 0.786521546875 0.1078986015625 0.7863251921875001 0.10119408593749998 0.789648178125 0.0996676921875 0.7960730093749999 0.10487338125000001 0.79930455625 0.1177259875 0.796843778125
0 0.193109471875 0.851313865625 0.197292575 0.8531360015624999 0.20811753125000002 0.852190728125 0.223499071875 0.84376984375 0.230301340625 0.8392060015625 0.232131 0.834207915625 0.2279027984375 0.8279217484375 0.22380240312500002 0.8264887265624999 0.215097809375 0.83145691875 0.21019786875 0.8356164078124999 0.20659372343750002 0.8365180562500001 0.1959266609375 0.8390565390625 0.1946233421875 0.8431293625 0.193109471875 0.851313865625
0 0.23829168125 0.8181219343749999 0.2478960609375 0.8122846640624999 0.25039490937500003 0.8095844921875001 0.24831215625 0.8014866546875 0.23449210156250003 0.8027974296875 0.22890792499999998 0.8062889734375001 0.22313576875000002 0.8114472421875 0.2186844609375 0.8168670125 0.22215824374999998 0.8238557906249999 0.23829168125 0.8181219343749999
0 0.2511068140625 0.7823203484375 0.2589742828125 0.7776656562500001 0.2603227359375 0.76870293125 0.2538563390625 0.76804394375 0.24549762187500002 0.7729386171875 0.233702696875 0.7761235281250001 0.2330009015625 0.7804751875 0.23635688593749998 0.7877601328125 0.2511068140625 0.7823203484375
0 0.266799071875 0.7932190875 0.2728895375 0.787857596875 0.27612527187499997 0.7801204859374999 0.26482159375 0.7830654140625 0.254174578125 0.786548584375 0.247738234375 0.79198359375 0.249961353125 0.7973403140624999 0.25886893906249997 0.7984293578125 0.266799071875 0.7932190875
0 0.266428075 0.808481128125 0.281939940625 0.8015237484375 0.2872208515625 0.7966054609375 0.287002815625 0.792178190625 0.27715034374999997 0.787494190625 0.2685209375 0.7936664796875 0.26394682343750003 0.7968077625000001 0.25997675625 0.7968382421875 0.257635803125 0.8011316234375 0.2619066171875 0.8059175265625 0.266428075 0.808481128125
0 0.28309799375 0.76955559375 0.2997903421875 0.76560083125 0.308251815625 0.76203995625 0.3124123859375 0.7569531125 0.3085626359375 0.7532977859375001 0.2998054203125 0.754616934375 0.2922111609375 0.7546043734375 0.2868500609375 0.7557439109375 0.286501665625 0.75920706875 0.2828523875 0.7649986171875 0.28309799375 0.76955559375
0 0.288714571875 0.815538065625 0.3033767875 0.8071345140625 0.30847975625 0.7996783296875 0.31477825312499996 0.7935947999999999 0.315790834375 0.7898549015625 0.3103921578125 0.7857154265624999 0.3013517265625 0.7865525156250001 0.29244410625 0.7948174015625 0.285190684375 0.8015106015625 0.27793975 0.8141680921875001 0.2793407875 0.81820834375 0.288714571875 0.815538065625
0 0.33529278125 0.7931656625 0.3543286015625 0.7815278828125 0.3577573234375 0.7746987 0.3556720515625 0.7699905015625 0.352636859375 0.7684666265625 0.33651594687499997 0.7759601546875 0.325575675 0.7831658906250001 0.323179584375 0.7871998625 0.3265305640625 0.791910153125 0.32848050624999997 0.79258019375 0.33529278125 0.7931656625
0 0.3234200828125 0.817243975 0.32361055 0.8215415421875001 0.32157538125 0.8238720296875 0.3219262609375 0.8263731640625 0.326054225 0.82793589375 0.32974359531249997 0.82403371875 0.33123237968749997 0.8216838078125001 0.3317988125 0.8226479203125001 0.34264133281250003 0.816683040625 0.3404858796875 0.8133454015625 0.3444935578125 0.8092400046874999 0.346295646875 0.8041122140624999 0.3376863203125 0.8018752578124999 0.331658515625 0.8066811765624999 0.330202303125 0.811735446875 0.3290393484375 0.813067153125 0.3252898359375 0.8141352656249999 0.323580496875 0.8154475453125001 0.3234200828125 0.817243975
0 0.24377085625 0.7418547796875 0.24484858437499998 0.7435235984374999 0.24966329687500002 0.7423646359375 0.253691025 0.739203925 0.257510721875 0.7367652546875 0.2587363359375 0.734877971875 0.2563402796875 0.7295580140625 0.2492974078125 0.7321395359375 0.24532482031249997 0.7355596515625 0.2416179203125 0.7351275015625001 0.24013665781250002 0.7366624296875 0.24281845156249998 0.739074809375 0.24377085625 0.7418547796875
0 0.2847724484375 0.712805003125 0.28406816875 0.7111923703125 0.27707795 0.70806900625 0.27397257656249996 0.7079156890625 0.27145368125 0.709671175 0.27147121093750004 0.7140055000000001 0.272200540625 0.7191374765625 0.2747018734375 0.7224015968749999 0.2823337078125 0.7276931703125 0.2860456109375 0.7306999765625 0.2892211703125 0.729482734375 0.2978631046875 0.725070115625 0.29777539218750004 0.72210635 0.2961537984375 0.717028465625 0.2900683703125 0.71561068125 0.286223621875 0.714530009375 0.2847724484375 0.712805003125
0 0.28176993281249996 0.6859236921874999 0.28361208125 0.6920392093750001 0.29300335781250003 0.7030571859375 0.2993494375 0.7074019796875 0.3027179828125 0.7070926656250001 0.3088560640625 0.7028055656250001 0.31031227499999997 0.69775129375 0.3024999796875 0.6933114640625 0.291680059375 0.6874774609375 0.2880082515625 0.68636003125 0.28176993281249996 0.6859236921874999
0 0.33839605 0.684461440625 0.335691690625 0.6844940140625 0.33198979375 0.68663651875 0.3237313484375 0.6869006984375 0.31506936875 0.6903686296875 0.3232124984375 0.6963649078125 0.33198975937499997 0.6959904484375 0.339288278125 0.69376128125 0.34258415468750003 0.6888582328124999 0.33839605 0.684461440625
0 0.38545526093750004 0.722177265625 0.3919868375 0.7188910390625 0.395841625 0.7157670875 0.3995309953125 0.7118649140625 0.40034810781249996 0.7012527953125 0.39302201875 0.703352259375 0.3878263359375 0.7052700203125 0.3802621296875 0.7113514578125 0.377477546875 0.7169592109375 0.377141675 0.7221820390625 0.38545526093750004 0.722177265625
0 0.373394784375 0.6917987203125 0.3741867765625 0.6963751203124999 0.38162062343750003 0.698184109375 0.3903527875 0.6933456203125 0.39394692343750004 0.6872946640625 0.39755358749999997 0.6830033765625 0.3997616953125 0.68063613125 0.40064143281250003 0.678822365625 0.393957 0.673736109375 0.389217471875 0.67609916875 0.3860544375 0.6790760812500001 0.3830643421875 0.6820162359374999 0.37977098593749997 0.6835296468750001 0.374775809375 0.6855403515625 0.373394784375 0.6917987203125
0 0.421759971875 0.68463635625 0.42685038124999997 0.6847744328125 0.42716868906250005 0.6845712109375001 0.42919381874999996 0.6864453453125 0.433316778125 0.68543341875 0.439973678125 0.681036040625 0.44193866562500006 0.6800761140625 0.4451468296875 0.6722092984375 0.44026445000000003 0.6713491828125 0.4345574734375 0.6725622390625 0.430073590625 0.6752776500000001 0.42568494218749997 0.6801418453125 0.42316604687500003 0.68189733125 0.421759971875 0.68463635625
0 0.39342279687500004 0.7690156671875 0.39789915625 0.7671152390625 0.4014707265625 0.7635092328125 0.40610749999999995 0.7598123718750001 0.40773413124999996 0.75811098125 0.40692461093750004 0.7492002531249999 0.40027775312499997 0.7493930093750001 0.39528758124999996 0.7539783718749999 0.391335040625 0.7583431765624999 0.38792136250000003 0.763542390625 0.389979065625 0.7681208859375 0.39342279687500004 0.7690156671875
0 0.41370669531250004 0.78110745 0.4198999171875 0.7770797578125 0.423659471875 0.7718070234375001 0.42625607031249996 0.767865996875 0.4260981765625 0.7662727890625 0.4225316421875 0.76309951875 0.41495491093750003 0.7674212859375 0.40705987187500003 0.7719462734375 0.40372389999999997 0.7749599468749999 0.40504222968750003 0.7786110875000001 0.40791700937500003 0.78193139375 0.41370669531250004 0.78110745
0 0.392595609375 0.7931863390625 0.39627245625 0.78752449375 0.40023251875000004 0.7823447046875 0.40458107187500003 0.775591134375 0.40604228750000004 0.7731115171875 0.398270084375 0.7705610625 0.39136005625000003 0.7712164484375 0.39042518125000003 0.7727708046874999 0.38402140937499996 0.7809101734375 0.37918913125000003 0.78708874375 0.37483305625 0.794657296875 0.3758806953125 0.79958605 0.38435469375000003 0.7977848468750001 0.392595609375 0.7931863390625
0 0.470307728125 0.7854797875 0.47840827968750005 0.7836223984374999 0.48122543437500004 0.780719003125 0.4821828765625 0.7767196968750001 0.48749135781249997 0.7719311140625 0.48889743281250003 0.7691920890625 0.4887345359375 0.7650242265625 0.4871655625 0.7635953890625 0.477882009375 0.765839796875 0.4747164578125 0.7722063484375 0.47387933281250005 0.7725198484375 0.4692926953125 0.7739014609375 0.46767858906250004 0.777362525 0.467127165625 0.7841223734375 0.470307728125 0.7854797875
0 0.434085896875 0.776640153125 0.4440962953125 0.773563428125 0.45297883125 0.7711331296874999 0.45811185468750004 0.7697709453125 0.4590692984375 0.7657716375 0.45367562499999997 0.7642068171874999 0.4418130359375 0.7653726468750001 0.4375296609375 0.768181003125 0.4319881 0.7701722828124999 0.4283814375 0.7744635703125 0.434085896875 0.776640153125
0 0.47087433125 0.73967424375 0.472937071875 0.7374734625 0.472799225 0.736824940625 0.46821010156250004 0.7322422609375 0.46449568125 0.7326250937500001 0.45943032187500005 0.7360063593749999 0.4566407359375 0.73903945625 0.45560058437500006 0.7426496515625 0.4624755203125 0.74267954375 0.47087433125 0.73967424375
0 0.44155990625 0.7616306546875 0.44323163593750003 0.76439329375 0.4499486765625 0.7628299765625 0.45618951562500004 0.7598766765625 0.46429258593749995 0.75462965 0.4657838890625 0.7488900984375 0.46388408124999997 0.7459048109374999 0.4573976359375 0.7443011375 0.4535578921875 0.745795121875 0.44713659375 0.7496001640625 0.4426527125 0.7523155765625 0.43810616874999997 0.7555865640625 0.43946711250000003 0.7577374406249999 0.4418732109375 0.758852778125 0.44155990625 0.7616306546875
0 0.5077854 0.7517564796875 0.5155651234375 0.7534919515625 0.5216179796875 0.752205378125 0.5285731390625 0.7466600890625 0.5349668703125 0.7427253406250001 0.5357087593750001 0.7402630578125 0.5351648921875001 0.7368539937499999 0.53215726875 0.7354598203125 0.5251570125 0.7365410796875 0.516876 0.7392502125 0.5110437 0.7415744171875 0.5074119859375 0.7423463625 0.5078355359375 0.7494412328125 0.5077854 0.7517564796875
0 0.4842280546875 0.7795385203125 0.486716859375 0.78104296875 0.4945642828125 0.7754435890625 0.5008001171875 0.7699156328125001 0.503298965625 0.7672154625000001 0.5042839781249999 0.763345859375 0.5027526140624999 0.7578421046875 0.49583506406250005 0.759312475 0.4904238296875 0.7627672578125 0.48414537968750004 0.7697954765625 0.481992409375 0.7724221296875 0.4835463390625 0.7754809359375 0.4842280546875 0.7795385203125
0 0.5059782390625001 0.7730174765625 0.5162392812500001 0.7677184515625 0.5267509687499999 0.760197121875 0.5298789109375 0.7579054875 0.5240942609375 0.7519501562500001 0.5125825515625 0.7556171218750001 0.5064870828125 0.758403959375 0.5049231125 0.759549775 0.5042689328125001 0.7649758265625 0.5030132296875001 0.77012304375 0.5059782390625001 0.7730174765625
0 0.5850815593750001 0.717432209375 0.57674040625 0.7173072796875 0.5646622296875 0.7293640640625 0.5665519953125 0.736553971875 0.5740760734375 0.7379370890625 0.5833496203124999 0.7305433734375 0.5853547359375 0.7221188890625 0.5850815593750001 0.717432209375
0 0.506981053125 0.6986507515625 0.5209840546875 0.702452528125 0.5397441453125 0.6988716390625 0.5499199609375001 0.6965731390625 0.555070546875 0.6901913468750001 0.542062565625 0.687669278125 0.535340521875 0.6866579390625 0.5281121859375 0.6875165484375 0.51763310625 0.6883883046875 0.5091214984375 0.6942644265625 0.506981053125 0.6986507515625
0 0.6209298421875 0.7542774515625 0.6291858015625 0.748048978125 0.6386072375 0.737099159375 0.6396699546875 0.731044015625 0.6374744046874999 0.7258169999999999 0.6301282703125 0.7269717765625 0.6240453265625 0.7315182859375 0.62054141875 0.737143371875 0.6192807140625 0.739715934375 0.6112603515624999 0.7453520734375 0.60982166875 0.7547406703124999 0.6209298421875 0.7542774515625
0 0.6479133218750001 0.7417637312500001 0.6538734625 0.7349387359375 0.6571869015625 0.7250160828125 0.6572370375000001 0.7227008359375 0.653891059375 0.7205651984375 0.6427728453125 0.7252330390624999 0.639587246875 0.7306549015625 0.63664476875 0.7346694484375 0.6350005750000001 0.7413904453125 0.6385395375 0.7444340109375001 0.6479133218750001 0.7417637312500001
0 0.6620643453125 0.70459368125 0.6636233125000001 0.7008732109375 0.6617936890625 0.6965173640625 0.645126390625 0.7039914671874999 0.6376022796874999 0.711962278125 0.640371784375 0.717338425 0.6477354484375 0.7205179734375 0.6566480718750001 0.714827740625 0.6620643453125 0.70459368125
0 0.648312025 0.689215671875 0.648073940625 0.6838437140625 0.64720424375 0.6814528546874999 0.641905803125 0.6820368171875 0.633960628125 0.6888770515625 0.6331184671875 0.695969828125 0.63753465 0.70058926875 0.64360003125 0.7010623671875 0.64685329375 0.69765958125 0.648312025 0.689215671875
0 0.6682425921874999 0.6834880937500001 0.6751651796875 0.675238446875 0.673618771875 0.6713646578125 0.6657713828125 0.6676101078125 0.6597937125 0.670100778125 0.6557008078125001 0.6772066999999999 0.6528460421875 0.6841850125 0.6525101703125 0.6894078421875001 0.6574301250000001 0.6955469703125 0.6682425921874999 0.6834880937500001
0 0.6982311421875 0.6851121140624999 0.6947573578124999 0.678123334375 0.6789071375 0.6843392500000001 0.6706236062500001 0.6904380203125 0.67151083125 0.6971632046875 0.681919728125 0.6976620078125 0.687398628125 0.696226303125 0.6982311421875 0.6851121140624999
0 0.68640105625 0.707690165625 0.6930103390625 0.7022183953125001 0.6941056296875 0.6988676093749999 0.6903937265625 0.695860803125 0.6867845781249999 0.694187796875 0.6795412 0.6966763734375 0.6738041328125 0.7011493640625 0.6740071265625 0.7072066015625 0.6787491390625 0.7108078359375 0.68640105625 0.707690165625
0 0.707840353125 0.7286191546875 0.715900809375 0.7248723906250001 0.7226153671875 0.71734478125 0.724101665625 0.7090305781249999 0.7235603171875 0.7022318750000001 0.7217983578125 0.6998951078125 0.714920903125 0.703254853125 0.7089983734375 0.7060049312500001 0.7078880375 0.7109856859375 0.7086599828125 0.714617396875 0.705131025 0.7167231421875 0.7039279421875 0.7255194046875 0.707840353125 0.7286191546875
0 0.750824596875 0.665528053125 0.7463106625 0.66214946875 0.7380522171874999 0.66241365 0.738831684375 0.6652303796875 0.7393930796875 0.6729737703125 0.743854359375 0.6820572406250001 0.7462103234375 0.6854878249999999 0.75259653125 0.6823680609375 0.7529474453125 0.675515265625 0.750824596875 0.665528053125
0 0.7763492796875 0.6801661046875 0.7721436453125 0.6714349875 0.7655644859375 0.6642928921875 0.7596244249999999 0.66270864375 0.7561305609375 0.6641291078125 0.754486365625 0.67085010625 0.7555665765625 0.6784832187500001 0.760714609375 0.684844996875 0.7637147109375 0.687054153125 0.7720157703125 0.6852897078125 0.7763492796875 0.6801661046875
0 0.77646473125 0.6364899187499999 0.77285058125 0.6322422578125 0.7662663828125 0.6318794390625 0.7667375484375001 0.6400487015625 0.7685095140625 0.6475347765625 0.770291521875 0.65081623125 0.775569915625 0.6492875796875001 0.7805049484375 0.6444428125 0.77646473125 0.6364899187499999
0 0.6178298125 0.6631594765625 0.621163265625 0.6635354437500001 0.6324544171875 0.6588308453125 0.6367854078125 0.6570968796875001 0.6412066296875001 0.6549370437500001 0.6378832171875 0.65035645625 0.6317702187500001 0.6488089671874999 0.6233513609375 0.650869578125 0.621366325 0.65088481875 0.61871710625 0.6511768 0.6177320953125001 0.6550464015624999 0.6178298125 0.6631594765625
0 0.6496230046875 0.6469121390625 0.6507684296875 0.64124610625 0.6513749921875001 0.6347456640625 0.6495528890625 0.629574834375 0.6429210750000001 0.6281376234375 0.6399735953125 0.6295775156250001 0.63979561875 0.63639355 0.6381263734375 0.6395952046875 0.6353919265625 0.6428877140625 0.636163871875 0.6465194265624999 0.6455627046875 0.6473684890625 0.6496230046875 0.6469121390625
0 0.581269590625 0.6629323109375 0.5790916046875 0.652685690625 0.5775451968749999 0.6488119015625 0.569514828125 0.6492987328125001 0.564213871875 0.65327233125 0.5619330609375 0.660399775 0.56315111875 0.6686814078125 0.568071075 0.6748205375 0.5777230703125 0.6700576593750001 0.581269590625 0.6629323109375
0 0.516778521875 0.6656596171875 0.52903460625 0.6654946609375 0.5353080171875 0.6652457171874999 0.5367892796875 0.6637107875 0.5391954109375 0.6554721953125 0.5263027124999999 0.656043596875 0.5223125953125 0.6551293890625 0.5171344734375001 0.6520275453125 0.5123949453125001 0.6543906046875 0.5085025484375 0.6615894734375 0.516778521875 0.6656596171875
0 0.48867218437500004 0.6813944203125 0.48932632812500004 0.6853223015625 0.4897799640625 0.6891572375 0.499284071875 0.6879504609375 0.5039809875000001 0.6870876640625 0.5095776875 0.68535579375 0.511287028125 0.6840435125 0.5120815734375 0.6758763437499999 0.5051790671874999 0.6757167468749999 0.4968228703125 0.677221784375 0.4915444765625 0.6787504328125 0.491103365625 0.67667516875 0.4890481484375 0.6780609671875 0.48867218437500004 0.6813944203125
0 0.4910983296875 0.6834544453125 0.490078259375 0.6786553953125 0.48826115937500003 0.6760592203125 0.4854314796875 0.67720294375 0.47840865624999995 0.6807291531249999 0.47517292031249997 0.6884662640625 0.477558971875 0.6886369140624999 0.48415069062500005 0.68818475 0.4896571609375 0.68687875 0.4910983296875 0.6834544453125
0 0.65529989375 0.6489590171875 0.662901675 0.6481565921875 0.666092278125 0.645309384375 0.666475765625 0.641160946875 0.6677866078125 0.636273140625 0.6670021375 0.6308817546875 0.6578288625 0.633644978125 0.6574955109375 0.63547816875 0.6567235328125001 0.6412003859375 0.653420134375 0.6469184171875 0.65529989375 0.6489590171875
0 0.7337214328125 0.6080240265625 0.737280478125 0.6026583484375 0.7358744359375 0.5960434421875 0.7311474671875 0.5908122421875001 0.7251673125 0.58733861875 0.721059396875 0.586720578125 0.7129914187499999 0.591282325 0.7173574656249999 0.5982170124999999 0.7202397671874999 0.6007223359375 0.7210868984375 0.6055581453125 0.7227385796875 0.60737609375 0.7302902265625 0.6088889171874999 0.7337214328125 0.6080240265625
0 0.73438326875 0.56436726875 0.7316563796875 0.5574908609375 0.725656178125 0.55307255 0.7178012671875 0.5501329828125 0.714039228125 0.5494414234375 0.709404975 0.54974864375 0.706447453125 0.55539315625 0.7140517187500001 0.560555025 0.7172523281250001 0.5628571250000001 0.7175956875 0.5661732453125 0.72439291875 0.56838868125 0.731814240625 0.568438 0.73438326875 0.56436726875
0 0.6359008734375 0.6002124015625 0.6400514015625001 0.5993301796875 0.64389866875 0.5970212125 0.6445804171875 0.591724865625 0.6447984875 0.5867982046875 0.643051571875 0.5828314703124999 0.6366403140625 0.5824318921875 0.6330612203125 0.586852884375 0.6327328718749999 0.591260728125 0.6320736890624999 0.5941121234375 0.6308129828125 0.5966846859375 0.6314270328125 0.598723190625 0.6359008734375 0.6002124015625
0 0.6721804296875 0.5872139421875 0.675523925 0.5833852859374999 0.674300828125 0.581882928125 0.6698871296875 0.5832277828125 0.665984725 0.5852773421874999 0.6640748765625 0.5864966765624999 0.6559041421875 0.589724625 0.6510242484375001 0.5948288015625 0.653823840625 0.5969450125 0.6563276921875 0.59681949375 0.6621599921875 0.5944952890625 0.6716666171875 0.589898875 0.6721804296875 0.5872139421875
0 0.7014172875 0.5300273484375 0.7078711609375 0.5289266625 0.7117184265625001 0.526617696875 0.7120969109375 0.5198946062500001 0.7096331890625 0.5125555671875001 0.705487696875 0.5066585124999999 0.7005100828125 0.5036496140625 0.6958758296875 0.5039568359375 0.6900284859375 0.507911009375 0.6911588328125 0.513228875 0.6920210078125 0.516434715625 0.69432183125 0.5196058921875 0.6946025296875 0.5234775875000001 0.69629430625 0.5271849140625 0.7014172875 0.5300273484375
0 0.7275059859375 0.5209573578125 0.7287265984375 0.516495421875 0.7250046890624999 0.5083393046875 0.72010478125 0.5031448640625 0.7135707203125 0.5004667984375 0.7068937734375 0.5039194874999999 0.7082872906250001 0.5087747234375 0.710039209375 0.5153161109375 0.711101890625 0.5186149 0.716272490625 0.522531725 0.720227515625 0.5241312140625001 0.7275059859375 0.5209573578125
0 0.7372683640625 0.488651503125 0.7317844578125 0.4875125515625 0.7220522734375 0.4884966796875 0.7181047359375 0.49543613906250006 0.728598825 0.502288346875 0.734468703125 0.5052431546875 0.7448775984375 0.50574195625 0.7507124171874999 0.5000281125 0.7485444375 0.4949308015625 0.7372683640625 0.488651503125
0 0.6921238328125 0.4990606546875 0.6881111828125 0.4912374640625 0.6849882796875 0.486749821875 0.6742786374999999 0.4814346359375 0.6663886359375 0.4791803484375 0.6643760328125 0.47906588437500003 0.6517138953125 0.485824228125 0.6605011625 0.490599078125 0.6676693218749999 0.4962603375 0.6732258921875001 0.501993021875 0.6834468078125 0.5041585515625 0.689727740625 0.503094625 0.6921238328125 0.4990606546875
0 0.7123527984375 0.45476944062499997 0.7071646359375 0.4558722171875 0.70602925 0.45733362812499995 0.705355025 0.4618149921875 0.7153252953125 0.46620282343749997 0.7229471234375 0.46634508593749996 0.7246665046875 0.46082818437500006 0.718022165625 0.4576313015625 0.7146761875000001 0.455495665625 0.7123527984375 0.45476944062499997
0 0.7233256765625 0.4409141328125 0.71856861875 0.43894286562499996 0.7121498390625 0.43935827187500004 0.710234953125 0.44735688281249997 0.7162000640625 0.4524604734375 0.7209420765625 0.45606170625000003 0.726669103125 0.4557933390625 0.7303709984375 0.45365083593750005 0.7281353546875 0.4465344453125 0.7233256765625 0.4409141328125
0 0.6976631828125 0.4162736296875 0.6913095828125 0.4127438203125 0.6880387906250001 0.4118122796875 0.6825172765625 0.414748246875 0.6872342046875 0.4241840703125 0.691131571875 0.4289137890625 0.696387396875 0.4298300890625 0.7019640500000001 0.42715352968750003 0.7041170203125 0.4245268765625 0.6976631828125 0.4162736296875
0 0.6648573421874999 0.45496873125 0.6640503046874999 0.4520222953125 0.6656493671875 0.4501912 0.6617369562500001 0.44709145 0.6609499671875 0.445089703125 0.6555713375 0.44189491406250003 0.6528093562499999 0.4357037859375 0.6377511609375001 0.43714217031249997 0.6354903984375 0.44521430000000006 0.6452551234375 0.45628846406249995 0.6534709546874999 0.45752454531250003 0.6648573421874999 0.45496873125
0 0.560893628125 0.4675774125 0.5576654484375 0.46514560781250003 0.5551340296875 0.46514142031250005 0.553660290625 0.4658613671875 0.5479081796874999 0.4719643234375 0.544900521875 0.4799240828125 0.5426147078125 0.48447687031250003 0.539937884375 0.4939930796875 0.54463228125 0.4965199203125 0.5507553203125 0.4938627875 0.556570090625 0.4872042546875 0.560886071875 0.47774632656250005 0.560893628125 0.4675774125
0 0.4388935671875 0.645341134375 0.43504129999999996 0.645075446875 0.432966034375 0.6455165578125001 0.43180308125 0.6468482640625 0.4437157375 0.66207505 0.44891894375 0.65934230625 0.4519516515625 0.6549018875 0.4501972125 0.6517501390625 0.44493638437499994 0.6482591828125 0.44224706874999997 0.6466617890624999 0.4388935671875 0.645341134375
0 0.30649540625 0.6126149437499999 0.3138214953125 0.6105154796875001 0.3154832171875 0.6081288093749999 0.3133152375 0.603031496875 0.30747041249999996 0.6035960328125001 0.30327726875 0.60597851875 0.29952775625 0.6070466296875 0.29882095625 0.608823634375 0.2993096859375 0.6119732921875001 0.30649540625 0.6126149437499999
0 0.33275472968750003 0.5507742453125 0.32482711875 0.552594875 0.3187867859375 0.5556411203125 0.3120321359375 0.561279353125 0.313292809375 0.5680607234374999 0.31594703125 0.570343396875 0.3245663984375 0.5683757296875 0.3303861734375 0.5642918515625001 0.33502795 0.5631696484375001 0.34039657343749996 0.5612151265625 0.3432864296875 0.5535515359375001 0.34106831406250004 0.550769471875 0.33275472968750003 0.5507742453125
0 0.41912879375 0.5489536937499999 0.42428438437500005 0.54514655625 0.42521425625 0.541017546875 0.42353500468750005 0.5390698921875 0.42020155312499996 0.538693928125 0.41893083906250006 0.536117178125 0.41566256562500004 0.531796 0.41345697656249997 0.53077360625 0.4095596078125 0.5260438890625 0.402799953125 0.5291074671875 0.4049503703125 0.539224384375 0.4067649515625 0.5452101953125 0.4113340265625 0.5488481890625 0.41912879375 0.5489536937499999
0 0.328754915625 0.4605253453125 0.342143865625 0.4622886171875 0.3516755421875 0.46121154531249997 0.35840010625 0.458833246875 0.358542990625 0.45270248906250005 0.34814413437499997 0.4479990640625 0.3353491875 0.44732961250000003 0.326697246875 0.44659292031250003 0.3227823171875 0.446882809375 0.31864179375 0.4529143390625 0.328754915625 0.4605253453125
0 0.3603852765625 0.42140228124999995 0.35665833125 0.4200254421875 0.3497959203125 0.421755221875 0.34280818750000003 0.42459615156249997 0.336587396875 0.4284941390625 0.3306297734375 0.43192949687500004 0.33638937343749997 0.43436548750000004 0.34243470781249996 0.4338938953125 0.3506380140625 0.43337030624999995 0.3596208203125 0.42630951406250006 0.3603852765625 0.42140228124999995
0 0.2688280890625 0.417546334375 0.2680837140625 0.414044325 0.2645071390625 0.415075678125 0.2637477203125 0.413203634375 0.26072253437500004 0.41682906875 0.25809336250000003 0.4180657375 0.256592053125 0.418655978125 0.2541333 0.42324552656250003 0.25216579375000003 0.4275950921875 0.25142890625000003 0.43263202968750003 0.259228678125 0.4353121890625 0.262198725 0.43142734687499995 0.2650033546875 0.42676428125 0.26557982812500003 0.4235237734375 0.2680360625 0.422323865625 0.2693168171875 0.4206959921875 0.2688280890625 0.417546334375
0 0.3708051796875 0.3872005453125 0.3664721765625 0.386011115625 0.35890258125 0.386142775 0.35675654687499997 0.3906087625 0.3570920890625 0.3954969734375 0.36231079843749997 0.4001914078125 0.3655317578125 0.4054160015625 0.368087465625 0.40751081562499997 0.3733471609375 0.4077646203125 0.38172250625 0.4028187265625 0.3814298859375 0.3981324375 0.37615068906250004 0.395139209375 0.3716733234375 0.392608678125 0.3711582875 0.3901856265625 0.3708051796875 0.3872005453125
0 0.5675682953125001 0.4417214359375 0.571850875 0.440182553125 0.5689939015625 0.4365992046875 0.5698306750000001 0.4326497890625 0.568368296875 0.4297128984375 0.56157931875 0.43063211093750003 0.5526771312500001 0.4340958125 0.54771468125 0.43703639218749996 0.5468411093750001 0.4401555078125 0.5486560109374999 0.4434365265625 0.5527022781250001 0.44341459062500005 0.5573257515625001 0.44347949375000006 0.5606088703125 0.44183875781250004 0.562084821875 0.440896440625 0.5655325765625 0.44068742656250004 0.5675682953125001 0.4417214359375
0 0.5026866140624999 0.4453502171875 0.50866983125 0.442611728125 0.5114900312499999 0.43813595625 0.5139635234375 0.43268622343749996 0.5169774234375 0.42649303281249995 0.5151005515625 0.42029174999999996 0.510111009375 0.4165331015625 0.5021443640625 0.4197979453125 0.4999459296875 0.421941484375 0.4971063421875 0.430926290625 0.49801279374999996 0.441105396875 0.5026866140624999 0.4453502171875
0 0.5370346828125 0.358532346875 0.5358086156249999 0.3540785125 0.5361224203125 0.3489830703125 0.5352082078125 0.34205334375 0.5291862734375 0.3393522578125 0.524549225 0.343166559375 0.525031503125 0.34872138124999996 0.532207828125 0.3588249703125 0.5370346828125 0.358532346875
0 0.6426095875 0.3393394375 0.6343350062499999 0.3326122546875 0.6271257234375 0.33089690625 0.621225784375 0.336655890625 0.62627343125 0.341345078125 0.6300388265625 0.3452591625 0.6349528265625 0.349976759375 0.6429175234375 0.3493314640625 0.6444070484375 0.34450994218750003 0.6426095875 0.3393394375
0 0.6652680421875 0.30267454374999997 0.6588838796875 0.30549825625000004 0.659046565625 0.3095495265625 0.674656346875 0.3139842078125 0.6760025171875 0.31506002187500004 0.6823169484375 0.3125654265625 0.682657871875 0.3069403953125 0.676064540625 0.303522640625 0.6652680421875 0.30267454374999997
0 0.6866189671875 0.29205986875 0.6761110718750001 0.2912551953125 0.672283678125 0.2916496703125 0.6659227390625 0.299182890625 0.6792178765625 0.30390003125 0.6824874234375 0.3061385 0.6889122515625 0.30613481249999996 0.692729965625 0.3043804421875 0.6937120140624999 0.2991429609375 0.6866189671875 0.29205986875
0 0.6510141890625001 0.2789891078125 0.646057578125 0.274071040625 0.6400879359375 0.27293032031250003 0.632024440625 0.277053875 0.6361016671875 0.2857208875 0.6376996140625 0.293238640625 0.6400278046875 0.29630579375 0.6518799484375 0.2935770109375 0.655438125 0.2886300796875 0.6510141890625001 0.2789891078125
0 0.6515817703125 0.2632584171875 0.6463636484374999 0.26499615625 0.6463423171875 0.2721247390625 0.6470028015625 0.2752320765625 0.6507430249999999 0.277056203125 0.654919075 0.2750161375 0.65682893125 0.2656003578125 0.6515817703125 0.2632584171875
0 0.6021123546875 0.256591934375 0.6085158515625 0.2637168296875 0.6204512734375001 0.26400854375 0.6301766609375 0.260474634375 0.63459096875 0.254298071875 0.631418271875 0.2512008921875 0.61559540625 0.252992665625 0.6021123546875 0.256591934375
0 0.6626689265625 0.23261510312499997 0.6501911484375 0.23568639687499998 0.6509039249999999 0.2403541015625 0.6575185609374999 0.24387209375 0.6600869296874999 0.2474120203125 0.66660085 0.2497990015625 0.682282334375 0.24405619375 0.67325623125 0.234450553125 0.6626689265625 0.23261510312499997
0 0.5994820953125 0.2284452859375 0.594860565625 0.22576083281249998 0.5881451875 0.22834064999999998 0.58535210625 0.2322868328125 0.5869868781250001 0.23340606562500002 0.5892298171875 0.24330109218749998 0.603357834375 0.24930791718749998 0.6067378031249999 0.24680846875 0.6083939078125 0.2407991203125 0.603861496875 0.2332765140625 0.5994820953125 0.2284452859375
0 0.5508183078125 0.2597421796875 0.5539542046875 0.26200905625000004 0.5572644421875 0.259838728125 0.559168459375 0.2582815953125 0.562941615625 0.258946303125 0.5658179750000001 0.25802061875 0.5660814046875 0.25597408125 0.564549296875 0.253366309375 0.5632554171875 0.2538508609375 0.5612778031250001 0.2537473890625 0.56120420625 0.2520867859375 0.5610570109374999 0.2487655796875 0.5606909421874999 0.24507183437500002 0.5601524796875 0.2431957453125 0.55742334375 0.240213815625 0.5501327015624999 0.24008724374999998 0.548265484375 0.24247467656250002 0.5482674046875 0.247083946875 0.54951864375 0.253627740625 0.5508183078125 0.2597421796875
0 0.62735861875 0.20450029375 0.6295938515625 0.2031870578125 0.630370571875 0.20092665156249997 0.6292917015625 0.1997940234375 0.6267794890625 0.19980418125 0.624476471875 0.1988269875 0.62286881875 0.1971781625 0.6201609875 0.1942964703125 0.6167984578125 0.19490643125 0.612262153125 0.192622925 0.61239575 0.20705215781250003 0.6152953359375 0.21083598124999997 0.6204630859375 0.21214714531249998 0.6256076078125 0.208748803125 0.62735861875 0.20450029375
0 0.6493855203125001 0.19772302343749998 0.6494959437500001 0.19298510625 0.643675440625 0.19254604687500002 0.6367295625 0.19601298125 0.6297817390625 0.202099465625 0.6244163953124999 0.20774481875 0.622938496875 0.211306684375 0.6274321890625 0.21338971875 0.63424441875 0.209951190625 0.6382558328125 0.206479403125 0.6407854828125 0.2045797578125 0.6432763875 0.20446936249999997 0.647965728125 0.20221542656249997 0.6493855203125001 0.19772302343749998