0 0.2408047421875 0.7600173796874999 0.2379851 0.7639498671875 0.24069101874999999 0.7660216734375 0.24772001718749997 0.76903294375 0.259755725 0.770446415625 0.264650775 0.7654623859374999 0.2545750703125 0.7569526734375 0.24235381875 0.7539118046875 0.2408616046875 0.7570152328125 0.2408047421875 0.7600173796874999
0 0.2265570828125 0.7711485062500001 0.227996175 0.773705684375 0.2336031 0.7754030828125 0.2424140359375 0.775007634375 0.24496471406250003 0.775280203125 0.2532700796875 0.7737324890624999 0.2475382125 0.7700640062499999 0.241914265625 0.7671233 0.23367904374999998 0.7642537140625 0.232671640625 0.764607640625 0.22687336875000003 0.7680149171874999 0.2265570828125 0.7711485062500001
0 0.23232466875000002 0.7893525953125 0.2380926375 0.7861171640625 0.243877628125 0.7841250390625001 0.246468146875 0.7801521515625 0.2385699703125 0.7780507437499999 0.227588984375 0.7773548046875 0.22339458906249998 0.7810448875 0.221750871875 0.7850075375000001 0.22604738750000003 0.7887773015625 0.23232466875000002 0.7893525953125
0 0.311691184375 0.7907668 0.31819385 0.7887240359375001 0.3181901109375 0.7860655765625 0.3160466234375 0.7821438875 0.3037041671875 0.7797903921875 0.293613121875 0.7820863625000001 0.2929162046875 0.786038771875 0.294385596875 0.7884241046875 0.311691184375 0.7907668
0 0.3099980859375 0.8030485140625 0.32383649531250003 0.8049570390625 0.3303790015625 0.7986688203125001 0.329882971875 0.7934429421875 0.3223351234375 0.7906945609375 0.315192403125 0.7936875859375 0.311257434375 0.7972462250000001 0.3099980859375 0.8030485140625
0 0.30595519375 0.805879378125 0.3075250296875 0.8036755671875 0.308420771875 0.7999354046875 0.3016474609375 0.794134234375 0.2966805890625 0.7914865734375 0.292465434375 0.7912748875 0.288456584375 0.7965923671875 0.2895756484375 0.799624675 0.298653490625 0.8044147031250001 0.30595519375 0.805879378125
0 0.26662329375 0.799830034375 0.27366557187499996 0.801426153125 0.281262803125 0.79585546875 0.27505566406250004 0.7908628765625 0.26628457031249997 0.78701286875 0.25618604375 0.7839919203125 0.252614684375 0.7854884328125 0.261686725 0.7970105328125 0.26662329375 0.799830034375
0 0.2820431421875 0.7860706093750001 0.2757451015625 0.7815935484375001 0.267418975 0.7792394953125 0.2650575828125 0.783252784375 0.2676896203125 0.78708343125 0.2799241546875 0.7887091500000001 0.2820431421875 0.7860706093750001
0 0.22696518281250003 0.8224274156250001 0.2362040703125 0.8222846140625 0.2412240625 0.8192716671875001 0.244831525 0.8108712390624999 0.2463976203125 0.806008971875 0.24248547343750002 0.804078846875 0.22884008749999998 0.8091146374999999 0.2259029796875 0.816392959375 0.224808415625 0.819920878125 0.22696518281250003 0.8224274156250001
0 0.24859964687499997 0.8189775015625 0.24946882656249997 0.8180676421875 0.2563483828125 0.8125475984375001 0.254710465625 0.8097781749999999 0.244831525 0.8108712390624999 0.2355963765625 0.8136725 0.2349430421875 0.8160379140625 0.241759934375 0.8202520890624999 0.24859964687499997 0.8189775015625
0 0.24804469375 0.8261443015625 0.25067299374999996 0.8273164875000001 0.26225251250000003 0.8192586296875 0.2610255265625 0.8154985453125001 0.2548088484375 0.8145795640625 0.2466720046875 0.816511365625 0.2421272828125 0.820848421875 0.244880525 0.8239916921875 0.24804469375 0.8261443015625
0 0.2554107390625 0.829923746875 0.26137173125 0.8336326312500001 0.27889522499999997 0.8280403484375001 0.2803836984375 0.8222784609374999 0.2750494796875 0.8190344671875 0.261612459375 0.8202088921874999 0.254297475 0.8201593671875 0.2527787 0.8260931015624999 0.2554107390625 0.829923746875
0 0.27661893125 0.838270178125 0.28190583125 0.84044270625 0.2857536375 0.840058059375 0.30732750000000003 0.8369518328125001 0.30696969375 0.8322818875 0.3010863203125 0.8294726234375001 0.28411778125 0.8278981062499999 0.277429571875 0.8283134750000001 0.27507191875000003 0.8349852234374999 0.27661893125 0.838270178125
0 0.286668075 0.8496101921875001 0.2952536265625 0.8518328046875 0.31160119375 0.8462103609374999 0.3076985875 0.8402066265625001 0.3000295375 0.8381456187499999 0.2875222953125 0.8380664953125001 0.2832673015625 0.8421002640624999 0.2828165296875 0.8473363812500001 0.286668075 0.8496101921875001
0 0.29967005 0.821426684375 0.29567654375 0.8159384812500001 0.27794300625 0.8133431390625001 0.2738357734375 0.81385923125 0.2750361984375 0.82044961875 0.294451234375 0.8242273859375 0.29967005 0.821426684375
0 0.24257843750000002 0.7941727859375 0.24876855468749998 0.7979220703125 0.25529198124999997 0.7997810734375 0.26467283125 0.8028526625 0.259503396875 0.7973342984375 0.25574275156250004 0.7945449546875001 0.2526827625 0.7904616640625 0.24844685000000002 0.7863482109375 0.24215628906250003 0.78718806875 0.24257843750000002 0.7941727859375
0 0.3516167296875 0.849722446875 0.3561519109375 0.8494590015625001 0.36914022343749997 0.8441301640625 0.36765007031249997 0.8378430640625 0.35952276875 0.835701253125 0.3471101703125 0.8377650578125 0.342821134375 0.8393122109375 0.3429838578125 0.8464283703125 0.3516167296875 0.849722446875
0 0.340092775 0.8212896484375 0.3385740015625 0.82722338125 0.34115871875 0.8299825625 0.347530640625 0.8327007859375 0.354417675 0.8324976609375 0.364037190625 0.8315360406250001 0.3684665109375 0.8211542890624999 0.364571384375 0.8204674734375 0.35933180625 0.81936640625 0.3524750734375 0.8193976875000001 0.340092775 0.8212896484375
0 0.41059652812499997 0.862248415625 0.41713323437499994 0.862692265625 0.4209773015625 0.8596491593750001 0.42827152343749997 0.8557969140624999 0.4271827609375 0.8525927624999999 0.418920975 0.8525534796875001 0.409042034375 0.8536465421875 0.40634359375000006 0.8568916546875001 0.41059652812499997 0.862248415625
0 0.4127989375 0.8537774265625 0.4165898828125 0.8563949265625 0.42102088281250005 0.8580621640625001 0.4299397421875 0.8583944921875 0.42771489375 0.850914725 0.4232232921875 0.8495911749999999 0.4153857171875 0.847146078125 0.40918605937499997 0.8474704046875001 0.4127989375 0.8537774265625
0 0.4308089203125 0.8574846328125 0.431015225 0.8630137953125001 0.438701296875 0.8663181124999999 0.44702368281249993 0.8660137062500001 0.45581385937499996 0.861716490625 0.45681378281249996 0.8560456437499999 0.4547346375 0.854438728125 0.44918831406250004 0.852397640625 0.4382546484375 0.85277316875 0.4308089203125 0.8574846328125
0 0.443136034375 0.870643809375 0.44658993281250003 0.87249313125 0.4464554484375 0.8745956578125 0.44824860937500005 0.8791643203125 0.4558362984375 0.8776672484375 0.4593433171875 0.8738559640625001 0.467449859375 0.8720960046874999 0.46496558437499996 0.8647476812500001 0.4577718046875 0.8640107828125 0.45004589062499994 0.8649519234374999 0.44262672500000005 0.8668330843750001 0.443136034375 0.870643809375
0 0.472931840625 0.8718223203125 0.47107227968750004 0.874329415625 0.4737175984375 0.8767449109375001 0.4790783796875 0.8771586015624999 0.48173323906250004 0.8755004843749999 0.492882746875 0.876580509375 0.4923696984375 0.8701113250000001 0.487770175 0.8680599984375 0.47524591562499996 0.8667375671875 0.47192069999999997 0.8695177875000001 0.472931840625 0.8718223203125
0 0.5135479734375 0.8571900796874999 0.50475405625 0.8588288343749999 0.5036121703124999 0.8612852906249999 0.503572328125 0.8655307453125 0.5067838203125 0.8687548171874999 0.5101600953125 0.8697045187500001 0.5133470875 0.8663683640625001 0.515240690625 0.8663478843749999 0.5237486203125 0.867670875 0.5271684765625 0.8670335828125 0.5279733140625 0.8638089499999999 0.5272519 0.86120113125 0.525631003125 0.8596750171875 0.5135479734375 0.8571900796874999
0 0.527886153125 0.866982940625 0.5278463125 0.8712283953125001 0.5325064359375 0.8729360359375 0.538096340625 0.8733901265625 0.5487743203125001 0.8758045015624999 0.5496493 0.8681625703125 0.548884303125 0.867141746875 0.5439136921875 0.8618356281249999 0.536598709375 0.86178610625 0.527886153125 0.866982940625
0 0.5177320609375 0.9004526484375001 0.5240359015625 0.8981976390625 0.5321387046875 0.8937792218749999 0.53776845 0.88998785625 0.5418416421875001 0.8869851499999999 0.5428282859375 0.8827294546875001 0.5238449390625 0.8818627937500001 0.5193570796875 0.883197703125 0.514310525 0.8890409531250001 0.5108508281249999 0.8939237015625 0.5108715875 0.89782546875 0.5177320609375 0.9004526484375001
0 0.5363443171875 0.8980645171875 0.5399667375 0.9002979281249999 0.5431138875 0.9012072296875001 0.5613417765625 0.8969794578125001 0.560798425 0.8906821171875 0.55019806875 0.8891673609374999 0.5437086843750001 0.889794975 0.5372798984375 0.8900788984375 0.535299134375 0.8932733703125001 0.5363443171875 0.8980645171875
0 0.4405217828125 0.82517743125 0.44870968749999995 0.8269755515625 0.4554584984375 0.826216496875 0.4587571515625 0.826266578125 0.46102764374999994 0.8227688203125 0.45402520625 0.8169272484375 0.447016971875 0.8178177468750001 0.44223564218750006 0.8167974843750001 0.43619122812500005 0.8189210499999999 0.4370981875 0.8231562640625001 0.4405217828125 0.82517743125
0 0.41499463593749997 0.797110478125 0.41617430312500003 0.7997990984375 0.41933847343749997 0.8019517078125 0.42492837968749997 0.8024057984375 0.427276490625 0.7998076609375 0.42782564375 0.79937293125 0.433813196875 0.8002515125 0.44164703281250006 0.8000381484375 0.44050720937500004 0.7931040734375 0.437649784375 0.791891484375 0.42196509375 0.7910749046875 0.4174336515625 0.7939968093750001 0.41499463593749997 0.797110478125
0 0.52634983125 0.795305815625 0.5278022015625 0.7964478421875001 0.53198705625 0.7968313703125001 0.5396693875 0.7974772265625 0.5459296484375 0.7968092125 0.5432843296875001 0.7943937171875 0.534128865625 0.78870406875 0.5283704359375 0.787865890625 0.526116965625 0.7926069546875001 0.52634983125 0.795305815625
0 0.5418755390625 0.7916646968750001 0.5476547265625 0.7964046437500001 0.5503872078125001 0.795646146875 0.5539075078125 0.7904197109375 0.5546841078125 0.7779763921875 0.5513343921875 0.7741963875 0.544365996875 0.77084143125 0.5383120406249999 0.7770386078125 0.5399536968749999 0.782466490625 0.5397187703124999 0.7891581609375 0.5418755390625 0.7916646968750001
0 0.642825075 0.807338584375 0.6393446171875 0.808319565625 0.6379906265625 0.8119789265625 0.640151134375 0.8171439218750001 0.6418969734375 0.8206411203125 0.6409273515625 0.826140125 0.6507892703125 0.8238037546875001 0.65281361875 0.8190222875 0.6494223828125001 0.8074387468750001 0.6447962984375 0.8082177234374999 0.642825075 0.807338584375
0 0.6749744140625 0.82062640625 0.6749972343749999 0.81513764375 0.675127978125 0.8103766578125 0.663728584375 0.8053544625000001 0.6600152609375 0.803636584375 0.655762328125 0.798279821875 0.6491044171875 0.7985233484375 0.6465138984375 0.8024962359375 0.64595520625 0.8070045765625 0.6522968265625 0.8098946421875001 0.656316896875 0.8125525437500001 0.65613883125 0.8162420656249999 0.65827858125 0.81750529375 0.663107228125 0.819597021875 0.6690815 0.8218907546875001 0.6749744140625 0.82062640625
0 0.716873628125 0.8496311421874999 0.7264665796875 0.8514998265625 0.7300039 0.8475166968750001 0.73395215 0.84254290625 0.739180509375 0.83566859375 0.741589221875 0.8327267671874999 0.732878728125 0.828533071875 0.72733614375 0.8291504453125 0.7231890703125 0.833911990625 0.7218653796875001 0.8373995093750001 0.7180345953125 0.8390274640625 0.7148210421875001 0.8451939218750001 0.716873628125 0.8496311421874999
0 0.678027065625 0.9171998484375001 0.6823974640625 0.919210775 0.6919999578125 0.917005846875 0.6973702796875 0.913345925 0.7021441265624999 0.9090492703124999 0.7067892921875 0.9001230703124999 0.704221596875 0.898607196875 0.6924357718749999 0.9011358921875001 0.69002705625 0.9040777171875 0.683264965625 0.9062519234374999 0.679831828125 0.9083043703125 0.6788754859374999 0.9123882218749999 0.678027065625 0.9171998484375001
0 0.7224391765625 0.941332075 0.7230281703125 0.9366518921875 0.7212520312499999 0.9333265374999999 0.717167621875 0.9283538640625 0.7139561296875 0.9251297921875 0.708089778125 0.9235638359375 0.7024127109375 0.9262837359375 0.7052170125 0.9331569312499999 0.707741128125 0.9362598 0.7118255390625 0.941232471875 0.7186860125 0.9438596531250001 0.7224391765625 0.941332075
0 0.71613365625 0.9315380953125001 0.71953649375 0.9296574953125001 0.7212711125 0.9251793140625001 0.720421015625 0.9179419515625 0.71835515 0.9149198843749999 0.7181260234375 0.9148794828125 0.7094192687499999 0.9133442484375 0.708288603125 0.92377608125 0.7034504140625 0.925757965625 0.704707703125 0.9293462046875 0.706082453125 0.9295886109374999 0.7131720515625 0.9322561921875 0.71613365625 0.9315380953125001
0 0.7294889343750001 0.9482451125000001 0.7365104515625001 0.9459394624999999 0.73581185625 0.9378428796874999 0.7356528734375 0.9333851796875001 0.733492365625 0.928220184375 0.7326800484375 0.926127896875 0.728300109375 0.9281905828125 0.724550684375 0.93337661875 0.7222972140625 0.938117684375 0.7224429156250001 0.9439905359375 0.7258532328125 0.9474268546875001 0.7294889343750001 0.9482451125000001
0 0.7259694015625 0.9105925078125001 0.7293929968749999 0.912613675 0.7354751921875 0.9156351828125 0.7387871265625 0.9142701140625 0.7424190890625 0.9124299125 0.74904501875 0.9003092421875 0.7469148125 0.8949724015625 0.7385280843750001 0.8929620359375001 0.72870394375 0.9004434828125 0.7288894875 0.9020708796875001 0.7277476015625 0.9045273328125001 0.7259694015625 0.9105925078125001
0 0.70807688125 0.9035394671875 0.7059313328125 0.9090083109375 0.710180528125 0.9117066109374999 0.7144562828125001 0.9115746093749999 0.71897444375 0.9100678562500001 0.7201163296875001 0.9076114015625001 0.7239906984375 0.9043964499999999 0.727497715625 0.900585165625 0.72856198125 0.8972290890625001 0.718787221875 0.8963914703125001 0.7110214671875 0.901578065625 0.70807688125 0.9035394671875
0 0.740282696875 0.9352646625000001 0.743261325 0.935789875 0.7547632234375 0.926832396875 0.755978990625 0.9226171031250001 0.745763003125 0.9229419875 0.7391997359375 0.925328440625 0.7356283734375 0.9268249531249999 0.7369803046875 0.932556121875 0.740282696875 0.9352646625000001
0 0.74542969375 0.924832271875 0.7477342265625 0.9238211281250001 0.7581378203125 0.9157331093750001 0.7572611609375001 0.9113260500000001 0.7465396015625 0.9104986703125 0.7358255203125 0.9149882078125 0.7343843671875 0.9218215624999999 0.738555940625 0.92362024375 0.74542969375 0.924832271875
0 0.7515060890624999 0.93458585 0.7599401375 0.9376676796875 0.766126515625 0.9387585062499999 0.7710593453125 0.9389195499999999 0.7772382453125 0.93469345625 0.7783328093749999 0.9311655375000001 0.77113155 0.9251117203125 0.7561720125 0.92956141875 0.7520041796875 0.930421196875 0.7515060890624999 0.93458585
0 0.7838447093750001 0.952159528125 0.7828526499999999 0.941707775 0.7791355859375 0.9373314359375 0.7722618328124999 0.9361194078124999 0.7647422234375 0.9425897125 0.7677490890625001 0.952333609375 0.7731742109375 0.955062071875 0.7838447093750001 0.952159528125
0 0.781275334375 0.9385946640625 0.7898949265625 0.943303890625 0.795161065625 0.9415746531250001 0.8007302109375001 0.9381269765625 0.8036577749999999 0.9349222656249999 0.8056954015625 0.928725646875 0.798372940625 0.92335920625 0.786172446875 0.9242201031249999 0.781034990625 0.9305788859374999 0.7762005421875 0.935219228125 0.7797320609375 0.9379681703125 0.781275334375 0.9385946640625
0 0.78444324375 0.94340573125 0.78669839375 0.9507136562499999 0.7887812796875 0.9549790328125001 0.7926934265625001 0.9569091562500001 0.8063861343750001 0.9529448296874999 0.8109478765624999 0.94985108125 0.8116580734375001 0.9444835203125 0.8098346125000001 0.940086703125 0.801815234375 0.9386726703124999 0.795922321875 0.9399370156250001 0.7933450843750001 0.942494753125 0.7868253984375 0.9432942093750001 0.78444324375 0.94340573125
0 0.7835598734375 0.890802715625 0.7753188484375 0.8946652 0.7761349046875 0.899415946875 0.7785075171875 0.9033780359374999 0.781092234375 0.9061372171875 0.7849267625 0.907167721875 0.787797465625 0.9069651578125001 0.7881610734375 0.9049030328125 0.7883258578125 0.9026286609374999 0.7969076703125 0.9021928125 0.8028308828125 0.900756621875 0.8027532609374999 0.8998570000000001 0.79933920625 0.8937622234375 0.794999109375 0.8915794546875 0.7835598734375 0.890802715625
0 0.816756071875 0.9209306734375 0.8190265640625001 0.9174329171875 0.8198239218750001 0.908891365625 0.80992048125 0.9034242015625 0.8072183015625001 0.9040108546875001 0.8047867640625 0.9124414421875 0.8051445734374999 0.9171113875 0.8107722562499999 0.922710553125 0.816756071875 0.9209306734375
0 0.8774646890625 0.9357105359375 0.8742116781249999 0.924682928125 0.8720378890625 0.9209330828125 0.863802665625 0.9180634984375 0.8593393046875001 0.9259586343749999 0.8607821359375001 0.9311742703125001 0.860850215625 0.9361475031250001 0.8649479078125 0.9397050234375 0.8740182703125001 0.9391781328125001 0.8774646890625 0.9357105359375
0 0.8587299343750001 0.9052975312499999 0.861000425 0.9017997734375 0.8604778328125 0.8994042 0.8544259390625 0.896210846875 0.8414699890625 0.8919773109375001 0.8347116375000001 0.8968099781250001 0.8411479 0.901842971875 0.8491369796875 0.9034288484375 0.850148121875 0.9057333796875 0.8512842062500001 0.9100089953125 0.8559879125000001 0.910129640625 0.8587299343750001 0.9052975312499999
0 0.8601507109375 0.8731228906249999 0.857704215625 0.8709196406249999 0.8578349609375 0.8661586546875 0.854104615625 0.8631974671875 0.8467194906250001 0.8675652453125 0.8382153015625 0.8689007140625 0.8359277890625 0.8711551640625 0.8389138953125 0.87699729375 0.8445984421875 0.8795943140625001 0.8498645796875 0.8778650750000001 0.8527485640625001 0.876247359375 0.8542445187500001 0.8758023906249999 0.858719096875 0.8758826328125 0.8601507109375 0.8731228906249999
0 0.7934030953125 0.875174046875 0.797881415625 0.8779127484375 0.807837978125 0.87771930625 0.8116783046875 0.8720177390625 0.8185881609375001 0.866325853125 0.8219909968750001 0.8644452515625 0.825053046875 0.8591380125000001 0.815456353125 0.85461086875 0.8099478093749999 0.8577148578125 0.804408965625 0.860990690625 0.8028088296875 0.8633663437499999 0.797128021875 0.863427784375 0.7931361906250001 0.8699885703125 0.7934030953125 0.875174046875
0 0.8922854734375001 0.8543373546874999 0.8865233046875 0.8508407171875 0.8803236468750001 0.8511650421875 0.87851140625 0.854743603125 0.8803518859375 0.8603837296875 0.890204265625 0.8621209703125 0.8929500265625 0.8599473203124999 0.8922854734375001 0.8543373546874999
0 0.8850501734374999 0.8457969249999999 0.8872733437500001 0.8412277015624999 0.8880914625 0.8365879171874999 0.880522853125 0.82993776875 0.873419975 0.8286853390625 0.8691517 0.8341342609375 0.8694829453124999 0.8416345078124999 0.8700055359375 0.84403008125 0.876407759375 0.846576459375 0.8850501734374999 0.8457969249999999
0 0.7402152390625 0.789605321875 0.7460267890625001 0.7847828953125 0.749149440625 0.7791319703124999 0.7527303421875 0.7735618453125 0.7457752265625001 0.7687917375 0.739168378125 0.7727651843750001 0.73550985625 0.7774356890624999 0.729967271875 0.7780530625 0.7263693499999999 0.782379878125 0.7312490578124999 0.7882015296875 0.7402152390625 0.789605321875
0 0.8122617375000001 0.754823034375 0.8132899 0.758370875 0.8191222093749999 0.757450215625 0.8231480828125 0.75337604375 0.8320291609374999 0.7485632984375 0.8345856390625 0.74210379375 0.829433225 0.7378287359375 0.8201980765625001 0.7406299984375 0.8124626234375001 0.7456447500000001 0.8062023625 0.7463127640625 0.8032104562500001 0.7472027031249999 0.8063953875 0.7532570796875 0.8122617375000001 0.754823034375
0 0.84840084375 0.770940603125 0.854687665625 0.7674422843750001 0.8541140125 0.7613167875 0.8550325765625001 0.7520878609375 0.8489636609375 0.7476512 0.8471343984375 0.7499864515625 0.8423510109375 0.75835671875 0.8424929734375001 0.7615711125 0.8389216125000001 0.7630676249999999 0.8392017984375 0.7668379484375001 0.8437407203125 0.7692329625000001 0.84840084375 0.770940603125
0 0.863672928125 0.7606988546875 0.8670209640625 0.7524298703125 0.8669093015625 0.749043634375 0.8626127859375 0.7452738703125 0.852801925 0.7513401625 0.8502720078125 0.7549693640624999 0.8493289468749999 0.7576380640625 0.854861990625 0.7610943015625 0.8595524156250001 0.7626300968749999 0.863672928125 0.7606988546875
0 0.8666324718749999 0.7693712890625 0.8651668203125 0.769644415625 0.8669902796875 0.774041234375 0.8735743078124999 0.7755565484375 0.878156809375 0.7763645671875 0.8808722703124999 0.7743627640625 0.8815994875 0.7702385109375001 0.876831440625 0.7678030953125 0.8666324718749999 0.7693712890625
0 0.8855269765625 0.761362953125 0.882874178125 0.753630540625 0.8820411015625 0.747636484375 0.8811075796875001 0.746231575 0.87424710625 0.74360439375 0.872175440625 0.747314396875 0.87215261875 0.752803159375 0.8732110828125 0.7561791546875 0.8737071125 0.7614050328124999 0.8807190874999999 0.76317299375 0.8855269765625 0.761362953125
0 0.8849911046875001 0.76038253125 0.8897952531250001 0.75591403125 0.8891365015625 0.7435719953125 0.8838496031249999 0.741399465625 0.8776536828125 0.7443822515625 0.8755421734375 0.752337709375 0.8761120859375 0.755804746875 0.87784090625 0.7580586375 0.8849911046875001 0.76038253125
0 0.91455443125 0.7374226609375001 0.903211896875 0.7293983203125001 0.9027802078124999 0.726487215625 0.8978075359375 0.7305716265625 0.899129165625 0.7364746375 0.9003694328125 0.7388195703125 0.8997065578125 0.74525859375 0.9076520546875001 0.7484314671875001 0.9159877203125 0.746711909375 0.91455443125 0.7374226609375001
0 0.9206141890625 0.7244934140625 0.91373295625 0.7179644656249999 0.9091732734375 0.7116676843749999 0.9023563812500001 0.707453509375 0.9000290281250001 0.7139534140625 0.901246475 0.7217871109375 0.9047041109375 0.726294890625 0.9054595687500001 0.7313893265625 0.9115039828124999 0.7292657578124999 0.9199645921874999 0.7295172859375 0.9206141890625 0.7244934140625
0 0.9229548218750001 0.71657835625 0.92152153125 0.7072891078125 0.9172781375 0.6978587375 0.909790890625 0.694766665625 0.9047916578124999 0.7016813796875 0.9058879015624999 0.7102024515625 0.9074253734375001 0.7175610156250001 0.9114587249999999 0.7188037640625 0.9172437140625 0.7168116421875 0.9229548218750001 0.71657835625
0 0.8351696000000001 0.701276640625 0.8438290328125 0.7017404109375 0.854293228125 0.6933087046875 0.8591749984374999 0.689739825 0.8614890703125001 0.684655071875 0.8492375171875001 0.6817860453125 0.8403261359374999 0.6867706359375 0.83885094375 0.6911173734375 0.834955815625 0.69043055625 0.8326209828125 0.6916135421875 0.8318198859375 0.697496634375 0.8351696000000001 0.701276640625
0 0.80145584375 0.7049000750000001 0.7977217609375 0.6992804296874999 0.7944098265624999 0.7006455 0.7912000140625 0.7094704171874999 0.794994696875 0.714746375 0.79383953125 0.71861798125 0.796865478125 0.7202146578125 0.802660009375 0.7141489234375 0.80145584375 0.7049000750000001
0 0.8494574859374999 0.6644605390625 0.8550096093749999 0.6597695531250001 0.8559148921874999 0.6519557796875 0.8537373625000001 0.645547475 0.8469582515624999 0.6464783749999999 0.8410823593750001 0.6489860296875001 0.840294540625 0.6534539703125 0.840220659375 0.655212809375 0.8364106343750001 0.6607425328125001 0.8416842515624999 0.6643302140625 0.8494574859374999 0.6644605390625
0 0.9082538015624999 0.66596858125 0.9093579078125 0.6583670515625 0.90732814375 0.64844106875 0.8988903546874999 0.642700778125 0.8956996234375 0.6433784734375 0.8934366125000001 0.65219315 0.8944647734375 0.655740990625 0.892713134375 0.6589758625 0.8950459046875 0.6671834078125001 0.900103678125 0.669315534375 0.9082538015624999 0.66596858125
0 0.9419886984374999 0.6448073921875 0.9399153546875001 0.63646840625 0.9380105328124999 0.62851350625 0.93254183125 0.6273720421875 0.9250923625 0.629425046875 0.9238255343749999 0.629910415625 0.9244768078125001 0.636935534375 0.9243157640625 0.6418683640625 0.9246129703125 0.646881996875 0.9289568062500001 0.651723225 0.932181578125 0.653532146875 0.9393243 0.650539121875 0.9419886984374999 0.6448073921875
0 0.9139258343750001 0.6271017125 0.919347215625 0.6271717140625 0.9183929359375 0.6218650359375 0.9158177593750001 0.6150322421875 0.9099609484375 0.6093926749999999 0.9031212343749999 0.6106672609375 0.8983776875 0.614792075 0.8996084140624999 0.6212106171875 0.903615203125 0.6252836687500001 0.9059272140625 0.6295894468750001 0.9107218218750001 0.6291945578125 0.9139258343750001 0.6271017125
0 0.924754021875 0.595168359375 0.9231767062499999 0.59205525 0.91965846875 0.5878911546875 0.916831346875 0.586506725 0.9123057046874999 0.5826965578125 0.9042767859374999 0.5853561359375 0.906168325 0.5947261859374999 0.9082341921875001 0.597748253125 0.918885609375 0.6029929328125 0.9207924921874999 0.6015573015625 0.9232182265625 0.5998587828125 0.924754021875 0.595168359375
0 0.9543779484374999 0.5718648015625 0.9588052078124999 0.5708735796875 0.9631245453125 0.5691545828125 0.9570045703125001 0.560988 0.9552985734374999 0.5532453453125 0.9488490281249999 0.549627503125 0.944205925 0.549163171875 0.9391992124999999 0.5507609671875 0.9394092546874999 0.558948590625 0.9462601875000001 0.56564938125 0.946173025 0.568823371875 0.9447111125 0.5717549578125001 0.9485626578125 0.5740287687500001 0.9543779484374999 0.5718648015625
0 0.9217778390625 0.5638130953125 0.9278923984375 0.55727223125 0.9253134812500001 0.547780978125 0.9213843140625 0.544607546875 0.9128838640625 0.548601475 0.9127568593750001 0.5560209203124999 0.9126867171875 0.5604382203125 0.9158073046874999 0.5641778234375 0.9217778390625 0.5638130953125
0 0.9223988125 0.5710100578125 0.9185265062499999 0.564834478125 0.914243271875 0.5596495625 0.9105129296875001 0.556688375 0.9049002015625 0.561723046875 0.9085301031249999 0.5692733765625 0.90993889375 0.5720023984375 0.9129382796875 0.5764293781250001 0.9180566546875 0.57821781875 0.9217492187499999 0.5760339296875 0.9223988125 0.5710100578125
0 0.9095569703124999 0.53933270625 0.914934771875 0.5409897046875 0.9188905 0.5413328328125 0.9199850640625 0.5378049140625001 0.9202199906249999 0.53111324375 0.9215229203125 0.523723959375 0.915406684375 0.5182158343750001 0.90541028125 0.5226547328125 0.9063380000000001 0.5307917140625 0.9043875359375001 0.5338143421875 0.901978821875 0.5367561671875001 0.9035258359375 0.5400411218750001 0.9069627109375 0.5406471359375 0.9095569703124999 0.53933270625
0 0.9513050625 0.5477571421875 0.9538217015624999 0.5455430921875 0.956143253125 0.5457752578124999 0.9602504843749999 0.5452591671875 0.9582925421875 0.5429648765625 0.9510950203125 0.53956951875 0.949025415625 0.5338889906250001 0.9392240953125001 0.535881675 0.9422915625 0.5452818859375 0.9464062734375001 0.5500827125 0.9486369234375 0.5508304109375 0.9513050625 0.5477571421875
0 0.9315649671875 0.508307534375 0.9326765531250001 0.506022925 0.9362346328125 0.5059415625 0.9398968953125 0.5039295187499999 0.939313703125 0.5018776328125 0.9356003796874999 0.5001597531249999 0.93194391875 0.49543972812500003 0.9246990765625 0.49097290468750004 0.91450965 0.4884674890625 0.9122183968750001 0.4880634796875 0.9105045374999999 0.4964434265625 0.9177664 0.5021535546875 0.9274842968750001 0.5059933234375 0.9257023578125001 0.5094000390625 0.9275220765625001 0.5111383984375 0.9313092828125 0.5110974374999999 0.9315649671875 0.508307534375
0 0.9474011625 0.508264896875 0.9500161796875 0.5108522343749999 0.95456464375 0.5091736390625 0.9562120999999999 0.5078694500000001 0.9629609109375 0.50711039375 0.9650363171875 0.50605885 0.9629401515625 0.503208625 0.9594559531250001 0.501531146875 0.9599104640625 0.49895349062500005 0.9597382015625 0.4959109421875 0.9560041187499999 0.490291296875 0.9489618421875001 0.48869517812499996 0.943379415625 0.4935580078125 0.942362471875 0.49798554531250006 0.9458371281250001 0.5037366359375001 0.9474011625 0.508264896875
0 0.9326731968749999 0.48192494375 0.9377575312499999 0.48122677031250005 0.9379961984375 0.47719356093750004 0.93521845625 0.4674900609375 0.9307231171874999 0.46350805156249997 0.9173940187499999 0.46541025156250004 0.9202153390625 0.47352675624999996 0.92145560625 0.47587168750000003 0.92130784375 0.479389365625 0.9219989578125001 0.48216902812500007 0.9264905578124999 0.4834925796875 0.9326731968749999 0.48192494375
0 0.91648125625 0.467907109375 0.9192137390624999 0.46714861250000006 0.9212986859375001 0.46202345781250004 0.9210014796875001 0.457009825 0.9188239515625 0.450601521875 0.9094638625 0.45143169843750003 0.9072880124999999 0.457072384375 0.9077404625 0.46388525625000004 0.9072556515624999 0.46663475937500004 0.9093953984375001 0.4678979859375 0.9123267046875 0.46735173437500005 0.91648125625 0.467907109375
0 0.8972858078125 0.468243353125 0.9015009609375 0.46845503906249997 0.9060021031250001 0.4657049765625 0.9009634109375 0.45542562656249996 0.9007438265625 0.451311615625 0.8965382140625 0.44702631718749997 0.8852807828125 0.445218515625 0.8832564359375 0.44999998124999996 0.8839815906249999 0.455266259375 0.886967696875 0.46110839062500003 0.8853277203125 0.4677295 0.8853011578125001 0.470559803125 0.8907831421875001 0.4702861171875 0.8972858078125 0.468243353125
0 0.895627896875 0.4186931234375 0.89006829375 0.4180671875 0.8806646234375 0.42048436093749997 0.8837320890625 0.429884571875 0.8854343468750001 0.43496876562500003 0.896617896875 0.43853540625000004 0.9007516890625 0.4351890140625 0.8987352062499999 0.42384787968750004 0.895627896875 0.4186931234375
0 0.885999225 0.402288834375 0.8817292703125 0.395688765625 0.876226528125 0.39206068437499997 0.86911036875 0.3922234078125 0.86658793125 0.4011695265625 0.8682163062500001 0.4080125609375 0.8701476890625001 0.4131371546875 0.8763813875 0.41529944375000005 0.8846394328124999 0.412680265625 0.885999225 0.402288834375
0 0.9359178171875 0.43270760468749997 0.93895330625 0.43023066875 0.940004290625 0.42828974531249997 0.9347912734375001 0.4243583765625 0.9243860015625 0.42039740625000005 0.9137516031249999 0.41639603437500006 0.902568053125 0.41282939374999994 0.9072261171875 0.4239275625 0.9110681218750001 0.430274984375 0.9237646453125 0.4346399640625 0.9287618171875 0.43711578125 0.9324448390625 0.43900550312500003 0.9354500265624999 0.4367004125 0.9359178171875 0.43270760468749997
0 0.9230776531249999 0.41307924218750003 0.9105533937500001 0.41175680937500003 0.907612546875 0.41637667343749996 0.9084929453124999 0.42344219218749996 0.91489516875 0.4259885703125 0.9259898765625 0.42068021250000004 0.9271923640624999 0.41788007031249996 0.9230776531249999 0.41307924218750003
0 0.9336535109374999 0.4080337703125 0.930835928125 0.402575728125 0.91942905625 0.392236615625 0.914176196875 0.39255070000000003 0.9112316109374999 0.39451210468750003 0.9103964703124999 0.39790858125 0.911610178125 0.40308381562499995 0.9160922375 0.40848097812499995 0.9178986765625 0.4116344890625 0.9223296765625 0.41330172656249997 0.9290141468750001 0.4102278984375 0.9336535109374999 0.4080337703125
0 0.9933850265625 0.42299571406250003 0.9882155906250001 0.4174773515625 0.9794312140624999 0.41504249375 0.9767157531249999 0.4170443 0.976170340625 0.4201374875 0.9771379015624999 0.42402901562500006 0.9787152171875 0.42714212500000004 0.97886091875 0.433014978125 0.98234885625 0.4373509140625 0.9906712421874999 0.437046509375 0.9954450906250001 0.432749853125 0.9933850265625 0.42299571406250003
0 0.949309196875 0.4425107046875 0.953372846875 0.44358160937499996 0.9576278437499999 0.43954784062499996 0.9628939796875 0.4378186015625 0.9586580671875 0.43370515000000004 0.9553291109375 0.4338269125 0.9530341203124999 0.43076444374999995 0.950246840625 0.42513455625 0.9455829765624999 0.4207684578125 0.9412598984375 0.419828996875 0.9360543640625 0.4212145453125 0.93606558125 0.429189925 0.9410058906250001 0.43466788906250003 0.949309196875 0.4425107046875
0 0.9631595921875 0.40951556875 0.9558201078125 0.40290581875000003 0.9441745671874999 0.3965999171875 0.9403134812499999 0.398399715625 0.9363179109375 0.4023020421875 0.9404629234374999 0.406931028125 0.9439811625000001 0.41109512031250006 0.9478970484374999 0.415683703125 0.9522844671874999 0.4189379390625 0.9566170828124999 0.4158037890625 0.9627221015625 0.41333653437500006 0.9631595921875 0.40951556875
0 0.9583085062500001 0.39147308281250004 0.9470170328125 0.387178665625 0.939809971875 0.3878569203125 0.9340988640625 0.3880902046875 0.931309521875 0.3918508484375 0.9418700359375001 0.3976110578125 0.9494822265625 0.4026742125 0.9551800531250001 0.40385608125 0.9588082765625 0.3993574203125 0.9619346656250001 0.3963649546875 0.9583085062500001 0.39147308281250004
0 0.9347297609374999 0.369774034375 0.9353527953125 0.3675804640625 0.9295603265624999 0.3642556703125 0.92110925625 0.35993053124999996 0.9150270624999999 0.3569090234375 0.9111489546874999 0.357465515625 0.9073086281249999 0.36316708124999997 0.9110427109374999 0.368786728125 0.9176134578124999 0.37171719531249997 0.9208079296875 0.3736979609375 0.928156953125 0.376234096875 0.9296794687500001 0.372958825 0.9347297609374999 0.369774034375
0 0.9494070499999999 0.37094454374999997 0.943082446875 0.3692977859375 0.9371119140624999 0.3696625109375 0.9341843484375 0.3728672234375 0.9346463375 0.3756064859375 0.9482290609374999 0.38030491093749996 0.9487043312500001 0.381629021875 0.952374075 0.3849338953125 0.9587517968749999 0.3809200484375 0.9607325624999999 0.3777255765625 0.9494070499999999 0.37094454374999997
0 0.9504165125 0.361200084375 0.9450196312499999 0.367690309375 0.95519371875 0.3810014078125 0.9649248953124999 0.383426025 0.9688976437499999 0.38501246093749997 0.9790397515624999 0.3864464140625 0.98257333125 0.3798048265625 0.9813388640625 0.370727821875 0.9682579734375001 0.3645232015625 0.9504165125 0.361200084375
0 1 0.335037215625 0.991900146875 0.33360899375 0.9719907609374999 0.3366543390625 0.9704342046875001 0.3374429953125 0.96712975 0.344124984375 0.9680329703125 0.345701740625 0.968494959375 0.348441003125 0.9798129937500001 0.3499051171875 0.9868345109375 0.347599465625 0.9938257281249999 0.34546565937499996 1 0.3425962953125 1 0.335037215625
0 0.9431189328125 0.34095434999999996 0.9436776265625 0.3364460109375 0.9429732312500001 0.3350814984375 0.94820906875 0.3335241046875 0.949367975 0.3323109578125 0.9476694578125 0.3298852234375 0.940411334375 0.32683355468749997 0.9303601312499999 0.32488406875 0.9217915984375 0.323904765625 0.9162357343749999 0.325937290625 0.9154574562500001 0.32633161875 0.91033328125 0.3312752484375 0.9169683687499999 0.33652048749999997 0.9261030734375 0.33830836875000003 0.9299205796875001 0.33809556406249996 0.9345201015625 0.340146890625 0.938752275 0.341601884375 0.9431189328125 0.34095434999999996
0 0.948690140625 0.32811614375000003 0.951604425 0.32632658281250004 0.9523582046874999 0.319372028125 0.9500158921875 0.3152380953125 0.9400290281249999 0.3156033828125 0.935109478125 0.3140271859375 0.9260391140625 0.3145540765625 0.9197655734374999 0.3166372421875 0.920362046875 0.3172739765625 0.92585525 0.3249756703125 0.9316609984375 0.3268853140625 0.9374024078125001 0.3264801859375 0.948690140625 0.32811614375000003
0 0.908025009375 0.32962793125 0.9058740421874999 0.320389325 0.9019751765624999 0.3170440484375 0.89187665 0.3140231 0.8865063296875 0.3176830203125 0.8824065765625001 0.32351602968750004 0.8848568109375 0.3283777390625 0.8963168078124999 0.333056246875 0.9035749296875 0.33610791562500003 0.908025009375 0.32962793125
0 0.87266998125 0.3063839640625 0.861217465625 0.30702237656250003 0.8557657828125 0.30712422031250003 0.85226830625 0.30686189218750004 0.8476061187499999 0.314544784375 0.8604371265624999 0.3168072375 0.8681327390625 0.316037940625 0.8744232999999999 0.3151980828125 0.8808350640624999 0.31367085 0.8833782609374999 0.308626496875 0.87266998125 0.3063839640625
0 0.9136289625 0.28578783125 0.9055016609375001 0.283646021875 0.890737209375 0.2856495046875 0.8845242703125 0.28738898281249997 0.8803165953125 0.292494215625 0.8796499796875 0.2962747796875 0.8816855453124999 0.2994686921875 0.8897182046875001 0.299467571875 0.894893440625 0.2982538671875 0.9103793078125 0.298858203125 0.9142100937500001 0.297230246875 0.9185389718750001 0.29143763749999996 0.9136289625 0.28578783125
0 0.8558505000000001 0.3347802796875 0.8531541203125 0.3286348609375 0.8465700937499999 0.32711954374999996 0.830127884375 0.33059906093749997 0.82589945 0.33180252656250003 0.8243296140625 0.3340063359375 0.8251456734374999 0.33875708125 0.8302810671874999 0.34178883125000004 0.8416729828125 0.34149410625 0.8451061187500001 0.3394416609375 0.8499783484375 0.3399463921875 0.8546044328125 0.339167415625 0.8558505000000001 0.3347802796875
0 0.8426903078124999 0.315627046875 0.8352977046875001 0.3146779046875 0.8263352625 0.315932571875 0.8181643796875001 0.3153777578125 0.8179825765625001 0.31640882187499997 0.8171681968750001 0.3237070640625 0.8222562703125 0.3256673484375 0.8301507078125001 0.3251102984375 0.8345173656249999 0.3244627640625 0.8404443171875 0.3256850328125 0.84373923125 0.3230766546875 0.8426903078124999 0.315627046875
0 0.8299522671874999 0.3034585328125 0.8204975343750001 0.30214578125 0.812684459375 0.3062609125 0.805403515625 0.30869800625 0.802112340625 0.31396484375 0.8072477359375 0.3169965921875 0.8135382953124999 0.31615673437499997 0.8216751390624999 0.3142249328125 0.82592059375 0.31426477343750003 0.8313249562499999 0.31309146875 0.8313004546875 0.3065312421875 0.8299522671874999 0.3034585328125
0 0.8196399578125 0.2895915015625 0.8100167031250001 0.2878946609375 0.8022434687500001 0.2877643359375 0.796873146875 0.29142425781250003 0.790020153125 0.294113996875 0.7861723484375001 0.2944986453125 0.7830422171875 0.294832653125 0.7814250609375 0.295964996875 0.780159909375 0.30849935781250004 0.7956287578125 0.3078603859375 0.801214921875 0.3056560171875 0.809348025 0.30106575625 0.8161196578125001 0.2948179375 0.8205734781249999 0.2909964109375 0.8196399578125 0.2895915015625
0 0.7724443046875 0.262487846875 0.7623437171874999 0.2688574265625 0.75931196875 0.27399282187499996 0.7580185796875 0.2773084953125 0.7630800921875001 0.28209908281249996 0.7703477546874999 0.281077140625 0.7792894375 0.275920709375 0.7835274125 0.27064363125 0.7899790171875 0.2648709421875 0.7850897671875 0.26312290312500003 0.7724443046875 0.262487846875
0 0.741443565625 0.294939528125 0.7376601 0.297638946875 0.7349010578125 0.3012277484375 0.738635140625 0.3068473953125 0.7443935703125 0.3076855734375 0.7543426531249999 0.3021752125 0.7643050171875 0.29524969843750004 0.7630174296875001 0.291833303125 0.75026404375 0.29047046875000004 0.741443565625 0.294939528125
0 0.7894722953125 0.32803723749999997 0.7746870859375 0.3261389515625 0.7704623890625 0.330000878125 0.7691519796875 0.33207324374999997 0.7696309890624999 0.33605581406249996 0.777053896875 0.33683311250000003 0.7838404875 0.34121913125000003 0.7903506328125001 0.3444932859375 0.7963610078125 0.339883103125 0.796323228125 0.3347380265625 0.7894722953125 0.32803723749999997
0 0.82168933125 0.3677378109375 0.8137853515625 0.3723684734375 0.8134653249999999 0.372843603125 0.8153190875 0.377068578125 0.821306640625 0.377947159375 0.8297975515625 0.3780268421875 0.8324391296875 0.3777838765625 0.8363134984375 0.37456892656249996 0.8352209921875 0.3687063140625 0.82168933125 0.3677378109375
0 0.7857142421875001 0.3922249125 0.7893972640625 0.39411463593749996 0.7938984046875001 0.391364575 0.796057234375 0.38448058125 0.7959891531250001 0.37950735 0.7905905921875 0.3739485859375 0.781219284375 0.366803384375 0.7728665968749999 0.3672796328125 0.7708422515625 0.3720611 0.7718268328125 0.377195934375 0.7775283984375 0.3810362625 0.7794257421874999 0.383674240625 0.7796150265625 0.387960096875 0.7857142421875001 0.3922249125
0 0.774524890625 0.3953903421875 0.7681625078125001 0.388598509375 0.7594084328124999 0.385991809375 0.7521104703125 0.38718559375 0.7509988843750001 0.38947020625 0.7532465546875 0.3914612109375 0.7572097624999999 0.39712125781249996 0.7605424578125 0.3996579546875 0.766382246875 0.4040542140625 0.7724814624999999 0.40831903125 0.7746174703125 0.40692380000000006 0.774524890625 0.3953903421875
0 0.7176752984375 0.38820121093750004 0.7217862703125 0.39034358125 0.7267191015625001 0.390504625 0.7371812359375001 0.39146344843750003 0.741860440625 0.3850238640625 0.7353502953125 0.3817497109375 0.7280788921875 0.3801131921875 0.720292378125 0.3813980203125 0.7176752984375 0.38820121093750004
0 0.6924964171875 0.36887781406250003 0.6909020828125 0.36452139843750003 0.68165945625 0.3620057390625 0.672269065625 0.3630077609375 0.6632024421875 0.3661931109375 0.6598772265624999 0.3689733328125 0.659146271875 0.370439125 0.66022549375 0.3777168875 0.66674891875 0.379575890625 0.6744881140625 0.3772196 0.6771429734375001 0.37556148125 0.6834808546875 0.3757930890625 0.6904853531249999 0.37224413125 0.6924964171875 0.36887781406250003
0 0.6994199375 0.34033125625 0.6920235921875 0.33672365625 0.6808134828125 0.33598731718749997 0.6762517390625 0.339081065625 0.671962703125 0.3406282203125 0.6715459734375 0.34835095312500003 0.676664346875 0.3501393921875 0.6842823359375 0.348470478125 0.6875033703125 0.3476209375 0.6925574015625 0.3470946078125 0.6971797468750001 0.343657171875 0.6994199375 0.34033125625
0 0.6857944 0.294340784375 0.6778866828125001 0.2963129875 0.67463535 0.2973343703125 0.6771196234375 0.30468269531250003 0.6852772265625 0.3066526609375 0.694067403125 0.302355446875 0.7011362421875 0.301121259375 0.7022270671874999 0.2949348828125 0.695258671875 0.291579925 0.6857944 0.294340784375
0 0.704484278125 0.292852275 0.7095723515625 0.294812559375 0.7211290515625 0.29224346562500003 0.7258290171875 0.2897056484375 0.72698044375 0.2831755828125 0.711403675 0.283086778125 0.70543688125 0.286109965625 0.704484278125 0.292852275
0 0.71201175 0.27025937031249997 0.7035416015625 0.2740814546875 0.6993169046875 0.2779433796875 0.7007900375 0.28298717500000004 0.7001101421875 0.288182890625 0.708890778125 0.28795928593750003 0.7205043390625 0.28238804375000004 0.7281185906250001 0.2780606671875 0.7320668390625 0.273086878125 0.7308871734375 0.27039825624999997 0.71201175 0.27025937031249997
0 0.617388109375 0.2897207515625 0.6144435234375 0.29168215468750003 0.6170187 0.2985149484375 0.6270358640625 0.2979778171875 0.6364129734375 0.29839094843749997 0.6429289203125 0.2949330328125 0.640690790625 0.288868415625 0.633294446875 0.28526081406250003 0.617388109375 0.2897207515625
0 0.646474103125 0.2748273015625 0.625847040625 0.27792328906249997 0.6218344499999999 0.2805823078125 0.6181589062499999 0.2840095046875 0.624854596875 0.2889110546875 0.639272459375 0.29021300625 0.6497611546875001 0.2883415265625 0.6532245921875 0.2861172359375 0.6494697484375 0.276595821875 0.646474103125 0.2748273015625
0 0.6346695796875 0.2640637 0.6319977015625 0.2644785078125 0.6343097109375 0.268784284375 0.642686896875 0.27486826249999996 0.66238791875 0.275684284375 0.6661543640625001 0.27174155624999996 0.660998209375 0.264808040625 0.64485526875 0.2639106578125 0.6346695796875 0.2640637
0 0.6158227796875 0.25170397968749997 0.6133875046874999 0.257476109375 0.6144895484374999 0.2592651078125 0.6197934671875001 0.262680946875 0.6287085875 0.260354815625 0.6345541781249999 0.2580190046875 0.641503875 0.24808166250000002 0.6386464515625 0.246869075 0.626978090625 0.246051934375 0.6158227796875 0.25170397968749997
0 0.5667423 0.263426234375 0.5610482109375 0.2649028265625 0.5591014875 0.27058391406250004 0.5705274421875 0.2727758046875 0.5784085984375 0.2736339046875 0.58463481875 0.270479275 0.5838187609375 0.2657285296875 0.572116359375 0.2624247734375 0.5667423 0.263426234375
0 0.6000226875 0.2448427046875 0.5839440875 0.2462600921875 0.5741730671874999 0.2480809328125 0.5665928578125 0.25489492343750003 0.571131778125 0.2572899375 0.5835348359375 0.25929974375 0.5900337625 0.25459852031249997 0.5961823609375 0.2505442703125 0.6008254640625 0.25100860156250004 0.6000226875 0.2448427046875
0 0.504842415625 0.2594218953125 0.502757465625 0.26454705 0.5045070453125 0.27070270625 0.50829425 0.2706617484375 0.5202315765625001 0.26727383437499996 0.5276299843750001 0.26149090468749997 0.5289972546875 0.256416390625 0.524117546875 0.250594740625 0.5137330343750001 0.2505355375 0.504842415625 0.2594218953125
0 0.48502973125000004 0.2552196375 0.47406576562499997 0.255767009375 0.46827497500000004 0.264491203125 0.4744688328125 0.270898946875 0.48216444531249997 0.27012965 0.48502973125000004 0.2552196375
0 0.46736672031250004 0.22676747812500003 0.46449975625000006 0.2296285015625 0.45982055 0.236068084375 0.46283695625 0.241738371875 0.4678606890625 0.24138388593750001 0.4781165203125 0.23681354375 0.48898584375 0.234123246875 0.4915688828125 0.2248334375 0.4872856484375 0.219648521875 0.47607553593749996 0.21891218281249997 0.46736672031250004 0.22676747812500003
0 0.45310990156250003 0.22053269531250003 0.44093764843749994 0.2306122796875 0.43989040468749996 0.23521166249999997 0.44117799375000005 0.238628059375 0.44489131562499995 0.24034593750000002 0.45371179375 0.2358768796875 0.459799790625 0.2321663171875 0.4637991 0.23092245 0.46634229843749997 0.225878096875 0.462625234375 0.221501759375 0.45310990156250003 0.22053269531250003
0 0.42162061093750003 0.25307542031249997 0.42463701875000004 0.2587457078125 0.43116044374999996 0.260604709375 0.44391963125 0.255235471875 0.446034878125 0.249938471875 0.4346960859375 0.24457259062499997 0.4250898515625 0.244119059375 0.42162061093750003 0.25307542031249997
0 0.4318266765625 0.27826366406249997 0.44117348593749994 0.2788486390625 0.4513176546875 0.27089206250000003 0.45074400312499996 0.264766565625 0.440736378125 0.261230084375 0.4343926953125 0.2677305484375 0.43180591718750005 0.274361896875 0.4318266765625 0.27826366406249997
0 0.4055246078125 0.2746890203125 0.4037256484375 0.2768524296875 0.405872875 0.2834325765625 0.4148523359375 0.28342121875 0.4219780359375 0.279184884375 0.42817021562499996 0.2735436390625 0.42397414375000003 0.26518473125 0.4112547984375 0.2663085125 0.4055246078125 0.2746890203125
0 0.3901337671875 0.25478809375 0.3873178625 0.261379040625 0.3906410171875 0.2679893484375 0.40054651874999997 0.26406598125 0.40835959375 0.25995085156250003 0.4129744578125 0.2511964953125 0.4111983203125 0.2478711421875 0.395093159375 0.252118834375 0.3901337671875 0.25478809375
0 0.388990203125 0.24519555781250002 0.3916828421875 0.24868251562500002 0.40423740312499995 0.24983310312499998 0.4174851421875 0.2443728234375 0.41909481875 0.23792355937499998 0.40178923125 0.23558086406249998 0.3909842484375 0.2405859359375 0.388990203125 0.24519555781250002
0 0.380497996875 0.211627365625 0.3756635484375 0.21626770781250002 0.369090740625 0.22272777187499998 0.3673088015625 0.22613448749999998 0.3673258203125 0.22737779531250002 0.3786949140625 0.2325718328125 0.392003253125 0.226767865625 0.39764628125 0.22156135 0.3974872984375 0.21710365 0.394241765625 0.2113929625 0.3900228703125 0.2085228171875 0.380497996875 0.211627365625
0 0.3292317421875 0.25450343750000004 0.3417331828125 0.26131463125 0.3422653140625 0.2596365921875 0.341114271875 0.24472713906250002 0.3426160265625 0.2375501 0.344138540625 0.2342748265625 0.3325648203125 0.2356006140625 0.329341728125 0.24584068281250002 0.3292317421875 0.25450343750000004
0 0.3298684421875 0.2294551953125 0.321616196875 0.2253423015625 0.3107203140625 0.2308629046875 0.309477984375 0.23790850156249999 0.3137479390625 0.2445085703125 0.3164310375 0.252069140625 0.325272275 0.2515018484375 0.3276071078125 0.2503188625 0.33216885 0.2472251140625 0.33203642968749997 0.2399371109375 0.3298684421875 0.2294551953125
0 0.2984451703125 0.27636168125 0.3085532375 0.27530901874999997 0.3084095953125 0.2600456375 0.3071352890625 0.2552140890625 0.30046035937500004 0.25421430625 0.293433040625 0.2632520265625 0.2962278015625 0.27419883125 0.2984451703125 0.27636168125
0 0.31676319531249997 0.31449741875 0.3208550859375 0.324787009375 0.3249432359375 0.332418140625 0.328660296875 0.33679447812499996 0.3408873515625 0.33310327812499996 0.337304771875 0.3266244125 0.3359225421875 0.32106508749999996 0.33166586875 0.3130498671875 0.324758075 0.309351225 0.32048231875 0.30948322500000003 0.31676319531249997 0.31449741875
0 0.401973240625 0.32296634062499996 0.41010840625 0.30898555 0.412223653125 0.30368855156249996 0.39873557187499997 0.30113305156250003 0.3912973234375 0.3111614359375 0.3937815984375 0.31850975937500003 0.401973240625 0.32296634062499996
0 0.41277990156250005 0.330010259375 0.421621140625 0.32944296875 0.42835499375 0.31805007500000004 0.4275995359375 0.312955640625 0.42184110781250006 0.31211746093750004 0.41470418750000004 0.308378415625 0.41321197343750005 0.3114818453125 0.4103753109375 0.314171025 0.41416625468749996 0.316788525 0.4126267203125 0.318820490625 0.41165335937499997 0.32166103281249997 0.4087295328125 0.3275242046875 0.41277990156250005 0.330010259375
0 0.5004517859375001 0.32987675156249996 0.5053829359375 0.31798880625 0.5050251296875 0.3133188609375 0.4917566328125 0.3148773734375 0.48770046093749997 0.3191233890625 0.48318603906249996 0.3232886015625 0.4830951375 0.3238041328125 0.488717021875 0.33613537031249996 0.49525372812499996 0.3365792203125 0.5004517859375001 0.32987675156249996
0 0.5415560828125 0.3365929890625 0.5251972968749999 0.334240053125 0.5207397375 0.33540311875 0.5226312796875 0.34477316875 0.5321200515625 0.3485725359375 0.53808104375 0.35228141874999996 0.5490487484375 0.3543925078125 0.5538396156250001 0.3513391609375 0.5500241734375 0.342161434375 0.5415560828125 0.3365929890625
0 0.5541164453125 0.33101150625 0.5532244453125 0.33741012812500004 0.5630465234375001 0.3393192140625 0.571618796875 0.3429569765625 0.58048285625 0.336900921875 0.5848079921875 0.328449853125 0.5688128171875 0.32403479218750003 0.5541164453125 0.33101150625
0 0.6026000703125 0.3400920375 0.602407046875 0.3331477203125 0.58383463125 0.331290396875 0.5768737140625 0.333252359375 0.57790561875 0.3394586578125 0.5843551609375 0.3430765015625 0.5979304046875 0.3424580078125 0.6026000703125 0.3400920375
0 0.6186915671875 0.358699015625 0.619507625 0.3634497625 0.634616603125 0.367531375 0.6459234171875 0.3610201125 0.64261354375 0.3529946515625 0.626743309375 0.350550675 0.6195873078125 0.3549588515625 0.6186915671875 0.358699015625
0 0.5981417437500001 0.3841341421875 0.60406289375 0.39208848125 0.6184977765624999 0.394633740625 0.6194939609375 0.386304434375 0.6218553546875001 0.3822911453125 0.6118497921875 0.369364134375 0.6030691546875 0.36958773749999996 0.598194865625 0.3784735359375 0.5981417437500001 0.3841341421875
0 0.3684728859375 0.3588753796875 0.3709193796875 0.36107862968750004 0.3811183484375 0.3595104359375 0.38606820000000003 0.3609147875 0.3928776109375 0.35981204375 0.3983861546875 0.35670805625 0.39784654375 0.353069175 0.39263726718749997 0.351796265625 0.382663684375 0.3507464 0.3730005875 0.353295015625 0.3684728859375 0.3588753796875
0 0.3092162578125 0.3666770640625 0.313469190625 0.3720338265625 0.3236453390625 0.3759543953125 0.332462078125 0.3688268765625 0.3258743109375 0.364653103125 0.325071534375 0.3584872046875 0.320757996875 0.35347413125 0.31149835000000003 0.3497151640625 0.304544915625 0.356994046875 0.3092162578125 0.3666770640625
0 0.40127181875 0.36713932968749996 0.410376221875 0.36909905625 0.4141862484375 0.36356933125 0.41982553593749994 0.35570435625 0.4098785140625 0.3518241890625 0.405415153125 0.3597193234375 0.400580703125 0.3643596671875 0.40127181875 0.36713932968749996
0 0.392954465625 0.40359070468749997 0.393325553125 0.40684549687500005 0.40171228125 0.4088558640625 0.40677211562500004 0.4015974625 0.4096826625 0.39714944375 0.40705062343750004 0.393318796875 0.398555975 0.39058065468750003 0.3945035421875 0.397485128125 0.392954465625 0.40359070468749997
0 0.3768966265625 0.40890986093750004 0.384340290625 0.4135889265625 0.3941416125 0.41159624531250005 0.391276709375 0.4050667375 0.38993805937500003 0.39792041718750004 0.3850886515625 0.391926921875 0.3775918640625 0.3929084625 0.3750258453125 0.403441578125 0.3768966265625 0.40890986093750004
0 0.44288053906249997 0.43932639218749997 0.432007475 0.43935823125000006 0.42901556718749995 0.440248171875 0.42618264375 0.445595809375 0.4361902671875 0.449132290625 0.4397520859375 0.45170939062500004 0.4488905296875 0.45615572968749996 0.45415666874999994 0.45442649218750003 0.45622085468750007 0.4453995703125 0.44288053906249997 0.43932639218749997
0 0.46083457031249997 0.500963775 0.461221 0.4934128875 0.45976862812499997 0.49227085937500004 0.45223779999999997 0.4907657859375 0.44381122968750003 0.493000875 0.4372952828125 0.49645879062500003 0.43214454843750005 0.5042327249999999 0.4357308671875 0.5133700484375 0.45047829687499996 0.510123259375 0.46083457031249997 0.500963775
0 0.32828523125000003 0.45012781718749995 0.3409248921875 0.4574949421875 0.3494083234375 0.45225770781249996 0.341801934375 0.4404624828125 0.340830634375 0.43391249531250004 0.33068478749999997 0.42982008125000004 0.3259279609375 0.4353600453125 0.3242709625 0.44073784531250004 0.32828523125000003 0.45012781718749995
0 0.3128379109375 0.41178951562500005 0.3142674609375 0.4184203046875 0.3198478265625 0.42294800625000006 0.325973603125 0.42438252031249996 0.3285168015625 0.41933816718749994 0.330200359375 0.4111300625 0.3310923609375 0.404731440625 0.3219767390625 0.3947963359375 0.3145745921875 0.3979208046875 0.3130387984375 0.40261122968749996 0.3128379109375 0.41178951562500005
0 0.2938736484375 0.40277563125000004 0.2966513890625 0.41247912812500004 0.3028415078125 0.41622841250000003 0.30980616250000004 0.41692490937500004 0.3115843640625 0.41085973437499995 0.312822953125 0.401155678125 0.308350434375 0.3916849046875 0.3015202609375 0.3888858796875 0.29607231875 0.39164618125 0.2938736484375 0.40277563125000004
0 0.2927616796875 0.4264997609375 0.2940040078125 0.4194541625 0.28468956093750003 0.40930681562500004 0.27728947656249997 0.4030407546875 0.268737965625 0.403304759375 0.27116911875 0.416313690625 0.2803416015625 0.423246646875 0.2927616796875 0.4264997609375
0 0.285497371875 0.45161968124999996 0.27931099531250003 0.45052885624999994 0.2817043671875 0.4583927140625 0.2898051078125 0.4633648265625 0.29522275 0.46077636875000005 0.285497371875 0.45161968124999996
0 0.2781857453125 0.475668140625 0.2846373515625 0.4698954515625 0.2811892546875 0.4613140578125 0.27484389375 0.4557655328125 0.26704035937500004 0.45580705312500003 0.2649155703125 0.46517766250000003 0.272302375 0.47285887656250003 0.2781857453125 0.475668140625
0 0.3011564140625 0.510194596875 0.29910963125 0.49902530624999997 0.2936674890625 0.4950535359375 0.28369390625 0.494003671875 0.286768853125 0.5087208015625 0.29158421875 0.51222768125 0.3011564140625 0.510194596875
0 0.3417405671875 0.48368520937500004 0.3362282828125 0.48413073906250004 0.3348535328125 0.4838883328125 0.3287447765625 0.48369712812500004 0.3290855640625 0.4871237640625 0.3335468625 0.48861915937499995 0.3353059828125 0.49070120624999997 0.33526613906249997 0.49494666093750006 0.3385760125 0.5029721203124999 0.348610196875 0.5036782984375 0.3518237515625 0.497511840625 0.348958846875 0.49098233281250003 0.3473171921875 0.48555445312499995 0.3417405671875 0.48368520937500004
0 0.413367121875 0.5303347453125 0.412138075 0.535965190625 0.4127685875 0.5390885421875 0.4160539609375 0.540553775 0.41866149999999996 0.53782419375 0.421977175 0.5391175828125 0.4321325625 0.5391363859375 0.4342818515625 0.536326003125 0.432704534375 0.53321289375 0.42575316093750004 0.53110124375 0.41845145625 0.5296365703125 0.413367121875 0.5303347453125
0 0.4540430890625 0.55823785625 0.4548931875 0.56547521875 0.4604602703125 0.5714180718749999 0.46962153593749995 0.5703756515625 0.474283721875 0.562692759375 0.4781580890625 0.5594778093749999 0.4818166125 0.5548073046875001 0.4776545796875 0.5489350109375 0.461852425 0.5514642671875001 0.4540430890625 0.55823785625
0 0.4064233703125 0.6313470859375 0.4102010359375 0.6353797359375 0.4178833671875 0.6360255921875 0.4167435421875 0.6290915171875 0.4180805140625 0.624188846875 0.4221840046875 0.621014296875 0.417001290625 0.6169110843750001 0.40819783281250005 0.6226234515625 0.4064233703125 0.6313470859375
0 0.33067217968749996 0.6054098531250001 0.3250407546875 0.5971522265625 0.32009670625000003 0.589015803125 0.3099981796875 0.5859948562499999 0.30772188749999996 0.5962246828125 0.31850198750000003 0.60609890625 0.33067217968749996 0.6054098531250001
0 0.8401677765625 0.541626825 0.8408269125000001 0.5325293421875 0.83735225625 0.5267782546875 0.8289825484375 0.5260111953125 0.8264468296875 0.5363724671875 0.82596201875 0.5391219671874999 0.8235097234375001 0.543650790625 0.82767175625 0.54952308125 0.83831569375 0.5494508421875001 0.8401677765625 0.541626825
0 0.6805053453125 0.5186124453125001 0.6900605203125 0.515336053125 0.699218046875 0.5116351734375 0.702984490625 0.5076924453125 0.7001233265625 0.503821396875 0.6849404671875 0.5014986234375 0.6762071515625 0.5027936921875 0.6707857703125 0.5027236890625 0.6691325124999999 0.5107599484375 0.6735236703124999 0.516672640625 0.6805053453125 0.5186124453125001
0 0.727957834375 0.4786076375 0.7344302 0.476736715625 0.7351196375 0.46746738906249996 0.714098665625 0.4727973453125 0.719402584375 0.47621318281249997 0.727957834375 0.4786076375
0 0.5886527328125 0.49958136406250003 0.5941857749999999 0.503037603125 0.6009345875000001 0.5022785468750001 0.6024230609375001 0.49651665781250004 0.5994161953125 0.486772759375 0.5948905546875001 0.4829625953125 0.585914834375 0.48563241250000005 0.5847028062499999 0.49250616562499994 0.5886527328125 0.49958136406250003
0 0.6437450265625 0.6145445078125 0.6494864359375 0.6141393796875 0.648926065625 0.60659873125 0.6411756515625 0.60097964375 0.6338228890625001 0.5957850453125 0.6226658984375 0.5893881015625 0.61775963125 0.5863967531250001 0.6118912171875001 0.5942213265625 0.6148640421875 0.6014786109375 0.6272708406249999 0.606146878125 0.6437450265625 0.6145445078125
0 0.6302984656249999 0.61979254375 0.613805196875 0.6195421343749999 0.602979453125 0.6206454390625 0.5996239375 0.623597503125 0.6049012953124999 0.62984364375 0.6327088578125 0.6288997078125 0.6302984656249999 0.61979254375
0 0.698882053125 0.66360209375 0.70072085625 0.6571932312500001 0.694119809375 0.6544346078125 0.6875565421875 0.6568210609375 0.6843392484375 0.660329059375 0.6785276984374999 0.6651514859375001 0.6843845078124999 0.6707910546875 0.6946478171875 0.6715376328125 0.698882053125 0.66360209375
0 0.7449457453125 0.6676490734375 0.7624426765625001 0.66488709375 0.7592274453125001 0.6590045609375 0.7402100609375 0.655651284375 0.7321508390625 0.6584827046874999 0.719707940625 0.6607183531249999 0.721764265625 0.6678140328125 0.7367483015625 0.6699245625 0.7449457453125 0.6676490734375
0 0.7271130593749999 0.703131384375 0.734869275 0.7020184 0.7367043359375 0.692951078125 0.7390013890625 0.686623015625 0.7287305984375 0.68055951875 0.72173358125 0.689425396875 0.7222976921875001 0.69962450625 0.7271130593749999 0.703131384375
0 0.35491806875 0.6996958875 0.3498129734375 0.6964922953125 0.349928375 0.702536990625 0.3495722453125 0.7099160359375001 0.349670628125 0.7147174234375 0.3611874859375 0.7163937828125 0.36121030625 0.7109050203125 0.3619072234375 0.7069526109375001 0.36507719375000003 0.7023731484375 0.3609795046875 0.698815628125 0.3560504125 0.70131304375 0.35491806875 0.6996958875
0 0.28334218906249997 0.6782157953125 0.2854383546875 0.68106601875 0.28956260624999997 0.6817932359375 0.2953646171875 0.681044421875 0.3064402453125 0.6838832859374999 0.3100987671875 0.6792127828125001 0.30803290156249996 0.6761907140625001 0.29576432812500003 0.6720783796875 0.2855180390625 0.672575109375 0.28334218906249997 0.6782157953125
0 0.2801651203125 0.65603881875 0.2930226890625 0.6554709671875 0.2959597953125 0.6481926453125 0.295032075 0.6400556625 0.2885352109375 0.63536635625 0.2790065984375 0.6358124453125 0.275234353125 0.64648724375 0.2801651203125 0.65603881875
0 0.27879410937500004 0.658454871875 0.2754746953125 0.654503021875 0.269377159375 0.662287196875 0.2720868171875 0.6670174640625001 0.2773965375 0.6637012296875 0.27879410937500004 0.658454871875
0 0.263220696875 0.6824640468750001 0.24826154531250003 0.665474225 0.235117990625 0.6690038203124999 0.237161034375 0.6775146515625 0.2502323859375 0.6877928843750001 0.258282065625 0.6890350734374999 0.263220696875 0.6824640468750001
0 0.27635394375 0.7258871015625 0.281262275 0.7194879203125 0.27692217812500003 0.71730515 0.2655908640625 0.7172561875000001 0.252875259375 0.7210384296875 0.2510667578125 0.7272754484374999 0.2550905671875 0.7325918078125 0.2673819625 0.7312153796875001 0.27635394375 0.7258871015625
0 0.29330340312500003 0.7356088421875 0.28458168906250003 0.7234397671874999 0.2678763140625 0.7243922656249999 0.2665356046875 0.7266364765625 0.2702941859375 0.73881635 0.2813565328125 0.7430703671875001 0.291642665625 0.7383281828125 0.29330340312500003 0.7356088421875
0 0.302421853125 0.6932743765625 0.3029461234375 0.7077189390624999 0.30653244218750003 0.7168562640625 0.3218232234375 0.719906815625 0.323594784375 0.714549215625 0.3227986484375 0.7076757406249999 0.31124981093750004 0.6941222359375 0.302421853125 0.6932743765625
0 0.2613336625 0.6328734171875 0.26539357343750003 0.6312858609374999 0.27043264843750003 0.6201256921875 0.2521993421875 0.609646015625 0.2469332046875 0.6113752546875 0.24711668593749997 0.62239318125 0.25375551406249997 0.6302968765625 0.2613336625 0.6328734171875
0 0.2774807265625 0.6149897390625 0.2622090265625 0.6037919656249999 0.25661912187499997 0.603337875 0.2540929453125 0.6096255359375 0.26149302812499997 0.615891596875 0.277336703125 0.621165878125 0.2774807265625 0.6149897390625
0 0.5936323906250001 0.6442811890625 0.5882101937499999 0.635773465625 0.5832015203124999 0.632058434375 0.5716959687500001 0.6366373828125 0.575493946875 0.6472186 0.5736275859375 0.65066533125 0.5735114984374999 0.6548926609375 0.5849462984375 0.65785288125 0.5942173046875 0.6552398109375 0.5936323906250001 0.6442811890625