0 0.59509171875 0.6216988640625 0.584897871875 0.6263682234375 0.588857928125 0.63387744375 0.590774375 0.641748340625 0.5999241953125 0.6423881578125 0.6089553953125 0.638310271875 0.60168295625 0.6300648484375 0.59509171875 0.6216988640625
0 0.286402975 0.7614337328125 0.2738388484375 0.75113026875 0.2569896984375 0.7507599093749999 0.2534754796875 0.759939065625 0.273599046875 0.7699632890625 0.286402975 0.7614337328125
0 0.3273685 0.796881528125 0.3364870296875 0.7897099609375 0.3242814671875 0.784547940625 0.3154989625 0.781779546875 0.314504559375 0.7908656234375 0.3273685 0.796881528125
0 0.407986878125 0.7397292875 0.3974071609375 0.7434132421874999 0.39985072499999996 0.748007875 0.406475915625 0.7587011 0.41406374062499995 0.7582639953125 0.41563632031250003 0.7542266843750001 0.41015211718750005 0.7509400984375 0.40974548437499997 0.7462114171875001 0.407986878125 0.7397292875
0 0.47049943125000004 0.8417073890625 0.46481847187499997 0.8437575578125 0.461318940625 0.8499651359374999 0.460574734375 0.856365384375 0.47158606406250003 0.8586928203124999 0.4697979046875 0.853153790625 0.47150105 0.8500096609375 0.4753167859375 0.84493665625 0.47049943125000004 0.8417073890625
0 0.2747389359375 0.798653421875 0.27866566718749997 0.7965444953125 0.286826378125 0.7977593390625 0.295075834375 0.794020109375 0.2917772875 0.7896022046875 0.27839906718749996 0.79175883125 0.2737918125 0.7888598906250001 0.271614609375 0.7892874187500001 0.27201599375 0.7933738984375001 0.27294815625 0.7972398140625 0.2747389359375 0.798653421875
0 0.2685256 0.795384496875 0.2634646828125 0.7952882812500001 0.2587220375 0.7906405546874999 0.2545158640625 0.7906041078125 0.25329475 0.8006969546875 0.258104028125 0.8019351218749999 0.2603212734375 0.7997066562499999 0.2665659890625 0.8025268390625 0.273219540625 0.803185359375 0.2740641078125 0.7984773953125 0.2685256 0.795384496875
0 0.3002530359375 0.7119440890625001 0.2904975734375 0.71254005 0.2883747765625 0.7185266343750001 0.29452441875 0.7183175953125 0.293034903125 0.7225590796875 0.29864140625 0.7276802046874999 0.3056034109375 0.7280392234375 0.3064056796875 0.72387749375 0.303289034375 0.71726890625 0.30606410156249997 0.714139821875 0.3002530359375 0.7119440890625001
0 0.35084545 0.7220003187499999 0.3446608328125 0.7251466109375 0.342921684375 0.7305209578125 0.3491697609375 0.7313413046874999 0.3522235484375 0.736411740625 0.35804410937500003 0.7409087703125 0.3647908546875 0.73703490625 0.3618437953125 0.730438178125 0.3552476484375 0.7297213046875 0.35531820000000003 0.7262752859375 0.35084545 0.7220003187499999
0 0.31113641406250003 0.7936766484375 0.30849277656249996 0.7966672406249999 0.31347770937499997 0.801064521875 0.3133841703125 0.8039158875 0.31676700625 0.8085186859375 0.3232811015625 0.8092123546875 0.3237072125 0.8061460859375 0.3201744765625 0.80065955625 0.3148739171875 0.79774854375 0.31113641406250003 0.7936766484375
0 0.27812997031250003 0.8206621593750001 0.2814998921875 0.817881128125 0.2774298140625 0.8140241375 0.269280478125 0.814009984375 0.26449113125 0.815897896875 0.2585762640625 0.8172307859375 0.2563105140625 0.8238995734375001 0.25557318125 0.8238480140625001 0.26269165625 0.8249808765625 0.2640212 0.8211045312499999 0.270125009375 0.8216107390625 0.27812997031250003 0.8206621593750001
0 0.3194475203125 0.8201377531249999 0.3173787765625 0.8164207078124999 0.3124837234375 0.8167928890624999 0.31367113125 0.8210040093750001 0.30946369375 0.82213875 0.309896821875 0.82502694375 0.31546806875 0.82406695625 0.316621584375 0.8257353453125 0.3249855015625 0.827817246875 0.3254368125 0.8283364234375 0.33201055468749996 0.82363599375 0.3263277046875 0.8216508843750001 0.3194475203125 0.8201377531249999
0 0.3023577609375 0.8268813515625 0.295505196875 0.8249732203125 0.283163875 0.8213317109375 0.275912446875 0.82058648125 0.2716663390625 0.822274221875 0.2732916546875 0.8262778046875001 0.2731377234375 0.8315065359375 0.27722915000000004 0.8320307953125001 0.2793903125 0.8283713765625 0.2872019265625 0.8301877984375 0.3005741109375 0.8327105984375001 0.3023577609375 0.8268813515625
0 0.29015045625 0.8067338421875 0.280950909375 0.8029542749999999 0.27744175000000004 0.798582215625 0.2714246171875 0.798601634375 0.27283931093749997 0.8014516765625 0.2697541671875 0.8025564781250001 0.2683987171875 0.8062032140625 0.27562989375 0.8056084218749999 0.27812053593749997 0.8088088125 0.2858561328125 0.8125410328125 0.2907470265625 0.8107921890625001 0.29015045625 0.8067338421875
0 0.3417944828125 0.8471523265625001 0.3338245046875 0.8470683984375 0.3184918953125 0.848061925 0.3091846359375 0.8482287671875 0.3101292109375 0.8519528046874999 0.3149802046875 0.853970390625 0.31274488749999996 0.856396190625 0.3146150578125 0.8600128140625 0.3196577109375 0.8592895515625001 0.326277621875 0.8565248249999999 0.334752121875 0.855137803125 0.342480909375 0.852106334375 0.3417944828125 0.8471523265625001
0 0.37793435625 0.8358462171875001 0.370979071875 0.8365296734375001 0.36698778593750003 0.836250575 0.360930690625 0.8352421124999999 0.3573778515625 0.8382524515625001 0.3608679078125 0.8409196921875 0.36016859375 0.8445473609375 0.3637396609375 0.8444628390625001 0.3696734734375 0.842454578125 0.378209996875 0.841463903125 0.3815236546875 0.8386875140625 0.37793435625 0.8358462171875001
0 0.271148959375 0.8398553421875 0.275981590625 0.8384962234375 0.281328678125 0.8358472625 0.2823871140625 0.832845375 0.276472659375 0.8324848296875 0.271551209375 0.8341029000000001 0.266940996875 0.83632609375 0.26158971875 0.8370125515625 0.26394601562500003 0.840730515625 0.26558683125 0.8415346765624999 0.26522786875 0.8426232640625001 0.2673177125 0.8471180859375 0.269805365625 0.8428903203125 0.271148959375 0.8398553421875
0 0.4614542453125 0.7947695109375 0.459728796875 0.7975529015625 0.46294096875 0.7992633109375 0.46394610937499997 0.8016298203125001 0.4617158984375 0.8039051640625001 0.4664279390625 0.8060581328125 0.4689736578125 0.8018463078125 0.4747321828125 0.8019113046875 0.48372574375 0.8007842593750001 0.48686049843749996 0.79458754375 0.4816487125 0.793142525 0.47224971875 0.7949165796875 0.46792056875 0.7963022546875 0.4614542453125 0.7947695109375
0 0.5545396796875 0.782760740625 0.5579810765625 0.7871714484375001 0.55368126875 0.7894891875 0.5555781078125 0.7919493046875 0.5611444203125 0.7900110625 0.5672128484375001 0.791987059375 0.57159409375 0.7903538625000001 0.5738481421875 0.785856528125 0.571944553125 0.78349291875 0.5606216046875 0.784543725 0.5592867046875 0.7814440578124999 0.5545396796875 0.782760740625
0 0.5181926328124999 0.8556403687499999 0.51787713125 0.85861035 0.52185874375 0.8602634921875 0.5225876921875 0.8621743859375 0.5209790015625 0.8651348046875 0.5264342546874999 0.865758871875 0.5266762234375 0.8622985515625 0.5293076171875 0.861673896875 0.5344184703125 0.8625973437500001 0.539714640625 0.859328715625 0.5362514875 0.853345059375 0.5284360875 0.8540924109375 0.52448375 0.856646346875 0.5222811640625 0.8557645328125 0.5181926328124999 0.8556403687499999
0 0.5346276546875 0.8732360734375 0.5305702859375 0.8704266453124999 0.524406540625 0.8711255578125 0.521223384375 0.8748244625 0.5184851796875 0.8759623078125 0.5151940828125 0.8748681140624999 0.5107148875 0.8742890359375 0.5104185671875 0.8772592828124999 0.513737415625 0.877956621875 0.51469888125 0.88068249375 0.516310990625 0.8867771640625 0.5211099453125 0.88531815625 0.5216797734374999 0.8809712484375 0.5297605734374999 0.8807387203125 0.5330226703125 0.8771782671875 0.5346276546875 0.8732360734375
0 0.5691676703125 0.88369373125 0.568331396875 0.880444884375 0.563875328125 0.8795350921875 0.557809025 0.8801078859375 0.5547088078125 0.88135335 0.5513760859375 0.8808544375 0.5477936046874999 0.8839272265625 0.5503794921875 0.8862349625 0.549688784375 0.8897758265625001 0.554855 0.8906688109375 0.556223478125 0.8875741359375 0.5624430359375 0.8873443906249999 0.5680591390624999 0.8868730484375 0.5691676703125 0.88369373125
0 0.6152414015625001 0.8736887875000001 0.618196990625 0.8694422421875 0.6184094328125 0.8651368078124999 0.61028669375 0.8647017421875001 0.6055478671875 0.8653008953124999 0.6035068703124999 0.8704089875 0.6036006234375 0.8741376390625 0.599149490625 0.8744245796874999 0.5966764812500001 0.8781066781250001 0.601898509375 0.879468828125 0.6044794609374999 0.880579828125 0.605097415625 0.8831487484375 0.6099247453125 0.8838186374999999 0.609918559375 0.8775704015624999 0.6152414015625001 0.8736887875000001
0 0.5343383546875 0.8271078875000001 0.5331495187499999 0.8297801828125 0.53411795625 0.8318518484374999 0.5330863890625 0.8338671578125 0.52930835 0.8353564234374999 0.5326502234375 0.8385125312499999 0.539262284375 0.8378894203125 0.5438522765625 0.8423017734375 0.550458134375 0.8401752703125 0.5540192312500001 0.8338279656250001 0.549167775 0.8331547265625 0.5395291656250001 0.8324807296875001 0.538805546875 0.83009219375 0.5343383546875 0.8271078875000001
0 0.631925165625 0.8336960765624999 0.62870028125 0.83490423125 0.6325556203125 0.8383483593750001 0.62998160625 0.8400116453124999 0.6286380734375 0.8436042546875001 0.6362537046875001 0.8420887046875001 0.639572190625 0.843447203125 0.6491765453125 0.84473323125 0.6499846671875 0.8448921468749999 0.651391371875 0.8364909468749999 0.6445258921875 0.8350892265625 0.635444140625 0.8360926390625 0.631925165625 0.8336960765624999
0 0.657108609375 0.8504081140625 0.6502360015625 0.8491082999999999 0.6451720421875 0.84537485 0.64134000625 0.849407871875 0.6374647343750001 0.8521066125000001 0.6442162 0.85513883125 0.64916518125 0.8566113468750001 0.6586274984375 0.8618812124999999 0.66266715 0.8587843484375 0.6636386875 0.8546537046875 0.657108609375 0.8504081140625
0 0.6186077 0.8835574062499999 0.619688053125 0.8856810390625001 0.6180157625 0.8900698953124999 0.623171878125 0.8905328499999999 0.623807534375 0.887300359375 0.6296069140625 0.886374634375 0.6345981703125 0.8852899953125 0.6392749203125 0.8847977890625 0.638107609375 0.878059878125 0.63069150625 0.876722059375 0.6259511015625 0.8800771359375 0.620916609375 0.87982749375 0.614695353125 0.8809285265625 0.6186077 0.8835574062499999
0 0.68946308125 0.889536140625 0.6885323750000001 0.8852724796875 0.6830113890625 0.8841695843749999 0.6794938578124999 0.887610171875 0.6804678046875 0.8932081140625 0.6844442843749999 0.8949198390624999 0.6819928578125001 0.9006878734375 0.68771385 0.900883115625 0.6893224874999999 0.89935713125 0.6946862203124999 0.9007562453125001 0.694427759375 0.8966419953125 0.69045840625 0.894828365625 0.68946308125 0.889536140625
0 0.7097834421875 0.8762108468750001 0.7064796921875 0.8765942515624999 0.701738325 0.8760578953125 0.7004161703125 0.8793447859375 0.7067167750000001 0.8810142187500001 0.7080617515625 0.8832587625 0.7073044734375 0.8862779390625001 0.7123679515625 0.888065675 0.7131247484375 0.8831007796874999 0.71564888125 0.8821508359375001 0.72338565625 0.8789028812499999 0.72738919375 0.874369828125 0.7248564921875 0.869584528125 0.7175762609375 0.868256209375 0.7115702296874999 0.8721372109375001 0.7097834421875 0.8762108468750001
0 0.7330290078125 0.8932993984375001 0.7356742828125 0.89061705 0.7362595749999999 0.8861521859374999 0.7322902203125 0.88433855625 0.7278063515625 0.8840250125000001 0.725611940625 0.88807014375 0.726621515625 0.8931585562500001 0.7231533859375 0.893940084375 0.72348310625 0.897035271875 0.7285461046874999 0.8968772906250001 0.729697234375 0.8960361453125 0.73141420625 0.8988187218749999 0.735597821875 0.8995208859374999 0.73625485625 0.8959826765625 0.7330290078125 0.8932993984375001
0 0.7504585390625 0.9017889015625 0.7522671843750001 0.8993552640625 0.756799971875 0.8950640312499999 0.7581287718749999 0.8897295156249999 0.7521426734375 0.8874676484374999 0.74532755625 0.8872983031249999 0.7405866718749999 0.8887076625000001 0.7409453765625 0.89334094375 0.7408109453125 0.8991685921875 0.73790769375 0.8996824078125 0.7377732625 0.9055100578124999 0.7457323875 0.9049401671874999 0.74788500625 0.9053979046875 0.750939346875 0.9085812125 0.7549438515625 0.9079395953124999 0.753312390625 0.9039341453124999 0.7504585390625 0.9017889015625
0 0.77687621875 0.9067083374999999 0.7773978593749999 0.90510634375 0.7788843921875 0.9014213296875001 0.7792411734375 0.8982717421874999 0.7763659421875 0.8964322171875001 0.7721466968749999 0.8962395828125 0.7683854390625 0.8973078265625001 0.7676566671875 0.8999193796875 0.7674291171875 0.9051260921875001 0.7651192453125 0.90496456875 0.7650632015625 0.9096712531250001 0.77248595 0.90896145 0.7744029296875 0.9108363734375 0.7770206640625 0.912453084375 0.7811752921874999 0.9116171546875 0.779215075 0.9084079515625 0.77687621875 0.9067083374999999
0 0.8212721265624999 0.9122705078125 0.8269579734375 0.9149209968750001 0.8295034828125001 0.913665334375 0.8296241421874999 0.9099872140624999 0.8271641437499999 0.9100200031250001 0.826998803125 0.9065266921875 0.8280705859375 0.9029150796875 0.8256671140625 0.9001869031249999 0.8215552390624999 0.9004113953124999 0.8197104828124999 0.9014088453125 0.8164504499999999 0.9050722484374999 0.8187897890625001 0.9087175796875 0.8159725296874999 0.9099542406250001 0.8159378609375001 0.9143552046875 0.8206288640625001 0.9136591875000001 0.8212721265624999 0.9122705078125
0 0.8516496296874999 0.90937689375 0.85354426875 0.9076661015624999 0.856825678125 0.903696978125 0.8577539796875 0.89823205625 0.85528589375 0.894475315625 0.8469619015625 0.8944052687499999 0.8446026296875001 0.89690280625 0.8404347109374999 0.9018339796875001 0.8404142953125 0.9060311328124999 0.834743665625 0.907068265625 0.8363822515624999 0.9109718093750001 0.844863496875 0.910745640625 0.846107746875 0.9105254328125 0.8475600968749999 0.9131871015625 0.8505712015625001 0.9150361281249999 0.8544179703125 0.9127450109374999 0.8516496296874999 0.90937689375
0 0.871521053125 0.9024716843749999 0.8738090656249999 0.9009932062500001 0.8785646828125 0.9013257515624999 0.885486209375 0.8980207890624999 0.8888673828125 0.8926249828125 0.8798279046875 0.8910712421874999 0.874457528125 0.8917197531250001 0.8680505171874999 0.8935246265625001 0.865605734375 0.8972450375 0.859383996875 0.8964003546875 0.8590699718750001 0.89893850625 0.865084575 0.9007927484374999 0.8664010484375 0.903444915625 0.8653221390624999 0.9071584328125001 0.87049250625 0.9074175765625 0.8728945343750001 0.9043086 0.871521053125 0.9024716843749999
0 0.8444657921875001 0.8930018703125 0.8495934046875 0.8938724499999999 0.8527394218750001 0.89183954375 0.8492560765625001 0.8889334515625 0.8487548531250001 0.8863382921875 0.8502057562499999 0.883162809375 0.8498902875000001 0.879863809375 0.843089421875 0.8794906499999999 0.8385200421875 0.8803999812500001 0.8388568890625001 0.8833932624999999 0.8398089750000001 0.8873512046875 0.8404313406249999 0.8882139609375 0.8386369453125001 0.8904437843749999 0.8399253968749999 0.8954492937499999 0.844452021875 0.8951513984374999 0.8444657921875001 0.8930018703125
0 0.831621725 0.8618944296875 0.8239842328125 0.8617699828125 0.8173059531250001 0.8655015718750001 0.8171781671874999 0.8692815984375001 0.8146820578125 0.8678782015625 0.8085961953125 0.8670430187499999 0.808504521875 0.8722592312499999 0.8156702546875 0.8732723312499999 0.813676334375 0.8783555249999999 0.8192049265625 0.8813022328125 0.823215109375 0.8747215562499999 0.8256461234374999 0.8731506765624999 0.8307875062500001 0.8718717265624999 0.836958396875 0.8695383187499999 0.8356485687499999 0.8648385296875001 0.831621725 0.8618944296875
0 0.7931284234375 0.8968875328125 0.7955736890625 0.8951128390624999 0.7984831031249999 0.8906056828125 0.7965228875 0.8873964781250001 0.7913168890625 0.887646865625 0.7882426125 0.890606428125 0.7863342015625 0.8944667515625 0.7831734515625 0.8947577515624999 0.782909790625 0.8985282765625 0.7880801609375 0.8987874203124999 0.7896536484375 0.8997166828125 0.7905767499999999 0.9021365343750001 0.7934301203125 0.9023360609375001 0.7952530203125 0.8996986124999999 0.7931284234375 0.8968875328125
0 0.8950571515625001 0.8509696078125 0.8936048015625 0.848307940625 0.8872319765625001 0.8437661343749999 0.8822193421875 0.8451564906250001 0.8792310609375 0.848838896875 0.8828650124999999 0.853496396875 0.890117221875 0.8571780546875001 0.8901466875 0.8606618656249999 0.8955170625 0.8600133546875 0.8952942343749999 0.8553895765625 0.8967527453124999 0.854057903125 0.8984122265625001 0.8557100109375 0.9019088609375 0.8545208593750001 0.9005852609374999 0.8519705984374999 0.8950571515625001 0.8509696078125
0 0.899145815625 0.8725556296875 0.8955840859374999 0.870770503125 0.8946248734375001 0.866914465625 0.8951312984375001 0.8616248499999999 0.8908973203125001 0.8596903109375 0.885276571875 0.8600141000000001 0.8795128234374999 0.8604302953125 0.8806012671874999 0.8663434578125001 0.8839273578125001 0.8695457687499999 0.8893134296874999 0.8745305968749999 0.8881342765625 0.8777250828125001 0.8908812375 0.8813989187500001 0.8951208984375001 0.8773944 0.8973946578125 0.8761197359375 0.8997192625 0.8780231609375001 0.9027868953124999 0.877111221875 0.90448104375 0.8743623671874999 0.899145815625 0.8725556296875
0 0.8815851312499999 0.8542261343750001 0.8772233671875 0.8560716203125001 0.877081328125 0.8600554593749999 0.8764889109375 0.8646222328125001 0.87434438125 0.8679540203125 0.8788501078125 0.8699075625000001 0.88180324375 0.8686804031250001 0.8843192859375 0.8639409328125 0.8892673046875 0.8615220125 0.8909609734374999 0.8568274390624999 0.8867127437500001 0.8550967140625 0.8815851312499999 0.8542261343750001
0 0.5881871984375 0.8727718734375 0.58389908125 0.8734036156249999 0.58142618125 0.8702806390625 0.5776801125000001 0.8705621171875 0.5764123437500001 0.873889321875 0.5796495109375 0.8764446781249999 0.5771726671875 0.8792991703125 0.579786390625 0.8818885640625 0.5857600703125 0.879356228125 0.5897557375 0.8799461656249999 0.5950202671875 0.8816340593750001 0.6004789125000001 0.8790657078124999 0.599984025 0.8728204578125001 0.5957607359375 0.8725251374999999 0.5881871984375 0.8727718734375
0 0.5913569828125 0.8659289171875001 0.59015258125 0.8624288437500001 0.5825570703125 0.8615095484375 0.5748643171875 0.8619808484375 0.5704083671875 0.8635324515624999 0.5666835421875 0.8620298578125001 0.564266125 0.8640345406250001 0.565713990625 0.86553318125 0.5638764359375 0.866646815625 0.5642618171875 0.8685369578125 0.5675854203124999 0.869856228125 0.5734132390625 0.8694097859375001 0.5744487125 0.8694045609375 0.5804555359375 0.8693588 0.5876120078125 0.870635559375 0.5894059796875 0.8686649140625 0.5913569828125 0.8659289171875001
0 0.6749077609375 0.8109070390625 0.6732157 0.8084597265625 0.6722273875 0.8018694406250001 0.6660574046875001 0.7998076984375 0.6598121546875 0.8003025859375 0.6558820437499999 0.8017356921875001 0.6554873156250001 0.8059002749999999 0.6570007390625 0.8094219593749999 0.6615280140625 0.811291196875 0.6643963687500001 0.8131997 0.666207278125 0.8139473953125 0.665719984375 0.8164752125 0.6660405390624999 0.8192924171874999 0.668626884375 0.8207930343750001 0.67131514375 0.8178756921874999 0.67271329375 0.8156444687500001 0.6758089093749999 0.815783303125 0.680547234375 0.8161146390624999 0.6809257546875 0.8121818218750001 0.6749077609375 0.8109070390625
0 0.7317622593750001 0.814960325 0.7342456 0.816453740625 0.7378072640625 0.81584883125 0.736407653125 0.812179840625 0.7319999578124999 0.81156109375 0.7303136640625 0.810511578125 0.73137038125 0.8087222781250001 0.7290710828125 0.8060772375 0.7241541203125 0.8068202734375 0.7227235546874999 0.8095150296875 0.7195742828125 0.8116238015624999 0.7154767046875 0.8154518234375001 0.7180861203125 0.8225436343749999 0.7218433578125001 0.8235826968750001 0.7258062468750001 0.8231611109375001 0.7283155015625 0.8198430875 0.7292472390625 0.8168805515625 0.7317622593750001 0.814960325
0 0.3374116078125 0.68225546875 0.332933934375 0.681659903125 0.32990295625 0.68191871875 0.3290289171875 0.683646496875 0.3259581875 0.6826785515625 0.323979471875 0.684046625 0.32508459218749997 0.68619525625 0.3289834984375 0.6860912859375 0.3298191109375 0.6885035296875001 0.3301091578125 0.6915366921875 0.333857375 0.693587690625 0.3385254921875 0.6932550484375 0.34195701093749997 0.6908587328125 0.3401018953125 0.686868759375 0.335012253125 0.6842531984375 0.3374116078125 0.68225546875
0 0.3116528984375 0.689775340625 0.3085223171875 0.6860727875 0.30509124062500004 0.6902580296874999 0.3066305453125 0.69337855 0.3025145453125 0.692996578125 0.2979193828125 0.6958764375000001 0.30295616875000003 0.6974526265625001 0.309011571875 0.6970286906250001 0.3147782578125 0.6989383734375 0.321964103125 0.6967104359375 0.3248762640625 0.6945602625 0.322317896875 0.691650940625 0.31594668124999997 0.691205421875 0.3116528984375 0.689775340625
0 0.311133009375 0.6613049359375001 0.3025061359375 0.659006940625 0.29993599375 0.6616517921875 0.2971015671875 0.659099778125 0.29140084375 0.6580420765625 0.29240812968749996 0.6633850531250001 0.2961628984375 0.66534235625 0.29358009531249996 0.669963528125 0.29894012812500004 0.675893334375 0.304667059375 0.6765762578125 0.3095387234375 0.6751280203125 0.3101751265625 0.6696175249999999 0.308050503125 0.6658911625 0.311133009375 0.6613049359375001
0 0.3047525875 0.650219540625 0.2988286609375 0.6505585203125 0.297282803125 0.6475316953125 0.28966932343749996 0.6486940531250001 0.292379265625 0.6530262609374999 0.28883548281250004 0.653437521875 0.28977025625 0.6580222078125 0.295148175 0.65651521875 0.3050832734375 0.6580573203125 0.3096264640625 0.6577159453125 0.31056601875 0.655051221875 0.30924336406249997 0.65062771875 0.3047525875 0.650219540625
0 0.26877696875 0.6332985484375 0.264470525 0.633844784375 0.26357028125 0.6359473421875 0.2608551140625 0.6370756125 0.2556741921875 0.6375607015625 0.25676620625 0.639896721875 0.26268358125 0.6396514375 0.264019340625 0.6438875515625 0.2719565109375 0.648867740625 0.279661271875 0.6446047328125 0.2788055625 0.64068464375 0.2738080875 0.6385462890625 0.2701847953125 0.6365040265624999 0.26877696875 0.6332985484375
0 0.3262871765625 0.6034327953124999 0.3255808953125 0.600248115625 0.3261233828125 0.5969185140625 0.32118487500000004 0.5966893015625 0.320034165625 0.59986025 0.31637674531250004 0.5990238890625 0.3108224796875 0.6009579359375 0.313523121875 0.60219188125 0.3185914640625 0.6027785375 0.318941109375 0.6066350109374999 0.32247786562499997 0.61141108125 0.3242540515625 0.61258038125 0.3298088625 0.612852690625 0.3314622046875 0.6091362796875 0.330398740625 0.6044170359375001 0.3262871765625 0.6034327953124999
0 0.4240116953125 0.623356521875 0.42700855468750004 0.624254503125 0.430220984375 0.6220696625000001 0.42446733124999997 0.6190283796875 0.42170309218749996 0.6191792953124999 0.4215503140625 0.6169886109375 0.417527709375 0.615445215625 0.4159579625 0.618203871875 0.4180978203125 0.6204187703125 0.41570247031249996 0.6218575890625 0.41136049999999996 0.6248813390625 0.4082289890625 0.630284471875 0.410416753125 0.6318142984375 0.414086975 0.6340214734375 0.4195270890625 0.6327955656250001 0.42199375781250004 0.6281491015625 0.4240116953125 0.623356521875
0 0.46934522031250003 0.6532602546875 0.4758355734375 0.6545172625 0.4767080015625 0.6507919515625 0.472051953125 0.6473684703125 0.46802082343749996 0.643759215625 0.46576012499999997 0.6388969171875 0.45883755156249995 0.6394454765625001 0.45709215312499996 0.6447160625 0.4613958203125 0.6488033234375 0.463023075 0.6517855359375 0.46212669218749997 0.6558533828125 0.46787980625000003 0.656714628125 0.46934522031250003 0.6532602546875
0 0.45134788906249995 0.5824711796875001 0.445963125 0.5807177984375 0.44044317031249997 0.583085490625 0.43914434375000005 0.579782034375 0.43432915000000005 0.5808221671875 0.43505948437499997 0.5856921875000001 0.4369992 0.5885815125 0.4370407375 0.5945507359375 0.44161694531249995 0.5991160015625 0.45138306093749997 0.5950947015625 0.44760796562499994 0.5900117703125 0.44360078906249995 0.5860599796875 0.4485442671875 0.585373028125 0.45134788906249995 0.5824711796875001
0 0.37829168125 0.54347116875 0.3761121515625 0.5404728078125001 0.373146309375 0.542689746875 0.36905328437499996 0.5409278546875 0.366072771875 0.5433545796875 0.368377490625 0.54657250625 0.36727429375 0.55028996875 0.37021961875 0.5543959375 0.3756006953125 0.555826275 0.37984725625000004 0.5533826765625001 0.379183653125 0.5488038265624999 0.37595128125 0.5447831921875 0.37829168125 0.54347116875
0 0.27429610625 0.5032071046875 0.2747811953125 0.500289665625 0.27096838125 0.5005500765625001 0.26738443125 0.5035670390625 0.262224390625 0.5029954015625 0.2612830546875 0.5064079671874999 0.2675326140625 0.5074774125 0.26605385625 0.510536178125 0.27206870156249996 0.5149621953125 0.27783951562500003 0.5148387 0.2807980234375 0.5127266546875 0.2776536671875 0.50744730625 0.2726696609375 0.504358240625 0.27429610625 0.5032071046875
0 0.3412641515625 0.5021980593750001 0.3354043296875 0.4995747796875 0.336206303125 0.49815518125 0.3366913921875 0.4952377421875 0.33392358906249997 0.4946225734375 0.330993925 0.49431230625 0.330133275 0.49657105 0.3287792078125 0.4978466375 0.326269115625 0.497565709375 0.3229858953125 0.49628206874999997 0.319710503125 0.496896275 0.32056530625 0.5007506546875 0.3265498203125 0.5015907546875 0.3276990078125 0.5052549078124999 0.32951814062499996 0.50938753125 0.33432611093750003 0.514994021875 0.33804357343749997 0.5160972187499999 0.3430485921875 0.5148661171875 0.3454476734375 0.5127149515625 0.3451889703125 0.508375228125 0.3412641515625 0.5021980593750001
0 0.28819419375 0.4773005 0.285580421875 0.474482584375 0.2870298421875 0.47184338906249995 0.28390848125 0.4702548484375 0.2798012828125 0.4707054859375 0.2810238171875 0.4733207109375 0.276761596875 0.471968609375 0.2743033453125 0.47295617500000003 0.2745395453125 0.475607834375 0.2777415875 0.4760425546875 0.2799279578125 0.4769332796875 0.2808634421875 0.47963383750000005 0.280452196875 0.48350509218750004 0.285296346875 0.48658437499999996 0.2889179609375 0.4870484359375 0.2919503125 0.48589020468750005 0.295740628125 0.483941728125 0.2927806328125 0.480045546875 0.28819419375 0.4773005
0 0.2661651703125 0.4546789390625 0.2651426578125 0.45724258124999995 0.2607190703125 0.45819812187500003 0.2634140203125 0.461864959375 0.26927285156249997 0.46048275156249996 0.27070125625 0.462163721875 0.2762148578125 0.4637087328125 0.28046825625 0.4591574984375 0.2791425375 0.456008028125 0.2716787703125 0.45622394999999993 0.27061809531250003 0.453303828125 0.2661651703125 0.4546789390625
0 0.2785468328125 0.428350078125 0.27435845625 0.42795179375 0.2705539671875 0.432112796875 0.2657914921875 0.43188517656250003 0.26521105 0.4361662234375 0.27168115 0.43609162812499996 0.273507121875 0.438116615625 0.28055230937500003 0.44187683906249997 0.29069437656249997 0.4375265671875 0.28662335625 0.4354499984375 0.28553284687499997 0.43094670312499994 0.278407471875 0.4303430421875 0.2785468328125 0.428350078125
0 0.336702990625 0.452865459375 0.332057871875 0.45095955625000006 0.3353846078125 0.4496110984375 0.33464765625 0.4460811765625 0.330091546875 0.446922046875 0.3281418734375 0.4506857234375 0.3247926390625 0.45034611562500004 0.318764115625 0.45013537187499997 0.3175944109375 0.45279412499999994 0.32519853125 0.4545907265625 0.32653158437499996 0.4576353015625 0.3274235578125 0.46296795937499996 0.3332545359375 0.46801355312500004 0.342249396875 0.4680101 0.3446924859375 0.46522957812500004 0.3450523875 0.46209257499999995 0.3437188390625 0.45704525625 0.336702990625 0.452865459375
0 0.306044359375 0.4189944828125 0.30856129062500004 0.4171677765625 0.307206234375 0.41443787812500005 0.3018476578125 0.41469560312500003 0.30106084843750003 0.41790816093750005 0.293721771875 0.41634090625000003 0.2910209734375 0.41878719062499997 0.29619618124999997 0.421151784375 0.29688129218750003 0.4234132125 0.2969634625 0.4282676203125 0.298495546875 0.43248557656250003 0.3025964015625 0.43614532031250003 0.3083080421875 0.43485822343749997 0.3115457671875 0.43076299375 0.311022021875 0.4261939265625 0.30815787656250004 0.4229368796875 0.306044359375 0.4189944828125
0 0.316751109375 0.3764214265625 0.31243705 0.3738008328125 0.3151818546875 0.3707251921875 0.3131646828125 0.369424675 0.31016900468749997 0.37005844374999997 0.3065997265625 0.3728656203125 0.3030294546875 0.3716673109375 0.29952569375000004 0.371527709375 0.299739890625 0.374494046875 0.30483391875 0.3760097203125 0.3047018921875 0.377897790625 0.30546818125 0.38100813906250003 0.304085271875 0.38470604375 0.30943750468750003 0.3885586953125 0.3123378296875 0.389288534375 0.3176964078125 0.3890308078125 0.32032336250000004 0.385630709375 0.3194612234375 0.38188122343750003 0.316751109375 0.3764214265625
0 0.34915988593749997 0.4033526046875 0.3448233265625 0.399043946875 0.3433137421875 0.3965140546875 0.344910353125 0.3937797453125 0.3451964109375 0.389688928125 0.340117546875 0.38996621249999996 0.338984515625 0.3921005046875 0.3370118484375 0.392173371875 0.332425409375 0.3894283265625 0.329584753125 0.39186483125 0.329968146875 0.394421378125 0.3338846390625 0.396697953125 0.33294330625 0.4001105171875 0.33449739375 0.4040137953125 0.3364783890625 0.40784151875 0.337700428125 0.40845400156249995 0.3427064390625 0.4112283859375 0.34665128125 0.40907990625 0.3484982671875 0.406784728125 0.34915988593749997 0.4033526046875
0 0.3857929328125 0.412233590625 0.38732040156249997 0.41017829531250005 0.38609384062499996 0.4079304203125 0.38308021875 0.4081521078125 0.38305053437500003 0.41022565312500003 0.3814255546875 0.4087282765625 0.3778321578125 0.40899590625000004 0.3776756859375 0.41123355625 0.381637815625 0.41228897499999995 0.3825742859375 0.41373820625 0.38302767968749996 0.41549959531249997 0.38316731718749997 0.418449825 0.38581342812499997 0.4218347765625 0.39010777343749997 0.42308639374999996 0.3928794515625 0.42137755468750004 0.3938327578125 0.41763890937500003 0.3897009 0.4140635796875 0.3857929328125 0.412233590625
0 0.4316212421875 0.5074181531249999 0.43400261875 0.50940205625 0.4381502015625 0.509692084375 0.4411194015625 0.5074280718749999 0.44380429374999997 0.50507148125 0.447235878125 0.50451179375 0.4508242796875 0.501709515625 0.4539304046875 0.49887351406249997 0.4543408359375 0.49577631718750004 0.45373612812499997 0.49333508593750003 0.4507659015625 0.491455396875 0.44655221406249995 0.49072457500000005 0.44596370625 0.4922100234375 0.4389744140625 0.49651917343749996 0.4377673875 0.50130535625 0.4353310515625 0.502879678125 0.43597622812500003 0.5047421765625 0.43125497187499995 0.5043393375 0.4316212421875 0.5074181531249999
0 0.4463841921875 0.4474870765625 0.44541160937499996 0.44466068124999997 0.4419968359375 0.44448458593750007 0.440993715625 0.44209488906249994 0.44055947812499996 0.438741921875 0.43543658281250003 0.4354999265625 0.429981553125 0.43461695 0.4277403296875 0.4355886578125 0.42733810156249996 0.437754703125 0.42900666875000004 0.440190934375 0.43275534374999997 0.4451548625 0.43566696406250005 0.4465495828125 0.4335013765625 0.45241645 0.438549228125 0.45314557187500004 0.440050253125 0.4508056 0.43986149062499996 0.4487236109375 0.44341615624999997 0.448094509375 0.4463841921875 0.4474870765625
0 0.41976787812499994 0.41299265468749996 0.41499982031249993 0.4125258859375 0.41180533593749996 0.411169009375 0.411217903125 0.40812749375 0.406612865625 0.40787215468750004 0.40597100937499997 0.41069435624999995 0.40518005312499994 0.41310607031249996 0.40134803750000003 0.41323816874999997 0.401572315625 0.416387640625 0.40713164218750003 0.41570956406250004 0.40925057656249997 0.41719126093750003 0.4129857828125 0.42098630000000004 0.4191835796875 0.42261986562500004 0.4208969734375 0.42227294375 0.424705475 0.421205734375 0.42430425937500005 0.4180438890625 0.42388448749999996 0.4151474515625 0.41976787812499994 0.41299265468749996
0 0.3974469921875 0.3978298515625 0.3949092234375 0.39725233437499996 0.3924092 0.39867774843750003 0.3907567515625 0.40069584062499997 0.3857511265625 0.399812403125 0.3848113828125 0.4030805078125 0.3897842171875 0.40316153593750004 0.390916071875 0.40477423906250004 0.3913544046875 0.40740526875 0.3934597328125 0.41035289375 0.39824202343750004 0.41188747656249997 0.403321571875 0.4104424125 0.403725859375 0.40720354218750004 0.40187666093749996 0.40440717968750006 0.3963677421875 0.40182163906249996 0.3974469921875 0.3978298515625
0 0.35806174375 0.3460669984375 0.35745915781250004 0.3508505046875 0.35122606562500003 0.355642425 0.3643965578125 0.35515591562500004 0.3690448109375 0.3576927078125 0.37943455625 0.354799996875 0.38068359531249996 0.35227344843749997 0.379347771875 0.34453943593749997 0.3729178515625 0.34831225 0.36650097812500004 0.3480646078125 0.35806174375 0.3460669984375
0 0.425789025 0.3255104578125 0.4242814453125 0.32250653125 0.4206303078125 0.3214997546875 0.4172416375 0.3208333875 0.4175255078125 0.3167738578125 0.41298985000000005 0.3161346375 0.41151366562499997 0.3188225671875 0.41069738906250003 0.32230810625 0.4075268703125 0.32466285156249997 0.4043638234375 0.3269107671875 0.40387028125 0.3319218046875 0.4053928 0.33471207187499996 0.41061824375 0.335721584375 0.4154382765625 0.334341 0.41814361875 0.3304507953125 0.4184274890625 0.3263912671875 0.420534203125 0.326967990625 0.425789025 0.3255104578125
0 0.415915121875 0.31412445624999996 0.41308461406249997 0.312067565625 0.4087875453125 0.311488240625 0.4074951828125 0.30870237500000003 0.4035680984375 0.308148921875 0.4020696359375 0.3118550109375 0.40055176875000004 0.3158385890625 0.39440609531250004 0.3204280390625 0.39661349375 0.32253430625 0.40222189375 0.3238559640625 0.4033840234375 0.32495965781249997 0.4061157640625 0.3213398078125 0.4080359546875 0.316919621875 0.41159305625 0.3174472046875 0.415915121875 0.31412445624999996
0 0.4472558125 0.301146234375 0.4453724421875 0.299777615625 0.44448239999999994 0.29835476562499996 0.4463560015625 0.29514609375 0.44651954062500004 0.29280737968750004 0.444403190625 0.29241200625 0.44268452187499996 0.293405053125 0.4417089890625 0.2955632953125 0.43635327031250004 0.2943229421875 0.4319134171875 0.2941361703125 0.42954687343750003 0.294960221875 0.42826031562500005 0.29684933125 0.42808816875 0.299311134375 0.43041225625 0.3014527234375 0.4357249375 0.303308528125 0.440657153125 0.30352973125 0.44156382812499995 0.30235620937499996 0.44496731875 0.303212665625 0.44714391875 0.3027464078125 0.4472558125 0.301146234375
0 0.3141354828125 0.295315134375 0.3084758265625 0.292276921875 0.307747075 0.288702696875 0.309140525 0.2855704765625 0.3057161265625 0.284156596875 0.300744359375 0.285276965625 0.300006771875 0.287427428125 0.296941296875 0.28647905625000003 0.291590175 0.28742609531249996 0.2916937109375 0.291543809375 0.296922246875 0.2923498328125 0.3004494890625 0.29509212812499996 0.299650609375 0.2981191234375 0.3003895765625 0.30154725937500004 0.3031792328125 0.30644001875 0.3072288453125 0.30731040625 0.3113806140625 0.30671990937500004 0.3150910453125 0.30404331406249996 0.3151618640625 0.3002313953125 0.3141354828125 0.295315134375
0 0.3205012546875 0.2518662546875 0.3185527171875 0.248940746875 0.320777071875 0.2479218671875 0.3251951328125 0.246322371875 0.3245072453125 0.24216379375 0.3188380625 0.24206097187500003 0.3148810796875 0.2426650890625 0.31302517343749997 0.2412140875 0.3106155609375 0.23928395781249998 0.3076120671875 0.2402483546875 0.305039696875 0.24344493906250003 0.3103608625 0.2457254671875 0.30985892187499997 0.2473051984375 0.3085574140625 0.2491226234375 0.3077585359375 0.25214961874999997 0.30634465624999996 0.25557401562500004 0.3073506046875 0.2607824546875 0.3098725890625 0.2611056109375 0.316382203125 0.260386384375 0.318791125 0.2595272140625 0.3207689265625 0.25643585625 0.3205012546875 0.2518662546875
0 0.34390259375 0.2391159671875 0.33806858281249996 0.23577195781250002 0.333916125 0.2335731546875 0.333751296875 0.23033196875 0.3285636234375 0.2289415921875 0.32699582031249996 0.231768015625 0.3268119421875 0.23439760625 0.32350060625 0.23416605625 0.3177803453125 0.234793675 0.31926780312499997 0.23871455937500002 0.323173709375 0.238840884375 0.327264184375 0.23912691718749998 0.330288796875 0.24065964375 0.33064841093749997 0.24391444999999998 0.335764575 0.246327446875 0.33799983437500003 0.24795177812500002 0.3423974640625 0.24664446093749998 0.34383246562499997 0.24571718593749997 0.34482612968750004 0.2427038125 0.34390259375 0.2391159671875
0 0.34164151875000004 0.2574550015625 0.336750784375 0.2546173609375 0.33240423125 0.2551942375 0.328519446875 0.2575650359375 0.3273207828125 0.260710878125 0.32427711875 0.265048928125 0.327066775 0.26994168749999997 0.3322646640625 0.2711859765625 0.3347757421875 0.26886592187499997 0.335953975 0.26601225624999997 0.3364858703125 0.261204959375 0.34164151875000004 0.2574550015625
0 0.3555159390625 0.27419895781250003 0.3555889125 0.2700468296875 0.361895665625 0.26844998124999997 0.362572203125 0.2649921734375 0.3587693109375 0.26342201875 0.35592319687499996 0.2637120859375 0.35480077187500003 0.25955788125 0.3488918453125 0.2585740875 0.3466039171875 0.260207415625 0.3474699375 0.26336551875 0.34572846562500004 0.26495554375 0.3422908984375 0.2674866546875 0.338437721875 0.26974415937499996 0.334921509375 0.276508515625 0.33864499062500003 0.2792143171875 0.3435124359375 0.28110345312499996 0.3466202421875 0.28017957187500003 0.35117946718750004 0.27870506875 0.3555159390625 0.27419895781250003
0 0.35996808125 0.25405018125 0.35991588124999996 0.2501338421875 0.3634676609375 0.24907797656250003 0.363461221875 0.24606149687499998 0.3609963015625 0.24556307500000002 0.357615075 0.24573420937499998 0.355929175 0.241866659375 0.352115321875 0.24200754062500002 0.35175191093749997 0.24565027343749998 0.3490430828125 0.2486399125 0.344633253125 0.255749353125 0.34687657031249997 0.25786256406249997 0.35328090156249997 0.259533115625 0.3577376421875 0.25796993125 0.360424165625 0.2568535609375 0.35996808125 0.25405018125
0 0.377596128125 0.2490877640625 0.3765992609375 0.24624656875 0.37878470625 0.244524559375 0.3811006140625 0.24093684375 0.3780548203125 0.23941963125000001 0.3739565828125 0.2405187984375 0.3715487703125 0.24075799999999997 0.3694079359375 0.23873346875 0.3661288125 0.23744448281250002 0.36410863125000004 0.239911678125 0.3656859890625 0.24222286406250002 0.369209790625 0.24312138593750002 0.3684474015625 0.24469836250000002 0.3673892875 0.2473958609375 0.36684927031250003 0.25045564374999996 0.3655922421875 0.25444346093750003 0.366526715625 0.2581769515625 0.3714055046875 0.25990385312500003 0.37493459375 0.259172459375 0.37721646875000003 0.25607145 0.3770561109375 0.25214754687499996 0.377596128125 0.2490877640625
0 0.38431856875000003 0.27107763125 0.3865493921875 0.2687066796875 0.386776284375 0.265461971875 0.3870886421875 0.2625492984375 0.3909932546875 0.261110534375 0.39043468593749997 0.258218471875 0.387907371875 0.2586123453125 0.384133221875 0.258185403125 0.3859480515625 0.253992046875 0.37990260937500003 0.25340627968749996 0.3777912859375 0.2556225578125 0.37969311562499997 0.257956434375 0.3794889125 0.260876671875 0.37548143437500003 0.26067795625 0.3708216421875 0.26980777499999997 0.37266069218750003 0.271485146875 0.374482725 0.273405871875 0.3777160890625 0.273795 0.3812792125 0.2725769 0.38431856875000003 0.27107763125
0 0.40039761875 0.26339843749999997 0.403772790625 0.261759621875 0.40245145000000004 0.2588957375 0.39888227187499997 0.25864615625 0.3945733953125 0.25964908124999997 0.393987615625 0.2618090046875 0.3929748796875 0.2638575609375 0.389650759375 0.2647663171875 0.3888373203125 0.2670733515625 0.38664658749999997 0.270425278125 0.3881959671875 0.27469085312499997 0.391389240625 0.2740990046875 0.39779280625 0.2726719546875 0.39921509843749997 0.2694293234375 0.40128633125 0.26623207031249996 0.40039761875 0.26339843749999997
0 0.4176312109375 0.251642746875 0.421348253125 0.2513320671875 0.423146065625 0.247382065625 0.4187800828125 0.2476473671875 0.41559248125000003 0.24815809687499998 0.4154555796875 0.24700732187500002 0.41085020937500005 0.24603316875 0.409034996875 0.248677725 0.4056152125 0.25406307968749997 0.40147765625 0.2572788703125 0.4047465859375 0.2633764890625 0.4087143578125 0.2641430296875 0.4116111390625 0.26157410468750003 0.41532212656249995 0.25979574375 0.4173022171875 0.2563475734375 0.4176312109375 0.251642746875
0 0.4151938125 0.244207159375 0.41503541874999994 0.2421612390625 0.41711856249999996 0.23823721875 0.4203974921875 0.2387679625 0.4249704296875 0.236600703125 0.424090725 0.2333738734375 0.41996461875 0.23346217187499999 0.41715945468750004 0.2333413796875 0.4153329296875 0.23215855312499997 0.4166688953125 0.228860565625 0.41262145468750006 0.22782389531249997 0.409990771875 0.23095598125 0.40889675625 0.23366797187500002 0.404797578125 0.23624518437500003 0.40071938124999995 0.2385224046875 0.40042640625 0.24558618906250002 0.402426703125 0.24715799062500002 0.404689928125 0.247843803125 0.4081265421875 0.24755656250000002 0.41198376718749996 0.2455653484375 0.4151938125 0.244207159375
0 0.44840789531249997 0.24343976562499997 0.45179695625000005 0.2423955546875 0.45421715625000003 0.239399478125 0.4560740859375 0.2358364625 0.45911035624999996 0.2340893 0.46184734531249994 0.2351850640625 0.46669405468749997 0.23341377031250002 0.46584057031250004 0.22981195156249998 0.46121972187500004 0.229790290625 0.45823029687499994 0.22943051875 0.45622999999999997 0.2278587171875 0.45546042499999995 0.22305693437500002 0.45163431093749995 0.22316620937499998 0.44984555937500004 0.225754253125 0.4509934359375 0.22802009375 0.44740437968749996 0.2290503203125 0.44105282343749996 0.2322236765625 0.4373851046875 0.234378871875 0.43785993124999995 0.23908468125 0.43831831718750003 0.241151578125 0.4394976578125 0.24296743125 0.4413451609375 0.24385026875000002 0.4439136203125 0.24448205937499998 0.44840789531249997 0.24343976562499997
0 0.48473136875 0.2572618828125 0.48968621875 0.25452837968750003 0.4958802140625 0.2528671203125 0.49460619687499996 0.24994445 0.49070015 0.2494249140625 0.490157734375 0.24778539375 0.48719761406249995 0.245484015625 0.483731109375 0.248075196875 0.4826737328125 0.2514508359375 0.477821759375 0.2527131421875 0.47152488750000005 0.2558456 0.47458046875 0.2614800328125 0.47376313750000004 0.2614228796875 0.47604309218749996 0.2617055078125 0.4804995484375 0.2614011390625 0.48489541562499994 0.259614140625 0.48473136875 0.2572618828125
0 0.5066473265625 0.270375125 0.5104756359375 0.2696572328125 0.508702646875 0.2668228703125 0.5066547406249999 0.2655708734375 0.5063100828125 0.26345238593750003 0.5076686734375 0.26046740625 0.5051646609375 0.25869071875 0.5015346890625 0.2612704703125 0.49943592499999995 0.263094896875 0.49317276562499995 0.2633961296875 0.48784811875 0.26671977187499996 0.4889249578125 0.2724622359375 0.491316940625 0.27349189375 0.4956185046875 0.27305349218749997 0.5004276125 0.27240418593750004 0.5044016625000001 0.26960209687500003 0.5066473265625 0.270375125
0 0.5258305812499999 0.2614910125 0.5268365203125 0.258850971875 0.5290638796875 0.255187546875 0.5238672484375 0.2543313671875 0.520719103125 0.257068009375 0.5161763374999999 0.25625755 0.509663403125 0.255432525 0.506171178125 0.25839150312500003 0.5107493937500001 0.263393215625 0.51263383125 0.26463378125000003 0.5177441546875 0.264375134375 0.519929228125 0.263665534375 0.5224583796875 0.26273359687500003 0.52471319375 0.26572485156250003 0.53004699375 0.264619434375 0.5258305812499999 0.2614910125
0 0.52274013125 0.2540061515625 0.526060315625 0.25115834062500003 0.52341855625 0.24900242343749998 0.5178692734375 0.24849118125 0.5174988984375 0.24674049375 0.5188574859374999 0.24375551406249998 0.5151406265625 0.242879609375 0.5130075703125 0.2451944359375 0.5128018187500001 0.24813683125 0.5093867515625 0.2499924125 0.505248653125 0.25044224375 0.500551575 0.25183858125 0.5006218953125 0.2578802609375 0.5080727640625 0.2593868703125 0.511763325 0.258289746875 0.5137843531249999 0.2552278921875 0.516571275 0.2529587875 0.52274013125 0.2540061515625
0 0.6218433734375 0.584005153125 0.6275140312499999 0.5881259437499999 0.6403175437499999 0.589659696875 0.647206546875 0.5925887921874999 0.6549648796875001 0.595259453125 0.6528603953125 0.588834259375 0.6534838765625001 0.5860048578125 0.6450344218749999 0.583073053125 0.6349790875 0.576730325 0.6293802921875 0.5739863578125 0.6293533546875001 0.573995971875 0.6221765765625 0.5792401218750001 0.6218433734375 0.584005153125
0 0.5965068171875 0.5105766859374999 0.59132470625 0.506925553125 0.5890934437500001 0.511242246875 0.5856848859375 0.50981994375 0.5823782609375 0.51195663125 0.5847395359374999 0.513305703125 0.5832613890625 0.51688575625 0.5798913015625 0.522438321875 0.58477924375 0.52527958125 0.5890880015625 0.52637018125 0.592954265625 0.5212469640624999 0.5943677140625 0.5160837796875 0.5965068171875 0.5105766859374999
0 0.547573590625 0.45032509843749996 0.5443029625 0.44943864062500005 0.538478825 0.44995223125 0.5333986453125 0.449860090625 0.5316904078125 0.4517139 0.5333632671874999 0.45538274218749997 0.533639128125 0.45645443593749996 0.5410891171875 0.455265234375 0.543201990625 0.455149878125 0.5455541125 0.4566298609375 0.5484292546875 0.45564695468750005 0.5461686765625 0.45285786874999995 0.547573590625 0.45032509843749996
0 0.60156151875 0.3705656953125 0.59851974375 0.3664064765625 0.60069608125 0.36287524531250004 0.596671103125 0.3577264203125 0.5939241171874999 0.35687657968750003 0.58827514375 0.3599018796875 0.59318263125 0.3674803265625 0.5942305343750001 0.3700530625 0.593440803125 0.37131334531250004 0.5944429343750001 0.374540634375 0.59881515 0.3722153578125 0.60156151875 0.3705656953125
0 0.6358935171875 0.3411311859375 0.6300510703125 0.3419065984375 0.623565359375 0.34184772343750003 0.617382971875 0.34246781406250004 0.6136259374999999 0.34352060156249997 0.6149228578125 0.3500572703125 0.626185425 0.34952931875000004 0.6324501984374999 0.347731034375 0.635178875 0.34884269687499997 0.63892675625 0.34792081874999997 0.639477240625 0.34506519999999996 0.6358935171875 0.3411311859375
0 0.6027307765625001 0.3438111421875 0.5991195890625 0.3402698609375 0.6024628328125 0.3376095296875 0.604078909375 0.3345653234375 0.6011939921875 0.3331796359375 0.594019865625 0.33544053281249997 0.583124084375 0.33323156875 0.574644503125 0.3315862140625 0.5729002671875 0.33646316875000004 0.5771357890625 0.33860105156250003 0.5823545171875 0.3417285421875 0.593314378125 0.3430211328125 0.5957488843750001 0.3433229203125 0.5993136828125001 0.3450192515625 0.6027307765625001 0.3438111421875
0 0.5661337468750001 0.31533656875 0.568411396875 0.3128648265625 0.5667940812500001 0.310910025 0.5629638156250001 0.313010096875 0.55877468125 0.3127171640625 0.5487607890625 0.3104383171875 0.54370869375 0.31245295 0.5413395000000001 0.31623379687500003 0.5415610546875 0.3205904578125 0.54179968125 0.31968628906249996 0.5529523984375 0.320729265625 0.563084675 0.3188067734375 0.5642430453125 0.32230808906249997 0.567936 0.32217167343750003 0.5657303453125 0.3185971234375 0.5661337468750001 0.31533656875
0 0.510939578125 0.3095037578125 0.5090921749999999 0.305822709375 0.5034700453125 0.30595577500000004 0.5028737890625 0.3094659453125 0.5002934328124999 0.313758228125 0.49897214375 0.32011181093749996 0.503318134375 0.32317827499999996 0.507415109375 0.322280809375 0.5108871265625 0.3202872359375 0.512475125 0.31513625625 0.510939578125 0.3095037578125
0 0.551695684375 0.2910425109375 0.547303921875 0.28863059999999996 0.547964875 0.28670355937499997 0.552594646875 0.28571179999999996 0.5525757203125 0.28347411562499997 0.5460808546875 0.283546153125 0.54105621875 0.2851680546875 0.530684078125 0.2829957078125 0.5243088359375 0.2838654140625 0.5217827875000001 0.2848727296875 0.5229692390625 0.29048081875 0.527002753125 0.292999228125 0.5384490203125 0.2923525734375 0.54463140625 0.29173248281249997 0.5470756859375 0.2944028640625 0.5524958062499999 0.2946503265625 0.551695684375 0.2910425109375
0 0.6032389578124999 0.2813601609375 0.6037528265625001 0.279028184375 0.6011248453125 0.2764765078125 0.5969088671875 0.2790758109375 0.5937310171875 0.28187925625 0.5859044718749999 0.28343677968750003 0.584417171875 0.28714774374999996 0.585548078125 0.291041790625 0.5939629640625 0.291104015625 0.59914321875 0.2872566359375 0.6014855671875 0.2863680234375 0.60532560625 0.2866365453125 0.607456171875 0.2837598671875 0.6032389578124999 0.2813601609375
0 0.576182896875 0.2744692953125 0.5639645890625 0.2736149078125 0.54913784375 0.27494603125 0.554110028125 0.2841076078125 0.5676142453125 0.28413106093749996 0.5708659468749999 0.2827798359375 0.575882046875 0.283788346875 0.5814669390625 0.28167942031250004 0.5762482125 0.27855193125 0.576182896875 0.2744692953125
0 0.6127217859375 0.25360834374999996 0.61225245 0.2502867609375 0.6051332484375 0.2517621953125 0.59284294375 0.2569540984375 0.5855308859374999 0.25867914999999997 0.58972249375 0.26897009843749997 0.6027299140625 0.2660647 0.6087645984375001 0.2625401703125 0.6157647953125001 0.26276656875 0.6184922359375 0.25887922343750003 0.6112802546875 0.2566647546875 0.6127217859375 0.25360834374999996
0 0.592482840625 0.24956208593749998 0.5883669390625 0.2482218703125 0.5816615281249999 0.251304846875 0.577049446875 0.2495352828125 0.5693327515625 0.2495218828125 0.5658790406249999 0.251253634375 0.5662672265625 0.26075241875 0.56633130625 0.25983604531250004 0.5797805984375 0.2606449609375 0.5856773515625 0.2565845828125 0.5926867046875001 0.2566800734375 0.5959286328125 0.2529602546875 0.59127078125 0.25184524218750004 0.592482840625 0.24956208593749998
0 0.66229803125 0.23944727656250003 0.6582004390625 0.237845240625 0.652992103125 0.239585846875 0.6517068109374999 0.24291628437499999 0.6438253390625001 0.2452592703125 0.6430551546875 0.25125674062500003 0.65145173125 0.25158078437500003 0.65687976875 0.246698328125 0.66067341875 0.24512189687500002 0.663576025 0.2437462609375 0.661040203125 0.24238498437499997 0.66229803125 0.23944727656250003
0 0.7069700046875 0.267828753125 0.7020826812500001 0.2674869984375 0.7026606296875 0.2642386484375 0.7040563890625 0.2618367875 0.700473284375 0.260402278125 0.6970470359375 0.2617412984375 0.6976268421875 0.2659914609375 0.68950674375 0.2692386140625 0.6789796015625 0.27179125000000004 0.6765914828125 0.2733344125 0.679882275 0.2814575625 0.69097029375 0.28091740625 0.696049234375 0.27601053750000004 0.70202899375 0.27327146875 0.706273053125 0.2727789390625 0.7095796796875 0.2706422515625 0.7069700046875 0.267828753125
0 0.6890819421875001 0.2602634703125 0.6837082125 0.2618609609375 0.6779945421875 0.26330313125 0.6772237375 0.266801096875 0.6790986046875 0.2700894125 0.688900096875 0.2678806875 0.691802703125 0.2665050515625 0.6963043140625 0.26734603749999997 0.6970378828125 0.261872209375 0.695365025 0.258203365625 0.6890819421875001 0.2602634703125
0 0.6818601890625 0.255680409375 0.6792047453125 0.2535214640625 0.6758334234375 0.2540750234375 0.6738316328125 0.257618459375 0.66728184375 0.258475959375 0.65787521875 0.2600545421875 0.6606881375 0.267486521875 0.671574146875 0.26732689375 0.6775722140625 0.264326003125 0.684370403125 0.2649329296875 0.6845809484375 0.2619219890625 0.6800695640625001 0.25871241093749997 0.6818601890625 0.255680409375
0 0.624212709375 0.2849315984375 0.62718063125 0.28763859531249997 0.625252075 0.2901347484375 0.6250964546875 0.2923602265625 0.6295059078125 0.2920108140625 0.6298635375 0.289404809375 0.63308839375 0.29094581875 0.6397211890625 0.2914096296875 0.6450491484375 0.290466690625 0.6436704609375 0.287607721875 0.6379744796875 0.2862885671875 0.6313416843749999 0.28582475625 0.6271610859375001 0.2829014078125 0.624212709375 0.2849315984375
0 0.6238007734375 0.2908225671875 0.618574128125 0.2928249953125 0.616645571875 0.2953211484375 0.6077711234375001 0.29430593437499997 0.603545990625 0.29703614843750004 0.605256084375 0.302680853125 0.6070943359375 0.3064928125 0.620257375 0.301361934375 0.6267156234375 0.30181353906249997 0.628377471875 0.29811478125 0.6251526171874999 0.296573771875 0.6264470625 0.293112421875 0.6238007734375 0.2908225671875
0 0.6296743921875 0.30465144843749997 0.6234553890625001 0.3057951796875 0.623638471875 0.30317697187500003 0.6178417953124999 0.30329783125 0.6161433296875 0.30752023125 0.6089868921875 0.3070198046875 0.6029241265625 0.30843756093749997 0.6036241734375001 0.3159848953125 0.6126365500000001 0.31753595625000003 0.6177710359375 0.3143431296875 0.6223092640625 0.314660475 0.624173121875 0.3105811890625 0.629519390625 0.30937643125 0.6296743921875 0.30465144843749997
0 0.6537614171875 0.3414597765625 0.6536503296875 0.33803169375 0.6450517453125 0.338088175 0.644719721875 0.3328029359375 0.6371952624999999 0.33004041562499997 0.63030553125 0.3307425921875 0.627449934375 0.3364626859375 0.6371428109374999 0.34082389218750003 0.6438403046875 0.3428708359375 0.6436206046875 0.346012684375 0.6470017 0.34782772031250003 0.6514843859375 0.3464310234375 0.6537614171875 0.3414597765625
0 0.7354122984375 0.3451961046875 0.7372029234374999 0.3421641046875 0.731461171875 0.34149949999999996 0.7286134890625 0.342089675 0.723247678125 0.338557246875 0.7136194984374999 0.33577917031250004 0.7054249296874999 0.3350746 0.7075488156249999 0.3423268453125 0.7230481421875 0.3489357890625 0.7265390859374999 0.3491799 0.724004503125 0.35281763125 0.729342234375 0.3542432859375 0.7327404 0.3507974921875 0.7354122984375 0.3451961046875
0 0.7495177187500001 0.3617054171875 0.74520834375 0.3581153125 0.7375563453125 0.3596850421875 0.7357297234375 0.3657401890625 0.748850084375 0.373761384375 0.7474360171875001 0.376425065625 0.7492736484375 0.37773751875 0.7613912609375 0.380031921875 0.7583018625 0.36902874375 0.7495177187500001 0.3617054171875
0 0.707324290625 0.363096134375 0.7063142421874999 0.3649987640625 0.7048177875 0.3688406375 0.7079596375 0.3690603375 0.7095299453125 0.36667068281250004 0.72471555625 0.3677325640625 0.7231800109375001 0.362100065625 0.7195053640625 0.361974659375 0.71102578125 0.36032930625000004 0.70698373125 0.36044130937499996 0.707324290625 0.363096134375
0 0.6706969515625001 0.39776371093749996 0.66950381875 0.40228454999999996 0.671691165625 0.40612091875 0.67815795 0.40394210937499997 0.681611659375 0.4022103578125 0.68525884375 0.40272849375 0.685625628125 0.39999158125 0.680663834375 0.39569810156249996 0.6706969515625001 0.39776371093749996
0 0.6618366703125 0.4862511859375 0.66779290625 0.48823911718749996 0.6589550046875 0.4920496890625 0.66439296875 0.49600138281249995 0.67132610625 0.4949147640625 0.6740301765625001 0.49710385468749996 0.6790976390625 0.495458203125 0.677710475 0.4935040578125 0.682349134375 0.4925427078125 0.6895115859375001 0.49090069375 0.6947778671875 0.48641180000000006 0.6912751609375001 0.482024003125 0.683623590625 0.4824889546875 0.6764014953124999 0.484983940625 0.6674926625000001 0.48436097499999997 0.6618366703125 0.4862511859375
0 0.7538022171875001 0.5493964124999999 0.7539129124999999 0.5532613015625001 0.7595695765625 0.5540854265624999 0.7617434203125 0.5502374296875 0.76473645 0.551018153125 0.7645356171875 0.5457183875 0.766779046875 0.54087525625 0.7654800078124999 0.532212978125 0.758137946875 0.5336995734375 0.7558050515625 0.5398221640624999 0.7561450562500001 0.543131659375 0.7524442046875001 0.5443014453125 0.7518066421875 0.5479711515625 0.7538022171875001 0.5493964124999999
0 0.7212766578124999 0.5759791890625 0.7114611843749999 0.580149975 0.7185547203125 0.5822174343750001 0.7288699265624999 0.581795884375 0.73246075625 0.579475546875 0.74000230625 0.57786004375 0.74422143125 0.574726496875 0.74290318125 0.5690628796875 0.7344735296875 0.5697591375 0.72819918125 0.572320396875 0.726074371875 0.5727432453125 0.7213654546875 0.57198539375 0.7167871124999999 0.5748081046875 0.7212766578124999 0.5759791890625
0 0.739379515625 0.641245159375 0.7390010890625 0.643932984375 0.7427324359374999 0.64505105 0.749774921875 0.642400646875 0.7637512171874999 0.6413779625 0.7680505421875 0.63982145625 0.7668423140625 0.6353083890625 0.76070646875 0.633165040625 0.7496927078125 0.6326805984375 0.7441765593749999 0.6352948765625 0.7389692515624999 0.6362164625 0.7346898078125 0.6374886453124999 0.739379515625 0.641245159375
0 0.8157925953125 0.66530279375 0.8164301578125001 0.6616330859375 0.8200316015625001 0.6618849234375 0.819651159375 0.6564297406249999 0.8192011296875 0.65196969375 0.811937928125 0.6496046546875001 0.8097647562500001 0.6561669890624999 0.810593884375 0.66065354375 0.8087785875 0.6620980375000001 0.8104553828125001 0.6653581515625 0.8157925953125 0.66530279375
0 0.7799280859375 0.7042235359375 0.7796192453125 0.705916228125 0.78177455 0.7077812296875 0.7792315484375 0.7114605546874999 0.78456943125 0.7141195312499999 0.78811055625 0.7125100078125 0.7896461640625 0.7096173828125 0.7930481171875 0.709998128125 0.792169284375 0.7062223828125 0.7924376890625 0.7023840015625 0.7956089859375 0.69789146875 0.7968940546875001 0.6904098890625 0.7889627921875 0.689426709375 0.7865596359375 0.6938301 0.782659965625 0.6978431296875 0.7844467828125 0.7022537953125 0.78097524375 0.7028681859375 0.7799280859375 0.7042235359375
0 0.799908440625 0.7371921734375 0.7973554984375 0.7410136609375 0.8023043421875 0.743788290625 0.8062139546875 0.7396331015625 0.8066725828125 0.7385223125 0.8097749609375 0.73773925 0.8092056421875 0.73498515 0.8123875500000001 0.7330647890625 0.8155986093750001 0.7280036078125 0.8169744906249999 0.7246712421875 0.8173728 0.7216990890625 0.8123742515625001 0.7196352687500001 0.8119752703125 0.719893084375 0.8117956609375 0.7197376671875 0.8068083984375001 0.7229603578125 0.8017416046875001 0.727320346875 0.8004260421874999 0.732514075 0.797562915625 0.7325995796875 0.7971149015625 0.73628254375 0.799908440625 0.7371921734375
0 0.8372285046875 0.7495736984375 0.8403694890625 0.7516720296875 0.8421573328124999 0.75297123125 0.8402556499999999 0.7555388749999999 0.8489557109374999 0.756499496875 0.8495859625 0.7519642531249999 0.8487574062500001 0.7503798781250001 0.8530216453125 0.7520870828125 0.8535865296875 0.7484866140624999 0.851527946875 0.7465813890625 0.852010571875 0.7419184046875 0.852484475 0.735141278125 0.8488913421875001 0.728314596875 0.8444304546874999 0.7271807328125 0.8382901484374999 0.7321526046875 0.837595084375 0.739853609375 0.8401379484374999 0.7437888109374999 0.8404827750000001 0.7455741984375 0.8374899687499999 0.7458345953125 0.8372285046875 0.7495736984375
0 0.9198528125 0.8016141734375 0.9279542046874999 0.8021806781249999 0.9234268453125001 0.7975196171875 0.91583259375 0.7919395875 0.9116489578125 0.7846019390625 0.9060495796874999 0.7885548703125 0.9088887953125001 0.7972075281250001 0.9127188828125 0.8006456484375001 0.9098088859375 0.8041995468750001 0.9161148140625001 0.805814684375 0.9198528125 0.8016141734375
0 0.9107032515625001 0.7734984859375 0.9151477984374999 0.77486604375 0.9195672796875 0.7743531546875 0.9161550078125 0.7694178125 0.9132836578125 0.7634635296875001 0.9085503750000001 0.75503068125 0.9017040765625 0.756665471875 0.8995817828125 0.7623879828125 0.9058234484375 0.7693998703125 0.9039381078125001 0.77173381875 0.9042916562500001 0.7756333453125 0.9107032515625001 0.7734984859375
0 0.9200755218750001 0.7738016046875 0.9269305453125 0.7742809546875 0.9290615609374999 0.77067258125 0.9215822499999999 0.76568768125 0.9174231265625 0.7579994921875 0.916299871875 0.75839061875 0.916041871875 0.7595614390625001 0.9142930734375 0.766939246875 0.9144172906250001 0.771879503125 0.9141394859374999 0.7758523 0.9200755218750001 0.7738016046875
0 0.8818225890625 0.7342573421874999 0.887505334375 0.7358289015625 0.8901206296874999 0.73425050625 0.8845675140625 0.726347421875 0.8840085906249999 0.72090709375 0.8812930390625 0.71496370625 0.8719697937499999 0.7139595062499999 0.8812848687500001 0.7150805546875 0.8716336890624999 0.714288259375 0.8726365906250001 0.724573784375 0.8749996984375 0.7310796171875 0.8735163796875 0.7343810265624999 0.8763049171875 0.7370418046875 0.8818225890625 0.7342573421874999
0 0.9125768937500001 0.6907321625 0.9103445171875 0.6823567765624999 0.9089815515625 0.6749815328125 0.9070460812500001 0.6735545890625 0.8958946890625 0.6740664093750001 0.8966023406250001 0.68409645 0.89857976875 0.6894011328125 0.9000810843749999 0.6925589921874999 0.9069518953125 0.6905736609375001 0.9125768937500001 0.6907321625
0 0.9168336203124999 0.7283688515625 0.9226144125 0.7285382453125 0.918685175 0.7220403140625 0.9147798968749999 0.7129608578125 0.91266356875 0.7096425749999999 0.9054817156249999 0.713837103125 0.9075746375 0.7219679015625 0.9092562609374999 0.7247861125 0.9073464078125 0.727470603125 0.9115616234375 0.7298788890625 0.9168336203124999 0.7283688515625
0 0.9282698843749999 0.7193054125 0.9216752218750001 0.7106249859375 0.921724246875 0.7099239046875 0.9132148703125 0.7174307343749999 0.91561883125 0.723352334375 0.915890675 0.7284203312499999 0.9233601578125 0.72682911875 0.9299852968750001 0.7261182093749999 0.9282698843749999 0.7193054125
0 0.8964685156250001 0.73974338125 0.9032826828125 0.7408069671875 0.905536259375 0.735445890625 0.9007130999999999 0.728298359375 0.902613678125 0.7212687421874999 0.9016783500000001 0.7189723890625 0.8911594171875 0.7238729140625 0.8898242749999999 0.72953305 0.892990875 0.735742815625 0.8903674078125 0.73743805625 0.8908277281249999 0.7420495609375 0.8964685156250001 0.73974338125
0 0.8895507765625 0.7177720921875 0.892224371875 0.7198377406249999 0.894348321875 0.720808190625 0.8962908578125001 0.7176563125000001 0.8941826984375 0.71422118125 0.8961252343749999 0.711069303125 0.8954606453125 0.709378975 0.887465475 0.707293459375 0.8882455578125 0.71180990625 0.8843920656250001 0.7131842984375 0.88315441875 0.7152112859375 0.8843849984375 0.7177631203125 0.8895507765625 0.7177720921875
0 0.8797629671875 0.66170345 0.8795583859375 0.663074859375 0.87671800625 0.663283803125 0.8756141546875 0.6650814031250001 0.876263465625 0.6666755484375 0.8807772140625 0.665850003125 0.8844034234375 0.6668371859375 0.8869197218749999 0.66815431875 0.8895721562500001 0.6675246687499999 0.8880228078125001 0.6632591859375 0.8906801468750001 0.6594508875 0.891082871875 0.653691653125 0.8874441703124999 0.6482204046875 0.88723010625 0.6465769578125 0.8803286531250001 0.6473967890625001 0.8789245593749999 0.6550423015625 0.8797629671875 0.66170345
0 0.926726221875 0.6475437421875 0.9285765781249999 0.649058846875 0.933738871875 0.6467299125 0.9349168453125 0.6454265718750001 0.9392260125 0.6459724359375 0.9409674484374999 0.64438244375 0.9367543250000001 0.6409088421875 0.934266384375 0.6391861296875 0.93338298125 0.634722675 0.9299666453125001 0.6307342015625 0.927188275 0.628502103125 0.9267670000000001 0.6283096203125 0.9201937890625 0.633718884375 0.9241512828125 0.6392939375 0.928939596875 0.643867425 0.9291903234375001 0.644944621875 0.927738934375 0.64549523125 0.926726221875 0.6475437421875
0 0.9301916171875 0.61974573125 0.928085628125 0.6203320796875 0.9270611875 0.62099405625 0.9270789703125001 0.6238482421875 0.9284509468750001 0.62443325625 0.9317352906249999 0.62409233125 0.9328788484375 0.6217269171875001 0.9348713921874999 0.6227628890625 0.9365164 0.62255186875 0.9368574984375 0.6207824421875 0.9404492890625 0.6207075546875 0.9411488828125 0.6184741218750001 0.9375336375 0.6157759421875 0.934100665625 0.6135795828124999 0.93359883125 0.609876425 0.9307913343750001 0.6049523734375 0.9267892296875001 0.603123778125 0.9260321484375 0.6030708375 0.9268236453125 0.60418585 0.9196862078124999 0.60678423125 0.9216795171875001 0.6109177328125 0.9245097046874999 0.6155173203125 0.9272880750000001 0.6177494171875 0.9300036687500001 0.619325025 0.9301916171875 0.61974573125
0 0.86750003125 0.5852837562500001 0.8662876421875 0.585525028125 0.865166390625 0.5860172109375 0.8650472734375001 0.587720646875 0.8661859249999999 0.5885338828125 0.8692312703124999 0.5885022953125 0.871940809375 0.5886102531249999 0.8751343984375 0.589567184375 0.8771322312500001 0.588973271875 0.8755719234375 0.5864187859375 0.8749169406249999 0.5849057578125 0.8763963046875001 0.582400803125 0.8774884281249999 0.5792166671875 0.877117821875 0.5767453734375 0.8761330859375001 0.576839540625 0.8756781515625001 0.5768923359375 0.867036753125 0.5763664859375 0.8664740578125001 0.57975066875 0.8670840468750001 0.583461390625 0.86750003125 0.5852837562500001
0 0.9189936671875 0.568506390625 0.92199286875 0.5660261984375 0.9277137203124999 0.566589265625 0.927599128125 0.5635652859375 0.92218495625 0.5601707234375 0.9215976578125 0.5561355390625 0.9201621375 0.5517965015625 0.919957171875 0.55161914375 0.9128306937499999 0.5525065265625 0.9110159031249999 0.5566997921875 0.915286515625 0.5624597671875 0.9148773531250001 0.5652025828125 0.9146958421875 0.5677982953125 0.9189936671875 0.568506390625
0 0.913058421875 0.57567203125 0.918978184375 0.5749448046875 0.9181919734375 0.5721999109375 0.9137402343750001 0.5705844140624999 0.9115824312499999 0.5688032734374999 0.90706109375 0.5619661015624999 0.9035313125 0.5595999468749999 0.9031724328124999 0.5585151875000001 0.902944778125 0.55866229375 0.8954204812500001 0.5621302625 0.8940326375 0.5664348953125 0.8971702718750001 0.57130051875 0.90290285 0.57325011875 0.90882299375 0.574071659375 0.913058421875 0.57567203125
0 0.9427176265625 0.5400871796875 0.944488190625 0.5411891421874999 0.9485519218749999 0.5390279265625 0.9510678390624999 0.53879629375 0.9548419062500001 0.5392232265625 0.9574943390625 0.538593578125 0.9576531609375 0.53632233125 0.95166985625 0.533295534375 0.9503995953125 0.5297016671875 0.9487080593749999 0.525915315625 0.9467208046875 0.5232494640625001 0.9437038203125001 0.52287546875 0.9392070859375 0.523457665625 0.9377511765625 0.528735690625 0.939784190625 0.5323013828125001 0.9432572515625001 0.535478696875 0.9449026421875001 0.5368164421875 0.9428707765625 0.5378970484375001 0.9427176265625 0.5400871796875
0 0.8617893328124999 0.5173832984375 0.8598884453125001 0.5134003078125 0.8534469937500001 0.5120165250000001 0.84337820625 0.513529159375 0.8411451156249999 0.5165230640625 0.8409009 0.5177893453125 0.835079765625 0.51866564375 0.8335881125 0.5199613671875001 0.8344377406250001 0.5256208828125 0.8365659484375 0.526353046875 0.8414332453125001 0.5257600515624999 0.84153944375 0.5264674890625 0.8425115078125 0.5326022421875 0.8478841453125 0.5314612390625 0.8494319546875 0.52713605625 0.8550325703125001 0.5249609734375 0.8610485515624999 0.5212982421875 0.8617893328124999 0.5173832984375
0 0.8811825437499999 0.489126078125 0.8840409859375 0.48771717968750006 0.8883133031250001 0.488015928125 0.8880547953125 0.4829416796875 0.8820634437500001 0.48091394374999996 0.878400146875 0.47629108125 0.8684576281249999 0.47375723281250004 0.862804715625 0.475660196875 0.86042865 0.4789414390625 0.8601407796875 0.4830581734375 0.8643824062500001 0.4881811171875 0.8729590609375 0.48832120156250003 0.876927515625 0.4929654015625 0.880541503125 0.493907590625 0.8834639171875001 0.49158385937500004 0.8811825437499999 0.489126078125
0 0.8793303187499999 0.47175961875 0.8774500625 0.4679509140625 0.8773834671875 0.460132178125 0.8756311515625 0.45449383125000004 0.8675196171874999 0.4520880046875 0.8610951312499999 0.45186858125 0.8601636625 0.45203327968749996 0.8594932625 0.466005778125 0.8598476937499999 0.469707775 0.8583231640625 0.47396786874999997 0.8618892078125 0.475596178125 0.8685375921875 0.47261369843749995 0.8736934 0.47343388124999997 0.8793303187499999 0.47175961875
0 0.9231793843749999 0.5202717875 0.9250896624999999 0.5189305390625 0.92963314375 0.521063425 0.9333905781249999 0.519284096875 0.9299173453125 0.51699915 0.9294082453125 0.5112911265625 0.9263941875 0.50676931875 0.9223026296875 0.50466803125 0.9186872953125 0.504415221875 0.9142720625 0.50694269375 0.9152409765625 0.512569421875 0.9188411593750001 0.5152035921875 0.919919959375 0.5170942046875 0.916313159375 0.5188840671875 0.918764134375 0.5227992578125 0.9231793843749999 0.5202717875
0 0.927772146875 0.50455640625 0.9295974359375 0.5019724390625 0.924939715625 0.49959249687499996 0.925306125 0.49592048125000004 0.927337721875 0.491954059375 0.9279571203125 0.4893679390625 0.9273482203125001 0.4886680015625 0.9221225734375 0.4881382484375 0.9197222390625001 0.48797040156250004 0.91863118125 0.48789410625 0.9188784390625001 0.48906177656249994 0.91538226875 0.49202192031249997 0.9163827671875 0.496529046875 0.9165213968750001 0.49925034375 0.915741896875 0.5041260171874999 0.921977625 0.50275433125 0.927772146875 0.50455640625
0 0.9390756437500001 0.49351463281249996 0.9410908578124999 0.49466522656249995 0.9426435828124999 0.49600785468749997 0.9433259390625001 0.49695305625 0.9432166453124999 0.4985160234375 0.9435854562499999 0.49966367968750003 0.9448714718750001 0.5005389109375 0.9469803656250001 0.500349821875 0.9479912515625 0.4987377125 0.94942559375 0.49749177656250004 0.9515266812500001 0.4974143265625 0.95420800625 0.49760182343750003 0.9561757484375001 0.4972906734375 0.9570532734375 0.49544486406250005 0.9567156718750001 0.49385065 0.953940034375 0.492871253125 0.9528107828125 0.4918947953125 0.9505132656249999 0.49050009218749996 0.9493599640625 0.4877269703125 0.9490692031249999 0.4854629109375 0.9469674843749999 0.4834087734375 0.9420829359375 0.48261847187500007 0.938609959375 0.48304873125 0.9367365390625 0.4841517796875 0.9345516703125 0.4851136359375 0.9344559 0.48679696093749997 0.9343700265624999 0.4880250078125 0.9345586578124999 0.48960880468749995 0.9359780203125 0.490717734375 0.9379542000000001 0.4924265359375 0.9390756437500001 0.49351463281249996
0 0.9470444859375 0.484260946875 0.9468912093749999 0.4864529125 0.9484948109375001 0.48948036406249995 0.9495815437499999 0.49000985 0.952610353125 0.4899625046875 0.9537868734374999 0.4879716625 0.9538045421874999 0.486482846875 0.954949878125 0.4861742265625 0.958390765625 0.48641483750000003 0.9620127093749999 0.4865385375 0.9639457703125001 0.486090646875 0.9648146421874999 0.48479092343749997 0.960685209375 0.48327125156250006 0.9568003234375 0.4819630359375 0.9552245109375 0.4810106421875 0.9555043812499999 0.478244465625 0.9551644359375 0.4769249953125 0.9537967281249999 0.4754688765625 0.9530991671875 0.4743187546875 0.9502690906250001 0.47276037656250003 0.9475794875 0.47166531406249995 0.94364951875 0.4710017921875 0.9401226125000001 0.4707551671875 0.9394209140625 0.47090045468749997 0.9389055140625 0.47332623749999997 0.9377973421875 0.4768119140625 0.9381688499999999 0.477680096875 0.9407998375 0.47961326406250004 0.9427742078125 0.481047021875 0.9456767890625001 0.482804825 0.9470444859375 0.484260946875
0 0.953522296875 0.47675652968750004 0.9564108093750001 0.4771298375 0.9577660531250001 0.47491174062499997 0.957996271875 0.47407122343749997 0.959941821875 0.47403594531250004 0.9615550796875001 0.47384893906250003 0.9629468187500001 0.47356078281249997 0.963955353125 0.4730316734375 0.9647632312500001 0.472103059375 0.9651042140625 0.4713131171875 0.9643735875000001 0.4703197484375 0.96166463125 0.469830503125 0.9601320796874999 0.46968050625 0.9595122187499999 0.468737715625 0.9587095718749999 0.467139678125 0.957727371875 0.4656575796875 0.9559641187500001 0.4647204953125 0.9536711421874999 0.464003353125 0.9520457140625 0.46354704687500004 0.9491961890624999 0.46343344999999997 0.9476936890625 0.46367103125 0.9449670921875001 0.46425132343750003 0.9451483828124999 0.46611856874999996 0.945300834375 0.46928586875 0.9479951375000001 0.4708020265625 0.9523205812500001 0.47187544531250003 0.9537038546875 0.4733427609375 0.953252353125 0.47489592812500003 0.953522296875 0.47675652968750004
0 0.92243504375 0.4322304640625 0.9212803031250001 0.43387253281250004 0.921226303125 0.4354274921875 0.9228919140625 0.43587211875 0.9250384625000001 0.434135328125 0.92614753125 0.433146378125 0.9281054546874999 0.433324309375 0.9305621359374999 0.4334140578125 0.93151375 0.43311142656249996 0.9314559625 0.43158967031250006 0.9301140640625001 0.43042933124999994 0.9291129937499999 0.428308359375 0.9280890906250001 0.42651394531250003 0.9271367796875 0.42447842500000005 0.9252756734375 0.42213323750000004 0.922537865625 0.42136752031249997 0.9197084859375 0.42112865 0.9182980765625001 0.42094798593749994 0.9168389765624999 0.4239666625 0.91663146875 0.42677925625 0.9172741109375 0.4285470078125 0.9199662468750001 0.429965840625 0.92178669375 0.43054435468749996 0.9222657046875 0.4315212953125 0.92243504375 0.4322304640625
0 0.93435944375 0.43461539218749995 0.936228390625 0.43184836875 0.936842228125 0.430442434375 0.9399203249999999 0.4306576765625 0.944824225 0.430565934375 0.9467136078125 0.428428178125 0.9414918812499999 0.42661418281249996 0.9390477890625 0.42470464531249996 0.9382133156249999 0.4218934671875 0.9352122421875 0.4196552109375 0.9309795828125 0.4184416265625 0.927297459375 0.41857050781250005 0.925633790625 0.4193234875 0.9267420874999999 0.42181432656249995 0.928626425 0.42721169375 0.9320696671875 0.429577459375 0.932987884375 0.43026950468749997 0.9316448515625 0.431044903125 0.9317064390625 0.4338503328125 0.93435944375 0.43461539218749995
0 0.9362531687500001 0.41916812812500004 0.9388790437500001 0.41929005 0.9419449468750001 0.420183125 0.943755525 0.4190140578125 0.9408874671874999 0.4164689484375 0.9402313687499999 0.41407851406249996 0.9388551296875001 0.41139093125 0.93593555 0.40958260312499994 0.9332746265624999 0.4076072671875 0.9318382796875 0.40577926406250003 0.9291043640625001 0.4048477015625 0.9271338874999999 0.4047716140625 0.9252886140625 0.40525956562500004 0.9253758812499999 0.4087208015625 0.9270762265625001 0.4138373046875 0.9302587515624999 0.415417221875 0.9307552890625 0.41773480156250004 0.93092413125 0.42002946249999995 0.9339295734374999 0.4206098171875 0.9362531687500001 0.41916812812500004
0 0.9435491046875001 0.4189750296875 0.9450519640625 0.4196612625 0.9469347625 0.41768628281250003 0.9476550328125001 0.41570265624999997 0.9496856656249999 0.41577200625 0.95286870625 0.4159945859375 0.9563150140625 0.41383837031250004 0.9518165671875 0.411635096875 0.9490037656249999 0.41027612500000005 0.9481601187500001 0.4070934984375 0.9446666578125 0.40437936093750004 0.9418033140625001 0.403743278125 0.9395035343749999 0.403364534375 0.9368992265625 0.4031824234375 0.9337873640625001 0.40332803437500003 0.935249778125 0.4045925796875 0.936088790625 0.4092277359375 0.9390035093750001 0.411901403125 0.94264396875 0.41389939375000007 0.943649384375 0.41476876875 0.9423402624999999 0.41685650625 0.9435491046875001 0.4189750296875
0 0.8306761234375 0.34383540468749996 0.833085484375 0.3441775640625 0.8350572875 0.342491815625 0.8329566140625 0.3393923703125 0.8315059671875 0.33859621562500003 0.833119771875 0.3370591125 0.8353282375 0.3353030703125 0.83384084375 0.333375425 0.8295624078125 0.333249928125 0.8275905937499999 0.33493568125 0.8216731906250001 0.333392978125 0.8143539859375 0.332012771875 0.8111561015625 0.33300491249999997 0.8099244796875 0.33404770156249997 0.8104699953125 0.3367870046875 0.812195834375 0.3396774296875 0.8169239015624999 0.341658003125 0.8204681984375 0.342340040625 0.8254566125 0.34225466718750003 0.827659525 0.34223502968749997 0.8306761234375 0.34383540468749996
0 0.7704946734375 0.319182084375 0.77220614375 0.31956228124999997 0.775337065625 0.31787074375 0.7748874328124999 0.31601566875 0.773940315625 0.314646846875 0.7756512953125 0.31337705625 0.7775682234375 0.3108190703125 0.7771976375 0.30949055937500003 0.775649815625 0.3084270890625 0.7718144796875 0.3085930984375 0.7699635218750001 0.3085505046875 0.7631357609375 0.3067704640625 0.7593306265625 0.3065043828125 0.755950478125 0.306789059375 0.7542817984375 0.30745393125 0.7526740359375 0.3089046203125 0.751515415625 0.31056039375 0.751194159375 0.3118405265625 0.7511216453125 0.3128775296875 0.751109559375 0.31305036406250003 0.7559256328124999 0.31616125624999997 0.7582897843749999 0.3164181625 0.7615365 0.31638467656249997 0.76623941875 0.31541094062499997 0.7671739625 0.31530261406250004 0.7690253968749999 0.31699519062500003 0.7704946734375 0.319182084375
0 0.7636776484375 0.292392978125 0.7645573031249999 0.291412409375 0.7651761484375 0.29084780781249997 0.768186203125 0.2908846109375 0.7704923453125 0.29104587187500003 0.772337246875 0.2911748796875 0.7736539734375001 0.290572240625 0.7741086562499999 0.2890409203125 0.7707280171875001 0.2876756078125 0.7700663828125001 0.28719514375 0.7703025578125 0.285474865625 0.7714913906249999 0.28338700625 0.7712602796875 0.2817208890625 0.7668967546875 0.28115524375 0.7645790140625001 0.282816803125 0.7637663203125 0.2844967671875 0.7593302828125 0.28496812656250003 0.7508101515625001 0.2858486171875 0.7500578796874999 0.2866644078125 0.749499965625 0.288014828125 0.7490452765625 0.289546146875 0.7487481890625001 0.290480609375 0.7498292359375001 0.29324823437499997 0.7519958921875001 0.2937471015625 0.7547390859374999 0.294286278125 0.7571484468749999 0.2946284375 0.759351359375 0.2946088 0.7618332359375 0.29391395625 0.7636776484375 0.292392978125
0 0.7423776531249999 0.2722196515625 0.74426486875 0.271743740625 0.7470140984375 0.272196503125 0.750079040625 0.27310554374999996 0.7528277875 0.27190832187499997 0.750672721875 0.269586634375 0.7489245 0.2680749484375 0.7494517046875 0.2655066265625 0.7497059953125 0.263527096875 0.7488681453125 0.26225275312499996 0.7446989703125 0.2622217359375 0.740463325 0.2631413046875 0.73618488125 0.2630158046875 0.7310509578125 0.26352520625000003 0.7270036203125 0.2650658203125 0.7253414765625 0.26729426093750003 0.7241284734375 0.269727790625 0.7237528296875 0.271785675 0.72385654375 0.273616559375 0.724475865625 0.27470194062500003 0.725131453125 0.2752688234375 0.7282996125000001 0.2763587578125 0.7308424046875001 0.27644972968750003 0.7324869203125 0.276130528125 0.7361399843750001 0.2752570578125 0.7378147140625 0.27450576875 0.7398957828125 0.27291450156249997 0.7423776531249999 0.2722196515625
0 0.75933380625 0.262116553125 0.76166363125 0.26028215625 0.76032175625 0.25793049375 0.758907365625 0.25661583593750004 0.75932579375 0.255603015625 0.7607331609375 0.25370411718749997 0.7606233984374999 0.2519596484375 0.7589481859375 0.25106095 0.7557563453125 0.251966671875 0.7538510140625 0.25270183125 0.749475390625 0.2523090203125 0.7426602046874999 0.2520061375 0.7382971609375 0.2530904765625 0.7362402640625 0.25433607812500003 0.734735725 0.25596766406250004 0.734335415625 0.256721228125 0.7363307921875 0.2605855578125 0.7411097765625 0.26257899687499997 0.7467175125 0.2635790046875 0.7509350296874999 0.26291868749999997 0.7524516593749999 0.2611142671875 0.756572490625 0.2618366203125 0.75933380625 0.262116553125
0 0.7767452734375 0.24878293281250002 0.77990085625 0.24839571562499999 0.7809320859375 0.24690471249999998 0.7789895062500001 0.2448584015625 0.77730825 0.2440461203125 0.7782483359375 0.242201384375 0.77899406875 0.2398220234375 0.7774522890625 0.23867213281250002 0.7733440390624999 0.239426934375 0.77194271875 0.2412394140625 0.769114925 0.241910075 0.7639261187499999 0.24154723906250003 0.7584341828125 0.2422052796875 0.7551028671875 0.24344860625 0.753410009375 0.244459146875 0.7533314515625 0.245582565625 0.7566944624999999 0.24885712031249999 0.7609854796875 0.2504597734375 0.765361096875 0.250852584375 0.7706707625 0.24948707812499998 0.7717749953124999 0.24860905625 0.772836928125 0.2483359546875 0.7767452734375 0.24878293281250002
0 0.8033582984375001 0.2502427671875 0.8054459078124999 0.250215065625 0.808759584375 0.250880978125 0.8134871640625001 0.2512115625 0.8153315765625001 0.2496905859375 0.8128305921875001 0.2473447078125 0.8099841859374999 0.24662462812500002 0.8086060546875 0.2447914671875 0.809023990625 0.2421286625 0.809351296875 0.240762115625 0.8084162640624999 0.2392204609375 0.8043986515625001 0.238679 0.799605090625 0.24094899375 0.79637095 0.242459634375 0.7894711640625001 0.2433665890625 0.7862798109375 0.24592229531249998 0.783671040625 0.2484319015625 0.78263376875 0.2500093203125 0.782725396875 0.25201304062499996 0.7848944140625 0.2537553828125 0.7875692703125 0.25565166562499997 0.7913623125 0.2560905765625 0.79488194375 0.2554683 0.797873390625 0.254114365625 0.8006583890625001 0.252398640625 0.8033582984375001 0.2502427671875
0 0.8811478328125 0.3798378265625 0.8836541718750001 0.3765053890625 0.8872541265624999 0.3766569015625 0.886671884375 0.3735093671875 0.8823990109375 0.3715068390625 0.879162275 0.3680734671875 0.87785189375 0.365776996875 0.874475678125 0.3643382703125 0.8695031421875001 0.364692096875 0.8666597859375 0.36519480937500004 0.8658473953125 0.365338440625 0.8647903515625 0.367068484375 0.8663110875 0.370181421875 0.86983489375 0.3733342109375 0.8747028218749999 0.37447636875 0.8764623734375 0.379911065625 0.8787042656249999 0.382272675 0.8811478328125 0.3798378265625
0 0.8733499609375001 0.344102196875 0.8774398015625 0.34298510625 0.8780482390625 0.3400210546875 0.8776135796875 0.3385875765625 0.8807230828125 0.3381034765625 0.8829498906250001 0.3368561109375 0.8837547359375 0.3349079921875 0.881085728125 0.332917396875 0.8784103203125 0.3329307546875 0.875987103125 0.3331621890625 0.8733459859374999 0.3307726625 0.8700464828125 0.32823688125 0.8672798328125 0.3276425375 0.8631824531250001 0.3269551390625 0.8597086015625001 0.326912665625 0.8578176796875001 0.32718132031249997 0.8565209640625 0.3283176375 0.8598578953124999 0.33433938125 0.8643062468749999 0.3376570375 0.869363034375 0.33801064375 0.8710650875000001 0.33853054375 0.8715351890624999 0.3413695765625 0.8733499609375001 0.344102196875
0 0.8362907406250001 0.2708170515625 0.8386779015625001 0.2687060953125 0.8405374390624999 0.2672775765625 0.8418019296875 0.2652080078125 0.8407877171875 0.263698428125 0.8376372999999999 0.2629985734375 0.8375531890625 0.261913696875 0.8383818281250001 0.259214209375 0.8337403078125 0.2592493046875 0.8313948609375 0.26076373125 0.8289069078125 0.2620284234375 0.8244245796874999 0.26207465 0.8177977046875 0.26304991875 0.8120425359375 0.26528501875 0.8099403859375001 0.267895459375 0.8080307921875001 0.2700398046875 0.8070255968750001 0.27068884843749996 0.8057027078125 0.2735935515625 0.8135120078125 0.276297621875 0.8203571500000001 0.27677628125 0.8274532546875 0.275953715625 0.8308539515625 0.2730744140625 0.8320600453125 0.2718399796875 0.8362907406250001 0.2708170515625
0 0.8424785218749999 0.286530528125 0.8450848921875 0.28789391875 0.8474021671875 0.2885621625 0.8491118703125 0.288259878125 0.8486574296875 0.2867094953125 0.8470768828124999 0.28516473593749997 0.846622428125 0.2836143515625 0.847205553125 0.2817146890625 0.8489915890624999 0.2803209734375 0.8496397671875 0.2791007921875 0.849297346875 0.27755824218749997 0.8458480984375001 0.276979578125 0.8420280359375001 0.278484159375 0.8394162640625 0.2788077296875 0.8353834156250001 0.278525725 0.8299886734375 0.2784015875 0.8262214437500001 0.2791505640625 0.8237750171875 0.280329365625 0.8222957015624999 0.28216636093749997 0.8218715703124999 0.283402209375 0.823776925 0.286741390625 0.8267663375 0.28745662968749996 0.8310291031249999 0.2876703453125 0.8339769468749999 0.287370275 0.8379917000000001 0.28630114375 0.8400316078125 0.28610631875000003 0.8424785218749999 0.286530528125
0 0.8575724687499999 0.29324415937500004 0.8609537234375001 0.29242660625 0.8619776781249999 0.2905818578125 0.8594059015625 0.2889647609375 0.8579258515625 0.2881905375 0.8581730921874999 0.286483109375 0.8584403375 0.2844896296875 0.85724140625 0.28335180000000004 0.8527689671875001 0.28514704375 0.850934978125 0.2876058734375 0.845692509375 0.2894430875 0.8413867734375 0.28885455000000004 0.837837734375 0.288414740625 0.8349186968750001 0.2899353390625 0.8328102562499999 0.2926624296875 0.83377528125 0.295316984375 0.840853365625 0.2964826546875 0.8468058546874999 0.29546163124999997 0.8501065734375001 0.2939677234375 0.85143885625 0.29319852812499997 0.8536150687499999 0.2931590671875 0.8575724687499999 0.29324415937500004
0 0.8609110078125 0.2690137390625 0.8605464203125001 0.268010846875 0.8633913968750001 0.2646260015625 0.8636870515625 0.26350638125 0.8591900921875 0.2625403234375 0.8557869046875 0.2645829484375 0.8525083984374999 0.2648423859375 0.8483420296874999 0.265365540625 0.8449501671874999 0.26724605 0.8435390078125 0.2687763609375 0.84303839375 0.269718753125 0.8430619953124999 0.27248969375 0.85028015625 0.2749492265625 0.8566095296875 0.2745773234375 0.8618914125 0.2736434703125 0.8650329625 0.27223416093749997 0.8640761578125 0.2703753625 0.8609110078125 0.2690137390625
0 0.8974798734375 0.383603840625 0.9036250640624999 0.385465984375 0.90705413125 0.383250175 0.9073958843750001 0.37836288749999997 0.9086528250000001 0.3759951890625 0.9126676437500001 0.373206440625 0.9167536593750001 0.369399509375 0.917982121875 0.3674390828125 0.91762420625 0.36475383125 0.91592295 0.361770009375 0.9126647578125 0.36154217499999997 0.9037056921875 0.3648037171875 0.897619384375 0.36990320468750004 0.89346216875 0.374728321875 0.8921777109375 0.3813913828125 0.89579381875 0.384304471875 0.8974798734375 0.383603840625
0 0.9426150296875001 0.3546326609375 0.947901028125 0.3492725765625 0.947443434375 0.34801278281250003 0.9488010140625001 0.3481077140625 0.9526876765625 0.34715170156249997 0.9523297609375 0.3444664484375 0.9477994265625 0.34292185937499997 0.9441405984375001 0.34061968125000003 0.940810246875 0.3375219421875 0.9349365734375 0.3356787859375 0.9279483562499999 0.33416695937499996 0.9205035078125 0.33528342499999997 0.9204759906250001 0.3395787890625 0.9246360921875001 0.3464179390625 0.9296667390625 0.348611409375 0.93401099375 0.348915190625 0.9368979921875 0.3505494984375 0.9390853218749999 0.3543858390625 0.9426150296875001 0.3546326609375
0 0.940126553125 0.28877154531250004 0.9394401625000001 0.2868818546875 0.9429404296874999 0.283647859375 0.9430828265625 0.281611490625 0.9363091656250001 0.280933196875 0.9288643171875 0.282049665625 0.9187897453125 0.281754446875 0.909444284375 0.2827380109375 0.9065440078125 0.2851954296875 0.90537250625 0.28634130625 0.90934653125 0.291939646875 0.9168208218749999 0.2943039953125 0.9231226484375 0.29392613125 0.928666884375 0.2926767609375 0.9320684359375001 0.29475631562500004 0.935427265625 0.2974467796875 0.940126553125 0.28877154531250004
0 0.9362861718750001 0.277448759375 0.93429768125 0.27583897031250004 0.9343118078125 0.2736338453125 0.9358738328125 0.2713268546875 0.93546979375 0.2690924890625 0.9315449703124999 0.26913319687500004 0.92673995 0.2697426734375 0.918677315625 0.26886372187499996 0.9134102671875001 0.2700712078125 0.906830234375 0.2720273046875 0.9049596953125001 0.272736928125 0.903162753125 0.27439717343750003 0.9168306828125001 0.27724388125 0.9248197203125 0.2771722125 0.930725725 0.2788458359375 0.932882846875 0.28004720625 0.935421090625 0.2798044859375 0.9362861718750001 0.277448759375
0 0.97353574375 0.2936053375 0.9756996828125001 0.2927061234375 0.9736741468749999 0.2896230015625 0.9723825984375001 0.2880619453125 0.972946971875 0.2860003515625 0.9743257468750001 0.284310865625 0.97334953125 0.2822465953125 0.96680555625 0.28168394375 0.9629250875 0.28309344062499997 0.9588170125 0.28375165468749997 0.9550315765624999 0.283802109375 0.9502782234374999 0.28567583281250003 0.9489803546875001 0.2882114015625 0.9471839046874999 0.2918676890625 0.9468612656250001 0.29247544531249997 0.9472287546875 0.2952325203125 0.9524378140625 0.296857409375 0.9576025203125 0.2971135078125 0.9634709859375 0.2953177578125 0.9665589812500001 0.29322252656250003 0.9682389609375001 0.29323495 0.97353574375 0.2936053375
0 0.9540057687499999 0.3185029078125 0.9593615281250001 0.320033003125 0.9644453265624999 0.3194430203125 0.9649945828125001 0.3155944671875 0.9616268218749999 0.3136781234375 0.9608709015624999 0.31246968124999996 0.964435546875 0.30956735625 0.9648751499999999 0.30728693281249997 0.9623437218750001 0.3054290703125 0.9561009500000001 0.306568328125 0.9525431203125001 0.30737006875 0.9438493359375 0.3055015046875 0.9319354734375 0.305613884375 0.9247096687499999 0.306789453125 0.9228171984375001 0.30781270156249996 0.9223332390625 0.3087243359375 0.921667015625 0.31424555625 0.9297155234375 0.317329634375 0.9368175484375 0.31992731406249997 0.94413888125 0.3193887421875 0.94731509375 0.31803505 0.9500146578124999 0.317488453125 0.9540057687499999 0.3185029078125
0 0.936690834375 0.3308676921875 0.9411691140625 0.332618565625 0.9428653015625 0.330293046875 0.94022395 0.3269453578125 0.9399624781249999 0.32520180625 0.9433455234375 0.32342556093749997 0.944840940625 0.3212297734375 0.942059525 0.3198851015625 0.9332543890625 0.319700703125 0.9224509 0.31793884375000003 0.9174103359375 0.316004878125 0.9133649578125 0.31902875937499997 0.9110964812500001 0.32131426093750004 0.9091695124999999 0.32419873125 0.9138392312500001 0.32869466406250003 0.9205059500000001 0.3293046171875 0.9276142234375 0.32908281562499997 0.931450178125 0.3317951796875 0.93447238125 0.3324378296875 0.936690834375 0.3308676921875
0 0.960174759375 0.332222303125 0.9625339531250001 0.33138086875 0.9655454750000001 0.32943487031249996 0.9646109921875 0.326350309375 0.9589080953125 0.32566397812500003 0.9558051796875 0.323434190625 0.9507546093749999 0.3216432984375 0.9466685390625 0.32250775 0.9439885218749999 0.325195790625 0.9442906875 0.3290987703125 0.9494819968750001 0.3316183640625 0.9532872625 0.3320282265625 0.9537595062499999 0.333498971875 0.95605935 0.33624769374999997 0.9599946750000001 0.3347976109375 0.960174759375 0.332222303125
0 0.8956980265625001 0.312910815625 0.8959507890625 0.3109425359375 0.8949072578124999 0.309401684375 0.8956547484374999 0.3085904953125 0.8978182984374999 0.3039927609375 0.8966481828124999 0.3026157515625 0.894169753125 0.301838021875 0.8859333078124999 0.302729953125 0.8804100281249999 0.3026891125 0.875489628125 0.30225869843750003 0.8718174546874999 0.3020882609375 0.8702800078124999 0.30267151875 0.87101629375 0.30531338125 0.877360384375 0.3084337265625 0.8824253953125 0.308442521875 0.8859409390625 0.309206428125 0.8888720359375 0.311742728125 0.89194774375 0.3138574125 0.8956980265625001 0.312910815625
0 0.9488744515624999 0.36071390000000003 0.9497997921874999 0.3592372078125 0.9551705703125 0.3573777421875 0.9560151015624999 0.3555871203125 0.949335671875 0.354118140625 0.9471181328125 0.3535006546875 0.94463671875 0.352248159375 0.939647078125 0.350126640625 0.9351369187499999 0.3499654015625 0.932316909375 0.350615975 0.9315903640625001 0.350719309375 0.9312306796875 0.35439351406249997 0.935063646875 0.358360896875 0.9423941765625001 0.3593359171875 0.9430249140625 0.363541796875 0.9460283515624999 0.36467665625 0.9491869562499999 0.36212300937499997 0.9488744515624999 0.36071390000000003