0 0.174098940625 0.3534496921875 0.1724904109375 0.3490548421875 0.1698055453125 0.34653407812500003 0.1659827296875 0.3473201734375 0.1652744875 0.350257559375 0.16534903437499998 0.351831978125 0.16409408125 0.3551532046875 0.16324553125000002 0.35984974531249997 0.1701704734375 0.3669173171875 0.17056186874999998 0.3662358328125 0.1714637359375 0.3639081 0.172995153125 0.35896935625 0.174098940625 0.3534496921875
0 0.15840324687500001 0.3900570546875 0.1557080125 0.392288271875 0.15609111250000002 0.395408371875 0.157257003125 0.397165503125 0.1602374875 0.3982247578125 0.163130984375 0.4034119734375 0.16542030937500002 0.4085150171875 0.16944504062500002 0.40453698749999994 0.16900032812500002 0.40284966562499996 0.16510455 0.39240137812500003 0.162419684375 0.3898806125 0.15840324687500001 0.3900570546875
0 0.1889144859375 0.3270852421875 0.18484472968750001 0.324892878125 0.181624015625 0.32671354531249996 0.181322175 0.3310262453125 0.18298816874999999 0.33588910781250003 0.1843435359375 0.3401566859375 0.1847033328125 0.3450215734375 0.1838144 0.3503565 0.19032622500000002 0.35019037656249996 0.1927299875 0.347519878125 0.1929955921875 0.341944771875 0.19106350156250002 0.333947440625 0.1889144859375 0.3270852421875
0 0.2138005421875 0.331472396875 0.21236648281249998 0.327531196875 0.2096603875 0.325804821875 0.20744402968750003 0.3319361640625 0.207767590625 0.335538646875 0.20723589062499997 0.33797928593750004 0.20511737812500003 0.34394025625 0.2041859875 0.350863965625 0.2122551 0.3517734859375 0.2167116125 0.34647558749999996 0.2214891203125 0.33702099375 0.2194912703125 0.3323572328125 0.2138005421875 0.331472396875
0 0.20126247656250001 0.34156315312499996 0.20001167031249997 0.34298358906250004 0.1966781 0.342917828125 0.1952124421875 0.3445230015625 0.1957720859375 0.3471463546875 0.19705497968750002 0.34888911875 0.1966785921875 0.3516274015625 0.197655496875 0.3595836578125 0.205820384375 0.361273203125 0.2058499078125 0.3566772265625 0.2057707234375 0.34829403124999997 0.20417048906250002 0.3400975953125 0.20126247656250001 0.34156315312499996
0 0.166387659375 0.32256677031250003 0.1660475078125 0.326567459375 0.16806658593749998 0.33043682812499997 0.1697900453125 0.3357677078125 0.1742196 0.3428249609375 0.1778254875 0.3431739984375 0.17881434375 0.336718303125 0.177082096875 0.3264794375 0.17312055937499998 0.31936471875 0.166387659375 0.32256677031250003
0 0.16161173281250002 0.32236139375 0.15718267187499999 0.324013715625 0.156002265625 0.3289093578125 0.15406444531250002 0.3324727890625 0.15550521875 0.3422723734375 0.158424090625 0.34476440625000004 0.1633398328125 0.3345010546875 0.1654308921875 0.3321856640625 0.1680986765625 0.333600028125 0.16814528125 0.3301104515625 0.16279470468749999 0.3252249265625 0.16161173281250002 0.32236139375
0 0.1609565921875 0.3992449609375 0.1584016640625 0.3997170234375 0.156529603125 0.399946884375 0.1541745203125 0.3981774125 0.152006840625 0.39986878125 0.152800490625 0.4024634015625 0.15254110625 0.4051873171875 0.1505820578125 0.40954514062499997 0.153311946875 0.4182362984375 0.15906221250000002 0.41863875312500004 0.15978753750000002 0.41680776875000003 0.160963796875 0.413812915625 0.161865171875 0.4027756109375 0.1609565921875 0.3992449609375
0 0.1657598609375 0.43159344062500005 0.16171962812500001 0.42480509843750003 0.1573775546875 0.42232945624999996 0.153773740625 0.42103002187499994 0.15211653281249998 0.4210751453125 0.1502170234375 0.424950584375 0.1517427109375 0.43157260312499995 0.155244528125 0.4349432015625 0.158740125 0.4411649890625 0.1646840140625 0.44217709687499995 0.166500684375 0.440528825 0.1657598609375 0.43159344062500005
0 0.135238190625 0.34745291875 0.129415453125 0.34452565 0.1278498734375 0.3472515921875 0.1284265953125 0.3509813453125 0.1304669046875 0.3540563234375 0.13196050312500002 0.35751514375000004 0.136681528125 0.3650116796875 0.142280628125 0.3632156953125 0.14230185625 0.3624213046875 0.14139742500000002 0.3569898625 0.14008036875000002 0.35303429531249997 0.135238190625 0.34745291875
0 0.11465955312500001 0.3346190328125 0.11525335781249998 0.3394551890625 0.1181126921875 0.342429603125 0.121990896875 0.3430619171875 0.1272348390625 0.3432098265625 0.132146921875 0.34355684062499997 0.135484640625 0.3417218078125 0.1349695296875 0.3365592765625 0.1307144453125 0.32995567187499997 0.125449275 0.33060215312499996 0.12148822968749999 0.3321970078125 0.1173185515625 0.33112541093750003 0.11465955312500001 0.3346190328125
0 0.147374171875 0.4501616859375 0.1447830078125 0.4493713421875 0.142847259375 0.45198437656249996 0.14177714531250002 0.451007271875 0.1390689765625 0.45023129375000004 0.137720321875 0.45182209999999995 0.138197125 0.456672621875 0.1412055515625 0.46279586874999995 0.1428886265625 0.46876513593749997 0.1432717265625 0.471885234375 0.14552274062499998 0.47667626875 0.151390009375 0.4770643578125 0.1523301875 0.47504863437499995 0.1517022203125 0.46799967656249997 0.149872125 0.45793118125000004 0.147374171875 0.4501616859375
0 0.16172978124999998 0.49163048906249995 0.1629122609375 0.48578444843749996 0.162420453125 0.478877128125 0.1604143078125 0.47801495312500003 0.158263709375 0.48081272343750003 0.15668726718749998 0.479581075 0.1543534125 0.47701721093750005 0.152849446875 0.47831037343749994 0.15296022812500001 0.48114719531250005 0.153247553125 0.48348727187499996 0.15267546875 0.48656629687499997 0.1511481984375 0.48960424687500004 0.1510570640625 0.4956330015625 0.1583542453125 0.5018630843749999 0.158649865625 0.5004015734375 0.1598048953125 0.4982011125 0.1611173125 0.49534789999999995 0.16172978124999998 0.49163048906249995
0 0.136030428125 0.4757831375 0.1324416203125 0.47654050156250005 0.13002077812499999 0.4781046 0.127714865625 0.4806047265625 0.12821496875 0.48371046093750003 0.129821425 0.48905570625 0.1316598140625 0.49532261718750004 0.13780818749999998 0.50090196875 0.13899066875 0.49505592812500004 0.13958398125 0.4911825109375 0.1381328390625 0.48613491093750005 0.13735834375 0.48369629375 0.1374644890625 0.4797243375 0.136030428125 0.4757831375
0 0.1116263015625 0.4917648578125 0.112460828125 0.5024306640625 0.1161945796875 0.5067229265625001 0.11845181406250001 0.5086627703125 0.1248000328125 0.5120005875 0.1277929609375 0.5073574640625 0.1245184375 0.49809975156249997 0.122458975 0.49486876874999997 0.11816350625000001 0.48890355 0.112509015625 0.48928112031250004 0.1116263015625 0.4917648578125
0 0.11882138125 0.5358547890625001 0.11815352187499999 0.5381537890625 0.1180323703125 0.5400689484375001 0.1150435890625 0.5428112781250001 0.1148395984375 0.54695360625 0.11699898281250001 0.549063821875 0.1193178296875 0.5495708875 0.121887765625 0.551155621875 0.1266724765625 0.556268984375 0.1314188796875 0.5610703375 0.13396294687500002 0.5566406828125 0.133405378125 0.553066934375 0.129739459375 0.54449070625 0.12404616718749999 0.53584669375 0.11882138125 0.5358547890625001
0 0.1227823203125 0.5700486203125 0.1214849109375 0.57495863125 0.1236018390625 0.578657628125 0.126778021875 0.579376140625 0.1300629125 0.5838818734375 0.134022378125 0.5919469875 0.1365281359375 0.587205325 0.13593432968750002 0.58236916875 0.13353215000000002 0.5753796999999999 0.1289431359375 0.569925596875 0.1227823203125 0.5700486203125
0 0.1441116609375 0.5783563375 0.1381807046875 0.5803514234375 0.1389681328125 0.58579723125 0.1403830390625 0.5895824281250001 0.1420045015625 0.596984471875 0.1487803515625 0.600903209375 0.149099275 0.5976969125 0.14884562031249998 0.5888600671875001 0.1473240796875 0.58033725625 0.1441116609375 0.5783563375
0 0.12918374999999999 0.6115439312500001 0.12592679843750001 0.6121021921875001 0.12445699375 0.61560815625 0.1242188390625 0.6175376828125 0.121683065625 0.6181657515625 0.11898990625000001 0.6194465703125001 0.1192963859375 0.6219426515625 0.12180678281249999 0.6240097671875 0.1261338484375 0.6244286109375 0.128212465625 0.6278156 0.12954453125 0.6338279640625 0.1327698828125 0.638816078125 0.1371797890625 0.637007753125 0.137938784375 0.6286799984375 0.13649179218750002 0.621731603125 0.1329770390625 0.6153538125 0.12918374999999999 0.6115439312500001
0 0.1394614171875 0.61883326875 0.1379149921875 0.6217152140625 0.1386278734375 0.6255866078125 0.13986831093750002 0.628918153125 0.1415472390625 0.6367882125000001 0.14468767656249998 0.644953890625 0.149725059375 0.6414849515625 0.15008229374999998 0.6385906640625 0.1483609078125 0.6323093875 0.1446012890625 0.6220027375 0.1394614171875 0.61883326875
0 0.1376663609375 0.6641854078125 0.133764853125 0.6652978796875 0.1341800421875 0.6715811781250001 0.13608004375 0.6764153109375 0.139364934375 0.68092104375 0.1437691125 0.6906734796875 0.15131274374999998 0.6911724515625 0.15077432968749999 0.68775470625 0.149618809375 0.6812455953125001 0.14545071406250001 0.670514028125 0.1376663609375 0.6641854078125
0 0.210657278125 0.5747779140625 0.20750025 0.57421540625 0.20646429843749997 0.5754511046874999 0.2058922125 0.57853013125 0.20427538906249998 0.577936865625 0.2022842515625 0.5791314890625 0.20249288281250002 0.581797940625 0.2037970046875 0.5827463125000001 0.2056053796875 0.5848996265624999 0.20676297500000002 0.5904583437500001 0.21016072187499998 0.5968505000000001 0.21355590468750002 0.5954834828125 0.21385774687499998 0.591170784375 0.21388726875000003 0.58657480625 0.212104271875 0.581726309375 0.210657278125 0.5747779140625
0 0.1843672375 0.722427471875 0.184397253125 0.726541065625 0.1856589171875 0.729078221875 0.1837210984375 0.732641653125 0.1843785890625 0.735094634375 0.1860316484375 0.736950303125 0.18876311875000001 0.73598149375 0.1902246296875 0.7362771140625 0.1924326921875 0.7339473578125 0.198991125 0.7302916578125 0.2028605453125 0.7260159859375 0.2039260203125 0.7201843125 0.20292581406250002 0.7139728437499999 0.1987198984375 0.7116388390624999 0.1952589546875 0.7163394265624999 0.192895578125 0.7183715390625001 0.190217425 0.721709159375 0.189513328125 0.722745753125 0.1862605265625 0.72140321875 0.1843672375 0.722427471875
0 0.24424549999999998 0.7902948999999999 0.2420415828125 0.7907238640625 0.2413545671875 0.792866859375 0.2409631734375 0.79354834375 0.2376316765625 0.7925321875 0.23423856718749997 0.792948809375 0.2356172359375 0.7954715984375 0.23830624843749998 0.7960915703125 0.23442389531250002 0.7973600484375 0.23820217968750002 0.79911313125 0.23946384375 0.8016502859375001 0.24043403749999998 0.803748159375 0.2425634078125 0.8017447796875 0.24423977031250002 0.8018556609375 0.24731602968750002 0.803694940625 0.2498880390625 0.8043292796875001 0.2538278578125 0.8035288171875001 0.25597845625 0.8007310453125 0.2543124625 0.79586818125 0.250519171875 0.7920583015625 0.247147290625 0.79168053125 0.24424549999999998 0.7902948999999999
0 0.1657018125 0.7977218546875 0.16494903593750002 0.8031984203125001 0.16334722031249999 0.8046619546875 0.1645472734375 0.8086318875 0.1673149796875 0.808925484375 0.1685020984375 0.8098882234375001 0.1708830484375 0.8176720843749999 0.1794885015625 0.82294974375 0.1809324390625 0.8134293906250001 0.1782346390625 0.8079014328125 0.17441340624999999 0.799027559375 0.17023079531250002 0.7949487671875 0.1657018125 0.7977218546875
0 0.17488704375 0.82319801875 0.1718154234375 0.8281675187499999 0.17225391406249999 0.8327060296875001 0.17318579843749998 0.8344918937499999 0.1780916609375 0.8376900953125 0.18058705 0.8377004140625001 0.1824166515625 0.8390593359375 0.18782469375 0.8444128781250001 0.1898495015625 0.836721484375 0.1880623578125 0.8337737796875 0.1849731625 0.8289273046875 0.179233265625 0.8237728687500001 0.17488704375 0.82319801875
0 0.1538461203125 0.7988608359375 0.1474321421875 0.7988565890625 0.14578164843750002 0.8047600953125 0.1472861078125 0.8121765046875 0.15335371250000002 0.8190326296875 0.1564491296875 0.821027915625 0.1628056421875 0.8205641484375 0.1643479203125 0.8195829953124999 0.163700796875 0.81237803125 0.16062453593749998 0.8105387515625001 0.1577439734375 0.8083587281250001 0.155971834375 0.8074678203125 0.1564673 0.8037647765625 0.1538461203125 0.7988608359375
0 0.15465161562500002 0.8228321921875 0.1526159453125 0.8265659937500001 0.1508375875 0.828526275 0.152305809375 0.834680278125 0.1565629671875 0.8403334875 0.1593094453125 0.8414214734375 0.1611985859375 0.8422980156250001 0.16330258125 0.8429898187499999 0.16382549531249999 0.8356411937500001 0.16024913125 0.8306961796874999 0.1593767890625 0.8284279359375001 0.15897867968749999 0.8232510359375 0.1574617796875 0.82153700625 0.15465161562500002 0.8228321921875
0 0.140482315625 0.8031937750000001 0.1381743296875 0.8066442984375 0.1357897234375 0.8094708015625001 0.13706224843749998 0.8159655484374999 0.14131940625 0.82161875625 0.1446892140625 0.822946921875 0.14577848437500002 0.8240800328125 0.1482438578125 0.81997675625 0.1474755828125 0.8146869515624999 0.144480090625 0.8115708984375001 0.1450138640625 0.8081798625 0.143347871875 0.8033169984375 0.140482315625 0.8031937750000001
0 0.14629774375 0.8273417703125 0.1427130828125 0.8261983421875 0.1411858125 0.8292362921875001 0.136758825 0.8299382156249999 0.13480185 0.8333456421875001 0.1375871296875 0.8434552109375 0.14589281406250001 0.8520951765625 0.1501665625 0.8501452125 0.1520660734375 0.8462697718750001 0.14939365 0.8380466296875 0.147215109375 0.8357804078125 0.1469469390625 0.8335963390625001 0.14629774375 0.8273417703125
0 0.1523233828125 0.8444962515625001 0.152372553125 0.848765853125 0.151708840625 0.8491640609375001 0.148668815625 0.8485871875000001 0.1495903296875 0.8551250296875 0.15247089375 0.8573050546875001 0.157617475 0.8663329078125 0.161623053125 0.8621988734375 0.1611229515625 0.859093140625 0.15959518749999999 0.8534215171874999 0.15567818125 0.8437676203125 0.1523233828125 0.8444962515625001
0 0.1499707578125 0.8862746421875001 0.14728845625 0.8915130515625 0.14842897187499998 0.8959653671875 0.15367291249999998 0.8961132765625001 0.1607423078125 0.8995209 0.1629099890625 0.89782953125 0.1611119828125 0.890924234375 0.1574631453125 0.8834544078125001 0.150800153125 0.8814220953125 0.1499707578125 0.8862746421875001
0 0.1681240203125 0.858075159375 0.166558440625 0.8608011 0.164207996875 0.8658404078125 0.16648438593749998 0.8679362562499999 0.1717624890625 0.87029696875 0.174817521875 0.872930640625 0.179504384375 0.878214371875 0.1801297859375 0.8775041546875 0.18219083281249998 0.87107516875 0.1815499296875 0.861019015625 0.1723827609375 0.8540683984375 0.1681240203125 0.858075159375
0 0.1726771828125 0.906765115625 0.1737560859375 0.9126502078125001 0.1745497359375 0.9152448265625001 0.1686591640625 0.9166015265624999 0.1688615734375 0.9221191671875 0.17176336406249998 0.9235047984375001 0.17453936718750002 0.919996809375 0.1770518375 0.9211135296874999 0.18053657343750001 0.9233777249999999 0.1845851 0.92636448125 0.18818684218749998 0.9286143125 0.192345659375 0.9257283203125001 0.19006255625 0.9177740859375 0.18252258125 0.90666475 0.1753128796875 0.9050162796875 0.1726771828125 0.906765115625
0 0.1995430265625 0.8972904843749999 0.1997092 0.9015457171874999 0.1970968078125 0.901549765625 0.1945548125 0.905029021875 0.1953463890625 0.9085740390625 0.1979033921875 0.9071515796874999 0.20069025312500002 0.9076011812500001 0.204090075 0.9130429421875 0.20855586406249998 0.9213626015624999 0.2143398015625 0.9152682875 0.21217162968749997 0.9082500859374999 0.20604863281250002 0.8999755484374999 0.2006597453125 0.8947780125 0.1995430265625 0.8972904843749999
0 0.19504623906250002 0.8674380828125001 0.1933807359375 0.8712847921875 0.194736103125 0.8755523671875001 0.193249215625 0.8779519312499999 0.193100615625 0.883512671875 0.19596824375 0.8826855 0.198257075 0.8790789703125 0.200575921875 0.8795860375 0.20776646875 0.8810785031249999 0.21369742343749998 0.87908341875 0.2159246421875 0.876909665625 0.2151988265625 0.8700310796874999 0.2060254375 0.8659316499999999 0.19504623906250002 0.8674380828125001
0 0.21890305468750001 0.8789193187500001 0.21432282812499998 0.8783732015625001 0.2108002734375 0.884506565625 0.21327235937500003 0.8862616734375001 0.2136513125 0.891282565625 0.2103327484375 0.893273603125 0.209390496875 0.8962397234375 0.21247090468750002 0.8961782109374999 0.21501082500000002 0.8936493499999999 0.2173255234375 0.8960572093750001 0.2212762015625 0.8992143359375 0.22844759374999998 0.9005507968750001 0.23509765468750002 0.8995759156249999 0.2374077140625 0.8951749953125001 0.2370416953125 0.893161296875 0.23469490781250002 0.8875902390625001 0.2306272265625 0.884447478125 0.21890305468750001 0.8789193187500001
0 0.153269459375 0.946995396875 0.1513466453125 0.952615625 0.151221346875 0.9564315765625 0.156269590625 0.9569202296875 0.1625453359375 0.9577332359374999 0.170714371875 0.9575219890625 0.1701226390625 0.9517354359375 0.1623382859375 0.9454068140624999 0.1576985203125 0.9453430781250001 0.1571155765625 0.9444645125 0.15573690625 0.9419417250000001 0.1524799546875 0.9424999843749999 0.153269459375 0.946995396875
0 0.187898915625 0.9533533500000001 0.1849101359375 0.9560956812500001 0.1850400734375 0.959088509375 0.18676560625 0.9634689906249999 0.18662322656250002 0.9661785421875001 0.1895079375 0.9664577718749999 0.1910543640625 0.963575828125 0.1946794046875 0.9640808703125 0.1996298 0.96473989375 0.1997892609375 0.96313674375 0.1995443921875 0.9592078859375001 0.1976827015625 0.9546857640624999 0.187898915625 0.9533533500000001
0 0.188660478125 0.952784771875 0.1885351796875 0.9566007234375 0.1889182796875 0.9597208234375 0.1936429625 0.9566069953125 0.198440115625 0.956017978125 0.20333304531250002 0.9562089874999999 0.2024032359375 0.953472728125 0.20097332343750002 0.9476307343749999 0.1939039265625 0.9442231078125 0.1900790390625 0.9459596031249999 0.18701778593750001 0.9461771203125 0.18560959375 0.9482503078125 0.188660478125 0.952784771875
0 0.23414541875 0.9517922750000001 0.23771921875 0.9489781140625 0.241382571875 0.9497951656250001 0.24351608749999998 0.9458909921875 0.24096274218749997 0.9367030859375 0.23836694062500002 0.9291039624999999 0.23529275312500003 0.9263142859375 0.229142796875 0.9303949015624999 0.23024085468750002 0.9364359999999999 0.232257859375 0.941255765625 0.23242610625000001 0.944560603125 0.23144347187499997 0.9481651078125 0.23208180781249999 0.9504620859375 0.23414541875 0.9517922750000001
0 0.2343607625 0.9603171109374999 0.2372667015625 0.9598019484375 0.23702854687500002 0.9617314734375 0.2381286765625 0.9668221734375001 0.24150263125000002 0.9662495468750001 0.2424065734375 0.9629714187499999 0.24471663281249997 0.9585704984375001 0.24651622031249998 0.955815825 0.25021531874999997 0.9491857125 0.24486059531249998 0.946200978125 0.2414633375 0.94851839375 0.23746398124999998 0.9498012375 0.23368411562500002 0.9577081218749999 0.2343607625 0.9603171109374999
0 0.276270321875 0.97179874375 0.275991784375 0.9743666546875 0.27775562656249997 0.9790591484375 0.2810187984375 0.9756496984374999 0.2906597109375 0.970982090625 0.2978326859375 0.9626585828125 0.293435221875 0.9587645281249999 0.28846567031250003 0.9579495 0.2825771734375 0.958355803125 0.279818253125 0.96297019375 0.27583805156249996 0.9644090437499999 0.27185785 0.9658478921875 0.276270321875 0.97179874375
0 0.2654969125 0.8879255078125 0.2663671828125 0.89114415 0.2660420390625 0.8972016359375001 0.2673823984375 0.8994124156250001 0.27249432812499996 0.8975178921875001 0.2767064625 0.8970007078125001 0.2808015953125 0.8964978890624999 0.282928890625 0.8954449046875 0.28265400937499996 0.8874024515625001 0.2756612328125 0.884618846875 0.2707662296875 0.885378234375 0.2695408 0.8841034859375 0.26800267031249997 0.8831838453125 0.2654477421875 0.8836559078124999 0.2654969125 0.8879255078125
0 0.2996566671875 0.93978958125 0.294740434375 0.9413433609374999 0.294483125 0.9431168812499999 0.29554701875 0.946945175 0.29498115468749997 0.9471730109375001 0.29244123437499997 0.9497018703125001 0.29520894062499997 0.9499954671875 0.293681671875 0.9530334187499999 0.2963515296875 0.9534973859375 0.2974578796875 0.955736896875 0.3016125515625 0.9547516968749999 0.30232079375 0.9518143109375 0.30542657812499996 0.9490576125000001 0.3093663953125 0.9482571500000001 0.31313589375 0.9451022468750001 0.3174308703125 0.9423578921875 0.3171476921875 0.938117025 0.3110184734375 0.9326936765625 0.3078210625 0.93276955625 0.3051662109375 0.9343623859375001 0.2996566671875 0.93978958125
0 0.268523128125 0.8322873578125 0.2631197265625 0.8337425968750001 0.26295404375000003 0.8381969343750001 0.26324136875000004 0.840537009375 0.2658454671875 0.8443345484375 0.26400756875 0.8467772109375 0.2646629875 0.8501805890625 0.2671179921875 0.8508292953125001 0.2687664125 0.845876184375 0.27137880625 0.8458721375 0.27881836875 0.84939266875 0.28666384218749996 0.845578940625 0.28630404375 0.840714053125 0.28595510625 0.839806753125 0.28181080468749997 0.8360399734374999 0.2748201015625 0.8323059718750001 0.268523128125 0.8322873578125
0 0.3020797984375 0.8656977156250001 0.2983993640625 0.8637742609375 0.2971868671875 0.86550670625 0.29768697187500004 0.8686124421875 0.2939195484375 0.87081695 0.2959194734375 0.8745303124999999 0.29767245625 0.8752652171875 0.299944696875 0.8792618578125 0.30248461875 0.876732996875 0.303737496875 0.8743621671874999 0.31022602187500004 0.8759408296875 0.31805026718749996 0.87292149375 0.3193414546875 0.8708626703125001 0.3168372796875 0.865944365625 0.31316099375 0.86212011875 0.30699602812500004 0.8641439359374999 0.3020797984375 0.8656977156250001
0 0.33442495625 0.9182596640625 0.3312808625 0.92070435 0.3288367171875 0.9240132359375 0.3298389984375 0.9292743078125 0.332800328125 0.9301775578125 0.3364212234375 0.9325833921875001 0.3380421953125 0.9312758640625001 0.3403501828125 0.927825340625 0.345579115625 0.9259164515625 0.350340034375 0.924065028125 0.34962922500000004 0.9192432390624999 0.3477100671875 0.914253103125 0.343774396875 0.913152771875 0.3391496375 0.9151458343750001 0.33442495625 0.9182596640625
0 0.3328048609375 0.972775021875 0.3327944921875 0.9775270046875001 0.3361342828125 0.9747415765625 0.3385892890625 0.9753902812499999 0.34142068124999997 0.973300703125 0.34506024062499996 0.9671529703124999 0.348506175 0.960395584375 0.34766128125 0.9544817609375 0.344897721875 0.9522873703125001 0.34101536875 0.9535558484375001 0.3382564484375 0.9581702406250001 0.33639525 0.9623576890625 0.33538052500000004 0.962798996875 0.331908721875 0.96354199375 0.33147072187500004 0.9677130546875 0.3328048609375 0.972775021875
0 0.361186621875 0.9475952781249999 0.36224636875 0.9533243656250001 0.3640355875 0.9553216734375001 0.3675943796875 0.9504507140625 0.37175319687499997 0.9475647203124999 0.37630341093749997 0.9439972437499999 0.3790411 0.9401772421875 0.3756283453125 0.9317282890625 0.3683720390625 0.9335693921875 0.36368151875 0.9388960234375 0.3612223671875 0.9401481109375001 0.35858874375 0.9409465499999999 0.358697453125 0.9447337703124999 0.361186621875 0.9475952781249999
0 0.3466232546875 0.9566678546875 0.3466745 0.9599870578124999 0.34797654843750003 0.9618858265625001 0.3495359078125 0.9620110765625001 0.34960837968749997 0.9645358890625 0.35057442499999997 0.9685345546875 0.3530144234375 0.9671264609374999 0.3559648921875 0.964072121875 0.3615810734375 0.9633825406250001 0.36577197968749997 0.9636597468750001 0.3691096984375 0.9618247140625 0.3665863671875 0.9567504031249999 0.3601040640625 0.9523205499999999 0.35392202031250003 0.9532379671875001 0.3466232546875 0.9566678546875
0 0.430073296875 0.9611486734374999 0.4284119421875 0.963094590625 0.4251870828125 0.9668160484375001 0.42815048593749994 0.966768903125 0.42570426718750004 0.9710281843749999 0.4312459015625 0.9687641875 0.43309673125000003 0.9693287187499999 0.4346327890625 0.9711987546874999 0.4366026984375 0.9707985234375001 0.43916592187500003 0.9665248765625 0.44441608125 0.963821596875 0.4484941328125 0.9622123765625 0.45191469218749997 0.9581501734375 0.4494317453125 0.952437478125 0.44220081406249995 0.9515833984375 0.4366529578125 0.956698584375 0.4346618203125 0.95789320625 0.432889684375 0.9570022984375001 0.430607071875 0.9577576390625 0.430073296875 0.9611486734374999
0 0.43336964843750003 0.9425328828125 0.43918567499999994 0.9396017671875001 0.444123134375 0.937253596875 0.4469799046875 0.9324688359375 0.444241721875 0.9275792624999999 0.4374938140625 0.928724515625 0.43384132031249995 0.931865053125 0.43117146249999994 0.9314010859374999 0.42835714999999996 0.934597065625 0.430450775 0.9400408499999999 0.43336964843750003 0.9425328828125
0 0.48752956562499994 0.8970854265625 0.4841897734375 0.8998708578124999 0.4894911796875 0.90048678125 0.48604731718750005 0.9062937703125 0.4920378109375 0.9038163046875001 0.4926953046875 0.906269284375 0.49522900312499996 0.9065916140624999 0.4979263109375 0.9034100015625001 0.5027276140625 0.9009201921875001 0.5082563125 0.895649 0.509166475 0.8895196828125 0.5061963578124999 0.8837084453124999 0.4996591546875 0.886569753125 0.4960258171875 0.8898662984374999 0.49175414375 0.8908658640624999 0.48872912656249995 0.8923457875 0.48864421093750005 0.895523353125 0.48752956562499994 0.8970854265625
0 0.46153912343750003 0.9252970515625 0.460754259375 0.9276104171874999 0.4574377703125 0.928651059375 0.461154440625 0.9318369203125 0.45888476562499997 0.9355994546874999 0.4641690890625 0.9351089781249999 0.46517551875 0.93846925625 0.46839415781250004 0.9375989859375 0.47276782968750003 0.9345282562499999 0.4791051875 0.9339084828124999 0.4826002921875 0.9314206984375 0.4851676625 0.92524625625 0.48213800625000003 0.9199174015624999 0.4793511453125 0.9194678 0.47273732187500006 0.9217050890625 0.4692805265625 0.924504884375 0.46730854375 0.9258555109375 0.4639025015625 0.9232649390625 0.46153912343750003 0.9252970515625
0 0.48275817187500003 0.9394775171875 0.4826944859375 0.9418606921875 0.4844495421875 0.9416451984374999 0.48383707343750004 0.9453626093749999 0.48694078281250003 0.943556309375 0.49204649062500005 0.9445129781249999 0.49462886875 0.9403953328125001 0.49715585625000003 0.934859278125 0.5020995375 0.92965991875 0.5045007328125 0.9192302437500001 0.5018225796875 0.9225678625 0.49658278593749994 0.920519159375 0.4901009765625 0.924798878125 0.4872038234375 0.930222028125 0.48499368593750003 0.9335021796875 0.483821575 0.9345962390624999 0.48275817187500003 0.9394775171875
0 0.4956839765625 0.9393156406250001 0.49850914687500003 0.9400772515625 0.49996443749999997 0.9432240609375 0.5074268109375 0.9362902328124999 0.5144641187500001 0.9365346593749999 0.51745911875 0.9309411390625 0.51239586875 0.9283956890624999 0.5051287015625 0.9262792031249999 0.49956583906249996 0.9293375906250001 0.4935732703125 0.9327654531249999 0.4934329625 0.9345246078124999 0.497523946875 0.9359225828125 0.4956839765625 0.9393156406250001
0 0.519933878125 0.904666734375 0.520919078125 0.9088214062500001 0.5203428453125001 0.9138012249999999 0.52297439375 0.9139531828124999 0.528552265625 0.9129515921875001 0.5349025578125 0.9153390124999999 0.5375382515625 0.913590178125 0.5395247515625 0.9055867750000001 0.5337232421875 0.9018651156249999 0.5290622453125 0.9025957703125 0.526022221875 0.902018896875 0.52374790625 0.898972653125 0.5195336968750001 0.900440234375 0.519933878125 0.904666734375
0 0.5457880546875 0.9121021593749999 0.5494446953125001 0.9070608265625 0.5500038453125 0.9009746078124999 0.544570428125 0.8983162515625001 0.5376143812499999 0.9055046250000001 0.5349724640625 0.9101046484375 0.5333048890625001 0.9149017546874999 0.5352877296874999 0.9175087171874999 0.5397338734375 0.9169627984375 0.5457880546875 0.9121021593749999
0 0.5449115640625 0.9117347078125 0.543518378125 0.9158646921875 0.5480074703125 0.9224395640624999 0.55344918125 0.9212963359374999 0.5600780125 0.9211158453125 0.5635218734375 0.9153088546875001 0.5612879421875 0.9116242234374999 0.5571415671875 0.9088078390625001 0.5518572421875 0.909298315625 0.5449115640625 0.9117347078125
0 0.568816459375 0.9458550828125001 0.5787063875 0.9432155390625001 0.585324359375 0.9390774593750001 0.5855558000000001 0.93128955 0.58174335625 0.9273236656250001 0.5754955515625 0.9315746515625 0.5724705343750001 0.9330545750000001 0.5661968625 0.9312911749999999 0.5634037796875 0.9336927625 0.56553156875 0.9413493515625 0.568816459375 0.9458550828125001
0 0.59130546875 0.95877111875 0.5980383671875 0.95556906875 0.6023157734375 0.943008740625 0.6021899828125 0.9381151187500001 0.5939189515625001 0.9403975296875 0.5906557796875 0.9438069796875 0.5871094296875 0.9429755609375 0.5861267953125 0.946580065625 0.5862422171875 0.9562256687499999 0.59130546875 0.95877111875
0 0.5889671890625 0.8778211046875001 0.5856315453125001 0.878705740625 0.5907102953125001 0.8920175609375001 0.5956203062500001 0.8933149703125001 0.6014513390625 0.8924406515625 0.6072099 0.8890415218750001 0.6088987046875001 0.8834500249999999 0.60588613125 0.879227571875 0.6008974265625 0.8782565390625001 0.5971703875000001 0.879822659375 0.592730465625 0.8775173890625 0.5930260859375001 0.876055878125 0.591936815625 0.8749227671875 0.5889671890625 0.8778211046875001
0 0.62208913125 0.8602938984374999 0.624454584375 0.8573113906250001 0.624413709375 0.8492402046875 0.6230454078125 0.8419654328125 0.6218815906249999 0.83925790625 0.617918471875 0.8418031562499999 0.6163808328125 0.8495930890625001 0.6166893859375 0.8511387734375001 0.614149465625 0.8536676328125001 0.6151325937500001 0.8587726999999999 0.61775999375 0.8608254499999999 0.62208913125 0.8602938984374999
0 0.641769834375 0.9451320953125 0.643567840625 0.9520373921875 0.646114471875 0.9553669140625001 0.6521645078125 0.952407065625 0.657357203125 0.949235771875 0.661245778125 0.9451161062500001 0.6624008078125 0.9429156453124999 0.6601477203125 0.939075009375 0.6558822671875 0.9372233859374999 0.65141696875 0.9376133 0.647804859375 0.9401154500000001 0.6447223796875 0.941127359375 0.6424801515625 0.9412443140625 0.641769834375 0.9451320953125
0 0.6621328515625 0.8691542046875 0.665751675 0.8725104359375001 0.670723296875 0.8723750671875001 0.6736313109375 0.8709095093749999 0.6794535578125 0.8651272046875 0.6837547546875 0.8595316625 0.684432984375 0.8524806796875 0.680075903125 0.847948240625 0.6751575984375 0.850452415625 0.671966896875 0.8563866765625001 0.6700715359375 0.8583613234374999 0.6661104890625 0.8599561796874999 0.6628877 0.8627272421875001 0.6621328515625 0.8691542046875
0 0.684715946875 0.92829891875 0.6875882140625 0.934280528125 0.6926830609375 0.9312796046875 0.6950288671875 0.9194315171874999 0.6957174640625 0.9076285531250001 0.694947115625 0.903289146875 0.690303203125 0.9051262031249999 0.685378675 0.9104815671875001 0.6861003453125 0.9192609468749999 0.6827688484375 0.918244790625 0.6797417578125 0.9206751109375 0.680120709375 0.9256960046874999 0.684715946875 0.92829891875
0 0.6890090640625 0.8549275890624999 0.6891332718750001 0.8694811796874999 0.689361059375 0.8723036359374999 0.6945646140624999 0.87308993125 0.698206246875 0.8659918046874999 0.69947156875 0.85791859375 0.6985904390625 0.8507423624999999 0.6953609375 0.84765504375 0.6914785859375 0.8489235203125001 0.6890090640625 0.8549275890624999
0 0.695891440625 0.8993726296875 0.6990422484375001 0.9027863265624999 0.702598965625 0.8988657625 0.70427641875 0.8806071046874999 0.7058994640625 0.8783491796874999 0.7027678125000001 0.8750914890624999 0.6988383625 0.87113996875 0.6949518625 0.8743092406249999 0.6938294140625 0.8883824718750001 0.695891440625 0.8993726296875
0 0.7133328062500001 0.8847208999999999 0.717004453125 0.8817363671875 0.7205332296875 0.8727518125 0.720162571875 0.863929334375 0.7126380953125 0.86358636875 0.7086604578125 0.8727843937499999 0.708192934375 0.8815514296875 0.7133328062500001 0.8847208999999999
0 0.6996665609375 0.9204456515624999 0.7031150609375 0.921447440625 0.710730675 0.9157616515625 0.7132788890625 0.9094312062500001 0.7159441078125 0.90308639375 0.712801596875 0.8958711109375 0.7070280265625 0.8972134437499999 0.7018078796875 0.9040303203125 0.6983319296875 0.906674109375 0.6972364390625 0.9083921890625 0.6996665609375 0.9204456515624999
0 0.7186698484375 0.9136783453125 0.7208675421875 0.9161005703124999 0.72428188125 0.91488955625 0.7266747828125 0.9082614687499999 0.7282869671875 0.9020459515624999 0.7270910625 0.896175225 0.7191327328125 0.898102528125 0.71518669375 0.9017541796874999 0.7132488734375 0.9053176109375001 0.7139829843750001 0.9083946109375001 0.7186698484375 0.9136783453125
0 0.7359930109375 0.953199209375 0.73938819375 0.951832190625 0.741323940625 0.9492191562500001 0.7460082375 0.9467437125 0.748048053125 0.94110911875 0.7510855125 0.9339268171875 0.752648528125 0.9234417 0.7479508046875 0.9142003765625001 0.7451256328125 0.913438765625 0.7410667375 0.915203990625 0.7390207 0.9236897734375 0.7356663921875 0.933127978125 0.7328329250000001 0.9361679531249999 0.73190568125 0.94119086875 0.7326527265625 0.947275065625 0.732957134375 0.9507215406249999 0.7359930109375 0.953199209375
0 0.736373653125 0.912771446875 0.7381607984375 0.915719153125 0.74035178125 0.9122829937500001 0.740140584375 0.9018573671875 0.7394551515625001 0.8943403921874999 0.7382167875000001 0.8900584500000001 0.7304179203125 0.8903826031250001 0.7290526765625 0.8995765812500001 0.7289636140625 0.9046549374999999 0.7271811078125 0.9085160140624999 0.7284427734375 0.91105316875 0.73193373125 0.910466175 0.736373653125 0.912771446875
0 0.7471871703125 0.9157193515625 0.7501526468749999 0.914721809375 0.749022009375 0.896807940625 0.7485876671875 0.8903686359374999 0.746702671875 0.887591303125 0.7400759156250001 0.8868213968750001 0.7395234765625001 0.8987659984375 0.738164453125 0.9051087859375 0.738713728125 0.9124841218749999 0.7409709624999999 0.9144239656250001 0.7449682453124999 0.9140915187499999 0.7471871703125 0.9157193515625
0 0.7613109546875 0.9204778031249999 0.7592743015625001 0.9067924625 0.7572997546875 0.9003839125 0.757059034375 0.8945542625 0.755746125 0.888697903125 0.7493212859375 0.8847360640625 0.74581215625 0.902586196875 0.7454233265625 0.9110268578125 0.74771265 0.9161299015625 0.752378284375 0.922208025 0.7598561562499999 0.9260405671875 0.7613109546875 0.9204778031249999
0 0.77953630625 0.850304878125 0.77686595625 0.8411313375 0.7730110531250001 0.8387542359375001 0.766382221875 0.8389347265625 0.76536176875 0.8509367937500001 0.76756203125 0.86111819375 0.77341685625 0.8672086609375 0.777082284375 0.8670753171875001 0.7783346718749999 0.8559949140625 0.77953630625 0.850304878125
0 0.79091438125 0.9429718578124999 0.79377115 0.938187096875 0.7923919890625 0.926954734375 0.7882834328125 0.9157407875000001 0.7863834296875 0.9109066562500001 0.785723865625 0.9094040718749999 0.7764867890625 0.907687815625 0.7755279484375001 0.9182571062499999 0.779353328125 0.9252301859375001 0.78039599375 0.9298528718749999 0.78217276875 0.9375525578125 0.7864320015625 0.9422553703125001 0.79091438125 0.9429718578124999
0 0.8179703 0.9089285593750001 0.8207121390625 0.9032077671875 0.820343553125 0.8934348921874999 0.81826651875 0.8803879359375 0.8148791390625 0.869243796875 0.8110050796875001 0.8667106875 0.8062079265625 0.8672997046875001 0.804780578125 0.8692168875 0.80367471875 0.8756869484375001 0.8055814328125 0.8863794625000001 0.8070729578125 0.8907886796875 0.80722205 0.8939375125 0.807673475 0.9014832187499999 0.8130369859375 0.9093759374999999 0.8179703 0.9089285593750001
0 0.8143367921875001 0.7961494734375 0.8080564078125001 0.7885276890624999 0.8025567390624999 0.78049333125 0.7944829875 0.7727750296875 0.7891924421875001 0.7761166953124999 0.786354828125 0.7810574625 0.7895568796875 0.7877903640625 0.7988498374999999 0.7996346015625 0.80779800625 0.8086707499999999 0.8141229234375 0.81375335625 0.8159478859375 0.8083034984375 0.8137817875 0.8003349 0.8143367921875001 0.7961494734375
0 0.752583796875 0.756541415625 0.755666278125 0.75552950625 0.7561596703125 0.75277685625 0.7541405906249999 0.7489074875 0.7526682203124999 0.7446542765624999 0.752074415625 0.739818121875 0.7514423 0.7346699546875 0.7502593281250001 0.7318064234375 0.7476298531250001 0.7307040703125 0.7427860953125001 0.7347826625 0.745024665625 0.7452760734375 0.7425251296875001 0.7471665484375001 0.7423956828125 0.7528832921874999 0.74644835625 0.7539692546875 0.7488034390625 0.755738728125 0.752583796875 0.756541415625
0 0.74174005 0.8210572859375 0.7443824578125 0.8251668328124999 0.7462716 0.826043375 0.7484625828125 0.8226072171875 0.75041491875 0.8123910125 0.7514058484375 0.8049849203124999 0.7503652578125 0.7994118375 0.7490673546875 0.7956122765625 0.7440553484375 0.79638603125 0.7409837265625 0.8013555296874999 0.739093003125 0.8101389578125 0.7373125703125 0.8130496359375 0.73650233125 0.8180581859375 0.738251165625 0.8206938812500001 0.74174005 0.8210572859375
0 0.722900371875 0.82432065 0.724242803125 0.8255810312499999 0.727067975 0.8263426421875 0.7289757796874999 0.8186656171875001 0.73013703125 0.813613965625 0.7314727515625 0.8090159671875 0.7285600984375 0.80367274375 0.7233674031249999 0.8068440390625 0.7213275859375 0.8124786328125 0.7204257187499999 0.8148063656250001 0.7181793437499999 0.8168241140625 0.71774341875 0.8200447765625001 0.722900371875 0.82432065
0 0.664722265625 0.7635288859375 0.668143315625 0.7681762578125 0.6719578359375 0.771191746875 0.67652305625 0.769681065625 0.68271546875 0.7640116671875 0.687497615625 0.7613658531249999 0.6870011671875 0.7476497546875 0.6805530265625 0.7454327046875 0.6748923140625 0.7486614640625 0.6718398484375 0.7537869671874999 0.6681340375 0.7545586984375 0.664539009375 0.7581672515625 0.664722265625 0.7635288859375
0 0.6806586796875 0.732751175 0.6889783890625 0.7260287937500001 0.6903586390625 0.7188916140625 0.6902520046875 0.714153996875 0.6844929515625 0.70884355625 0.6821699578125 0.7102372828125 0.677488225 0.7204719015625 0.6748079984375 0.724759915625 0.6732998828125 0.7279538718749999 0.6751615765625 0.7324759921874999 0.6806586796875 0.732751175
0 0.6836082734375 0.6764890046875001 0.6799387 0.6785231406250001 0.6782623359375 0.6784122578125 0.6749329125 0.67644570625 0.6740310468749999 0.6787734375000001 0.6753926328125 0.6801898265624999 0.676071353125 0.6818484171875 0.674699396875 0.6851840109375 0.674674021875 0.68787919375 0.6755489296875 0.6979066140625 0.6814731734375 0.690053146875 0.6822813390625 0.6859949921874999 0.6854849734374999 0.6830679234375 0.6857101937500001 0.67813120625 0.6836082734375 0.6764890046875001
0 0.7748880765624999 0.7379670968750001 0.778404409375 0.734684921875 0.7796805906250001 0.7305693015625 0.7751423281250001 0.7197248296875001 0.7731191015625 0.717756253125 0.769197946875 0.7100031484375 0.7647559515625 0.7086482734375 0.7632157484375 0.7086790296875 0.757165715625 0.711638878125 0.7598402109375 0.7189116249999999 0.7625633859375001 0.7217444000000001 0.765978215625 0.7292429593749999 0.7673910484375 0.7339785515624999 0.769627053125 0.7367127875 0.7748880765624999 0.7379670968750001
0 0.7705548953125 0.7046107562499999 0.7694589140625 0.6976192640625001 0.7662185515625 0.6905743531249999 0.7645484109375 0.6876122796875 0.762899496875 0.6838558171875 0.7618697671875 0.6822403265625 0.7592019828125001 0.6808259624999999 0.7541262890625 0.6839828906250001 0.7568007859375 0.6912556375000001 0.759475284375 0.6985283859375 0.7603859374999999 0.7011086390625 0.7650769484375 0.7044915781250001 0.768895615625 0.705606275 0.7705548953125 0.7046107562499999
0 0.7781756390625 0.71444331875 0.7810178921875 0.7163113328125 0.7841216046875 0.7145050328125 0.7848743781249999 0.709028465625 0.780663825 0.6998856828125 0.7768425921875 0.6910118109375001 0.7747468921875 0.6865184203125 0.7739894796875 0.68518620625 0.7736405421875 0.684278909375 0.7666394703125 0.685296890625 0.7674972999999999 0.6942179078125 0.7694677000000001 0.7025272499999999 0.7712719265625 0.7065813578125 0.773520865625 0.7123227859375 0.775484553125 0.7147737421875 0.7781756390625 0.71444331875
0 0.7900707312499999 0.6952468078125 0.7935363125 0.6973549984375 0.796327321875 0.69590380625 0.7944247546875001 0.6833104984375 0.7905885140625 0.672379828125 0.7877907937499999 0.6679726375 0.78531870625 0.6662175312499999 0.7845783749999999 0.66599171875 0.776773284375 0.6691670609375 0.77818196875 0.67580344375 0.7817754140625001 0.6818548609375 0.783658334375 0.6855825906249999 0.78477761875 0.6908292968749999 0.7876794109375 0.6922149281250001 0.7900707312499999 0.6952468078125
0 0.75491284375 0.6362208703125 0.753510871875 0.63544286875 0.749484065625 0.6403712921875 0.755136975 0.649653690625 0.760919328125 0.6532193453125 0.7636104140625 0.652888921875 0.761254840625 0.6424098765624999 0.757578553125 0.6385856296875 0.75491284375 0.6362208703125
0 0.7619558796875 0.6249045343749999 0.7590623828124999 0.6197173171875 0.757234853125 0.6174079984375 0.7502529390625 0.618581984375 0.7509404453124999 0.6251485609375 0.7544743515625 0.6316823578124999 0.7602396265625 0.6341416109375 0.7625776265625 0.63480468125 0.765230403125 0.6341622484375 0.7619558796875 0.6249045343749999
0 0.7636628578125 0.6020498984375 0.762616534375 0.608037578125 0.7671097765625 0.6127116578125 0.772038940625 0.6141650734375 0.772066390625 0.6105194921875 0.7678858515625 0.6054903046875 0.7653966859375 0.6026287953125 0.7636628578125 0.6020498984375
0 0.7793868765624999 0.6150047859375001 0.7796183171875 0.607216878125 0.776163103125 0.6003567046875 0.772046253125 0.5929443421875 0.76867851875 0.5906657796875 0.7632771921875 0.591170621875 0.7621433890625 0.592576690625 0.76275635 0.5975688531250001 0.76658173125 0.6045419328125 0.769271234375 0.6138714765625 0.7701031953124999 0.61677810625 0.7736557640624999 0.6147583359375 0.7758617546875 0.6133789765625 0.7793868765624999 0.6150047859375001
0 0.7892100609375 0.5982796687499999 0.788988496875 0.5926060234375 0.7848208921875 0.590584028125 0.781148753125 0.584858990625 0.7775915437500001 0.5800699796875 0.7729346953125 0.57889984375 0.7686718078125 0.5848073968749999 0.7729822828125 0.5928294109375 0.7783841015624999 0.601034140625 0.7813966765625 0.605256596875 0.7898701171875 0.608491825 0.791723021875 0.6081059609375 0.7892100609375 0.5982796687499999
0 0.7346573828125 0.5824912078125 0.7376207859374999 0.5824440609375 0.739269209375 0.5774909515625 0.7368711765625 0.5686006890625 0.734150075 0.5648175171875 0.73106088125 0.5599710421874999 0.729684284375 0.5564978578125 0.7267441828125001 0.5548002171874999 0.72013450625 0.5551367125 0.7229793250000001 0.5647639015625 0.7260856 0.570716775 0.7261922359375 0.5754543921875 0.7262755703125 0.5819367953125 0.728358334375 0.583422990625 0.7346573828125 0.5824912078125
0 0.7601849406250001 0.5698554 0.7619612250000001 0.568845515625 0.7612545640625 0.5621229328124999 0.7567846265625 0.555704065625 0.7518829109375 0.5506050703125001 0.747266446875 0.5487965453125 0.74513915 0.54984953125 0.7443118296875 0.5537516796874999 0.747279871875 0.5605133140625 0.75210289375 0.5659386843750001 0.7535369546874999 0.5698798859374999 0.7566856875 0.5742439781249999 0.758585196875 0.5703685375 0.7601849406250001 0.5698554
0 0.7554308421875 0.5417765203125 0.7587623390625 0.5427926765625 0.7606939374999999 0.5420804359375 0.7576109640625 0.534382771875 0.750326225 0.5224503125 0.7465308609375 0.519590828125 0.742318725 0.5201080124999999 0.73889401875 0.5260710078125 0.7421918453125 0.533583934375 0.745547134375 0.541564875 0.7498213734375 0.5483244828125 0.7527060859375 0.5486037125000001 0.7541034171875001 0.5425729359375 0.7554308421875 0.5417765203125
0 0.7247647203125 0.46129594531249996 0.7230904312499999 0.4602346671875 0.71583205 0.4630261671875 0.7149472640625001 0.46646030156249996 0.7156855234374999 0.467636509375 0.7182958421875 0.46858285781250003 0.71840455 0.472370078125 0.7194047578125 0.4785815453125 0.7209454546875 0.4872603625 0.7244597140625 0.48492858125 0.724597946875 0.4841198234375 0.72608226875 0.47396108437500006 0.726428640625 0.46710920468749995 0.7247647203125 0.46129594531249996
0 0.730570653125 0.54340375625 0.7269197421875 0.536884325 0.7236265562499999 0.536180178125 0.721437646875 0.538665940625 0.7217741421875 0.545275615625 0.7274612125 0.5567708171875 0.7316992171875001 0.5622680203125 0.733700721875 0.556321415625 0.7340729625 0.555483925 0.736706584375 0.5546854859375 0.7358808453125001 0.5489276671875001 0.730570653125 0.54340375625
0 0.7374461484375 0.4659147828125 0.7406223328125 0.4666332953125 0.742907015625 0.46492755781249995 0.7431343109374999 0.45904044375 0.7391344625 0.451613715625 0.73737061875 0.446921221875 0.736249259375 0.4426249125 0.7288609421875 0.4424235859375 0.727329525 0.447362328125 0.729710475 0.45514618906250004 0.7327572124999999 0.461581446875 0.733859415625 0.46572175 0.736408121875 0.468100878125 0.7374461484375 0.4659147828125
0 0.7493153718750001 0.44070388281249995 0.7451260484375 0.43076670781250004 0.740456265625 0.426589375 0.7370652296875 0.42605560000000003 0.7331021093750001 0.42860085000000003 0.733110896875 0.43350883749999997 0.7355767625 0.43811513281250003 0.7383149437500001 0.44300470625 0.74013210625 0.45006600781249995 0.7446911046875 0.451406515625 0.7494711781250001 0.4497110984375 0.7493153718750001 0.44070388281249995
0 0.761021478125 0.42770649531249993 0.758744596875 0.416901075 0.7558511015625 0.41171385781250003 0.748024290625 0.4069740171875 0.7414399921875 0.40461532968749997 0.7360091390625 0.40971614843750004 0.73971336875 0.41860438593750005 0.7455169515625 0.42137565 0.7471317015625 0.422919309375 0.7484849953125 0.428137284375 0.7538014078125 0.43081000625000004 0.7587134921875001 0.43115701875 0.761021478125 0.42770649531249993
0 0.7338850078125 0.3914491953125 0.7379360984375001 0.40219512812499997 0.7404294140625 0.40315584375 0.7422077734375 0.4011955625 0.7444753765625001 0.3983834234375 0.747417553125 0.3991306671875 0.7502680984375 0.3971970953125 0.7488552671875001 0.3924615046875 0.74502159375 0.38929000937499997 0.7438194671875 0.3862704734375 0.7422088640625 0.38282601875 0.7378155468750001 0.3770311734375 0.7330329078125 0.370967415625 0.729282075 0.365568753125 0.7263424656249999 0.3725806828125 0.72602354375 0.37578698125 0.728504415625 0.3824500734375 0.729998015625 0.38590889375000004 0.7338850078125 0.3914491953125
0 0.72184764375 0.3775665734375 0.7193864171875 0.37976905625 0.7190441937500001 0.3847201421875 0.72468001875 0.3928961390625 0.729696665625 0.3989311640625 0.7331110046875 0.3977201515625 0.7343954796875 0.389802946875 0.7268342750000001 0.379488003125 0.72184764375 0.3775665734375
0 0.716092140625 0.3974344515625 0.72012980625 0.39646361875 0.7208846546875 0.3900366546875 0.7189587875 0.3791881359375 0.7172715640625 0.3751196625 0.7106872625 0.37276097343750003 0.7073707734375 0.373801615625 0.705669034375 0.376385915625 0.7070202546875 0.3825542859375 0.7088948796875 0.390083603125 0.709271759375 0.3960548921875 0.7100441796875 0.399443903125 0.7115248453125 0.399895528125 0.716092140625 0.3974344515625
0 0.6976796000000001 0.39256916406250003 0.7016406468749999 0.390974309375 0.7027806703125 0.38671705156249997 0.6959960328125 0.37789032499999997 0.6928664546875 0.3736822390625 0.68912648125 0.372241165625 0.681612865625 0.375855790625 0.6846363 0.384035834375 0.688663596875 0.38781698124999997 0.6917869546875 0.39487625937500004 0.6947462109375 0.39672990625 0.696488334375 0.3935072171875 0.6976796000000001 0.39256916406250003
0 0.68897275 0.362283553125 0.6917596125000001 0.3627331546875 0.6929995578125 0.357355128125 0.691101628125 0.35157060156250003 0.6860042156249999 0.3468123484375 0.6837682109375 0.3440781125 0.68004531875 0.34374344218749997 0.6758269625 0.34711181562500004 0.678265378125 0.35536369218749997 0.68104394375 0.35961487812500004 0.68508625 0.36545282343749996 0.686824225 0.364130928125 0.6878027140625 0.362427215625 0.68897275 0.362283553125
0 0.732188721875 0.3021857921875 0.73436055 0.2985936296875 0.73458784375 0.2927065140625 0.7244359671875 0.290310796875 0.717083884375 0.291371875 0.7137632484374999 0.2943133109375 0.7132123921875 0.29659794375000004 0.714410371875 0.301518275 0.7198862453125 0.30258784843750003 0.7239347703125001 0.305574603125 0.72897679375 0.3089144453125 0.7318061124999999 0.3077752625 0.73222703125 0.3024978015625 0.732188721875 0.3021857921875
0 0.7147168515625 0.3040143546875 0.7163865015625 0.298266853125 0.71745405 0.29148478125 0.7148520265625 0.2867368484375 0.708967675 0.28524235781249996 0.7003285515625 0.2864614671875 0.6967951359375 0.2886372421875 0.69390213125 0.29215959687500004 0.694555475 0.29651337187500004 0.700688840625 0.3000359265625 0.7054859953125 0.29944690937499996 0.7080026140625 0.2986628375 0.7092218203125 0.30278877656250003 0.7115556749999999 0.3053526390625 0.7147168515625 0.3040143546875
0 0.683752328125 0.288813484375 0.6861928171875 0.2961149625 0.6931851015625 0.290188996875 0.6955526265625 0.28625609218750003 0.6959290140625 0.28351780781249997 0.6873152671875 0.28204173125 0.6842094828125 0.284798428125 0.683752328125 0.288813484375
0 0.6956810890625 0.2631202015625 0.691566803125 0.26346701562499997 0.687069415625 0.2606937296875 0.683199996875 0.26496940156250004 0.6849213828125 0.2712506765625 0.6977198140625 0.27585515 0.7036083140625 0.275448846875 0.7062181421875 0.267685621875 0.7023373703125 0.25929413125 0.697035965625 0.25867820625000004 0.6956810890625 0.2631202015625
0 0.666588303125 0.3550555296875 0.6692773171875 0.3556755015625 0.6716386203125 0.3545937859375 0.6713575171875 0.3494025203125 0.6686555703125 0.3457753546875 0.665904453125 0.3378785875 0.6632812015625 0.33392504375 0.659556234375 0.33454076875 0.6575568015625 0.339536978125 0.6598632062500001 0.3457464234375 0.6627375484375 0.350777634375 0.66177406875 0.35453814375000003 0.66266349375 0.35791279062500003 0.6655906625 0.3566032375 0.666588303125 0.3550555296875
0 0.6734639687499999 0.3936421859375 0.6747551578125 0.39158336562499996 0.6752102390625 0.3885187046875 0.672972159375 0.3867348671875 0.66975351875 0.3876051359375 0.6663604109375 0.3880217578125 0.66365016875 0.3881961765625 0.6617377234374999 0.3890644234375 0.6611697875 0.39024265625 0.6615487390625 0.39526355 0.66840743125 0.39695511875 0.6705709640624999 0.39716454218749997 0.6729835109375 0.3994020296875 0.6747577234375 0.3993425421875 0.6744341625 0.395740059375 0.6734639687499999 0.3936421859375
0 0.6321177078125 0.374173540625 0.6327539703125 0.3774209140625 0.6355408328125 0.377870515625 0.6324754312499999 0.379988825 0.636511025 0.3799683875 0.63779391875 0.3817111515625 0.6399615984375 0.38001978125 0.6420335046875 0.3775483859375 0.64398633125 0.376041753125 0.6457667640625 0.373131075 0.6460432296875 0.37151355937499997 0.6449964171875 0.3687916671875 0.6437772093749999 0.364665728125 0.6400310140625 0.36607584531250004 0.636476371875 0.3690460125 0.635380878125 0.370764090625 0.6333343499999999 0.37054030312499997 0.631966540625 0.3719751046875 0.6321177078125 0.374173540625
0 0.6658693687499999 0.4701109546875 0.6675881890625 0.46863305468750005 0.670781453125 0.47045796875 0.6728279828125 0.47068175625 0.675227596875 0.46991205 0.6741124593750001 0.46276455156249996 0.671472125 0.4577046078125 0.6710719421875 0.45347810624999996 0.67169270625 0.44595910781250003 0.6700841765625001 0.44156425937500005 0.6687225906250001 0.440147871875 0.6641019781249999 0.4402401421875 0.66101169375 0.4537632078125 0.6632140265625 0.46299421250000006 0.66285886875 0.464938103125 0.6623442500000001 0.46848514531249996 0.6645440171875 0.46995697343750004 0.6658693687499999 0.4701109546875
0 0.6593622890625 0.44129717343749997 0.661717371875 0.4430666453125 0.6645063062500001 0.44256585 0.66579493125 0.43274785312499997 0.6661371546875 0.427796765625 0.6652560249999999 0.42062053749999995 0.6640538984375 0.4176009984375 0.661873284375 0.41628517499999995 0.655633775 0.4167345765625 0.655672575 0.425756159375 0.6567877140625 0.43290365781249995 0.6544031078125 0.43573016249999996 0.6540034171875 0.4402132328125 0.65656920625 0.44369876093749994 0.6593622890625 0.44129717343749997
0 0.6496442640625 0.4366311890625 0.65217125 0.431095134375 0.649686228125 0.42633283437499997 0.646722825 0.4263799796875 0.6397642109375 0.425809178125 0.6350840625 0.426383828125 0.63333364375 0.43340810156250004 0.6337017359375 0.43447140468749995 0.637999278125 0.439486225 0.6410605312500001 0.43926870781250005 0.6496442640625 0.4366311890625
0 0.645069059375 0.4873921078125 0.6468831625 0.4779846609375 0.6456106375 0.471489915625 0.641466334375 0.4677231328125 0.640317525 0.4670724046875 0.6375669 0.467885209375 0.6354483906249999 0.47384618125 0.6344466 0.47729468124999996 0.6336322140624999 0.48420402500000004 0.6350429703125 0.4898900140625 0.641163403125 0.49040537500000003 0.645069059375 0.4873921078125
0 0.659921225 0.506788325 0.6572104921874999 0.49825317187499996 0.649711390625 0.4952150203125 0.6468991515625 0.49746060468750003 0.6450762625 0.5019600640624999 0.648727171875 0.5084794953125 0.651584434375 0.5124043046875 0.653250428125 0.5172671703125 0.6545907859375 0.5194779484375001 0.657704865625 0.512919665625 0.659921225 0.506788325
0 0.6633743640625 0.5145988953125 0.6605662734375 0.514943684375 0.6580517296874999 0.5147773609375 0.656043509375 0.5148655828125001 0.65583951875 0.519007909375 0.657745740625 0.5209908515625 0.6574863578125 0.5237147703125 0.65930351875 0.53077606875 0.6639453578125 0.5298894093750001 0.6644366765624999 0.52808715625 0.6660509343750001 0.5209212437499999 0.6654954390625 0.5163971 0.6633743640625 0.5145988953125
0 0.6343244203125 0.6494436968749999 0.6364858796874999 0.6506035156250001 0.639919371875 0.6495485078125001 0.6413508671875 0.64573053125 0.6407462015625 0.6369367859375 0.6400757765625 0.6314766109375001 0.6395948265625 0.6285268828125 0.637482046875 0.622927090625 0.6319616406249999 0.624396696875 0.631306715625 0.629702890625 0.63247931875 0.637318403125 0.6328049546875001 0.6399704890625 0.6297778625 0.642400809375 0.6311948421875 0.6452356078125 0.6343244203125 0.6494436968749999
0 0.6779471765625 0.63521950625 0.6809530390625 0.633583578125 0.680290909375 0.624321815625 0.6778333390625 0.6159139359375 0.676495053125 0.612752759375 0.67525254375 0.610371609375 0.6680386921875 0.6106239312499999 0.6680433328125 0.6174327109375 0.6700945 0.6244652796875 0.6709264593750001 0.627371909375 0.66875463125 0.630964071875 0.671475734375 0.6347472437499999 0.6779471765625 0.63521950625
0 0.7282891953124999 0.67765386875 0.727950625 0.6719945890625 0.724533721875 0.6654464265625 0.7184257328125 0.6592286875 0.71564301875 0.65687829375 0.7122369749999999 0.6542877203125 0.7102479109375001 0.6545319468749999 0.7076976234375 0.6618127890625 0.711705765625 0.66543793125 0.71505434375 0.667560490625 0.7181243828125 0.672250959375 0.7206135515625001 0.6751124671875 0.7244493000000001 0.6773335640625 0.7282891953124999 0.67765386875
0 0.7212462656249999 0.6531815187500001 0.7245202984375 0.6537296593749999 0.7229009078125 0.6453772203125 0.71865619375 0.634021634375 0.7165180359375001 0.631117028125 0.7103784484375 0.6304456625 0.7108598890625 0.6421049625 0.714606575 0.64940441875 0.71568755 0.6543391140625 0.7181575625 0.6570446171875 0.7203102359375 0.6532964484375 0.7212462656249999 0.6531815187500001
0 0.61697843125 0.280859878125 0.622652078125 0.2806383125 0.6239857234375 0.27699070937500003 0.6213453890625 0.2719307640625 0.6201008046875 0.2705000109375 0.6189986000000001 0.26635970625 0.6165223671875 0.26650539218749997 0.6149013953125 0.267812921875 0.6145037796875 0.2713455953125 0.6134274421875 0.2732196796875 0.6114787625 0.27282552031249996 0.6072474734375 0.2731867 0.60226548125 0.2780740484375 0.6056782359375 0.28652300625 0.6082331640625 0.2860509421875 0.6105370031249999 0.28450121093749997 0.6128237609375 0.28184507812500004 0.61697843125 0.280859878125
0 0.5776142 0.3626546796875 0.57754221875 0.3688394390625 0.581273896875 0.3740820984375 0.5864479296875 0.3794643703125 0.590185828125 0.381855840625 0.59486390625 0.3822315859375 0.5944528640625 0.37404749375 0.5901936328125 0.36934468125 0.5871748375 0.36797341562499997 0.586751353125 0.365491703125 0.5837600078125 0.36047485625000003 0.5806029796875001 0.35991234843750003 0.5776142 0.3626546796875
0 0.5695271296875 0.30743092656250004 0.5719179578125 0.301753234375 0.573872859375 0.299296203125 0.5697627203125 0.297742225 0.5697264828125 0.29647981875 0.5702007203125 0.293571165625 0.56704161875 0.2939590546875 0.566050196875 0.2926555734375 0.5634761140625 0.29297163125000003 0.5620233906250001 0.297583996875 0.5616490765625 0.2993718828125 0.5591707687499999 0.300467965625 0.5549757140625 0.3020915515625 0.55082983125 0.307984740625 0.5531662500000001 0.3183077796875 0.5565785140624999 0.3180471625 0.5616138234375 0.315528621875 0.565249234375 0.31128168125 0.5695271296875 0.30743092656250004
0 0.56495705625 0.37371019843750003 0.5631398953125 0.366648896875 0.5630078828125 0.364606465625 0.561069571875 0.359460325 0.5570893703124999 0.3608991734375 0.555657875 0.36471714843749997 0.5543516796875 0.36471917343750004 0.550571321875 0.3639164875 0.545691328125 0.366732671875 0.5455810359375 0.372605421875 0.5499018796875 0.37587545625 0.554952196875 0.3754137109375 0.5612683265625 0.3755883296875 0.56495705625 0.37371019843750003
0 0.5608137359375001 0.3873625625 0.560460159375 0.379646484375 0.5571307375 0.3776799328125 0.55303560625 0.3781827515625 0.549099934375 0.3770824203125 0.54447725 0.3781250859375 0.5430757703125 0.38605665624999996 0.5440118 0.3859417265625 0.551664140625 0.3902279171875 0.5598140203125 0.389860665625 0.5608137359375001 0.3873625625
0 0.5259495640625 0.44390113906249995 0.5285360890625 0.4378827046875 0.5305929875000001 0.4333545109375 0.5300033296875 0.4266175625 0.524199746875 0.4238463 0.5219746 0.4250696546875 0.5192369109375 0.42888965468749995 0.5193647734375 0.43283287968749995 0.519164928125 0.4350744140625 0.5160974546875 0.43814312031249997 0.5160679296875 0.44273909843750003 0.5186337187500001 0.44622462656249995 0.5225926921874999 0.44558016718750004 0.5259495640625 0.44390113906249995
0 0.5409628203125 0.2643812375 0.5419304484375 0.258719934375 0.540064609375 0.2560986046875 0.5354802328125 0.25745328125 0.5319680453125 0.258834665625 0.5305194703125 0.26154623906249996 0.5270435203125 0.2641900296875 0.524167596875 0.2688187875 0.5234976625 0.2720681828125 0.521013134375 0.2760154546875 0.5242938781250001 0.2824219796875 0.5288357968749999 0.28265608593749997 0.5345964296875 0.278306559375 0.5394231078125 0.273121565625 0.5409628203125 0.2643812375
0 0.5262145078125 0.3135408328125 0.531891809375 0.3027089015625 0.5283516828125 0.29902629531249997 0.523629075 0.301189728125 0.5216291515625 0.2974763640625 0.51788295625 0.29888648125 0.5172684140625 0.3035542875 0.51732173125 0.3059230953125 0.512888521875 0.3094762078125 0.5090786421875 0.3132694984375 0.51231278125 0.32316559843750003 0.5131318078125 0.323065034375 0.5165653015625 0.3220100265625 0.5201582546875 0.3193518703125 0.5262145078125 0.3135408328125
0 0.5064506421875 0.3382958625 0.5029167359375 0.3317620640625 0.5000744828125 0.3298940515625 0.49874241875 0.3238816875 0.4956237 0.323631190625 0.4935688765625 0.3272089859375 0.4942838328125 0.33012998437499996 0.4915502890625 0.332049190625 0.48443270624999996 0.341791109375 0.4856607015625 0.350825034375 0.4875498421875 0.351701575 0.49445306406249995 0.350853965625 0.5026324671875 0.3458907375 0.5064506421875 0.3382958625
0 0.4818909265625 0.27369299375 0.47742977656249996 0.2721821140625 0.47495354218749997 0.2723278 0.4742411515625 0.27716598124999997 0.47252233125 0.27864388125 0.4663661546875 0.285575684375 0.46806216406249995 0.29455214375 0.47030438906249994 0.294435190625 0.476626740625 0.2917586203125 0.4818681171875 0.2841473546875 0.4818909265625 0.27369299375
0 0.46252189687499995 0.35873354375 0.46591915312500004 0.3564161296875 0.46540818906250003 0.34935280468749996 0.463897509375 0.3447875859375 0.46303345937499996 0.3387177546875 0.460110440625 0.338126515625 0.45731735625000003 0.340528103125 0.4575409953125 0.345251353125 0.4526630734375 0.3471171421875 0.44397527031250006 0.3527762203125 0.4467476171875 0.359878596875 0.4517280265625 0.3646512171875 0.4576589828125 0.36265613124999996 0.46252189687499995 0.35873354375
0 0.42722528437499996 0.2918067921875 0.423128078125 0.2932600078125 0.42393881093749997 0.296961028125 0.42700677656249997 0.3026018953125 0.4274198921875 0.309835590625 0.4320658796875 0.3070481375 0.4339674640625 0.30222230156249996 0.4326203921875 0.29415313906249996 0.42722528437499996 0.2918067921875
0 0.468793771875 0.441734284375 0.46977689843750003 0.446839353125 0.47407444062500004 0.45185417499999997 0.47996757656250005 0.45825665000000004 0.4843821234375 0.46325710625000005 0.48907728125 0.46473925312500003 0.491908675 0.4626496765625 0.4928866703125 0.452236390625 0.48656382656249997 0.4462033890625 0.48251115312500004 0.445117425 0.4795772734375 0.44056859375 0.47597138437500003 0.4402195578125 0.4709976875 0.441305321875 0.468793771875 0.441734284375
0 0.465128728125 0.4863658875 0.4599277375 0.49333876718749997 0.4587281765625 0.49807840625 0.45921998437499995 0.5049857265625 0.460669053125 0.5109837234375 0.4612116140625 0.5125006765625 0.4689105609375 0.513297290625 0.47071636874999995 0.507691428125 0.47369428906250005 0.5009915078125 0.4763553609375 0.4965474875 0.47676541875 0.48731243593749995 0.47274226874999997 0.4816304953125 0.465128728125 0.4863658875
0 0.424686409375 0.4636191125 0.4304066609375 0.459907971875 0.428382940625 0.44922982187500005 0.42426401562500005 0.44276785781249994 0.4198877796875 0.43807941093749997 0.41566735 0.4423981828125 0.41761030000000005 0.454353103125 0.424686409375 0.4636191125
0 0.4073910203125 0.31308661249999997 0.40299148125000006 0.310142953125 0.3954840859375 0.3109063890625 0.392848390625 0.312655225 0.3895619171875 0.3178094609375 0.389091828125 0.3188173234375 0.3900557984375 0.3237663859375 0.3955487546875 0.325942359375 0.399743809375 0.32431877343750004 0.4033647046875 0.3267246078125 0.40716629062500004 0.32673290312500003 0.4091677953125 0.3207863 0.4073910203125 0.31308661249999997
0 0.4000416109375 0.28611818125 0.39691410625 0.280959696875 0.386015675 0.2811893578125 0.3805211359375 0.2886733515625 0.3747563546875 0.2949236703125 0.37299715 0.29703995625 0.37361011093749996 0.3020321171875 0.3780225828125 0.3079829703125 0.385970053125 0.3020980765625 0.3890949921875 0.29949738593749997 0.3919755546875 0.3016774078125 0.3950026453125 0.2992470875 0.398189196875 0.29521361874999996 0.4000416109375 0.28611818125
0 0.33206084062499996 0.3041249453125 0.335632565625 0.3022611796875 0.335092078125 0.29979383125000003 0.32746718750000003 0.291862059375 0.3202171015625 0.290851975 0.316390140625 0.29353886406249996 0.31933902812500004 0.30014449375 0.323366325 0.30392564218749996 0.33206084062499996 0.3041249453125
0 0.3135064125 0.3106787796875 0.3166810140625 0.32105726093750003 0.3182916171875 0.3245017140625 0.32546715625 0.3239373828125 0.32492825000000003 0.311810065625 0.32094963125 0.30358894687500004 0.318928478125 0.3006699734375 0.3148566484375 0.2994280046875 0.3130912234375 0.3043954796875 0.3135064125 0.3106787796875
0 0.30330536406249997 0.3040134625 0.30079289375 0.3028967421875 0.29731487031250003 0.30649092968749997 0.2946325703125 0.311729340625 0.2927439203125 0.319562371875 0.2928759328125 0.321604803125 0.2943099921875 0.3255460046875 0.29782632656249997 0.3222638265625 0.300989575 0.31997514531250004 0.30517376875 0.3143939671875 0.30697335625 0.3116392953125 0.30567752812500004 0.3068893375 0.30330536406249997 0.3040134625
0 0.2834675515625 0.3001149625 0.279498209375 0.3055114015625 0.27751793281250003 0.310663615625 0.2765503046875 0.3163249171875 0.27988229375 0.3260506453125 0.288182846875 0.319172259375 0.2915267875 0.3144860359375 0.2943281640625 0.3082828640625 0.29348741718750004 0.300468246875 0.2899260609375 0.29758003125 0.2834675515625 0.3001149625
0 0.24300111562499999 0.37776945781250004 0.2496791171875 0.38185856875 0.2558570140625 0.3828419453125 0.2577161390625 0.37960489218750004 0.2531840984375 0.3659092296875 0.246016853125 0.3626719765625 0.239275165625 0.36096604062500004 0.233967540625 0.3632013046875 0.2361103359375 0.372914690625 0.24300111562499999 0.37776945781250004
0 0.2316211359375 0.402128503125 0.23968402812499998 0.4058892125 0.2453959828125 0.4059796578125 0.2516350015625 0.3968206859375 0.2525834734375 0.3910033765625 0.249377275 0.3861712703125 0.2384130828125 0.3897345 0.230805765625 0.39161870312499997 0.22883585625 0.392018934375 0.2316211359375 0.402128503125
0 0.342847484375 0.34784488125 0.34123360625 0.3532130046875 0.3411525703125 0.36017566562500003 0.3451403015625 0.363251525 0.347743246875 0.3572271375 0.3511872015625 0.3580521953125 0.352159375 0.3550804328125 0.3521949453125 0.348836453125 0.34673673125 0.345762871875 0.342847484375 0.34784488125
0 0.342438196875 0.3946030859375 0.33777552499999997 0.3990976328125 0.3355677375 0.405073503125 0.33831751875 0.41222340468749996 0.34458706562499997 0.40557053906249996 0.3475280375 0.4055659828125 0.351498871875 0.4063263484375 0.3523294328125 0.3978454609375 0.347994340625 0.3930295046875 0.342438196875 0.3946030859375
0 0.3427148484375 0.45892625625 0.3402243921875 0.4636889109375 0.345553775 0.47551376875000007 0.3582326984375 0.4785921328125 0.3591448484375 0.472953621875 0.35509942968749997 0.4661410765625 0.34585456875 0.458362471875 0.3427148484375 0.45892625625
0 0.38415121874999997 0.489315159375 0.3816007375 0.49141106562500003 0.379598703125 0.4936179046875 0.3758936421875 0.4917552578125 0.37485677812499996 0.49420013906250004 0.3752880625 0.4977126765625 0.37758966250000003 0.49903454687500004 0.377937025 0.50077464375 0.3783374078125 0.508391290625 0.38772566406250003 0.5108040500000001 0.3876848703125 0.5093828625000001 0.387785134375 0.5036657640625 0.3860745546875 0.49300104375 0.38415121874999997 0.489315159375
0 0.5445373984375 0.663050175 0.5384159140625 0.6621973265625 0.534189196875 0.668064540625 0.535070996875 0.676335178125 0.5399137421875 0.6798408796875 0.5412239375000001 0.6828889499999999 0.5431857328125 0.6890659578125 0.5485652484375 0.6980322671875 0.55446875625 0.6981987796875 0.5554671625000001 0.6932627765625 0.5548056734375 0.684608540625 0.5502497171875 0.6703711484375 0.5445373984375 0.663050175
0 0.5484466703125 0.5914386046875 0.54428409375 0.5880276624999999 0.5414509421875 0.588910353125 0.5397292421875 0.5934003421875 0.53691765625 0.5944586593750001 0.5328319968749999 0.5960299625000001 0.5286245093749999 0.6031427390624999 0.5322293046875 0.6107224828125 0.535105584375 0.610191046875 0.54145205 0.608520425 0.5498122234375 0.5992932921875 0.5484466703125 0.5914386046875
0 0.4430219609375 0.6769409015625001 0.446228153125 0.6660290265625 0.4469794625 0.6536358296875 0.4467300296875 0.6472485703124999 0.44184649374999996 0.642321678125 0.43408489531249994 0.648801196875 0.4330101234375 0.6585599906249999 0.43416758906249997 0.6712536453125 0.43230950156250003 0.6778996765625 0.43485064375000004 0.6800835078125 0.4430219609375 0.6769409015625001
0 0.38505999687500003 0.6361018625 0.39302734375 0.625853315625 0.3945334015625 0.6196070578125 0.3887132625 0.6114079484375 0.3831431109375 0.6194011374999999 0.38149310625 0.6212082046875 0.3747036828125 0.624715959375 0.37284559375000004 0.631361990625 0.375001465625 0.6391196406249999 0.38505999687500003 0.6361018625
0 0.39762317812500003 0.7525770953124999 0.39596617031250003 0.757593965625 0.39624183749999997 0.7620169828125001 0.395159509375 0.7651805453125 0.39358408906250003 0.7730397906250001 0.40271824218749996 0.771205159375 0.40483276874999996 0.7677365859374999 0.4064105234375 0.75880740625 0.4029974703125 0.7538782375 0.39762317812500003 0.7525770953124999
0 0.42579316718750004 0.7674805421875 0.4210244546875 0.7602219828125001 0.4174079875 0.7579919109375 0.413537971875 0.7613194812499999 0.41330131718749996 0.7691926234375 0.41518152500000005 0.7725272546874999 0.417365965625 0.7772507296875 0.4191459078125 0.786302459375 0.4235695921875 0.7907509890625 0.4304283765625 0.78563024375 0.430368353125 0.7829634953125 0.42974298906249997 0.7778703171875 0.42579316718750004 0.7674805421875
0 0.2705618015625 0.7620410703125 0.27409158125 0.76354674375 0.2766000890625 0.762657015625 0.2771884078125 0.7556041046875001 0.2787587046875 0.7470732703125 0.274332546875 0.7406360609375 0.27278510312500004 0.7386930796875 0.2673642703125 0.7395525796875 0.26712016250000004 0.752962178125 0.267951253125 0.754993115625 0.26446330625000003 0.7561970140625001 0.26485696718749996 0.7617719984375 0.26626367968750003 0.7625688140625 0.2705618015625 0.7620410703125
0 0.2654999453125 0.7077867359375001 0.27263651875 0.713794196875 0.27971796250000003 0.7122460265624999 0.2835888109375 0.7106073015625001 0.2844325984375 0.7068194515624999 0.28179605625000004 0.7007442296875 0.27781300937500003 0.699100303125 0.2730825359375 0.7008445765625 0.270797821875 0.6976347671875 0.265660990625 0.6996228437500001 0.2654999453125 0.7077867359375001
0 0.3294042453125 0.7521014203124999 0.332905490625 0.75574358125 0.3406757234375 0.7503296421875 0.344702540625 0.7428545375 0.3421179859375 0.7348338546875001 0.331409434375 0.7411902953125 0.3291304015625 0.746317815625 0.3294042453125 0.7521014203124999
0 0.324075296875 0.765553634375 0.32732361249999997 0.7647669765625 0.32488232968749997 0.7567287015625 0.3209975796875 0.7428565265625 0.31759015625 0.7399784765625 0.31159370000000003 0.7420721015625 0.3132590234375 0.755635065625 0.31694029375 0.76429671875 0.324075296875 0.765553634375