0 0.6112826250000001 0.87230368125 0.6091103437500001 0.8728735375 0.6088446937499999 0.87431711875 0.603148340625 0.8771853421875001 0.6197137765625 0.8835752484375 0.63439970625 0.88215095 0.6447702484375 0.887194525 0.6404640765625 0.88107129375 0.6553245484375 0.8746488031249999 0.6433872375 0.8713262265624999 0.6354556484375 0.8704035359375 0.6112826250000001 0.87230368125
0 0.57479761875 0.8631195953124999 0.5631720234375 0.8631979062499999 0.5622783375 0.8641352703124999 0.5640948859375 0.86758870625 0.564933290625 0.8743979843749999 0.5756877203124999 0.874612109375 0.5846378859375 0.8771846562500001 0.6013947515625 0.8780926765625001 0.60546138125 0.872584684375 0.6038541796875 0.8692999890625 0.594898384375 0.8668886734375001 0.5840021734375 0.8645710265625001 0.57479761875 0.8631195953124999
0 0.57943598125 0.8597301421875001 0.5797308046875 0.8636147234375 0.581801740625 0.8659470421875 0.5881890859375 0.8679458078125 0.601399359375 0.871797121875 0.6088446937499999 0.87431711875 0.6150104109375001 0.8703352859375 0.602959471875 0.8641030296875 0.5927194484375 0.8614854390625 0.580782140625 0.8581628640625001 0.57943598125 0.8597301421875001
0 0.5982402390625 0.8574810859375 0.6010067734375 0.8583848390625001 0.6036990921875 0.8552502843750001 0.6061088703124999 0.8540430078125001 0.60778824375 0.8490973640625 0.6003203890625 0.847222296875 0.5872237453125 0.846280665625 0.5775216734375 0.8467490046874999 0.5763474265624999 0.8495877734375 0.585063746875 0.8526623796875 0.59423451875 0.855081203125 0.5982402390625 0.8574810859375
0 0.5681999046875 0.85481776875 0.5721662109375 0.858346275 0.57428781875 0.8592275062500001 0.5805164921875 0.8596064437500001 0.5947724703125 0.8581671312499999 0.5997788515625 0.85656624375 0.6052489671875 0.854012978125 0.60819004375 0.8499185390624999 0.6046931015625 0.8452764234375 0.590962790625 0.84398980625 0.5747269859374999 0.8466514125 0.5689630703125 0.85145441875 0.5681999046875 0.85481776875
0 0.6435843 0.8656831078125 0.6412420859375 0.8649556015625001 0.63483785 0.8634405328125 0.622204940625 0.861546525 0.6205076546875 0.8608415390624999 0.61813268125 0.8672157468749999 0.623179496875 0.8706205578124999 0.635133696875 0.8734594375 0.6396087796875001 0.8747457093750001 0.6472803515625001 0.8769507515624999 0.65011445 0.87591971875 0.6515338046875 0.8722564265624999 0.653711715625 0.8715253374999999 0.653467565625 0.86618966875 0.6435843 0.8656831078125
0 0.65331913125 0.8581130546875 0.645873796875 0.85559305625 0.6424398109375 0.8553117109375 0.641258978125 0.86447190625 0.6508822234375 0.8662608140625 0.6540392984375 0.86830820625 0.656065190625 0.87193038125 0.6667295359375001 0.8747242156249999 0.6673171375 0.870224734375 0.6673621796875 0.8689348796875 0.66791036875 0.8655640218749999 0.662416709375 0.8626278921875 0.6621985296874999 0.862334753125 0.65331913125 0.8581130546875
0 0.6643514921875 0.86269545625 0.67334209375 0.8702737015625001 0.6756617874999999 0.8716461359375 0.6802269562500001 0.8703526984375 0.6795078109375 0.8662918703125 0.6843724109375 0.862587459375 0.6804624078125 0.8574466328125 0.6700524531250001 0.8535316796875 0.66128348125 0.8519340328125 0.6547328546875 0.85461099375 0.6571492859375 0.85937680625 0.6603288828125 0.8607792703125 0.6643514921875 0.86269545625
0 0.6780009328125 0.853970675 0.66896068125 0.853977840625 0.671224071875 0.85696259375 0.6778207625 0.8591301 0.6811590328125 0.8621523874999999 0.6839547421875001 0.8683843031249999 0.6937254 0.872115503125 0.69405298125 0.8688983718750001 0.6971865140625 0.8654563671875 0.6949231250000001 0.8624716125 0.6934802265625 0.8606455109375 0.6892651625 0.8580768875 0.6780009328125 0.853970675
0 0.7070672375 0.8598660125 0.701478065625 0.8553609671875 0.6886073640625 0.8515089843749999 0.6788016781249999 0.8508263109374999 0.678197521875 0.8508052125000001 0.6763257125 0.8524411109375001 0.6804638296875 0.8551942218749999 0.6871537890625 0.858490115625 0.69095818125 0.8621389140625 0.6946557640625 0.86884625625 0.7011820984375 0.8681668203124999 0.7027050781249999 0.87218961875 0.7052759828124999 0.8678561124999999 0.7081212765625 0.8643261078125001 0.7070672375 0.8598660125
0 0.6198844953125 0.8491091296875 0.6201872921875 0.8534295703125 0.62984985 0.8538804125 0.64173771875 0.8512332718750001 0.641208721875 0.8490598640625 0.6363193671875 0.8461671031250001 0.6332827578125 0.8465147328124999 0.624316059375 0.847789453125 0.624010025 0.8478921843749999 0.6198844953125 0.8491091296875
0 0.64247421875 0.8344731875000001 0.627533915625 0.8379210765625 0.6279830796875 0.8380501796875001 0.6281182953125 0.838508571875 0.6299717609375 0.8460588578125 0.6344792046875 0.8468967656249999 0.6428417453125 0.8456009453125001 0.6473847921875 0.8454193390625001 0.6531440625 0.8450533703125 0.6515973484375001 0.8417102468750001 0.6500229453124999 0.83916008125 0.6486905640625 0.8340097609375 0.64247421875 0.8344731875000001
0 0.664297234375 0.8461233515625001 0.66653585 0.85130531875 0.6708250062500001 0.854063703125 0.6766831718749999 0.8508657484375 0.6871088375000001 0.851116403125 0.697204734375 0.8521494640625 0.6972798953125 0.8499971546875 0.6993581234375 0.8467806171875001 0.6987690703125 0.8419965078124999 0.692755190625 0.8409925765624999 0.6853463546875 0.8409606890625 0.674745915625 0.8413844359375 0.6651887328125 0.84243613125 0.664297234375 0.8461233515625001
0 0.6983864390625001 0.8356317625 0.683250865625 0.83601055625 0.6820148609375 0.8367613171875 0.68171745625 0.8409473828125 0.6876640875 0.843877065625 0.69806601875 0.8448073968750001 0.7021645765625 0.848693303125 0.7056503484375 0.848474775 0.712522275 0.8465598156249999 0.7121957437499999 0.8429190484375001 0.7108119375 0.8392413624999999 0.705326334375 0.83610094375 0.6983864390625001 0.8356317625
0 0.6896959296875 0.8246670281249999 0.6840481390625001 0.8261710671875001 0.6826215359375001 0.8280493484375 0.68383848125 0.8321748781249999 0.6827891171875 0.8319113984375001 0.683647884375 0.8333023984375 0.6859292953125 0.832928396875 0.694752865625 0.8314218406249999 0.7034253984375 0.8299100109375 0.7075271921875 0.8293727437499999 0.7073081859375 0.8269833265625 0.705204784375 0.8222597531250001 0.700367571875 0.8222042515625001 0.6933604296875 0.8236608203125 0.6896959296875 0.8246670281249999
0 0.6610315499999999 0.83137844375 0.6629396796875 0.833032921875 0.667407565625 0.8350036265625 0.671179590625 0.8352487656250001 0.68800033125 0.8342483109375 0.6911840234375 0.8340192359374999 0.6917439484375 0.8309765140625001 0.6939336578125 0.8288980468749999 0.688257459375 0.8268851484375 0.682525878125 0.8264581625 0.6635905875 0.827384771875 0.6610315499999999 0.83137844375
0 0.7060020578125 0.8124202625000001 0.7060937609375 0.8141247296874999 0.6966779 0.8152703484374999 0.6939876015625 0.818692346875 0.6926368796875 0.8227282125000001 0.6914483437500001 0.8221196203125001 0.691416696875 0.8230258546875 0.6927681406249999 0.8232998828125 0.70184631875 0.8231632296875 0.7086272640625 0.8238536953125 0.7142315406249999 0.82359573125 0.7164014703125 0.8220836625000001 0.717163859375 0.8175735812499999 0.7135738 0.8121175859375 0.7083230281249999 0.8109134671874999 0.7060020578125 0.8124202625000001
0 0.6664779578125 0.8139889078125 0.66631900625 0.8142101921875 0.66715008125 0.8163941484375 0.6754460921875001 0.8213339734374999 0.6813010234375 0.8225591906249999 0.6933881203125 0.8228678625000001 0.6958000734375 0.818755640625 0.69472625625 0.8148619421875001 0.6897933875 0.8132152546875 0.6845070125 0.8130306515625 0.6789858078125001 0.8109097468750001 0.6664779578125 0.8139889078125
0 0.649619096875 0.82474194375 0.6519677578125 0.8224421921875 0.656347178125 0.8182852546875001 0.6578252046874999 0.8149343421875 0.6582340906249999 0.8118863453125 0.653687090625 0.81218123125 0.6492159671875 0.8146337000000001 0.6447488 0.816972890625 0.642547221875 0.819391196875 0.646884565625 0.825100121875 0.649619096875 0.82474194375
0 0.629770021875 0.80420071875 0.6230498515625 0.81043085 0.6251690765625 0.8147013046874999 0.6248669984374999 0.8146907562499999 0.6275659250000001 0.8153520921874999 0.6307021484375 0.8164823703125 0.6390726 0.814959990625 0.6433570828125 0.8135217640624999 0.6456219515625 0.809290984375 0.6471798140625 0.8079843765625 0.646053853125 0.80125341875 0.64425325 0.8008502875 0.6357080234375 0.80304706875 0.629770021875 0.80420071875
0 0.684911584375 0.7841232921875 0.68278516875 0.784389290625 0.689749515625 0.7884886875 0.7052511796875 0.7906178640625 0.71013514375 0.78500411875 0.71669708125 0.78330516875 0.719776484375 0.7774015703125 0.7129038375000001 0.7750066390625 0.7065950734374999 0.7694557046875 0.69817715 0.7723374359374999 0.6983289078125 0.776652603125 0.684911584375 0.7841232921875
0 0.6820188296875 0.7413772609375 0.6858897500000001 0.7387904140625 0.685316521875 0.7335531875 0.6879949515625 0.730471028125 0.6784550234375 0.7265085234375 0.673189146875 0.730067415625 0.6674938859374999 0.73293080625 0.6642515765625 0.7391689671874999 0.668520953125 0.7424937515625001 0.6765860906250001 0.745383996875 0.6820188296875 0.7413772609375
0 0.62641084375 0.753158915625 0.6307309265625001 0.7507011718750001 0.6357659296875 0.7450927015625 0.638885609375 0.742366203125 0.6376211953124999 0.7396000265625 0.6369490703125 0.7371947859375 0.6372781203125 0.732102484375 0.626411925 0.7358060625 0.6197708703125 0.7397706015625001 0.6166637765625 0.74646715625 0.6207385999999999 0.7510327375 0.62641084375 0.753158915625
0 0.559391840625 0.7669238593750001 0.566935890625 0.7674141375 0.5669200671875 0.76786725625 0.5702303468750001 0.7640132375 0.57242329375 0.7575115968749999 0.5788302359374999 0.75592065 0.575335834375 0.7520558421875 0.57525204375 0.7501248171875 0.572779315625 0.7473164453125001 0.5678115625 0.750999165625 0.559664071875 0.7547976828125 0.5550386734375 0.7616680515625001 0.559391840625 0.7669238593750001
0 0.656655025 0.7098687875 0.6547041015625 0.713770275 0.654056428125 0.7149952515625 0.6575389640625 0.719199896875 0.6654206953124999 0.7186812109375 0.672193728125 0.7195982359374999 0.6770665421875 0.718634221875 0.68038940625 0.7187502593749999 0.68190375625 0.7186897234375 0.68479651875 0.7138003671875001 0.6769101109375 0.710122440625 0.6683404296875 0.708689003125 0.656655025 0.7098687875
0 0.6598009578124999 0.6977295453125001 0.6603608828125 0.6946868234375 0.6541438187499999 0.6908403562500001 0.6506145359375 0.6923049578125 0.6472125546874999 0.6944545078125001 0.64123966875 0.70093756875 0.6427267546875 0.7056821859375 0.6503588453125 0.7082879078125 0.6559782265625 0.7032669328125001 0.6599645828125 0.701704875 0.6598009578124999 0.6977295453125001
0 0.6635603984375 0.6940046296875 0.674022384375 0.6975456624999999 0.6735653109374999 0.6976431187500001 0.6801952171875 0.6983283109375 0.6842686015624999 0.69427410625 0.69095316875 0.6890634921875 0.69585295625 0.6829966296875 0.6871717937499999 0.6804251234375001 0.6846627453125 0.6743263734375 0.6813801578125 0.6773874359375001 0.6738724265625 0.680187534375 0.6674820265625 0.68563525625 0.6635603984375 0.6940046296875
0 0.6731837609375 0.6739255187500001 0.67215813125 0.6729823609375 0.671848859375 0.677508265625 0.6768813437500001 0.6806328609375 0.6844095734375 0.6815762578125 0.6906892109375 0.6793003609375 0.6967300625 0.67520144375 0.6950006640625 0.6727592828125 0.6856236421874999 0.6684622124999999 0.6838072171875 0.6685122015625 0.6729244765625 0.668359003125 0.6731837609375 0.6739255187500001
0 0.7104699625 0.6714848 0.7108432453125 0.6694563203125 0.7166460296875 0.6678442765625 0.7221546484375 0.6659951234375 0.7268843359375 0.6647992781250001 0.72686779375 0.6609425015625 0.7306470125 0.6566511890625 0.7245058281250001 0.6549623046875 0.7149151953125 0.6567823265625 0.7096493171875 0.66034121875 0.7062994812500001 0.66532803125 0.7104699625 0.6714848
0 0.7073927140625 0.690318078125 0.7005833609375001 0.686110675 0.6968034234375 0.6860920953125 0.690583840625 0.69097869375 0.6905212671875 0.697101059375 0.69735435625 0.7006287859375 0.6990276546875 0.700346965625 0.7024573265625 0.6974044578124999 0.7073927140625 0.690318078125
0 0.679445425 0.61153766875 0.6629228078125 0.61266195 0.6522202359375 0.6203408593749999 0.6595711718749999 0.6306917234375 0.6649808953125 0.6316745578125 0.6744323578125 0.6295094234375 0.6765494249999999 0.6208501984375 0.679445425 0.61153766875
0 0.5784098578125 0.642374959375 0.5785515484375 0.63398700625 0.5649605328125 0.6247792421875 0.5575596078125 0.624520796875 0.5570065140625 0.6446898125 0.5693759125 0.645575434375 0.5784098578125 0.642374959375
0 0.5074116890625 0.6531655078124999 0.5040302078125001 0.65905855625 0.5022219359375 0.66863590625 0.5081567 0.6719054265625 0.514297165625 0.6692844171875 0.516414953125 0.6649350843749999 0.5233976421875 0.6598482984375 0.5275983328125 0.6564790453125 0.5271108078125 0.656348603125 0.5187910609374999 0.65208845625 0.5074116890625 0.6531655078124999
0 0.53444509375 0.598988584375 0.5380826234375 0.6030852265625 0.5365524515625 0.6035988796875 0.5459327093749999 0.603472775 0.5510317234375 0.6003617265625001 0.550549478125 0.592519071875 0.5536051468750001 0.5872951515625 0.554832521875 0.58246105625 0.5475826359375 0.582207884375 0.5476506031249999 0.5845920265625 0.540257590625 0.584107021875 0.5400439765625 0.5902241125 0.53444509375 0.598988584375
0 0.6248940015625 0.5714109625 0.62780654375 0.565955209375 0.6293669234375 0.5559155328125 0.623265296875 0.5530938546875 0.6208652109374999 0.556866240625 0.6198323890624999 0.5604595359375 0.6180609125000001 0.5678832359375 0.6190833046875001 0.5732495656250001 0.6200053640625 0.5728280953125 0.6248940015625 0.5714109625
0 0.6583869671875 0.513036328125 0.65710025625 0.5195696140625 0.649736371875 0.526911440625 0.654789353125 0.5337795328125 0.652670846875 0.5338189703125 0.6579334875 0.5346832499999999 0.66261103125 0.53065014375 0.6693628453125 0.523513778125 0.6751181609375 0.5232610890625 0.6786190375000001 0.51827955 0.671857871875 0.5170226875 0.6757762640625 0.5130764859375 0.6753975859375 0.5065984609374999 0.6634266453125 0.5116244703125 0.6583869671875 0.513036328125
0 0.7206654921875 0.5310896031250001 0.719517234375 0.5336581109375 0.7112384828125 0.53688495625 0.7162155859375 0.5415954640625 0.7213667453125 0.5413216750000001 0.72453856875 0.5414324374999999 0.7284134453125 0.5387323125 0.731684165625 0.5360110890625001 0.735686346875 0.5339959125 0.732231503125 0.5289983109375 0.734297865625 0.5261216125 0.728903965625 0.524685659375 0.7270400687499999 0.526095 0.720792078125 0.5274646609375 0.7206654921875 0.5310896031250001
0 0.7036577546875 0.50713165625 0.6996120578125 0.51039290625 0.6992276265624999 0.5170711203125 0.704828665625 0.521236328125 0.70686338125 0.5192658640625 0.711755975 0.5177354546874999 0.7132340015625 0.5143845390624999 0.71614330625 0.513351959375 0.7177486390625 0.510685996875 0.723685921875 0.5052224515625 0.7243335921875 0.5039974734375 0.7151637109375 0.5024296625 0.7092217546875 0.50369659375 0.707055778125 0.505095384375 0.7036577546875 0.50713165625
0 0.5581943500000001 0.49808234687499997 0.5525940296875 0.49822703281249997 0.54802329375 0.49920159531249997 0.544713015625 0.5030556125000001 0.54924886875 0.507410459375 0.556591175 0.513677990625 0.560443753125 0.5202773281249999 0.566780209375 0.5250353062500001 0.5678558265625 0.5158860421875 0.569624065625 0.5128855156250001 0.5668848609375 0.5090470796875 0.5615700765625 0.5053455375 0.5581943500000001 0.49808234687499997
0 0.6706812109375 0.46843886718750005 0.665594065625 0.4712100765625 0.65894114375 0.47551445625 0.6575508625 0.48068311562500005 0.6643641703125 0.4847772390625 0.6671382593749999 0.48328626718749995 0.6745708296874999 0.4826384765625 0.67972918125 0.4778282375 0.6830038578125001 0.4749937328125 0.6866920921874999 0.47330784843749996 0.684533309375 0.47017018750000006 0.684699453125 0.46541245 0.68289813125 0.46069942499999994 0.6753983125 0.46327296406249996 0.6710063046875 0.4634598453125 0.6706812109375 0.46843886718750005
0 0.7200217828125 0.4845659109375 0.7249672390625 0.4901826546875 0.726632628125 0.49012739375000003 0.7333653828125 0.4878673203125 0.73794403125 0.4866662 0.7414337578125 0.48633439375 0.7409047609375 0.48416098593749995 0.743583190625 0.4810788265625 0.7364764328125 0.48105748750000005 0.7336976703125 0.478351846875 0.7298425734375 0.48048557656249996 0.724957890625 0.4817894265625 0.7200217828125 0.4845659109375
0 0.7261618921874999 0.4559722609375 0.71887245 0.4568518828125 0.7156333765625 0.45866687187500005 0.7162501203125 0.462658025 0.7193989281250001 0.46775835781249997 0.7152694421875 0.46908858125 0.71753503125 0.46916769843750006 0.733417171875 0.464731940625 0.7373639703125 0.464302678125 0.742641715625 0.46040394687499997 0.742685228125 0.45915787343750003 0.7439086484375 0.45443705625 0.7375926890625 0.4534225765625 0.7312569515625 0.4529744921875 0.72698038125 0.4541861609375 0.7261618921874999 0.4559722609375
0 0.6969088250000001 0.43623681875000003 0.6984159812499999 0.4407127359375 0.6935043265624999 0.44711943749999994 0.69502730625 0.45114223750000004 0.7017251765625 0.454211571875 0.7041536734375 0.45395612500000004 0.708418375 0.4530842921875 0.7101747453125 0.45042360312499996 0.710217540625 0.4448676359375 0.7139097328124999 0.44306847187500004 0.7142427390625 0.43786289062500006 0.7116790281250001 0.43765994687500004 0.71564416875 0.42804449843750003 0.70268715625 0.4309945578125 0.7002949828125 0.434540384375 0.6969088250000001 0.43623681875000003
0 0.6947277515625 0.39476323281250003 0.695551634375 0.4014836421875 0.7010933359375 0.4073480421875 0.706105321875 0.406729140625 0.710835009375 0.40553329375 0.7112431765625 0.398175403125 0.7176817640625 0.395678221875 0.7164489984375 0.39200580937499996 0.71370188125 0.3883939328125 0.7115186453125 0.3816260546875 0.705946734375 0.385287678125 0.6983077421874999 0.38751610625 0.698944265625 0.39094086093749997 0.6947277515625 0.39476323281250003
0 0.6665725921875 0.4042144515625 0.665921684375 0.4098626 0.66366076875 0.4139801 0.6610384390624999 0.419786240625 0.6619130281250001 0.420724121875 0.6638765390625 0.4207926890625 0.6761305 0.42065351875 0.6794447328125 0.4166862203125 0.6810216546875 0.41050332031250003 0.681593446875 0.40712076093749994 0.6806864921875 0.4027792203125 0.6780587687499999 0.40007885312499997 0.671762590625 0.398497975 0.6701177 0.40229673125 0.6665725921875 0.4042144515625
0 0.61552239375 0.4327142359375 0.612938903125 0.4330776890625 0.62546329375 0.433855303125 0.6307133484375 0.43074952812499995 0.631734303125 0.427496071875 0.6363208609375001 0.42606839062499996 0.635231221875 0.42262781250000003 0.63358885 0.41769350312500003 0.6292964578125 0.41935829062499996 0.6265784703125 0.4235732453125 0.621439896875 0.42781708749999997 0.61552239375 0.4327142359375
0 0.6064111296875 0.4251373375 0.6093725796875 0.42694201875 0.61518399375 0.429413309375 0.61885640625 0.428180540625 0.61957060625 0.42071992187499996 0.6253449828125001 0.415590940625 0.621608559375 0.41432628437499996 0.6270848124999999 0.409073475 0.61874600625 0.40968961875 0.6134635875 0.4093917359375 0.614517625 0.413851828125 0.6103050671875 0.417560921875 0.6064111296875 0.4251373375
0 0.5820200843750001 0.4350602546875 0.5900251671875 0.43533979843750004 0.6029544875 0.4331826953125 0.6091985234374999 0.4319263140625 0.6098699296875 0.4300216609375 0.6148495515625 0.425999103125 0.61291696875 0.42071440625 0.6057145515625 0.4191018796875 0.6009215718750001 0.42211019843750003 0.593759434375 0.42367477343750004 0.5839188640625 0.42832150625 0.5820200843750001 0.4350602546875
0 0.57905611875 0.4419886421875 0.5650813890624999 0.4437689859375 0.560503459375 0.4492800015625 0.558727309375 0.4525070859375 0.558735940625 0.4565904203125 0.559169278125 0.4571726421875 0.5628305421875 0.46058960625 0.569794171875 0.4603791109375 0.5701469578125 0.4546071328125 0.5770821765624999 0.45087970000000005 0.5795937453125 0.448245384375 0.5798871937500001 0.4441725984375 0.57905611875 0.4419886421875
0 0.636057628125 0.372979765625 0.644242159375 0.3767815203125 0.6517221984375 0.37477437812500003 0.6574498234374999 0.37531464375 0.6667581593749999 0.3729176765625 0.6633435921874999 0.371097171875 0.657293390625 0.3668028625 0.6510968265625 0.36669989062499997 0.6422250671875 0.36525590625 0.6325513609375 0.369454796875 0.636057628125 0.372979765625
0 0.6138908203125 0.349522165625 0.6129277671875 0.34245664374999996 0.6087209640625 0.33300949687500003 0.605178375 0.32619414999999996 0.6004170421875 0.3282962296875 0.5951788546875 0.3310621671875 0.59244504375 0.3357302390625 0.5982287687500001 0.3389944859375 0.6020338796875 0.3469531765625 0.607658653125 0.3504387078125 0.6099519328125 0.34972486875 0.61252355625 0.3497012546875 0.6138908203125 0.349522165625
0 0.6201740578125 0.32116034843749997 0.6185798765625 0.319176578125 0.607474890625 0.32105713593749996 0.60656541875 0.32544866093749997 0.60867673125 0.3299456765625 0.61190465625 0.3327804203125 0.6177840390625 0.3376358546875 0.6241870265625 0.33615818750000004 0.6265238203125 0.3341982734375 0.620266478125 0.3271747078125 0.6201740578125 0.32116034843749997
0 0.7026976 0.32676415468750003 0.704618315625 0.332388690625 0.711665734375 0.3341092203125 0.7181999828125 0.333203225 0.7196931140625 0.3250893 0.7253883734375 0.3222259078125 0.7296128000000001 0.3181769765625 0.7249535984375 0.3130239 0.7287565515625001 0.308052909375 0.718179846875 0.3077969796875 0.7143168375 0.31015726875 0.7112572125 0.31549446875 0.7089883859375 0.3198385265625 0.7026976 0.32676415468750003
0 0.67496211875 0.3025450046875 0.6822404109375 0.3063151125 0.685599596875 0.3097215296875 0.691334415625 0.3057253421875 0.6884750984375 0.296665503125 0.6783033234375 0.2934748578125 0.6774636171874999 0.287207565625 0.6742871187499999 0.2829001890625 0.6692434859375 0.28442532656249997 0.6655473390625 0.28633776875 0.6626499015625 0.2870305125 0.6676151375 0.2920808578125 0.6682714390625 0.29493921562500003 0.6736297359375001 0.297394684375 0.67496211875 0.3025450046875
0 0.69863033125 0.295999371875 0.69959123125 0.29013521249999996 0.6936201453125 0.28357531406250003 0.6963618687500001 0.2786806828125 0.6906770390625 0.2725844484375 0.6867586484375 0.27653065 0.68056208125 0.276427678125 0.6852773828125 0.2843047359375 0.68801730625 0.292453065625 0.6928908390624999 0.2957989453125 0.696054753125 0.29613626718749997 0.6975651453125 0.2961890125 0.69863033125 0.295999371875
0 0.7043076125 0.28065941875 0.707559990625 0.287124378125 0.7080407984375 0.2863472453125 0.7160016484375 0.2835629703125 0.71631883125 0.27881050625000003 0.7139086765625 0.2698797703125 0.7188803874999999 0.26608377031249997 0.717126534375 0.26001139218749997 0.707619690625 0.2637624390625 0.701228571875 0.2649002671875 0.70064095625 0.268735946875 0.7045172703125 0.2746556078125 0.7043076125 0.28065941875
0 0.6824159109375 0.26231521562500004 0.6825320671874999 0.2676498984375 0.6828024984375001 0.268566684375 0.6905331921875 0.268042721875 0.6996825765625 0.26586703749999996 0.7005596828125 0.2580718546875 0.7029083453125 0.25577210156249996 0.703110090625 0.24999485 0.7055979234375 0.248040209375 0.687830671875 0.2458319171875 0.6880939109375 0.251285153125 0.6865367671875 0.25690165625 0.6824159109375 0.26231521562500004
0 0.6848206718750001 0.2627394453125 0.6814377515625 0.26001270625 0.6755029875 0.2567431859375 0.671377459375 0.257960128125 0.6717798687500001 0.26375847812500003 0.6800244546875 0.2701709359375 0.6824734484375 0.273658984375 0.687271103125 0.27484728125 0.6887814953125 0.274900025 0.694265659375 0.26942065625 0.6848206718750001 0.2627394453125
0 0.67489703125 0.269765046875 0.6679161421875001 0.261808871875 0.6688817140625 0.260141328125 0.670593853125 0.2544168203125 0.6615947890625 0.25228788281250003 0.657031965625 0.25303588593750004 0.654755228125 0.257606503125 0.6534519734375 0.2602830140625 0.6587074203125 0.2656837484375 0.6607910421875001 0.27097371875 0.6708355140625 0.2734794140625 0.6740184874999999 0.2689404453125 0.67489703125 0.269765046875
0 0.65977728125 0.2696907234375 0.659589203125 0.262085178125 0.6594453546875 0.25754345 0.66266393125 0.251984965625 0.648422728125 0.25273524531249997 0.6473258937499999 0.2538311203125 0.6471162359375 0.25983493125 0.647299640625 0.2632438625 0.6472014640625 0.27038574375 0.647917103125 0.27154490937500003 0.65078289375 0.2717584015625 0.65977728125 0.2696907234375
0 0.6485122671875 0.2891454203125 0.6520012734375 0.2845037203125 0.647238503125 0.27798601562499997 0.6482911046875001 0.273826321875 0.6453447609375 0.26725863125 0.6396013109375 0.26717148281249997 0.6327966328125 0.26716069375 0.6293464656250001 0.26635970468750003 0.6300430421875001 0.2723951625 0.6362173109375 0.281797596875 0.6401608750000001 0.2857915078125 0.6468389671875 0.28942724062499997 0.6485122671875 0.2891454203125
0 0.6301437375 0.256520215625 0.6224669890625 0.246838478125 0.622943121875 0.24186473125000002 0.618272053125 0.2370514921875 0.609408925 0.2396908421875 0.60869005 0.2429548484375 0.6031853875000001 0.2446907203125 0.616502015625 0.253094978125 0.6173140296875 0.260155225 0.626050571875 0.26114081875 0.626340784375 0.2614912046875 0.6301437375 0.256520215625
0 0.626230021875 0.2646630296875 0.632676521875 0.26193928906249997 0.6292454140625 0.2562620109375 0.627233715625 0.253242903125 0.6224116078125 0.24842438906250003 0.6185360125 0.2468146234375 0.6129641015625 0.2504762453125 0.6085681375 0.2507764046875 0.6115026140625 0.2576839359375 0.61473845 0.26029212031250004 0.620080925 0.2632007046875 0.6228992453125 0.2647735515625 0.626230021875 0.2646630296875
0 0.6350755265625 0.27551975781250004 0.633055915625 0.272727209375 0.6277727796875 0.26811943125000004 0.619723465625 0.26477606875 0.6158967765625001 0.27042673437500003 0.6232674921875 0.2802112046875 0.6306889124999999 0.28421314531249997 0.6357530437500001 0.28643150624999997 0.6365003296875 0.2866844375 0.6386860828125001 0.28471924843749996 0.6350755265625 0.27551975781250004
0 0.6214924234375 0.2660854359375 0.6196792328125 0.26171224843749996 0.614415875 0.2565380734375 0.61297273125 0.25455958125 0.6078050312500001 0.2509765921875 0.5939133734375 0.2503780671875 0.6004576875 0.26217519375 0.6077960375 0.2685560046875 0.6134492203125 0.2755584734375 0.6220980171875 0.2747263203125 0.62402520625 0.27150450937500004 0.6214924234375 0.2660854359375
0 0.5709956796875 0.2527534546875 0.574469584375 0.2528747671875 0.5797512828125 0.2488627578125 0.5785336203125 0.240427334375 0.5710323640625 0.2343810875 0.5719695265625 0.22919660468749997 0.563825275 0.2285719484375 0.5588409796875 0.2283978921875 0.5517658671875 0.22747031875 0.5519895484374999 0.23405635 0.5519427968749999 0.239725596875 0.563299153125 0.24363811562499998 0.569460834375 0.24907049531249997 0.5709956796875 0.2527534546875
0 0.5857342296875 0.30271820781250003 0.5798951234375 0.3010398734375 0.5770972999999999 0.3032105234375 0.5723953046875 0.30361341406250003 0.570905409375 0.307304165625 0.5735370890625 0.309891253125 0.576403596875 0.314414640625 0.5825645609375 0.3155371265625 0.5925766671875 0.31463916406250003 0.5924961140625 0.3082849640625 0.5904329890625 0.306738490625 0.5857342296875 0.30271820781250003
0 0.5607616875 0.281657815625 0.5633128125 0.27789070625 0.5634829125 0.27301968906249996 0.5574564468750001 0.2680457015625 0.5504050703125001 0.2664384515625 0.54702754375 0.2722182203125 0.5485782140625 0.2754480625 0.552947203125 0.280250753125 0.554974725 0.282816740625 0.557844471875 0.2829169546875 0.5607616875 0.281657815625
0 0.5421791828125 0.27681244843749997 0.540838890625 0.27188868906249997 0.5341370609375 0.268932634375 0.5223836890625 0.2677282734375 0.5224074234375 0.267048596875 0.5209998812500001 0.2640505875 0.5165208484375 0.26672961562499997 0.515193859375 0.270085803125 0.5167919984375 0.27195629375 0.5219834343749999 0.2748596046875 0.5393734484375 0.27920965781249996 0.54075258125 0.27869073125 0.5421791828125 0.27681244843749997
0 0.55314355625 0.2659669921875 0.5546097171875 0.2629559171875 0.5550747015625 0.2626319015625 0.555006734375 0.2602477578125 0.5453157671875 0.2562799796875 0.54296243125 0.2543831171875 0.542969625 0.24984666562500002 0.536410925 0.24712244375 0.5293642234375 0.24971180781250002 0.5264984328125 0.2494983140625 0.528260196875 0.255344134375 0.5319175046875 0.2588743765625 0.5412351890625 0.2648706375 0.54752345625 0.266678075 0.55314355625 0.2659669921875
0 0.5195527828125 0.262185371875 0.52301481875 0.262646521875 0.5231579453124999 0.26287835625 0.5266667328125 0.25767025781249997 0.524965025 0.254435140625 0.5163313328125 0.25050428125 0.5155121234375 0.2479804875 0.5085035437500001 0.2408172703125 0.50278455 0.2443603375 0.4992789984375 0.24514526406249998 0.500639071875 0.2495026265625 0.5005401765624999 0.2523346125 0.5087800875 0.25455045625 0.51539093125 0.2601119390625 0.5195527828125 0.262185371875
0 0.5059980875 0.2562679859375 0.5028816453125 0.2545713125 0.49587450000000005 0.25602788125 0.49404225156250003 0.2565309859375 0.49270339375 0.2602270125 0.4933003578125 0.2647845625 0.49666745625 0.26796441875 0.4983407546875 0.2676826 0.502748584375 0.2670426 0.50288775625 0.2673877140625 0.5051889484375 0.2664473140625 0.509135746875 0.2660180515625 0.5159443828125 0.2659155625 0.5230471828125001 0.2660501796875 0.5250265171875 0.2656656296875 0.5271126578125 0.26222253281249996 0.5254030375000001 0.259213975 0.5210624562499999 0.2579282234375 0.514587546875 0.2571350265625 0.5059980875 0.2562679859375
0 0.478143925 0.28308260937499996 0.4765299640625 0.2816652359375 0.4691567296875 0.280613834375 0.46796891250000006 0.2843151359375 0.4674294859375 0.2911013546875 0.47347968749999997 0.29539566562499997 0.48527261718750003 0.29546723125 0.500431925 0.2944087578125 0.5014054109375 0.29251465468750004 0.5008875609375 0.285691515625 0.478143925 0.28308260937499996
0 0.45173363125000005 0.26855022968750003 0.4421865109375 0.269124178125 0.439345175 0.2725409015625 0.44778431249999995 0.277712559375 0.4605712265625 0.279633515625 0.48114816875 0.27933132031249996 0.481342003125 0.27378062812500004 0.472612653125 0.26825858281250003 0.45824809999999994 0.26821063125 0.45173363125000005 0.26855022968750003
0 0.45152685468750003 0.24415822656250002 0.44466607500000005 0.24142345625 0.437651021875 0.243106584375 0.43151055625 0.24572759375 0.44958132500000003 0.256566221875 0.46036516718750004 0.25955140625 0.46369522500000004 0.2551309921875 0.46410806562499995 0.251969715625 0.463431984375 0.24967775468750003 0.4600325234375 0.2430942390625 0.45152685468750003 0.24415822656250002
0 0.4255765109375 0.246767965625 0.4174426875 0.237183684375 0.4097483140625 0.2409980234375 0.40714971875000006 0.24612448750000002 0.41227786093749996 0.2508402703125 0.41741391562499996 0.25532949375 0.427251965625 0.25941582812499997 0.4337117703125 0.26497203593749996 0.4385766734375 0.26423457968749997 0.44140542343750006 0.25684779999999996 0.4255765109375 0.246767965625
0 0.40702852656250005 0.25825593750000003 0.412104525 0.260134459375 0.415260525 0.26069834062499997 0.4215527484375 0.2623924984375 0.42833765 0.26296968593750003 0.43934373750000005 0.2639211140625 0.44615237187499995 0.263818625 0.44859201562499995 0.25891344374999997 0.4466633890625 0.25351546875 0.43340358125 0.252145084375 0.423741021875 0.25169424375 0.407348946875 0.249080303125 0.40809299374999997 0.2537564078125 0.40702852656250005 0.25825593750000003
0 0.41230518906249997 0.2717100609375 0.41801770937500005 0.2770133390625 0.42901264843750003 0.2826145 0.43155658125 0.2833838421875 0.4329515375 0.282411796875 0.4371878296875 0.2780230265625 0.4359590171875 0.2742373359375 0.414128925 0.2684228265625 0.414467209375 0.27042455 0.41230518906249997 0.2717100609375
0 0.3559035359375 0.219609896875 0.3484432734375 0.22105064375 0.35183086874999997 0.2279739953125 0.362980084375 0.2291572578125 0.37314790468750003 0.2324611828125 0.3743990140625 0.2269474125 0.3689055 0.2240335515625 0.3677723453125 0.221839046875 0.3559035359375 0.219609896875
0 0.370544990625 0.259363675 0.376598428125 0.2592348125 0.379543334375 0.257182715625 0.3798612359375 0.256740146875 0.37994754531249997 0.24993810625 0.3700857609375 0.24653144999999999 0.359528834375 0.245709125 0.359762946875 0.2433355296875 0.3544600296875 0.23929415 0.35181720156249996 0.24135679375 0.34820017187499996 0.24100364999999999 0.3451801046875 0.24520805625 0.34808221562499997 0.24871192656250002 0.3526734484375 0.2514808609375 0.35878694375000003 0.2539627 0.370544990625 0.259363675
0 0.361376546875 0.2664156484375 0.3623823953125 0.267925203125 0.362890175 0.2620452203125 0.35303234687499996 0.258525284375 0.34916861718750003 0.2565756796875 0.338905140625 0.2516805671875 0.33341953750000003 0.2485401484375 0.3210976109375 0.24629517500000003 0.3241270265625 0.2504839984375 0.3254435859375 0.2560874359375 0.33752348906249996 0.2609325609375 0.34514413906249997 0.26789031875 0.35417484843749997 0.26911301718749997 0.361376546875 0.2664156484375
0 0.3202143921875 0.2412739578125 0.327731471875 0.2468670875 0.33826538125 0.2526789828125 0.3433413796875 0.25455750625 0.3489891703125 0.2530534671875 0.3415551609375 0.2450814703125 0.338411028125 0.24417775000000003 0.3261437640625 0.236036971875 0.32439925937499997 0.238357821875 0.3202143921875 0.2412739578125
0 0.4058291984375 0.28826971874999996 0.4199747453125 0.2859282515625 0.4129305625 0.27978455 0.40756830937500005 0.27744236093749997 0.40015156249999995 0.277637034375 0.387766340625 0.2772045328125 0.390049190625 0.28545031875000004 0.4014451046875 0.288230040625 0.4058291984375 0.28826971874999996
0 0.26645627968749996 0.23905642968750002 0.27743215781249997 0.2495338828125 0.294584103125 0.256370809375 0.3018102546875 0.25730365625 0.303423496875 0.2544111359375 0.3074249609375 0.24808606718749998 0.29106776875 0.2401427171875 0.276213775 0.236788565625 0.26645627968749996 0.23905642968750002
0 0.2921631640625 0.2304270578125 0.28334283125000004 0.227510440625 0.2740780109375 0.2286613328125 0.26925662031250003 0.2281527140625 0.2633463109375 0.228513409375 0.257845603125 0.23013600156249997 0.26113753906250003 0.23546816874999998 0.260406796875 0.23907201250000001 0.26764876875 0.2395517453125 0.2737299 0.238629925 0.2846687390625 0.2415071046875 0.2896048453125 0.2387306203125 0.2921631640625 0.2304270578125
0 0.2554854375 0.21111284531250002 0.24958375625 0.215556875 0.244786821875 0.21867847343750002 0.24535609531250002 0.2240289796875 0.25741550156250004 0.2251306078125 0.27577828125 0.2232766640625 0.2764932 0.2201259359375 0.2664843328125 0.21660072656249998 0.261296853125 0.2135841359375 0.2554854375 0.21111284531250002
0 0.2205914109375 0.21000773593750002 0.2153320078125 0.20472028281250002 0.2106584203125 0.2086401109375 0.203528646875 0.21360834374999998 0.20456686093749998 0.21852155468749998 0.21176927656250003 0.22013407968749998 0.22485503125 0.22648875937500001 0.234417975 0.22546169374999997 0.23663789375 0.21385720312499998 0.22583031562500003 0.2115516953125 0.2205914109375 0.21000773593750002
0 0.2738719453125 0.2562146125 0.26336644531250003 0.2539196546875 0.2586637296875 0.25001265 0.25519522031249997 0.258397846875 0.2505374546875 0.2618645578125 0.25798656875 0.26507354375 0.2687222234375 0.2651081890625 0.27577755625 0.266602159375 0.275348171875 0.265906659375 0.2758282640625 0.2608196328125 0.2738719453125 0.2562146125
0 0.1840934890625 0.22018837812499997 0.1731514125 0.221734371875 0.18309770625 0.23138194687500002 0.209647171875 0.2462594390625 0.21168188593749998 0.244288975 0.21188291406249998 0.2342018296875 0.210813053125 0.230194853125 0.1973461046875 0.22609521406250002 0.1923927359375 0.2207050296875 0.1840934890625 0.22018837812499997
0 0.15861280312499998 0.226670715625 0.15933383437499998 0.2363363921875 0.1663575203125 0.238736596875 0.1813902421875 0.24130306875000002 0.1852928109375 0.23780998593749997 0.1783040078125 0.2300803703125 0.168116409375 0.22734284218749998 0.1609654203125 0.22425768437500002 0.15861280312499998 0.226670715625
0 0.1814977671875 0.24255441718749998 0.1767080234375 0.2411395609375 0.1758025078125 0.245417809375 0.1742453640625 0.25103431249999997 0.17580394375 0.254037596875 0.187437925 0.254330446875 0.197629478125 0.25695469531250004 0.201480621875 0.2549342453125 0.203252096875 0.2475105453125 0.194022159375 0.24333203124999997 0.1814977671875 0.24255441718749998
0 0.186656475 0.2637168171875 0.19479209687500001 0.2602581390625 0.1909869890625 0.25229944843749996 0.1822900046875 0.25018106093750003 0.1792217484375 0.2514349265625 0.17476573125 0.249124384375 0.16688004218750002 0.24975635000000002 0.15885122499999998 0.25015648437500004 0.1524640625 0.25118103281250004 0.1586376125 0.256273575 0.16438573437499998 0.2605573359375 0.1685238515625 0.263310446875 0.1794666453125 0.266074346875 0.186656475 0.2637168171875
0 0.14117135625 0.2714286859375 0.1549073 0.267825321875 0.15457285781250002 0.2644111140625 0.15414275625 0.25940572031250003 0.1526679640625 0.2583334625 0.1384109359375 0.259536859375 0.135807665625 0.260466709375 0.12341453437500001 0.2602607671875 0.11982195625 0.2635378390625 0.1196993265625 0.26704950156249996 0.12384535468749999 0.269576053125 0.126926196875 0.27229224375 0.13224026093750002 0.2716838921875 0.136198928125 0.270914790625 0.14117135625 0.2714286859375
0 0.1262623453125 0.247997696875 0.1165390140625 0.2406262609375 0.1072504578125 0.2424568296875 0.0914427609375 0.24043038593750002 0.0860772703125 0.2425113703125 0.08779156406250001 0.2497165421875 0.088996640625 0.2541819109375 0.1011588984375 0.252338275 0.107995225 0.25144282812499996 0.12055126249999999 0.2513142078125 0.1262623453125 0.247997696875
0 0.10160842343750001 0.2308046296875 0.098452421875 0.23024074843750003 0.09420677968749999 0.226236290625 0.084715759375 0.22953421875000002 0.0802565046875 0.23164685000000002 0.0834772375 0.23901804843750002 0.09083464687500001 0.24052256718749998 0.100787415625 0.24132379531249998 0.10806894843749999 0.24067073125 0.11283819218749999 0.238342090625 0.11462620937500001 0.23477516718749997 0.1099353625 0.230528325 0.10160842343750001 0.2308046296875
0 0.12471419531250001 0.2360347875 0.1181001125 0.23489647812499997 0.11018277812499999 0.2364346796875 0.101625684375 0.2389712984375 0.08936776874999999 0.23922374999999999 0.0860495796875 0.24330432656249998 0.0983873296875 0.24509618125000002 0.10550199843750001 0.244890959375 0.1183759375 0.24431977031250002 0.1218016546875 0.241490540625 0.1249134234375 0.2389906015625 0.12471419531250001 0.2360347875
0 0.06497061093749999 0.236330265625 0.060208557812499994 0.234122453125 0.0526163171875 0.230681634375 0.050462929687500005 0.23605048125 0.047557581249999994 0.23696978125 0.048413109375 0.2427839546875 0.0547930796875 0.24629585937499998 0.068721059375 0.2501847625 0.0739434203125 0.24787194375000002 0.07280091875 0.23728421093750002 0.06497061093749999 0.236330265625
0 0.10176449375 0.260979159375 0.096175321875 0.25647411249999996 0.0727768203125 0.259626634375 0.057982884375 0.258883184375 0.0570068796875 0.2695103546875 0.0591016515625 0.27015059375 0.0630808171875 0.2731249890625 0.07218273124999999 0.27230865937500004 0.0964360421875 0.2706604171875 0.10025481875 0.265236309375 0.10176449375 0.260979159375
0 0.1028990390625 0.271794765625 0.08794615156249999 0.2712726 0.0892943546875 0.27596980000000004 0.0928401828125 0.27836197500000004 0.0968865953125 0.279410621875 0.1008341609375 0.28328993593749996 0.10680380781250001 0.2812300515625 0.118695634375 0.278469628125 0.1250466546875 0.27732402500000003 0.1241362390625 0.2742376484375 0.11240588124999999 0.26804371875 0.1028990390625 0.271794765625
0 0.07847095312499999 0.27411741093750003 0.07242542656249999 0.2740197140625 0.066411546875 0.27301578125 0.0659861203125 0.2722070015625 0.058255426562500004 0.2727309640625 0.051478439062500006 0.2719272171875 0.05097389375 0.273384028125 0.0454059390625 0.2769323703125 0.0464441546875 0.2818455828125 0.05531986875 0.2831762875 0.067637840625 0.28553453906250004 0.0795145609375 0.28753713125 0.089359803125 0.287087009375 0.09122298281249999 0.2813677765625 0.08955292031249999 0.27722642343750004 0.07847095312499999 0.27411741093750003
0 0.0748460109375 0.273990825 0.0673620140625 0.2761112484375 0.058049724999999996 0.2786214953125 0.0496832265625 0.28003059375 0.0477955953125 0.28211961093750004 0.054179521875000004 0.285518234375 0.05613979375 0.290009975 0.0600549484375 0.2904869484375 0.06299590000000001 0.28854813125 0.068079090625 0.2858902015625 0.0739095671875 0.2834852015625 0.07420229687499999 0.275102521875 0.0748460109375 0.273990825
0 0.1390010625 0.294603503125 0.1341124265625 0.296020634375 0.12831755312499998 0.29740611875 0.1292640640625 0.30061486406250004 0.132190628125 0.307748953125 0.1382361546875 0.30784665 0.1404377328125 0.30542834375 0.1482475421875 0.30263879375 0.1515696875 0.2984449359375 0.1502373078125 0.2932946171875 0.1462502296875 0.2905467796875 0.1390010625 0.294603503125
0 0.2070935203125 0.306395003125 0.21317465000000002 0.3054731859375 0.21068538124999997 0.2988080390625 0.20695291093749998 0.2974301046875 0.20394795000000002 0.2968714984375 0.2012047890625 0.2931463421875 0.1889317703125 0.298161803125 0.1902199171875 0.300248303125 0.1904705703125 0.30173148437499997 0.1918464671875 0.30563572968749997 0.19623847187500001 0.30544885 0.2009009109375 0.306178753125 0.2070935203125 0.306395003125
0 0.0649727609375 0.296895334375 0.0647979875 0.29756973593749997 0.062484928125000005 0.298849975 0.0638370875 0.3034338953125 0.068452775 0.309833046875 0.077431340625 0.30821848749999997 0.08163598749999999 0.3047359515625 0.08366278906249999 0.30299204999999996 0.09074905 0.299269890625 0.0888085546875 0.2942117546875 0.08469813125 0.2906656859375 0.07170551562500001 0.2946352609375 0.06711104531249999 0.2962895 0.06634398124999999 0.296602965625 0.0649727609375 0.296895334375
0 0.0872409828125 0.3087878828125 0.08630238125 0.3053525765625 0.0820330046875 0.30202779375 0.08201718125 0.3024809140625 0.078444384375 0.30519158750000003 0.074601153125 0.306985478125 0.0683333828125 0.3089215375 0.0662109203125 0.30907425312500003 0.0600024875 0.30931112031249997 0.059434651562499996 0.312580403125 0.0641611015625 0.31580772968750004 0.066439278125 0.3198569 0.0717335640625 0.3198149453125 0.07729360625000001 0.3164931609375 0.08300864531249999 0.3130633703125 0.0872409828125 0.3087878828125
0 0.10987709375000002 0.310145440625 0.1076107859375 0.3057564296875 0.10606407343749999 0.30241330781250003 0.1045457671875 0.302587121875 0.09876671718749999 0.303519490625 0.0895421734375 0.3078474828125 0.0863789796875 0.31182005468749996 0.08199560312500001 0.31609027031250003 0.08496891875 0.3175551125 0.08663898125 0.3216964640625 0.094119740625 0.323999215625 0.0984272375 0.31757141718750004 0.10560915468750001 0.31544044531250004 0.10987709375000002 0.310145440625
0 0.13539481874999998 0.3112633734375 0.129640221875 0.3158259578125 0.125717875 0.3198854375 0.12266148750000001 0.3207994640625 0.123862609375 0.3253781109375 0.1291694796875 0.32930621250000003 0.1354135171875 0.32804982968749996 0.1372213125 0.323916509375 0.1454921515625 0.320916221875 0.14383395625 0.31643503125 0.141194365625 0.31407450312499996 0.13539481874999998 0.3112633734375
0 0.1233925875 0.3431682609375 0.1285160546875 0.3436874296875 0.13559835781250001 0.3400785515625 0.13377401875 0.340355096875 0.1316271046875 0.3368775953125 0.13661859375000002 0.3325152 0.138378921875 0.32974123125 0.139812715625 0.323326496875 0.135090221875 0.319985890625 0.1293949609375 0.32284928281249997 0.124141671875 0.33037823125 0.12296572187499999 0.33373969375 0.11966335624999999 0.337367153125 0.11293455625 0.3395139484375 0.1176451828125 0.3431943921875 0.1233925875 0.3431682609375
0 0.14234441874999998 0.346098425 0.14543568906249998 0.3398549890625 0.149600778125 0.33750525 0.15548663437500002 0.3335143390625 0.15357059374999998 0.3320864171875 0.150592603125 0.3264249609375 0.14605746875 0.3263800078125 0.1423811015625 0.32772605625 0.136701665625 0.33013633124999997 0.1272620703125 0.3319616265625 0.124973465625 0.33687208125 0.12820930156250002 0.339480265625 0.1348352515625 0.3402787375 0.1368904625 0.3420517703125 0.14234441874999998 0.346098425
0 0.1024948671875 0.32667345000000003 0.105067209375 0.33095973125 0.1097501453125 0.3354331296875 0.1133164703125 0.34156880156249997 0.1210004125 0.3467140875 0.1246483703125 0.3418511015625 0.1351617828125 0.343919503125 0.1372320984375 0.340929525 0.129583759375 0.334764725 0.12646731718749998 0.33306804843750004 0.1246534078125 0.32438496875 0.12250181874999999 0.31671085468750004 0.1017166375 0.3248805078125 0.1024948671875 0.32667345000000003
0 0.0809635 0.323993459375 0.077724428125 0.3258084484375 0.07669556093749999 0.3292884640625 0.07929235625 0.33720496093749996 0.08221820156250001 0.3400291546875 0.08535838125 0.34104615312500003 0.090107846875 0.339283909375 0.090862325 0.3350003875 0.090773859375 0.3288727484375 0.0887621609375 0.3258536421875 0.0874740125 0.323767140625 0.082545096875 0.322007175 0.0809635 0.323993459375
0 0.0809023640625 0.3387356125 0.0739782921875 0.33781331406250004 0.07407790625 0.3392912203125 0.07306486250000001 0.34231811875 0.07258872968749999 0.34729186562500003 0.0708686796875 0.3532429328125 0.07495465 0.3531587828125 0.0793506140625 0.3528586234375 0.0825145265625 0.35319594374999996 0.08530048125 0.3513651328125 0.08741035625 0.3472423609375 0.0853821171875 0.34036647656249996 0.0809023640625 0.3387356125
0 0.0699599234375 0.361944353125 0.06443476406250001 0.3599367296875 0.0567206125 0.364317465625 0.0544596984375 0.3684349640625 0.051677698437499996 0.3701524953125 0.0506125109375 0.370342134375 0.045970571875 0.3733557265625 0.0501601125 0.374636203125 0.05747077187500001 0.381809971875 0.061143184375000006 0.380577203125 0.0625255546875 0.3756351015625 0.069929715625 0.3714703765625 0.07056875625 0.36616206562500003 0.0699599234375 0.361944353125
0 0.08617327031250001 0.365345975 0.08958244374999999 0.3586599703125 0.08474055781249999 0.35440785468749997 0.0842834828125 0.3545053109375 0.0807304640625 0.3566495890625 0.0751110828125 0.36167056406250003 0.06741347343750001 0.36990807812500004 0.064596590625 0.37695501875000004 0.070189 0.3770368921875 0.0785119828125 0.3768738671875 0.0796760640625 0.37385224375 0.08117782500000001 0.3698216515625 0.08758476875 0.3682307046875 0.08617327031250001 0.365345975
0 0.0844514203125 0.3843400015625 0.0869345796875 0.3781887484375 0.08791993125 0.37595480625 0.0870644015625 0.3701406328125 0.0835027515625 0.368201575 0.078145171875 0.37005600156249996 0.0732532984375 0.37589630625 0.06504251562499999 0.38150729375000003 0.06290099375 0.38653630156249996 0.07132754531249999 0.38773790468749997 0.0804420453125 0.39089163125000004 0.0820632015625 0.3877725484375 0.0844514203125 0.3843400015625
0 0.09708046249999999 0.3691293890625 0.0963252671875 0.3691030171875 0.0914484953125 0.37018031093750003 0.087633675 0.3754911390625 0.0843201609375 0.38376833125 0.08559248593749999 0.3863079484375 0.088899528125 0.386877103125 0.09369718125 0.3880653984375 0.098287696875 0.386524440625 0.1019752125 0.3805286609375 0.09973192187499999 0.37115007968749997 0.09708046249999999 0.3691293890625
0 0.048848221875 0.4208647703125 0.04477088125 0.42503225312500004 0.0389127140625 0.4282302109375 0.040276743749999996 0.43247429375 0.0428688640625 0.4361941765625 0.048700059375 0.43809907031249995 0.0523282375 0.43380248281249995 0.0565051921875 0.4311129046875 0.057685098437500006 0.4276381625 0.05665479531249999 0.4224983921875 0.052620248437499996 0.421109909375 0.0488600890625 0.42052493125 0.048848221875 0.4208647703125
0 0.063005275 0.4398462125 0.06445021875 0.4287817453125 0.05854386406249999 0.4290291625 0.0520419828125 0.433338815625 0.049081253125 0.4358440296875 0.0472015328125 0.4377064875 0.0446741421875 0.440793921875 0.044821943749999996 0.44522236875 0.050835823437500004 0.4462263015625 0.053877107812500005 0.4500752859375 0.055955335937499996 0.4468587484375 0.0592616578125 0.44311801093750003 0.063005275 0.4398462125
0 0.060237298437499996 0.4541535875 0.068762028125 0.4482133078125 0.0669607046875 0.44350028437500005 0.06550569375000001 0.441861628125 0.058641678125 0.4435500296875 0.053983914062500006 0.44701674062499996 0.0523667140625 0.450022540625 0.0491236859375 0.451950809375 0.0442548265625 0.45280154375 0.0473601203125 0.45914795 0.051688834375000006 0.460773540625 0.055238615625 0.4630524359375 0.057344535937499996 0.45904294375 0.05783325625 0.4580392515625 0.060237298437499996 0.4541535875
0 0.0792581796875 0.44211504062499996 0.0751682515625 0.44231246874999997 0.0744928890625 0.44433040156250003 0.073326290625 0.4560850921875 0.0773575984375 0.4618967484375 0.07960736406249999 0.46242898437499996 0.082930228125 0.4625450203125 0.0837479984375 0.4564490265625 0.0882784578125 0.45229736562499995 0.09072997031249999 0.44705234843749997 0.08366205156249999 0.441588321875 0.0792581796875 0.44211504062499996
0 0.08501385 0.467834990625 0.080036746875 0.4631244828125 0.073096853125 0.4626553015625 0.070340025 0.47231294375 0.06522590625 0.480187003125 0.0692723203125 0.4812356484375 0.07690016250000001 0.483656953125 0.0812242015625 0.48108592968749997 0.08367571406249999 0.47584091093750003 0.0884086375 0.47022189062499997 0.08501385 0.467834990625
0 0.1344547625 0.4421144484375 0.125860628125 0.4370507953125 0.1159164890625 0.44033290156250005 0.11224012187500002 0.44167895 0.10471189218750002 0.44073555156250005 0.10343704843749998 0.4469290015625 0.1008898796875 0.4505828328125 0.10796175156250001 0.4559335796875 0.11347828125 0.45385786875 0.1156917265625 0.4510997234375 0.130803565625 0.45140060625 0.1340419203125 0.445275725 0.1344547625 0.4421144484375
0 0.14007126718750001 0.419853896875 0.1361284234375 0.42016988125 0.1301555390625 0.42665294062500003 0.12854229374999998 0.4295454625 0.1213405984375 0.43224283124999996 0.11931846875 0.4381833484375 0.1253442171875 0.43884744375 0.1342918546875 0.4424490125 0.13958937656249998 0.437983884375 0.13884532968750002 0.4333077796875 0.14873660625000001 0.42287852031249995 0.14244438125 0.4211843625 0.14007126718750001 0.419853896875
0 0.1455708859375 0.483219546875 0.1524996328125 0.4883384609375 0.1637524171875 0.4908863515625 0.1684267234375 0.4912764171875 0.1720272125 0.48777278593749995 0.16946673750000002 0.48314666875 0.16667215156249998 0.48089414531249997 0.15715991406250002 0.47613868437500007 0.1512891625 0.475366584375 0.1462368984375 0.4728083859375 0.14112601875 0.476259275 0.1455708859375 0.483219546875
0 0.0387573515625 0.49763635156249997 0.042867775000000004 0.50118241875 0.049887506250000005 0.5036959046875 0.0597050578125 0.5040387421875 0.0550933265625 0.4975263109375 0.059436425 0.490078996875 0.058533428124999995 0.48562417656249995 0.0472331734375 0.484435640625 0.045723498437499996 0.4886927890625 0.0450251203125 0.49570029218749995 0.0387573515625 0.49763635156249997
0 0.07963756875 0.5005383484375 0.07672430625 0.501684209375 0.072865971875 0.5082411109375 0.064865565625 0.5121581828124999 0.06896807968749999 0.5159308078125 0.06972795000000001 0.52015379375 0.07221578281249999 0.5181991546875 0.077653196875 0.5183890328125 0.0788054109375 0.515707246875 0.08335493125 0.50667929375 0.0843679734375 0.5036523953125001 0.07963756875 0.5005383484375
0 0.0961321328125 0.5218697718749999 0.094907275 0.5179708015625 0.08473550156250001 0.514780153125 0.081317696875 0.5173828234375 0.0681344859375 0.5224799171875001 0.06934351875 0.5268320078125 0.07478956249999999 0.5311052203125 0.07697603593749999 0.533449925 0.0842489375 0.5287135265625 0.0931555796875 0.5248281031250001 0.0961321328125 0.5218697718749999
0 0.1210050609375 0.54145225625 0.1163433421875 0.5450322453124999 0.11464702499999999 0.5503036359375 0.115793484375 0.5607780906250001 0.12594080624999998 0.56033851875 0.1307060953125 0.5581231578125 0.13027599375 0.5531177640625 0.13110958749999999 0.5465686515625 0.131300184375 0.5454411328125001 0.1210050609375 0.54145225625
0 0.07657254375 0.5450044296875001 0.073032109375 0.5511187625 0.07518369999999999 0.558792878125 0.0821289859375 0.5677685671875 0.08153597812499999 0.5630977359375 0.0888398078125 0.5531452078125 0.088314765625 0.5508585203125 0.08523716249999999 0.5437191593749999 0.07657254375 0.5450044296875001
0 0.06517159375 0.5596908390625 0.061434451562500006 0.5541162921875 0.05616785625 0.5533652906250001 0.0526187921875 0.5553962890624999 0.05248825 0.5591345109375 0.049968771875 0.5619953859375 0.0445320765625 0.5661154015625 0.050677935937499995 0.5720008984375 0.052252340625000004 0.5745510640625 0.05723196093750001 0.57052850625 0.061249965625 0.5680602125 0.06517159375 0.5596908390625
0 0.06673089374999999 0.56700401875 0.064310309375 0.5670329078125 0.0604947703125 0.568033840625 0.053826025 0.5727913375 0.051441760937500004 0.5761106046875 0.0440850703125 0.5789159781250001 0.04804445625 0.5824567703125 0.055644607812500003 0.58567103125 0.058962796875 0.5815904546875 0.0670746859375 0.5788114531249999 0.06805140625 0.572494175 0.06673089374999999 0.56700401875
0 0.0683617546875 0.59825080625 0.0736118078125 0.5951450328125001 0.06944995625 0.5930715984375 0.06695349218749999 0.590942903125 0.06177788125 0.5875864734375 0.054127021875 0.5901547390624999 0.052860089062500004 0.5961216296875 0.045742184375 0.6007500234375 0.0515061296875 0.6045806671875 0.057242384375 0.60920426875 0.06116149375 0.6095679625 0.060496562499999997 0.6026262703125 0.0683617546875 0.59825080625
0 0.11415578125 0.6076757828125 0.1083206296875 0.6058841687500001 0.09779607031250001 0.6084655 0.0961795890625 0.6157811953125 0.09874401875 0.620294034375 0.09738142968749999 0.6246697359375 0.1023459453125 0.6254101890625 0.10781500468750001 0.6246938328125 0.11279534531249999 0.6249811671875001 0.110007953125 0.6181921921875 0.112590725 0.6135188453125 0.11415578125 0.6076757828125
0 0.077203659375 0.6351934546875 0.0761028703125 0.6364026093749999 0.0691676515625 0.640130040625 0.07367185625 0.6453911234375 0.0789431265625 0.6503387390625 0.08531446718749999 0.64976730625 0.08654975312499999 0.6447066515625 0.0911150953125 0.6352255828125 0.09227450312499999 0.62800734375 0.084654571875 0.6253594796875 0.0772860125 0.62850469375 0.077203659375 0.6351934546875
0 0.055566560937499995 0.6658545453125 0.0525946828125 0.6730094890625 0.05112456562499999 0.67613384375 0.05193190625000001 0.6789974765625 0.057803378125000006 0.6840794703124999 0.062198621875000006 0.6794694156250001 0.06488891875 0.67604741875 0.0662712890625 0.6711053171875 0.06672368749999999 0.6668112484375001 0.066532371875 0.663628875 0.0615362078125 0.6637946578125 0.055566560937499995 0.6658545453125
0 0.076371140625 0.6720251 0.07469712187500001 0.6679970265625 0.0701494015625 0.66398201875 0.063854659375 0.6710209265625 0.05818852812500001 0.68171115 0.0665992578125 0.683365871875 0.07076506406250001 0.685326025 0.0730061984375 0.681774925 0.0753746390625 0.678908775 0.076820303125 0.6721542015625 0.076371140625 0.6720251
0 0.097221753125 0.668216515625 0.08779187031249999 0.65677229375 0.084933990625 0.6563322421875 0.0820886984375 0.65986224375 0.0820894171875 0.6641721390625 0.08464989218749999 0.6687982546875 0.082512325 0.673713984375 0.08736212343750001 0.677739540625 0.08974710625 0.6787301671875 0.09163869218750001 0.6765278703125001 0.097382140625 0.67661501875 0.0960418484375 0.6716912578125 0.097221753125 0.668216515625
0 0.11180603281249998 0.674963778125 0.107842690625 0.671536265625 0.10768373906249999 0.6717575499999999 0.0998739296875 0.6745471000000001 0.0986307328125 0.6798343124999999 0.0949914046875 0.68878063125 0.09553298593750001 0.69492409375 0.10341867499999999 0.6942921281250001 0.112123571875 0.69618395625 0.11137161250000001 0.6917344109375 0.11166506093749999 0.6876616265625 0.11280864374999999 0.6808965046875 0.11180603281249998 0.674963778125
0 0.0971153015625 0.6972477015625 0.0941855 0.6945367859375 0.089829096875 0.6937041515625 0.084372621875 0.6983905640625 0.078983396875 0.7011512265625 0.08156760625000001 0.705097665625 0.0863494375 0.7067390812500001 0.0876447796875 0.704289128125 0.093208778125 0.7008540640625001 0.0972228265625 0.6984990515625 0.0971153015625 0.6972477015625
0 0.0761952859375 0.69005235625 0.07590579374999999 0.6940118625 0.0758788203125 0.6991147125 0.0790189984375 0.7001317109375 0.08423345 0.6980454515625001 0.08584669375000001 0.69515293125 0.0922680234375 0.6844890796875001 0.0897273265625 0.6792965640624999 0.0831053328125 0.6783848140625001 0.07594714999999999 0.6798361078124999 0.072831425 0.6824493265625 0.0761952859375 0.69005235625
0 0.136051425 0.7211774828124999 0.136745846875 0.7142832593749999 0.1346708546875 0.7130766234375 0.12370828125 0.7108791203125 0.11924578906250001 0.7174149234375 0.11985929531249999 0.72582925 0.1158657453125 0.7319277609375 0.1201905015625 0.7336666296875001 0.1281646546875 0.739162303125 0.1311696171875 0.739720909375 0.1339232078125 0.7344864390625 0.1364426875 0.7316255640625 0.136051425 0.7211774828124999
0 0.07736116093749999 0.721623159375 0.0764027796875 0.718754253125 0.0671893859375 0.7184325140625 0.06523054843750001 0.7225605609375 0.0624176203125 0.729494221875 0.055625528125000004 0.7334534890625 0.058857409375 0.736174953125 0.0653956109375 0.735155678125 0.0703245265625 0.7369156453125 0.0718500234375 0.732205378125 0.073804903125 0.7281906109375 0.07736116093749999 0.721623159375
0 0.051562571875 0.7285480671875 0.0465908640625 0.73234406875 0.053379718750000006 0.732807975 0.060530709375000005 0.7358931328125 0.06259239531250001 0.7288198203125 0.0625481625 0.725756 0.06299265 0.7216884890624999 0.0607666203125 0.720476578125 0.0565652109375 0.7195359390625 0.050465021875 0.7253340484375 0.051562571875 0.7285480671875
0 0.06394814843749999 0.7549532109375 0.060747196875 0.7470156171875 0.0527190984375 0.7517256437500001 0.050410714062499994 0.7572024953125001 0.0452365390625 0.7624658546874999 0.0497162921875 0.7640967187500001 0.0571021125 0.7691181765625 0.0593195140625 0.7662467515625 0.0619378875 0.760553890625 0.0660033625 0.75672624375 0.06394814843749999 0.7549532109375
0 0.0661644625 0.8170700296875 0.0790977390625 0.814799646875 0.08736196562500001 0.8108438124999999 0.08667667500000001 0.8099605171875 0.080872453125 0.802952775 0.07487907031249999 0.8056923375 0.0646526328125 0.8083974984375001 0.060102393750000004 0.81311555625 0.0661644625 0.8170700296875
0 0.081868590625 0.817731846875 0.0771665953125 0.8181347375 0.07288606875 0.8194596875 0.0692381109375 0.824322671875 0.059456878125 0.8272702140625 0.060224662500000005 0.8312666406250001 0.0687626953125 0.8336063125000001 0.07249839999999999 0.8305610734375 0.0766357984375 0.8290042906249999 0.0827723078125 0.826496559375 0.0849019625 0.821807390625 0.081868590625 0.817731846875
0 0.0712239171875 0.815091775 0.07654337812499999 0.8229899312500001 0.07782757031250001 0.8251897109374999 0.079040559375 0.82942851875 0.08488290312499999 0.8266836812499999 0.0845128546875 0.8242889906249999 0.0849969015625 0.819088684375 0.08391912812499999 0.8153082656249999 0.0787956609375 0.8147890984374999 0.072857659375 0.8159427499999999 0.0712239171875 0.815091775
0 0.12053212499999999 0.8278151609375 0.12584690781250002 0.8315167046875 0.13928293125 0.840832471875 0.145523728125 0.8439992625 0.1476224546875 0.844526221875 0.1562989421875 0.8429011125000001 0.14982726875000002 0.8376847421875 0.15275167812499998 0.83188915 0.142912909375 0.8234929234375 0.1236122484375 0.826221459375 0.12053212499999999 0.8278151609375
0 0.11228465937500001 0.8517985187500001 0.1177742171875 0.8548256578125001 0.122897684375 0.8553448265625001 0.1243796671875 0.8518806328125 0.12530891875 0.846922709375 0.126242128125 0.8418515046874999 0.12070510000000001 0.8401837203125 0.1130937984375 0.8416191906250001 0.11419926093749999 0.844606653125 0.11228465937500001 0.8517985187500001
0 0.073534815625 0.8485172453125 0.074588853125 0.8529773390625 0.0827456921875 0.8575720515624999 0.09207200625 0.8676516453125 0.09452351718749999 0.862406628125 0.1000116375 0.8568139796875001 0.0959012125 0.8532679125 0.092995146875 0.849877321875 0.0881888609375 0.844605690625 0.0743809953125 0.845938190625 0.073534815625 0.8485172453125
0 0.10753591093749999 0.85787065625 0.106439078125 0.8589665312499999 0.1055454296875 0.8629049390624999 0.1101452921875 0.8697572078125001 0.1145743390625 0.8771705984375 0.1201343828125 0.8738488156249999 0.1284929671875 0.8726662734374999 0.125463553125 0.8684774515625 0.1210952796875 0.86798465625 0.11896742499999999 0.859630865625 0.11348182343749999 0.8564904468750001 0.10753591093749999 0.85787065625
0 0.12570449374999998 0.8832301515625 0.1392189125 0.8859704374999999 0.144526865625 0.8725456843750001 0.1429524609375 0.86999551875 0.13792393281249998 0.86675764375 0.13017346093749999 0.867848003125 0.1301709421875 0.87658106875 0.12570449374999998 0.8832301515625
0 0.15528805625 0.8588576921875 0.160174175 0.8661736281250001 0.164486346875 0.8639424437500001 0.166095634375 0.8611632015625 0.1683842390625 0.856252746875 0.146967590625 0.8502876515625 0.146908253125 0.85198684375 0.1475012625 0.856657671875 0.15528805625 0.8588576921875
0 0.16596725 0.877831103125 0.17234254531249998 0.87714639375 0.17723909531249998 0.875502703125 0.17536980468750002 0.868405534375 0.1760602703125 0.8616245906250001 0.174831459375 0.8578388984374999 0.168256934375 0.8555677953125 0.16533971875 0.856826934375 0.164378821875 0.86269109375 0.1637721453125 0.8714030640624999 0.163379803125 0.8783078359375001 0.16596725 0.877831103125
0 0.1792310125 0.8790882078125 0.186667540625 0.8783271390625 0.190622253125 0.877671315625 0.188310275 0.8615987 0.178102896875 0.8594275687499999 0.1776968859375 0.8797151390625 0.1792310125 0.8790882078125
0 0.17870489843749998 0.8465189859375 0.1729046328125 0.8393979640625 0.15702177343749998 0.8395238265625 0.1561313609375 0.8390390625 0.157753234375 0.840229875 0.16227793906250002 0.8492344546874999 0.16683357031249998 0.8530229031250001 0.1672794953125 0.8575751781250001 0.16900889531250002 0.860017340625 0.171091796875 0.86099741875 0.1717711140625 0.8588662062499999 0.1796758640625 0.8533579484375 0.17820502968750002 0.852172409375 0.17870489843749998 0.8465189859375
0 0.215021209375 0.8675218421875 0.215135209375 0.85992684375 0.21064358906249997 0.858635815625 0.20870776875 0.8577742921875 0.2021023171875 0.8607193171875 0.20133992812499998 0.8652293984374999 0.20259319374999998 0.8726453078124999 0.20393744218749998 0.8774557875 0.2070941640625 0.8823295625 0.21337775625000002 0.8799403859374999 0.21745977187499999 0.8799695140624999 0.21790030312500003 0.8760152828125 0.21652836562500002 0.8719977578125 0.215021209375 0.8675218421875
0 0.19826412499999999 0.8450470749999999 0.1933161484375 0.8481633984375 0.193721796875 0.8495385750000001 0.1951886765625 0.85083739375 0.1987661484375 0.85232333125 0.20866030000000002 0.859133646875 0.21477379375 0.8616154859374999 0.2178064453125 0.8613811359374999 0.22452805312500002 0.86377079375 0.224272725 0.8580909984374999 0.2227378796875 0.8544080375 0.21718502812499998 0.8531933687500001 0.19826412499999999 0.8450470749999999
0 0.21189254218750003 0.8401923640625 0.20864160156249997 0.8423471890625001 0.2084747390625 0.8427950328125 0.2082366734375 0.8452819078125 0.2172839234375 0.8503613812499999 0.2169786078125 0.8547740062500001 0.21821533125 0.8583331390625 0.2254328515625 0.8551826531250001 0.2320778609375 0.8511048328124999 0.2276337109375 0.8484544515625 0.22429825937499998 0.8443683609375 0.2178463671875 0.8385855937500001 0.21189254218750003 0.8401923640625
0 0.23264137968749998 0.8696115796875 0.23317756875 0.8672485343749999 0.2356844625 0.8604176046875001 0.23013952343750002 0.8589763765624999 0.2225756921875 0.8590524937499999 0.22118469062499999 0.8599112609375 0.2205291078125 0.8613627953125 0.220574059375 0.8687365093749999 0.22021235625000002 0.8695084421875 0.22712556718750002 0.8759971828124999 0.23294813125 0.8738187421875001 0.23264137968749998 0.8696115796875
0 0.2341560890625 0.847888296875 0.2337504421875 0.8465131203125 0.2327927796875 0.8479541062499999 0.237042378125 0.8518452859375 0.239618675 0.8560182859375001 0.24699730312499998 0.8655761953125 0.25071394687500004 0.8674072468749999 0.2526364625 0.8599888218749999 0.26010067812500004 0.858434796875 0.260672471875 0.8550522359375 0.24908596093750002 0.8534000328125 0.2341560890625 0.847888296875
0 0.27835808906250004 0.868259184375 0.27569871875 0.866465053125 0.27365537500000003 0.8643521828124999 0.266501146875 0.865690196875 0.2647012609375 0.869596959375 0.2629092890625 0.8732771625 0.25607368125 0.878482503125 0.2600409796875 0.8817967359375001 0.26281183124999996 0.8847289359375001 0.2668140109375 0.8827137609375001 0.2710747578125 0.8819552093749999 0.27835808906250004 0.868259184375
0 0.311704328125 0.8357386359375001 0.3149631796875 0.83335725 0.3176772125 0.829255575 0.3091312671875 0.8271424640625 0.299083559375 0.8290599421874999 0.2946045265625 0.8317389703125 0.2899507171875 0.8350924015625001 0.2923838875 0.8390335671875 0.2967205125 0.8404326 0.3058857203125 0.8378037984375 0.311704328125 0.8357386359375001
0 0.3280090203125 0.8148720828125 0.3250173640625 0.8225934265625 0.33298288593750003 0.8240057640625 0.339171540625 0.8243352937499999 0.344676921875 0.8269093156249999 0.3474430984375 0.8256449031249999 0.3504948109375 0.8205342609375 0.35532735 0.8163931484375 0.3441022546875 0.8130523015625 0.3383192484375 0.8140979484375 0.3345432671875 0.8139660890625 0.3291810140625 0.8116239000000001 0.3280090203125 0.8148720828125
0 0.3366189703125 0.8671180078124999 0.3352912640625 0.8661643 0.32047754687499996 0.8659872484375001 0.3201636015625 0.8663165375 0.32107055624999997 0.8706580765625 0.327959025 0.8725998921875 0.334438609375 0.8775897031250001 0.339657734375 0.8797000578124999 0.3420229375 0.88125708125 0.351680821875 0.8775113078125001 0.34665229218750004 0.8742734328124999 0.3445093328125 0.8706826546875 0.3421243515625 0.869692028125 0.3366189703125 0.8671180078124999
0 0.344829034375 0.8571971250000001 0.3469601265625 0.86112774375 0.353483225 0.8648714796875 0.357176853125 0.8716921015624999 0.3584135765625 0.8752512359375 0.3645026171875 0.8741028578125001 0.366127728125 0.8708704984375 0.37032050625 0.867727803125 0.36682215 0.8639762734374999 0.3637215296875 0.8618264828125 0.359853846875 0.8599901546875 0.3575598484375 0.8563941015625 0.3441575765625 0.85646065625 0.344829034375 0.8571971250000001
0 0.40286335624999997 0.87986573125 0.4142474 0.8829852921875 0.41779322656250006 0.885377465625 0.4218791984375 0.8852933171874999 0.42497838125 0.8788233218749999 0.42401604531250003 0.8760676953125 0.41771591093750005 0.874600096875 0.4076714390625 0.8720944015625 0.4008667609375 0.8720836109375 0.398935615625 0.8754187015625 0.40286335624999997 0.87986573125
0 0.3725616421875 0.8641767015624999 0.37738770625 0.8688819359375 0.38708586718750004 0.8683132625000001 0.3890454203125 0.868495109375 0.3989974703125 0.86498644375 0.4027252640625 0.8621677625 0.399095646875 0.8578445640625001 0.39063744843750003 0.8575491968750001 0.385641284375 0.8577149796875 0.3737660015625 0.8643321765625 0.3725616421875 0.8641767015624999
0 0.372519928125 0.8523798156250001 0.372961178125 0.8527354765625 0.37339128125 0.8577408703125 0.3777358171875 0.8589133421874999 0.387211734375 0.8603784265625001 0.3958367953125 0.86022595 0.3971993859375 0.8558502453125 0.3987849390625 0.8537506796875001 0.39827176406250003 0.8511241546875 0.3856319359375 0.8493217515625 0.37745999218750004 0.8494900515625 0.372519928125 0.8523798156250001
0 0.3737987296875 0.8460730875 0.371362321875 0.8465550937499999 0.3673806375 0.8523137640625 0.3693125015625 0.8532885671875 0.37455931875 0.8546059671874999 0.37995321875 0.8560419187500001 0.3826640140625 0.8563634171875 0.385537715625 0.8563503515625 0.389694890625 0.854227171875 0.3944680921875 0.8517852515625 0.3931601640625 0.8502651484375001 0.38912561874999996 0.8488766640625001 0.38116800624999997 0.84723776875 0.3737987296875 0.8460730875
0 0.4547079453125 0.8719222703125 0.4420278390625 0.8669427671875001 0.44039805468750004 0.8659785125000001 0.434074184375 0.865190590625 0.42739680937499996 0.8658647515625001 0.42649129218750004 0.870143 0.42769636875000006 0.8746083671875 0.435177128125 0.87691111875 0.438504665625 0.8812237703125 0.44849699374999996 0.880892203125 0.450190071875 0.8800439875 0.45037995156250005 0.8746065734374999 0.4547079453125 0.8719222703125
0 0.436860140625 0.8633597796875 0.446598575 0.8659682046875 0.45091937812499994 0.8678203546875001 0.451475346875 0.8648909124999999 0.4541300421875 0.8624884296875001 0.4488508609375 0.8577673718750001 0.4445814828125 0.8544425906249999 0.4378361421875 0.8527326078125 0.43303525 0.8559674859375 0.436860140625 0.8633597796875
0 0.48587921562499997 0.8583799265625001 0.486997265625 0.8653374406250001 0.490220515625 0.863975571875 0.4973668296875 0.8628641140625 0.5010424812500001 0.857208175 0.49773472031250005 0.852329125 0.49754340468749997 0.8491467515625001 0.48371504062500004 0.8467357578125 0.480102684375 0.8505792265625001 0.48587921562499997 0.8583799265625001
0 0.4200764453125 0.824325115625 0.4222952828125 0.830073478125 0.4245252703125 0.8311721109375 0.4260680265625 0.8346285124999999 0.430734421875 0.8352451375 0.440575709375 0.834908296875 0.4442679 0.83310913125 0.44753070937499995 0.8306144671875 0.449756021875 0.827516484375 0.44474331562499997 0.8238254921875001 0.44108600937500003 0.8202952484375 0.4288565015625 0.8240646343750001 0.4200764453125 0.824325115625
0 0.47677119687499997 0.798744465625 0.47714591562499997 0.805335771875 0.4881243140625 0.80708015625 0.49134037187499996 0.8102547390625 0.49779154531250003 0.8117276125 0.5003347609375 0.808187059375 0.5053665265625 0.8070017625 0.5056955765625 0.8019094609374999 0.49498761093750004 0.8010818609375001 0.476993440625 0.7967107109375 0.47677119687499997 0.798744465625
0 0.41781158124999995 0.78092050625 0.41957190781250003 0.7781465375 0.41653458125 0.7741842734375 0.39490108125 0.7787594421875 0.389706409375 0.7802793046875001 0.40181400468749995 0.7843314734375 0.41024846875 0.785306515625 0.41781158124999995 0.78092050625
0 0.3003145328125 0.798139925 0.3041016640625 0.7936220546875 0.3101583390625 0.78907001875 0.3136710828125 0.7837486421875 0.2960738734375 0.7774721453125 0.2858701453125 0.7960476703125 0.2861366203125 0.7970777328125 0.2901553453125 0.7989193343750001 0.2945045546875 0.804288421875 0.3003145328125 0.798139925
0 0.2351846046875 0.77080025 0.23112560625 0.76578155 0.2165111171875 0.7685603109375 0.2187655578125 0.773289159375 0.22392138906249998 0.7772119859375 0.22605715625 0.7853392171875 0.22981335937499997 0.786037475 0.2374998203125 0.7824496921875 0.234096403125 0.7759794578125 0.2351846046875 0.77080025
0 0.1645065078125 0.6988071312499999 0.1620557140625 0.7083620453125 0.16790740625 0.7140104328125 0.16921605312500002 0.71984043125 0.17425968593750002 0.71831529375 0.1875385546875 0.7148093875 0.1858289359375 0.711800828125 0.181281215625 0.70778581875 0.17973845625 0.7043294171875 0.1734771609375 0.6974191296875001 0.1645065078125 0.6988071312499999
0 0.186784084375 0.67145751875 0.18260532812500002 0.6871900578125001 0.193707075 0.689732671875 0.19925525 0.6867507265625 0.20652887031249997 0.686324221875 0.2022469078125 0.6790293828125 0.2024928859375 0.67631595 0.2002740484375 0.6705675875 0.1936362328125 0.6701089546875 0.186784084375 0.67145751875
0 0.1707527109375 0.615209653125 0.1646201578125 0.6176041046875 0.1644730734375 0.6174855515625 0.1653681609375 0.622166928125 0.165484315625 0.6275016124999999 0.16531421562499998 0.632372628125 0.169170034375 0.63454879375 0.17196785625 0.63237814375 0.1782996375 0.6329395078125 0.17753185625 0.62894308125 0.17854489843750002 0.62591618125 0.1772639421875 0.619293228125 0.1707527109375 0.615209653125
0 0.223814246875 0.6113917234375 0.22412495468750002 0.61548560625 0.2352662578125 0.616895428125 0.2415268375 0.619495821875 0.24463141249999998 0.621532334375 0.246216965625 0.6194327687500001 0.253659965625 0.6098253546875 0.2317743765625 0.604297553125 0.2260546640625 0.6035307296875 0.225367434375 0.6058885 0.223814246875 0.6113917234375
0 0.2651065921875 0.5591871625 0.2761173546875 0.56433520625 0.278017571875 0.5662162453125 0.284190403125 0.5669988921875 0.2857594140625 0.5610425515624999 0.2893163890625 0.55878499375 0.28421665625000003 0.5575861484375 0.268408240625 0.551249809375 0.264780059375 0.555546396875 0.2651065921875 0.5591871625
0 0.22972061406250002 0.5158735296875 0.23302513593750002 0.5251757515625 0.2339993390625 0.527591540625 0.23433054531250003 0.5354289203125 0.24465659843749998 0.5342016671875001 0.24723613281249998 0.53395149375 0.24547832343749998 0.5279923953125001 0.24391111250000003 0.520905778125 0.241430471875 0.5183239640624999 0.2373959265625 0.51693548125 0.2342597046875 0.515805203125 0.22972061406250002 0.5158735296875
0 0.3588458796875 0.5597385874999999 0.3581104609375 0.55914581875 0.352685634375 0.5629259953125 0.345515584375 0.5647171281250001 0.3429241828125 0.5653071390625 0.339518246875 0.567569971875 0.337567321875 0.5714714609375 0.3393851859375 0.5800412609375 0.3448977609375 0.5780788296875 0.3506728546875 0.5772597421875 0.3600610234375 0.576907078125 0.3680100046875 0.574462640625 0.3722178875 0.5665569359375 0.3588458796875 0.5597385874999999
0 0.40219090625 0.6133109046875 0.391820621875 0.6114743390624999 0.3893090546875 0.6141086546875 0.387381865625 0.617330465625 0.38557406875 0.6214637859375001 0.37961305156249997 0.6276070093749999 0.38017369375 0.6288741796874999 0.3857186328125 0.6303154078125 0.390604034375 0.6333214500000001 0.399634025 0.6302342546874999 0.4063969890625 0.618448159375 0.40250485312500006 0.6129816156250001 0.40219090625 0.6133109046875
0 0.4434260671875 0.44300385625 0.44013078281249995 0.4448430515625 0.4344111875 0.44745746875 0.433447015625 0.44820550625 0.4433343578125 0.451599440625 0.4523115640625 0.45120939375 0.45469497499999995 0.4516053078125 0.45427212812500006 0.445805903125 0.451335 0.4433582125 0.4434260671875 0.44300385625
0 0.41733220624999995 0.5067398828125 0.4161947828125 0.5034951609375 0.41334812187500003 0.501441484375 0.4161992453125 0.4973979953125 0.4096349484375 0.494354615625 0.4078434234375 0.494917421875 0.4036184203125 0.4905486578125 0.4004369 0.501068784375 0.4012979609375 0.5062581265625 0.403646425 0.5106395296875 0.40973929531250003 0.512259371875 0.413031853125 0.51049825 0.41733220624999995 0.5067398828125
0 0.3360671796875 0.46700543281250007 0.3285637453125 0.46697791874999994 0.32773093750000004 0.46694883593750003 0.31274761562500003 0.46025011562499996 0.3116929765625 0.460604140625 0.30660715625 0.4689471546875 0.306497603125 0.469099671875 0.3080896 0.4712658765625 0.31105399375 0.47293281093750006 0.31731689375 0.4756529828125 0.32273335625 0.47873444843749996 0.32611687968749997 0.4803378484375 0.32963399843749996 0.4781155453125 0.3309208828125 0.474095603125 0.336333628125 0.47131413125000005 0.34314330625 0.4673307078125 0.3360671796875 0.46700543281250007
0 0.3301527859375 0.37885538125 0.322054184375 0.3730007875 0.319081196875 0.3705371546875 0.31685041875 0.369344896875 0.31498793593749996 0.3726229296875 0.30938552656249996 0.37537705625 0.3108219296875 0.3792946890625 0.3153726515625 0.379125853125 0.3203328265625 0.3822488328125 0.32439678125000004 0.38350510625 0.326037078125 0.3840867890625 0.3301527859375 0.37885538125
0 0.271991659375 0.3474577734375 0.2762320734375 0.3461637421875 0.28403969687499997 0.34283112031249996 0.27472355 0.336802909375 0.2641705265625 0.3386631015625 0.2631787 0.3420370875 0.25724769062499997 0.3441897859375 0.2511146578125 0.3471220359375 0.2473024015625 0.35367504843750003 0.2569737515625 0.35453718125 0.262572003125 0.3544049265625 0.2664472375 0.3535569953125 0.2689665046875 0.3489908921875 0.271991659375 0.3474577734375
0 0.2922590578125 0.34272484375 0.2905643046875 0.3462053828125 0.3006652671875 0.3472791703125 0.30153135 0.347506065625 0.30507382656250004 0.348678578125 0.3119681875 0.3514758 0.311478303125 0.347984521875 0.31633891875 0.34644995 0.3120885296875 0.343024003125 0.310181778125 0.3425641140625 0.306278278125 0.33921583125 0.298600971875 0.338816634375 0.29395838125 0.33911336406250003 0.2922590578125 0.34272484375
0 0.294071865625 0.3308579765625 0.295922915625 0.3279072984375 0.2983877265625 0.32740341875 0.303037175 0.3269102765625 0.30921863437499997 0.325094075 0.30763695156250004 0.3178282984375 0.2989464109375 0.3164104625 0.29306611562499996 0.3196137375 0.2847430421875 0.3176843296875 0.2836319125 0.3219718546875 0.27815794843749997 0.323550559375 0.2769869609375 0.32704938906250003 0.28225744375 0.3312975625 0.2867620265625 0.3299472078125 0.29052751718750003 0.3322418640625 0.294071865625 0.3308579765625
0 0.258978615625 0.2821084578125 0.256993715625 0.281383640625 0.25265416093750004 0.28051104531250004 0.2498859 0.279693321875 0.24982500000000002 0.286442884375 0.24851870625 0.291313546875 0.256106015625 0.2892842390625 0.26756481875000004 0.2915198 0.27336654843749997 0.2855606640625 0.26183874375 0.2827982890625 0.258978615625 0.2821084578125
0 0.4314135125 0.2958373859375 0.43495936406249996 0.2899488171875 0.41988036093750003 0.28654130625 0.41276443125 0.28466445625 0.406038909375 0.2811728828125 0.40808071406249996 0.284876671875 0.3997228609375 0.2850858421875 0.4007507125 0.2891299984375 0.40219081718750005 0.290933903125 0.41372754375 0.2953450375 0.42032120781250004 0.29782994218750003 0.42676553906250003 0.29980859843749996 0.4314135125 0.2958373859375
0 0.4045110296875 0.3057953953125 0.4057755890625 0.3078436875 0.40825148906250003 0.308681696875 0.4219471828125 0.308658928125 0.42521263906250006 0.3060172796875 0.42483017343749996 0.3026219515625 0.42609394062500006 0.299910403125 0.420602396875 0.299342859375 0.4139213578125 0.2993600703125 0.4098071703125 0.2928282296875 0.4036134484375 0.29323823125000004 0.4009270515625 0.293645453125 0.3964589921875 0.29724717031250003 0.40170071875 0.300185896875 0.4005513359375 0.3044045390625 0.4045110296875 0.3057953953125
0 0.48023887031249995 0.318084753125 0.4815812734375 0.31312130312500003 0.4791351625 0.3066477125 0.47004454687499997 0.3087101671875 0.4519769078125 0.3095823296875 0.44639799062499996 0.3115169015625 0.45058644687499994 0.31592194375 0.45085889999999995 0.31768507343749997 0.4547880109375 0.3199516703125 0.46231619375 0.31958826875 0.47068278281250003 0.3191288875 0.4753752390625 0.3186664609375 0.48023887031249995 0.318084753125
0 0.51015183125 0.30322154375 0.5082871625000001 0.30879304687500003 0.5167006140625 0.3261219703125 0.520242890625 0.32511834375 0.52140180625 0.32540933125 0.5279974562499999 0.31348960937500003 0.5254333875 0.31039387343749997 0.5235758671874999 0.3061954859375 0.51015183125 0.30322154375
0 0.430988546875 0.32713709999999996 0.429491646875 0.3269595703125 0.42051462031250003 0.325769278125 0.417411603125 0.3285418578125 0.40189929687500003 0.3327599671875 0.4078475734375 0.3345960421875 0.41869443124999994 0.334849565625 0.432017190625 0.33594109687499996 0.4334215515625 0.33398600625 0.43238933125 0.33006695625 0.430988546875 0.32713709999999996
0 0.39426030624999997 0.32673132968749996 0.393122440625 0.321054975 0.3888072890625 0.3202779953125 0.37801801875 0.3231579390625 0.367878503125 0.32656160624999997 0.36270389375 0.331265975 0.37084688125 0.33242714218749997 0.3797182625 0.3318601296875 0.386263075 0.3309613546875 0.3933257859375 0.32957963437500004 0.39426030624999997 0.32673132968749996
0 0.3847721328125 0.3401784 0.388868053125 0.34245082187500003 0.40201526562499995 0.34378674062500003 0.4009341953125 0.3364840109375 0.39830459375 0.335264859375 0.3945291828125 0.3333794046875 0.3867634984375 0.33097883125 0.3806571515625 0.3288867203125 0.372812828125 0.32873804687499997 0.372023271875 0.33221770625 0.374569865625 0.335813865625 0.3774107578125 0.340547625 0.38131723125 0.3386799109375 0.3847721328125 0.3401784
0 0.42854362031250004 0.35410749531249996 0.429144525 0.3512475421875 0.42395522343750003 0.346807546875 0.4151851171875 0.3492569703125 0.41327238906249997 0.356204634375 0.4130051 0.359076240625 0.41217622499999995 0.36368185 0.41262859062499996 0.3650754859375 0.4131953390625 0.3679762171875 0.414946421875 0.365657459375 0.41706249531250006 0.36723445312499997 0.4229837640625 0.36506132343750003 0.422324478125 0.360027971875 0.42854362031250004 0.35410749531249996