0 0.8886611625 0.61421528125 0.8893149062499999 0.599474934375 0.8820667890625 0.583266625 0.879500621875 0.58910528125 0.8780729218750001 0.58944611875 0.8776175343749999 0.591645246875 0.8769851125000001 0.6158845875 0.8783216453125 0.6237570171875 0.88226441875 0.635504078125 0.8879003703125001 0.6203278453125 0.894240578125 0.6243076515625 0.8886611625 0.61421528125
0 0.8828811046875 0.5814679515625001 0.8810973421874999 0.5647815734375 0.8780599046875001 0.555978309375 0.8772832312500001 0.545249825 0.87043940625 0.5447689390625 0.86689563125 0.5431356203125 0.8660063250000001 0.5440771390625 0.8665365578124999 0.5556909 0.868467728125 0.564806878125 0.8713524625 0.5755668593750001 0.874229184375 0.5843841828125 0.8775934921875 0.5858172734375 0.8828811046875 0.5814679515625001
0 0.8720570109375 0.56881143125 0.869726696875 0.5625374453124999 0.867289190625 0.5605914125 0.8633945015625001 0.560500296875 0.8618998250000001 0.5619266359374999 0.8658425968750001 0.57367369375 0.8689925203125 0.5837626890625 0.875846934375 0.5954709406250001 0.879500621875 0.58910528125 0.8765944203125 0.5818020374999999 0.8720570109375 0.56881143125
0 0.851996803125 0.5820106921875 0.8542601390625 0.5893701796874999 0.8591111124999999 0.5874342734375 0.8601906171874999 0.5849646140625 0.8631799703124999 0.5821119343750001 0.8621326671875 0.5793964890625001 0.8595264296874999 0.575521859375 0.8566309609375 0.566490246875 0.853104390625 0.557946784375 0.85033096875 0.5592679921875 0.8503710390625001 0.568981278125 0.851996803125 0.5820106921875
0 0.8551012171875 0.5897284515625 0.8590361218749999 0.58657711875 0.8612996031250001 0.5809808734375 0.862636284375 0.5758975687500001 0.8633275234375001 0.5615858 0.862623121875 0.55538549375 0.8616320609375 0.5533129140625 0.8579008109374999 0.5495367109375 0.8545820109375001 0.5504748562499999 0.850087246875 0.5564822406250001 0.8482790046875 0.57283509375 0.8502824468749999 0.5864792515625 0.8551012171875 0.5897284515625
0 0.8796769281250001 0.6318437375 0.8832609171874999 0.6302346062499999 0.8841422109374999 0.62735043125 0.8815386921874999 0.619804775 0.8800199750000001 0.6154031437499999 0.8765593515625 0.6036139015625 0.8728950781249999 0.598752196875 0.8666539015625 0.601457515625 0.86744675 0.60311558125 0.8699993171875 0.6156320515625 0.8718474828125 0.62194821875 0.8726965734375 0.6242491484375 0.873719690625 0.6340923578125001 0.879060825 0.6340569265625 0.8796769281250001 0.6318437375
0 0.8771883265625 0.6478242562500001 0.8784740578125 0.64771176875 0.88293661875 0.6468894875 0.879588484375 0.6363859765625001 0.875865246875 0.63455243125 0.8736554312499999 0.631506834375 0.871365334375 0.6219904015625 0.8622794921875 0.6236490234375001 0.8627401734375001 0.6270635796875 0.8656463750000001 0.6343668234375001 0.8703270015625 0.64301310625 0.8706311578125 0.6432156453125 0.873850778125 0.6485481109375 0.8771883265625 0.6478242562500001
0 0.8619470359375001 0.6513169828125001 0.8664014375000001 0.6615077796875 0.8717398515625 0.6651433734375 0.87518459375 0.6600915656249999 0.8792774921875001 0.6605971984375001 0.8803302359374999 0.65597059375 0.878838278125 0.65372590625 0.8707998874999999 0.645144240625 0.8686757999999999 0.6412274296875 0.8671088515625 0.638125590625 0.862223103125 0.63596189375 0.85989264375 0.6426436437499999 0.8619470359375001 0.6513169828125001
0 0.8785487578125 0.674480390625 0.8817443359375 0.673984884375 0.8775068921875 0.6644228937500001 0.8711372015625001 0.66195716875 0.86794434375 0.6587816484375 0.8654345640625 0.6523074359375001 0.8623354453125 0.6502033578125 0.8628014203125 0.6592315953125001 0.8674915296875 0.670265484375 0.87027723125 0.6743403421874999 0.872176346875 0.6756856906250001 0.8752754671874999 0.6777897671875001 0.8785487578125 0.674480390625
0 0.8822883109375 0.6829483781250001 0.8781913187500001 0.6816380234375 0.8785282609375 0.6750850749999999 0.8716365937500001 0.67174359375 0.8677936890625 0.668135378125 0.8641521875 0.66162708125 0.8611862765625 0.6576387218749999 0.859650584375 0.65959358125 0.8597032718750001 0.66019580625 0.8608982015625 0.669952325 0.8654185046875 0.682603790625 0.8702098906250001 0.6879495265625 0.8747190375 0.6887686984375 0.8780952921875 0.6857425578125 0.8822883109375 0.6829483781250001
0 0.859235325 0.60152550625 0.8549049578125001 0.6014492375 0.8539055937500001 0.605632803125 0.8538190203125 0.6059437953125 0.8530153265625 0.6149649171875 0.852827096875 0.6180155593750001 0.8559717828125001 0.62274681875 0.858169896875 0.62316134375 0.8601912484375 0.611151225 0.859235325 0.60152550625
0 0.8526594781249999 0.6291049546874999 0.8526030703125 0.6245586296875001 0.853459453125 0.61613973125 0.8523867921875 0.61168231875 0.84474985 0.61022654375 0.844285009375 0.6101155031250001 0.8441325765625001 0.6096737125 0.841471328125 0.6247739890624999 0.8413338749999999 0.63100606875 0.84654686875 0.6320670765624999 0.8491759375000001 0.6335058578125 0.8525954265625 0.6348754859375 0.8526594781249999 0.6291049546874999
0 0.8506132843750001 0.6746448546875 0.8519305828125001 0.68059795 0.8567389656250001 0.6809358140625 0.8598423281249999 0.67869209375 0.8619877546874999 0.67850439375 0.8604277296875 0.6684764000000001 0.8596317812500001 0.6580781390625 0.8625187625 0.652060634375 0.8595396796875001 0.6479217187499999 0.8542476546875 0.6459573734374999 0.8506121453125 0.647040625 0.850062075 0.65663975 0.85019369375 0.667247840625 0.8506132843750001 0.6746448546875
0 0.8587601093749999 0.68713075 0.8587959078124999 0.68363831875 0.8547008249999999 0.6797487515625 0.8532273734375 0.669409765625 0.8499904828125 0.6636246125 0.8458257187499999 0.664140690625 0.845140675 0.6654142921874999 0.8455545343749999 0.6805489484375 0.846386278125 0.687454778125 0.8498094875 0.6927685046875001 0.85355455625 0.6939579390625 0.8572074234375 0.69409348125 0.8587601093749999 0.68713075
0 0.8325576953124999 0.6880577859375 0.8373848796875001 0.6899110921875 0.8397824843749999 0.690004746875 0.84010434375 0.6858804546874999 0.841160215625 0.6771406843750001 0.8422029171875 0.668250359375 0.8424570062500001 0.6659525015625001 0.8410229687499999 0.6651677109375 0.8413410078125001 0.6662018468750001 0.837157440625 0.6652024828124999 0.8353563968750001 0.6667254328125 0.8341500015625 0.6724441984375 0.8333369578125 0.6761563374999999 0.832249109375 0.6832301078125 0.8325576953124999 0.6880577859375
0 0.8435672734375 0.673440796875 0.8436294125 0.670249478125 0.843748165625 0.65339943125 0.8433059500000001 0.6496454046875 0.8411041156250001 0.64528678125 0.8393520406249999 0.6434678546875 0.8354977734375 0.6462323984375 0.835563428125 0.6651902328125 0.8362897984375 0.6708916125 0.8385970078125 0.676454684375 0.840558025 0.674159196875 0.8435672734375 0.673440796875
0 0.8228674281250001 0.6969461328125 0.8285038359374999 0.7002457265625 0.832967834375 0.6992483421875 0.8343642671874999 0.6970022515625 0.8343285734375 0.6913921546874999 0.8332841656250001 0.6846566390625 0.8329455171875001 0.67558375 0.832601134375 0.6742485 0.8316977984375 0.6743275328125 0.8323677593750001 0.6754825875 0.8284081171875 0.6770426796875 0.8251316078125001 0.679908384375 0.8244803468749999 0.6893712984375 0.822773415625 0.689368925 0.82139015625 0.691765575 0.8228674281250001 0.6969461328125
0 0.8325465359375 0.676225490625 0.8316056968750001 0.6641711124999999 0.8300757359375 0.658388328125 0.8247085015625 0.6503622171875 0.8224840421874999 0.6496465812500001 0.8222713796875001 0.6498168953125 0.8198510499999999 0.66246875625 0.8222580046875001 0.66787139375 0.8227190234374999 0.6731408625 0.8246216203125 0.677980790625 0.82856618125 0.67884935625 0.8325465359375 0.676225490625
0 0.82276266875 0.641126521875 0.8260316359375001 0.639475146875 0.8299536734374999 0.6348841703125 0.8321273546875 0.63241836875 0.8323419281250001 0.6296688406250001 0.826413828125 0.625636221875 0.8241140578125 0.627961346875 0.822011865625 0.632544815625 0.8197967578125 0.6371381640625 0.8197402484375 0.641694365625 0.82276266875 0.641126521875
0 0.8152650906250001 0.630859453125 0.8164883765625 0.6292353421875 0.8205948234375 0.6267521546875 0.8218068468749999 0.6223982734375 0.8228890640625 0.6139596171874999 0.8215961984375 0.6108868484375 0.8207945171875 0.6082262296875001 0.8208208609375 0.6085273421874999 0.816445346875 0.6066345203125 0.8105754609375 0.6136715421875001 0.8097341625000001 0.61966178125 0.8079876140625 0.62831026875 0.8084844296875 0.6300873046875 0.8152650906250001 0.630859453125
0 0.7942579578125 0.7015730578125 0.7956111531250001 0.6949311984375 0.8009615984374999 0.6897601265625 0.798024046875 0.6743911390624999 0.79356578125 0.6676508828125 0.7934114359375 0.66978830625 0.78665319375 0.6835782265625 0.7823359984375 0.683652515625 0.779898775 0.69220971875 0.7857722765624999 0.698219325 0.7885236124999999 0.7049572125 0.7942579578125 0.7015730578125
0 0.7399940703125 0.6756753890625 0.7429318281249999 0.672839321875 0.748191878125 0.6731376703125 0.750572590625 0.6691366703125 0.7542895093750001 0.6635016796875 0.7509811281250001 0.6555988593750001 0.7474374578125 0.6515093390625 0.7413775359375 0.6550736859375 0.738816134375 0.6609109984375 0.735537715625 0.6663559171875 0.7399940703125 0.6756753890625
0 0.7440370781250001 0.6243475703125 0.7464742 0.62489289375 0.749302759375 0.6260108046874999 0.7518622500000001 0.62275270625 0.757199521875 0.617431078125 0.759427803125 0.6129882875 0.757007675 0.60743509375 0.7522350921875 0.6036047984375 0.745710328125 0.6070581046875 0.7420987875 0.613897546875 0.7389689781250001 0.6249426812500001 0.7440370781250001 0.6243475703125
0 0.7537204171874999 0.5620583921875 0.75565318125 0.5620410062500001 0.7596955750000001 0.5653283499999999 0.760949028125 0.5588469234375 0.7673269890625 0.5563167140624999 0.771002478125 0.5528092671875 0.7705508109375 0.5528487828124999 0.7696663781249999 0.5453407296874999 0.7641899453125001 0.541268596875 0.7575710671875 0.546247225 0.7542041640625 0.5545823484375 0.75078648125 0.55973603125 0.7537204171874999 0.5620583921875
0 0.7278913218749999 0.6686936859375 0.7276015390625 0.6653814484375 0.72830920625 0.660464859375 0.727038965625 0.6537491015625 0.72714444375 0.645851025 0.7227632984375 0.6425933171875 0.7215738968750001 0.6433042125 0.717779859375 0.6454566500000001 0.717213259375 0.6571877859375 0.7190932343750001 0.665670703125 0.7231788640625 0.6733538140625 0.727910125 0.6702091265625 0.7278913218749999 0.6686936859375
0 0.699923965625 0.640343659375 0.6986460796875 0.6439447578124999 0.7028126515625 0.6499519921875 0.7058219 0.6492335921875 0.7098003453125 0.649188940625 0.7111516328125 0.64512629375 0.71587163125 0.6392518375 0.712870046875 0.6317665781249999 0.7080541046875 0.6305298453125 0.701892525 0.6368338421875 0.699923965625 0.640343659375
0 0.689973671875 0.6774725609375001 0.692995990625 0.6860072421875001 0.698798103125 0.6807966546875 0.703651734375 0.6738485468750001 0.7074871968750001 0.6695685640625 0.7064559625 0.6629836046875 0.7063825609375 0.6634451515625 0.70229884375 0.6531828281250001 0.6941461828125 0.6575371 0.6890403734375 0.664203853125 0.6866370359375 0.6718478421875 0.6837519671875001 0.6752861343750001 0.689973671875 0.6774725609375001
0 0.6890345375 0.681044021875 0.690978665625 0.6746538796875 0.6896425640625 0.667185340625 0.686258871875 0.6623232828125001 0.6817553562499999 0.662868996875 0.6827508984375 0.663843859375 0.677178440625 0.663876259375 0.6779009874999999 0.6747360687499999 0.6779461328124999 0.676552621875 0.68272806875 0.6856919 0.6852573921875 0.687291115625 0.6890345375 0.681044021875
0 0.672595278125 0.7181338 0.676447634375 0.7179484703125001 0.677394309375 0.7131626796874999 0.678952628125 0.7075648328125 0.68025876875 0.7016856328125 0.6822649328125 0.7012067 0.6758983359374999 0.6973641546875 0.6710936734375 0.7009703890625001 0.6678152546875 0.7064153078125 0.6664996609375 0.71608805 0.6685076359375001 0.7221324296875 0.672595278125 0.7181338
0 0.70772971875 0.6918485140625 0.7104887 0.6882695437499999 0.710682559375 0.6865837890625001 0.7068020515625 0.6799446921875 0.7006913515625001 0.6803276 0.6961369578125 0.6867944031250001 0.6963533390625 0.6905681890625 0.7009113499999999 0.6971480109375 0.70772971875 0.6918485140625
0 0.6401285359375 0.6578634796875 0.638863925 0.652512609375 0.6281425265625 0.64571346875 0.6210342718749999 0.65680325625 0.620776259375 0.6733620703125001 0.6299244609375 0.669982659375 0.6384610187499999 0.6674153046875 0.6401285359375 0.6578634796875
0 0.6379144515624999 0.571431559375 0.6462834953125001 0.5708510703125 0.6490067828125 0.5616620046875 0.6474750109375 0.549355909375 0.6273625828125 0.550963809375 0.628008009375 0.558341065625 0.6379144515624999 0.571431559375
0 0.6720967250000001 0.49914868593749995 0.6685210828125 0.49339316875000006 0.659051496875 0.4957002015625 0.653343496875 0.49938546875 0.652863471875 0.5108056140625 0.657553203125 0.518891 0.65770898125 0.5193710296875 0.6608537703125 0.5149997625 0.6655681390625 0.507760421875 0.6698006750000001 0.505417909375 0.6720967250000001 0.49914868593749995
0 0.5852177578125 0.550441696875 0.58998099375 0.5489630078125 0.5950378328125 0.5456381265625 0.6028949781249999 0.5457092593749999 0.6057349015625 0.5404544140625 0.6053699078125 0.5310804109375 0.6049370421875 0.5326353687500001 0.600655640625 0.529217225 0.592196203125 0.5352671328125 0.5860986765625 0.5358005968749999 0.5869699374999999 0.5431580953124999 0.5845855046875 0.5432149984375 0.5852177578125 0.550441696875
0 0.572553696875 0.624179559375 0.57784954375 0.6209854781249999 0.5790088812499999 0.6160293718750001 0.57938151875 0.6150865203125 0.5739690359375 0.6143463812500001 0.5666482203125 0.61650395625 0.563113903125 0.6177234203124999 0.5594722984375 0.6203176484374999 0.56260944375 0.6262632375 0.572553696875 0.624179559375
0 0.522257984375 0.6748509984375 0.5259937046875 0.6707314484375 0.527602696875 0.6774175687499999 0.5323941859375 0.6736607765625 0.5323453203125 0.6679001234374999 0.5391185421875 0.6607840734375 0.54290131875 0.6559018640625001 0.541762796875 0.6506916687500001 0.5418342875 0.6528093359375 0.53471115625 0.6481227265625 0.5277647875 0.6558607609375 0.5213077953125 0.657487634375 0.5201616296875 0.662594296875 0.5157690171875 0.6748118734374999 0.522257984375 0.6748509984375
0 0.5366317375 0.7272983125 0.538348015625 0.73260966875 0.5411126265624999 0.730395584375 0.54628419375 0.7335841390625 0.5480871484375001 0.729481975 0.5506334671875 0.7260733203124999 0.5531270968750001 0.722062440625 0.5528504859375001 0.7189007593750001 0.5528543078125 0.7137423328125 0.547889775 0.709018578125 0.5451006265625 0.7174548640625 0.5425957359375 0.7187359734375 0.5389823859375 0.7190521000000001 0.5379415953125 0.7253632109375 0.5366317375 0.7272983125
0 0.51368713125 0.714741678125 0.515732709375 0.7238169390625 0.5169221109375 0.7231060453125 0.522067434375 0.7168909593749999 0.5246457265625 0.7151483015625 0.5255246312499999 0.71218894375 0.5287936 0.71053756875 0.530065853125 0.705571584375 0.531927128125 0.70343653125 0.5274744921875001 0.698061159375 0.52082555 0.698794575 0.51778050625 0.70300540625 0.5159248625 0.70650534375 0.5146413484375 0.7087415578125 0.51368713125 0.714741678125
0 0.5284960015625 0.5653784421875 0.5234129203125 0.559299684375 0.5166209984375 0.55579776875 0.509977790625 0.5487935421875 0.5053915234375 0.5444918203125 0.501716034375 0.5479992640625 0.500982021875 0.5526147421875 0.50113063125 0.558214959375 0.508560540625 0.5612059328125001 0.5125351640625 0.566319709375 0.5165116984375 0.568854271875 0.519415571875 0.566931421875 0.5284960015625 0.5653784421875
0 0.47250293593750003 0.6770800796875001 0.47032543281250005 0.6847043078125 0.47512627343749997 0.6862565015625 0.47986879531250004 0.685841584375 0.4831151375 0.687833196875 0.48460568437499996 0.684061784375 0.48726492187500003 0.6806432499999999 0.4917986015625 0.6752402187500001 0.49205651406250006 0.66778393125 0.49340025781249996 0.6649356140625 0.4889551640625 0.6583459125 0.48386635 0.66000479375 0.47991605625 0.666873871875 0.477414884375 0.6720990796875 0.47245970000000004 0.6726843109375 0.47250293593750003 0.6770800796875001
0 0.4938529171875 0.7442396265625 0.4967906734375 0.741403559375 0.4989887875 0.7418180828125001 0.4991375015625 0.738315775 0.5000973484375 0.7336805390625 0.502001959375 0.7268387281249999 0.501969984375 0.7251727296875 0.49610211406250004 0.7205280078125 0.49358777031249995 0.7256026609374999 0.49254135000000004 0.7305488875 0.49061230624999996 0.7345103734375 0.49345966875 0.7371437249999999 0.4938529171875 0.7442396265625
0 0.4651419921875 0.733401146875 0.46592105000000006 0.73970475 0.4672646921875 0.7459589609374999 0.47191500937499997 0.7444901484375 0.4731570984375 0.7443814796875 0.4767742703125 0.738906925 0.476996384375 0.73494306875 0.48059485625000004 0.7188505453125 0.4803972765625 0.7165922015625 0.479284996875 0.720785646875 0.4740268578125 0.7179080843750001 0.470008896875 0.7175010671875001 0.468365915625 0.7208306921875 0.46786899843749996 0.7281561796875 0.4661281828125 0.7290670234375 0.4651419921875 0.733401146875
0 0.441696953125 0.706020846875 0.43942905468750004 0.719114496875 0.44882380624999996 0.7146515546875001 0.44916064687499996 0.7172011328125001 0.454341665625 0.71659614375 0.45594512812500004 0.71281485 0.46149124218750004 0.7124813375 0.46405636250000004 0.7105881234375 0.46470380312500004 0.7062836375 0.46483180312499994 0.7038451015625 0.4614161359375 0.6973170453125 0.4573191421875 0.696006690625 0.4511782765625 0.7012469140625 0.44662961562500003 0.699976075 0.445112725 0.7034463765625001 0.441696953125 0.706020846875
0 0.3928583125 0.7174239796874999 0.39973117812500003 0.7192500203125001 0.403481878125 0.721804340625 0.4072137734375 0.72284321875 0.4093705640625 0.7162827625 0.416697009375 0.7154900734375 0.41764368281250003 0.71070428125 0.4179994296875 0.7056667734375 0.4118530359375 0.700439584375 0.40509871875 0.6999685515625 0.4015022609375 0.704379334375 0.3980488859375 0.703922921875 0.39622330625 0.7116680703125 0.3928583125 0.7174239796874999
0 0.40953466718750003 0.6830442156250001 0.4123688578125 0.6855270109375 0.416751915625 0.686205503125 0.4200999140625 0.685457465625 0.4261918109375 0.6835591156249999 0.42998021875000003 0.6800417921874999 0.429477875 0.6677973421875001 0.42930663906250005 0.6658401109375001 0.42832427031250003 0.6650158046875 0.4226633296875 0.6679384109375001 0.4186698 0.6704117218750001 0.4130634578125 0.6713573390625001 0.41133390312499996 0.674997953125 0.4076264390625 0.6768394015625 0.40953466718750003 0.6830442156250001
0 0.43330419375 0.6400033203125 0.43448987656250004 0.635348328125 0.43768544218749994 0.6341584984375 0.44051219374999995 0.6287530968749999 0.43908016875 0.6162865671875 0.43885242343749997 0.6188855390625 0.4342716859375 0.6250512296874999 0.43030259062500004 0.630404865625 0.4262356609375 0.6333397234375 0.42479780156249997 0.637713359375 0.429811303125 0.6390952390625 0.43330419375 0.6400033203125
0 0.4158491921875 0.6316693734375 0.42080819687500004 0.625925715625 0.42226666875 0.62959083125 0.42708641406250003 0.6235559375 0.43449943125 0.6224522578125 0.43553831093750006 0.6187203609374999 0.432766259375 0.613046246875 0.4308090625 0.61018330625 0.4234468234375 0.6144684265625 0.41996328125 0.6188693296875 0.4154541359375 0.618050159375 0.416028071875 0.62330975 0.4158491921875 0.6316693734375
0 0.4321112796875 0.6185650609375 0.4358677109375 0.6133817390625 0.437734615625 0.612611571875 0.4386624875 0.6063103390625 0.44013996562499996 0.59328584375 0.43944185156250004 0.5853063625 0.4328117140625 0.58755521875 0.42868636406249994 0.5976254937500001 0.42749877031250005 0.6048597 0.42474542031249995 0.6098035546875 0.42673268125 0.61691170625 0.4321112796875 0.6185650609375
0 0.4640861546875 0.57177211875 0.4639319125 0.564807015625 0.46032801562500003 0.5613296 0.4597239125 0.5609273265625 0.45564572343750004 0.5611324140625 0.4525160171875 0.563075021875 0.4472521453125 0.5679351015625 0.446205621875 0.5819838546875 0.44843008125 0.582699490625 0.4524819265625 0.5821932921874999 0.45498118749999994 0.5795472968750001 0.45834055156250003 0.572426503125 0.4640861546875 0.57177211875
0 0.3837258078125 0.663759571875 0.382886521875 0.658068071875 0.3844994390625 0.6504932375 0.38027454843749997 0.642518890625 0.37657090625 0.6392019109375 0.372884053125 0.6490821140625 0.3747903703125 0.6578661421875001 0.37521750468750004 0.664048825 0.379822571875 0.6698659874999999 0.3818192859375 0.6731805984375 0.3837258078125 0.663759571875
0 0.344356034375 0.6065205265625 0.3407935640625 0.600915565625 0.3362749671875 0.6038899390625 0.333786965625 0.6092657046875 0.3319369546875 0.614130528125 0.33892836718749997 0.6173115734375 0.348582734375 0.6210181859375 0.35568897499999996 0.6216101390625 0.3557962609375 0.620235375 0.3556852546875 0.617666040625 0.3562780953125 0.61533854375 0.3525029625 0.609903896875 0.344356034375 0.6065205265625
0 0.33126508125 0.6155546859375 0.32692717187500003 0.616692746875 0.32563038125 0.6278809328125 0.327694865625 0.6293691078125 0.33370582031249996 0.629146634375 0.34104724375 0.635027815625 0.342882175 0.63259165 0.344022709375 0.626120103125 0.3388662265625 0.620502890625 0.33586643125000004 0.6174277499999999 0.33126508125 0.6155546859375
0 0.3194790390625 0.7279399671875 0.320288159375 0.7384887828125 0.32505330468750004 0.7344308796875 0.33044316406249996 0.7388140046875 0.3342654578125 0.7343834640625 0.3368268578125 0.7285461515625 0.34485151875 0.7266304156250001 0.3454142953125 0.72005770625 0.343327290625 0.713109990625 0.337609940625 0.7114862734375 0.3310230375 0.7181308984375 0.32680367499999996 0.720623965625 0.3216339171875 0.7239587249999999 0.3194790390625 0.7279399671875
0 0.301138103125 0.678267075 0.29583481875 0.6735729578125 0.2952946640625 0.6765026796875 0.2935782828125 0.68029385 0.2923192 0.685410390625 0.2967869171875 0.6883571046875 0.3030895671875 0.68886765625 0.30680819062500003 0.6988585046875 0.3160052578125 0.7012397484374999 0.31969583125 0.6953036453125 0.3161182765625 0.692127340625 0.31197241875000004 0.685056334375 0.3067594265625 0.6839953249999999 0.3040268921875 0.67877288125 0.301138103125 0.678267075
0 0.2942970078125 0.6963120843749999 0.286183965625 0.6920154984375 0.2866111 0.698198184375 0.2828753796875 0.7023177328125 0.289260778125 0.70767571875 0.2940052109375 0.7046815890625 0.3008686234375 0.7103011734375 0.30667445625 0.709034684375 0.3068080890625 0.7079610328125 0.30667636875 0.7064554703125 0.30617392187500003 0.703313546875 0.302577565625 0.6986218015625 0.2942970078125 0.6963120843749999
0 0.27170381250000003 0.729389003125 0.2778596578125 0.7308226484375 0.2813902578125 0.7256590843749999 0.2904348921875 0.7275985375 0.2951642421875 0.7270330640625 0.2975280640625 0.7189374078124999 0.2982789671875 0.7184165859375 0.29165265156250003 0.715507015625 0.285668040625 0.7160306015625 0.279553621875 0.7124694109374999 0.275753953125 0.7132569640625 0.2749521703125 0.7196988734375 0.27170381250000003 0.729389003125
0 0.26096743437500003 0.71591599375 0.26672620937499997 0.7154121671875 0.268899890625 0.7129463640625 0.2766384875 0.711662490625 0.27833234687499997 0.7024117796875 0.2784509984375 0.6946642578125 0.277521315625 0.694442178125 0.27218786562499997 0.694605378125 0.26699739375 0.6990039078125 0.2614700828125 0.7008528640625 0.25601054375 0.7008753859375 0.2591456765625 0.718502715625 0.26096743437500003 0.71591599375
0 0.2672610390625 0.6838099796875 0.2662616765625 0.6879935453125 0.26983731875 0.6937490625 0.27273736875 0.696984640625 0.2799037359375 0.706067015625 0.28508857656250003 0.7003035984375 0.28495685625 0.6987980375 0.2835191 0.6940691484375 0.279907659375 0.6918060609375 0.273072503125 0.6839083765625 0.2672610390625 0.6838099796875
0 0.26864259375 0.665787490625 0.2660379578125 0.6672290359375 0.2615927609375 0.6697418625 0.2610845828125 0.6743375796875 0.263681575 0.683212890625 0.26930863125000004 0.6812035 0.27092335625 0.6801519796875 0.27923397968749997 0.6867069078125 0.278364528125 0.6858727234375 0.28273069375 0.6824565609375 0.2797027453125 0.67255699375 0.274310975 0.67075308125 0.26864259375 0.665787490625
0 0.2618789265625 0.660007471875 0.26084195781249997 0.66116015625 0.26083803437499997 0.675421109375 0.2662204546875 0.6719160359374999 0.2707634859375 0.671821990625 0.2783684515625 0.67161176875 0.279962565625 0.6625214921875 0.27959938125 0.659670803125 0.2784043515625 0.6590168109375 0.271277396875 0.6594886296875 0.26786353749999997 0.6594838875 0.2618789265625 0.660007471875
0 0.273449371875 0.6413969890625 0.27442982968749996 0.6448005078125 0.274796734375 0.6515952953124999 0.2751843515625 0.6573263125000001 0.2818972421875 0.6599248921875 0.2859961453125 0.6586560312499999 0.2927541828125 0.663071165625 0.29720692031249996 0.6593440109375 0.29740078125 0.65765825625 0.29342052500000004 0.6511795953124999 0.2892257 0.6474504609375 0.2795130140625 0.641776740625 0.273449371875 0.6413969890625
0 0.24899551718750002 0.621993796875 0.24577360625 0.6228825125 0.24360173437500002 0.6318716265625001 0.2486528421875 0.6362843890625001 0.2535948546875 0.6355486015625 0.26366509374999997 0.642708128125 0.2684302390625 0.638650225 0.26806514375 0.6383787484375001 0.266623665625 0.6297057609375 0.2595305984375 0.6292643640625 0.25044091874999996 0.61640583125 0.24899551718750002 0.621993796875
0 0.25679997499999996 0.6214627046875 0.2567302921875 0.6258683515625 0.2533653 0.6316242609375 0.25517569375 0.6354102968750001 0.2602399734375 0.6399736140625001 0.2633602265625 0.6418245484375 0.2692092953125 0.644953828125 0.2715919203125 0.6383736140625 0.27152797031250003 0.6350416171875 0.2698097796875 0.632309475 0.266625578125 0.627126546875 0.2638516171875 0.624031646875 0.25679997499999996 0.6214627046875
0 0.2713642765625 0.6318700578125 0.27512432656249997 0.6397333625 0.2800022875 0.64476810625 0.2828967078125 0.6466387984375 0.2922725515625 0.6497629421875 0.29412065468750004 0.647477334375 0.293828959375 0.6467443109375 0.291348603125 0.6418032203124999 0.2869637390625 0.6346014156249999 0.276806925 0.62775288125 0.2713642765625 0.6318700578125
0 0.2556352109375 0.606848871875 0.2569599484375 0.620690165625 0.260808484375 0.625663265625 0.26285979375 0.627000884375 0.26830234062499997 0.631986234375 0.2727644296875 0.6335680640625 0.2783086328125 0.6358137640625 0.2814251671875 0.6337205984375001 0.2818035359375 0.6250401046875 0.2745148 0.61976115 0.26775867343750004 0.6127668015625 0.2556352109375 0.606848871875
0 0.2371417390625 0.5658367140625 0.23055302812499998 0.565958025 0.23184961249999997 0.5729748953125 0.23228428750000002 0.5779432515625 0.233334325 0.5860436499999999 0.23846265625 0.5848364359375 0.2448932015625 0.5920109765625 0.2533807921875 0.5927854953125 0.2571108796875 0.5873010625 0.256807925 0.5838382671875 0.253049684375 0.5824982765625 0.24730227187499998 0.5766293484375 0.2428007703125 0.565493321875 0.2371417390625 0.5658367140625
0 0.314000425 0.58338583125 0.3112791515625 0.5808931562499999 0.3076714328125 0.5825741703125 0.307515178125 0.58729080625 0.3054939296875 0.5901983984375 0.3074755578125 0.5959416656250001 0.3117362453125 0.6004235796875 0.3133885765625 0.602402940625 0.3197382828125 0.60215083125 0.32011102187499996 0.59210545 0.318667634375 0.5860116765625001 0.314000425 0.58338583125
0 0.2713706234375 0.5695172546875 0.276653196875 0.57527514375 0.2815086359375 0.574850346875 0.2851370671875 0.5721055625 0.2862418046875 0.569126446875 0.2859915375 0.5662658781250001 0.2833229546875 0.564375428125 0.278298190625 0.5602637796875001 0.27499161875 0.558884271875 0.2693965359375 0.562559659375 0.2713706234375 0.5695172546875
0 0.271196078125 0.527205815625 0.2679139390625 0.5287066359375 0.265472996875 0.533319740625 0.2685405625 0.53456845 0.269218065625 0.5345091765625 0.2710359 0.546183409375 0.27433865 0.5527213453125001 0.2793258078125 0.5538021109375 0.281126853125 0.5522791625 0.281572890625 0.5508747609375 0.2763186765625 0.5337362453125001 0.2731476453125 0.528703871875 0.271196078125 0.527205815625
0 0.2608752640625 0.544493303125 0.25715845000000004 0.5410257671875 0.25122843906250003 0.5395723625 0.2515916234375 0.5424230515625 0.2493746046875 0.5495956140625 0.2524383484375 0.55600275 0.25696820625 0.5557581484375 0.258985634375 0.558008984375 0.2634551609375 0.5674790125 0.26583959375 0.5674221109375 0.266138828125 0.5669408046875 0.26906904531250003 0.565319065625 0.2694850203125 0.5596694531249999 0.26735095625 0.5534843984375 0.2608752640625 0.544493303125
0 0.2527023 0.513501240625 0.24987937031250002 0.513748215625 0.2454567984375 0.512618053125 0.244856415625 0.5161598796875 0.24161751250000002 0.522056465625 0.2491377125 0.528680546875 0.2517009234375 0.5293665484375001 0.25607824687499997 0.5377826828125001 0.2593979921875 0.5393127453125001 0.264415315625 0.535536196875 0.264176309375 0.5354053984375 0.2635346015625 0.5319722421875 0.2612461953125 0.5279246093750001 0.25534635 0.5216138906250001 0.2527023 0.513501240625
0 0.2561463234375 0.50864866875 0.255058478125 0.5157224406250001 0.256915928125 0.518745815625 0.25823131718750003 0.5272781265625001 0.259362296875 0.5337026484375 0.26087345625 0.537969990625 0.263967365625 0.5395198125 0.2672965640625 0.5372563328125 0.26757699687500003 0.5352595859375 0.26707083125 0.5281735640624999 0.26681684375 0.5213688953125 0.267038959375 0.5174050390625 0.267857634375 0.5150577843749999 0.2675057109375 0.514936865625 0.26791414375 0.51050158125 0.2681080046875 0.5088158265625 0.2647562859375 0.5056197640625 0.2601737375 0.5052621421875 0.256552846875 0.5067926 0.2561463234375 0.50864866875
0 0.28293434687499996 0.4793008828125 0.279300284375 0.48068078437499995 0.2807361296875 0.48798888749999997 0.282236028125 0.48952645625 0.28603166875 0.512102384375 0.29287256093749997 0.512262428125 0.29471311875 0.511191146875 0.2949767640625 0.49599721875 0.29428810156249996 0.48422419687499996 0.289683034375 0.47840703281249997 0.28293434687499996 0.4793008828125
0 0.2664148609375 0.45434884999999997 0.2663413578125 0.4639129234375 0.266343165625 0.47043623749999997 0.2671428328125 0.4847785953125 0.27311416875 0.4932069796875 0.2786471109375 0.49272291093750004 0.277871978125 0.47215835312500004 0.2752844390625 0.45948949843750003 0.269678196875 0.45133258906249996 0.2664148609375 0.45434884999999997
0 0.2424916046875 0.44491200781250007 0.2401955546875 0.45118123125 0.238881871875 0.45827475937499995 0.2419719609375 0.46498300937500003 0.24135458437500001 0.47353270625 0.24810699062500002 0.47658295468749995 0.25043119375 0.47713815625 0.25356653125 0.4765604328125 0.25780660625 0.47300359218750004 0.25426112968750003 0.46239076093750003 0.2424916046875 0.44491200781250007
0 0.2416130078125 0.42056378437499997 0.23662956875000002 0.42342711718750004 0.23322314843749997 0.431310571875 0.24321998749999998 0.43893164531249995 0.25411442968750003 0.454211328125 0.261343040625 0.4509998609375 0.26182487499999996 0.44610302968750004 0.25593820156249997 0.43994286718750003 0.251342584375 0.4303321609375 0.24659071406250002 0.42543809374999997 0.2416130078125 0.42056378437499997
0 0.248999375 0.446466571875 0.25106184374999996 0.4596364890625 0.256553359375 0.4612799640625 0.2613241359375 0.45858694531250005 0.2610701484375 0.45178227812499994 0.259544009375 0.44084106875 0.2586125203125 0.4340956734375 0.2565913734375 0.4279007390625 0.25586309375 0.42477857500000005 0.2537214890625 0.41980784687500006 0.24928383437499999 0.4211063421875 0.24457519843750003 0.42060804375 0.2480434515625 0.4368408515625 0.248999375 0.446466571875
0 0.27302831250000004 0.4298002828125 0.2674333328125 0.42437314375 0.2662627359375 0.4265994796875 0.26424605 0.4263664203125 0.2711950890625 0.44786228906250003 0.27503990312500004 0.44889128749999996 0.2792009484375 0.4444311109375 0.2800986546875 0.44298719374999995 0.27919722812500003 0.4404870109375 0.27302831250000004 0.4298002828125
0 0.21529999531250002 0.38251137812499997 0.21755079843749997 0.383528128125 0.2207481734375 0.38886161406249997 0.22618890937499997 0.3873236515625 0.2223573703125 0.3773426796875 0.220592225 0.366270671875 0.2135010671875 0.363250059375 0.2124527359375 0.37077550000000004 0.21529999531250002 0.38251137812499997
0 0.244110971875 0.365881840625 0.241105546875 0.361441815625 0.23745459218749998 0.358727059375 0.23341400625 0.3619630296875 0.2339559671875 0.36555662031249997 0.2320344640625 0.368303778125 0.2363478390625 0.3733879171875 0.238705928125 0.3730299015625 0.24007963437500002 0.3835293234375 0.2439977484375 0.3931993015625 0.25078595 0.39275711874999997 0.2512112734375 0.392416490625 0.2531064328125 0.389368221875 0.25291830625 0.3833163359375 0.24690936562500002 0.37185706875 0.244110971875 0.365881840625
0 0.2472861328125 0.33844820625 0.241621471875 0.3374267140625 0.237279840625 0.3346206765625 0.24016661718750001 0.3468082234375 0.2435898265625 0.35212195 0.2490153796875 0.36211517187500003 0.25116452499999997 0.36587157187499997 0.2551955546875 0.3755316703125 0.2610409046875 0.3747168515625 0.25948077812500003 0.3737913859375 0.2617975421875 0.3664583875 0.2601038875 0.35750404687500004 0.2527568296875 0.35025798125 0.2472861328125 0.33844820625
0 0.2381981578125 0.3412155125 0.23221928125 0.3340014578125 0.22952616093749997 0.3383332078125 0.227299790625 0.340196784375 0.23607143281249998 0.35202118125 0.23713846562500002 0.355113709375 0.24548860156250002 0.36212030781250004 0.246694996875 0.35640154218750003 0.2445533921875 0.3514308140625 0.2381981578125 0.3412155125
0 0.2833622984375 0.41266335468750004 0.2799899703125 0.4014285375 0.271636009375 0.3995803671875 0.2727161109375 0.4119259796875 0.2729098671875 0.4193427515625 0.27552948437499997 0.4245750734375 0.28203343125 0.4312880671875 0.28363136875 0.4170393625 0.2833622984375 0.41266335468750004
0 0.2254372203125 0.2902958890625 0.229564175 0.30495398281249997 0.2383527078125 0.32087303437500003 0.24445968749999997 0.3165460265625 0.2472638140625 0.3147836125 0.2459540578125 0.3076161859375 0.23822883749999998 0.29084556250000004 0.22719131093749997 0.2804330734375 0.2254372203125 0.2902958890625
0 0.22689026562499998 0.2743910671875 0.22332960468750002 0.27530941875 0.217832459375 0.27230105781249997 0.21649997499999998 0.27787914687500004 0.2164490953125 0.283800234375 0.21720935 0.288588396875 0.21654491718750002 0.29790075312500003 0.21991915781250002 0.3065563546875 0.22807745000000001 0.3035669671875 0.23059179375 0.298492315625 0.2271460625 0.287719046875 0.22774835625 0.2815980078125 0.22689026562499998 0.2743910671875
0 0.20284092187499997 0.2648135453125 0.19871185156249999 0.270939721875 0.20148390156249998 0.2766138359375 0.20476785 0.2816363296875 0.2088120515625 0.2914469859375 0.2119210453125 0.29056815 0.212811415625 0.2721335078125 0.21108015624999998 0.2601482828125 0.20570718906250002 0.2598598140625 0.20284092187499997 0.2648135453125
0 0.198484721875 0.21892353281250002 0.193896440625 0.22630355156249998 0.19022658125 0.23117588125 0.1957820453125 0.236151353125 0.1975980703125 0.24130227343750002 0.20046604375000002 0.25197437968749997 0.21193844999999997 0.2491501703125 0.212463621875 0.23954657968749998 0.2054327953125 0.2268113375 0.20344553593749998 0.2197031859375 0.198484721875 0.21892353281250002
0 0.24591686093749998 0.2681751953125 0.237724684375 0.27207780000000004 0.24187245468750002 0.27656959375 0.24471408437500003 0.2869405875 0.24941517812499997 0.288653215625 0.2544701078125 0.2879075484375 0.2551871265625 0.28829994531250003 0.25332595625 0.2813324703125 0.25272949843750003 0.27061334062500003 0.249135053125 0.26334238125 0.24591686093749998 0.2681751953125
0 0.205009790625 0.18816264375 0.2040385796875 0.1991706359375 0.2049888734375 0.20743147031250003 0.210630909375 0.21209595 0.2154297375 0.225329884375 0.21948721249999997 0.2261885703125 0.22955001406250003 0.22545989687499998 0.23141128906250003 0.2233248453125 0.21516469374999997 0.19759039375 0.205009790625 0.18816264375
0 0.20689188125000002 0.17586129374999998 0.21034706406249998 0.1828410171875 0.21361401875000002 0.1928713828125 0.2216988078125 0.1994460703125 0.2249828578125 0.1953660359375 0.2216331515625 0.18048823593750002 0.21886864374999998 0.1735997921875 0.20917847968749997 0.1733856125 0.20689188125000002 0.17586129374999998
0 0.23432683124999998 0.1877216578125 0.2287995203125 0.1895706109375 0.22457452656250002 0.19069879218750002 0.22623811875 0.1954079234375 0.22767014375 0.2078744546875 0.23232598906250002 0.21687305625 0.239646803125 0.21471548281250002 0.2414629296875 0.210763875 0.23830889375000003 0.20072363124999998 0.23740756875 0.18912092187500001 0.23432683124999998 0.1877216578125
0 0.23874206562500003 0.1718610921875 0.23333340468750002 0.165962528125 0.2326445390625 0.1723945578125 0.23266514843750002 0.1804333125 0.23244675468749998 0.18834126874999998 0.23498734062499999 0.19267025468750001 0.23389577187500002 0.195799928125 0.23646642187500003 0.20437412500000002 0.24461335 0.20775749375000002 0.24764150156250003 0.1994520078125 0.249619515625 0.19214864843749999 0.24628670000000003 0.1813655015625 0.24332079062499998 0.1773771421875 0.23874206562500003 0.1718610921875
0 0.25307913593750003 0.13935478437499998 0.250205428125 0.1364203203125 0.247465353125 0.132412203125 0.2439649203125 0.1327184515625 0.2408803609375 0.13647761249999998 0.241734628125 0.1488429828125 0.2409422953125 0.15149135 0.24048670312499998 0.1657918203125 0.2416346765625 0.1672084734375 0.24665572187499998 0.167376021875 0.25008275156250004 0.167531321875 0.25296229375 0.1536256171875 0.2521888671875 0.1486868984375 0.252749734375 0.1446934046875 0.25307913593750003 0.13935478437499998
0 0.2194038828125 0.1055874984375 0.2222548609375 0.12126747499999999 0.2209129265625 0.13063910625 0.2287831390625 0.139963321875 0.23179621093749997 0.1340864921875 0.23126752343749998 0.12154093125000001 0.23180395625 0.11466710937499999 0.23300854218749997 0.10242503124999999 0.22848622343749997 0.1014553046875 0.2212012078125 0.10012045 0.2194038828125 0.1055874984375
0 0.2207851296875 0.1148725890625 0.2194641109375 0.10497539375 0.217576596875 0.09770680781249999 0.21004694218750003 0.0948762671875 0.20817058593749999 0.099439978125 0.20537389843749998 0.109090590625 0.20959506874999997 0.11312083749999999 0.2103233484375 0.1162430015625 0.2104832203125 0.124572990625 0.2149697421875 0.129035146875 0.21843819999999997 0.1270629 0.22051404687499998 0.1221783203125 0.2207851296875 0.1148725890625
0 0.221991628125 0.100051296875 0.21809030312500002 0.10357849999999999 0.218479728125 0.115832828125 0.2163944296875 0.1245109515625 0.215272696875 0.13249793906250001 0.2167556015625 0.1390433828125 0.219717790625 0.1390876421875 0.22205144687499997 0.1358493015625 0.2246975109375 0.132280209375 0.22459414687499998 0.11939402031249999 0.2244267359375 0.11227836093750002 0.221991628125 0.100051296875
0 0.2128852625 0.06489305468749999 0.20763647343749997 0.0673244765625 0.2114699234375 0.0747262328125 0.21392393593749998 0.0793662109375 0.21528638125000002 0.08713586250000001 0.2259193984375 0.0877226796875 0.22795572968750002 0.08238643125 0.223343221875 0.06868106874999999 0.219502228125 0.0624936421875 0.2136512484375 0.061943576562500005 0.2128852625 0.06489305468749999
0 0.2360802375 0.07120773281250001 0.237596925 0.08594248593750001 0.23567330625 0.1094739109375 0.2404646921875 0.11481964687499999 0.2446369984375 0.1130892375 0.2498538125 0.10899181875 0.25023047656249997 0.084685484375 0.2505693296875 0.0755533203125 0.2473907578125 0.0717352765625 0.2466417640625 0.0696768828125 0.2360802375 0.07120773281250001
0 0.2626962046875 0.11272293281250001 0.25861560625 0.10898380468749999 0.257356625 0.10499781875 0.25478215312499997 0.1015820484375 0.25002083124999996 0.10048152343750001 0.2513248546875 0.11538659062500001 0.248076496875 0.1250767203125 0.2548758578125 0.1364668359375 0.258005653125 0.137214475 0.2588173 0.1308122015625 0.26095156875000003 0.1187922046875 0.2626962046875 0.11272293281250001
0 0.26027366875 0.1032255234375 0.265887553125 0.1010655765625 0.26582179687499996 0.09121026875 0.2632003703125 0.07945463281250001 0.2602006765625 0.0672769640625 0.2584072765625 0.05848305625 0.2534464625 0.0577034015625 0.2501943859375 0.0634494328125 0.248765978125 0.0640295296875 0.24992330312500002 0.0707551640625 0.249804653125 0.07850268593750001 0.2506345890625 0.07888520156249999 0.2519518875 0.084838296875 0.25236585 0.090870425 0.2560505875 0.10177449062499999 0.26027366875 0.1032255234375
0 0.267749134375 0.07162294375 0.2670679109375 0.06773811874999999 0.26247973281250003 0.0660156125 0.2587516578125 0.059818304687500004 0.2567642953125 0.061812679687500004 0.255794996875 0.07024145781249999 0.25377555625000003 0.07967236093749999 0.252049721875 0.08725707656250001 0.25312620625000004 0.0865560625 0.2614820765625 0.08582501718749999 0.2635786375 0.0798766640625 0.26596689218749997 0.074661334375 0.267749134375 0.07162294375
0 0.2891767328125 0.14878846875 0.288762771875 0.142756340625 0.2814852953125 0.14020715625 0.27823141093750003 0.13942987499999998 0.27715110625 0.1452893171875 0.27599176718749996 0.150245421875 0.27231999687499997 0.157696965625 0.275272734375 0.16153476875 0.2804857265625 0.1625957765625 0.28449996875 0.1590586953125 0.2868769625 0.15111359375 0.2891767328125 0.14878846875
0 0.28430941875000004 0.20109865624999998 0.28215836250000004 0.1999214734375 0.27779209531250004 0.2124401625 0.2816557109375 0.214984603125 0.28237081875 0.2179562125 0.2839422078125 0.22161145000000002 0.2907285 0.22374848125 0.2913307921875 0.217627440625 0.290790740625 0.21145463593749997 0.289817825 0.20683678749999998 0.2897745890625 0.2024410203125 0.2858036859375 0.2012713421875 0.28430941875000004 0.20109865624999998
0 0.2725015046875 0.0830404390625 0.26921735 0.0962229984375 0.2729736828125 0.100142203125 0.27812644375 0.1018153171875 0.2814726359375 0.094543965625 0.2831080734375 0.092428671875 0.28636578125 0.088047525 0.2875082265625 0.07899676562499999 0.2808762796875 0.07472230937499999 0.2762278734375 0.07361190625 0.275070446875 0.075988796875 0.274406115625 0.076198628125 0.2741859125 0.0775832703125 0.27391302031250003 0.0783656890625 0.2725015046875 0.0830404390625
0 0.2946219078125 0.087476915625 0.2976481484375 0.08175064531250001 0.2974129640625 0.07646141875 0.2932501125 0.07439828281250001 0.289779846875 0.069847215625 0.2865447625 0.0705853734375 0.2866331453125 0.0767976953125 0.28659171875 0.078925240625 0.28498634218749996 0.085285746875 0.28339605 0.0892175953125 0.2808760765625 0.0929273625 0.28042440625 0.0929668796875 0.28396807343749997 0.0970563984375 0.28744779375 0.0978139234375 0.2914959203125 0.0933636234375 0.2946219078125 0.087476915625
0 0.300307178125 0.0965371640625 0.296084096875 0.09508613125000001 0.294465653125 0.0921935546875 0.290430696875 0.096794409375 0.2866291171875 0.100161178125 0.2827898328125 0.1095995890625 0.28216119375000004 0.115419515625 0.2820670796875 0.1169448375 0.28548656875 0.11831446406249999 0.2899881734375 0.12034796249999999 0.29505255468749997 0.1158087546875 0.296804734375 0.108525153125 0.3029982859375 0.10388715468750001 0.300307178125 0.0965371640625
0 0.3101323734375 0.13861111406249998 0.305931915625 0.133517096875 0.30129668125000003 0.1325572484375 0.3005438640625 0.135657284375 0.2966952296875 0.1397867109375 0.29244007031249997 0.145772209375 0.295550871875 0.1514166859375 0.2980463109375 0.15392911874999998 0.30260814375 0.1553505140625 0.30517145625 0.1469339859375 0.3092045 0.14491234687500001 0.3101323734375 0.13861111406249998
0 0.3194764484375 0.1218642078125 0.3176847546875 0.1286961390625 0.3142350984375 0.1321838265625 0.3109397875 0.133534090625 0.30369609375 0.13917421562500001 0.3011346921875 0.145011528125 0.3047178765625 0.14955271718750002 0.3110487796875 0.147785165625 0.31372681875 0.145882071875 0.3178220015625 0.1406691140625 0.321407096875 0.1426310875 0.321226409375 0.1444674 0.32445968281250004 0.13720592812500002 0.32367308437500003 0.1321166546875 0.323398384375 0.1263757578125 0.3194764484375 0.1218642078125
0 0.3202422296875 0.13711978125 0.31746827031249997 0.13402488125 0.312684321875 0.13656734375 0.3113555578125 0.14608953125 0.309245825 0.151887328125 0.30809402812500003 0.155629103125 0.30837626875 0.1601556703125 0.314185821875 0.16283328125000002 0.3157120640625 0.164671965625 0.319389465625 0.15858530625 0.321518 0.15430295 0.32759109531249997 0.150889159375 0.32326454843749997 0.1456544625 0.321386384375 0.1436948609375 0.3202422296875 0.13711978125
0 0.3137476328125 0.13571577343750002 0.31560508593750003 0.1387391484375 0.3221617203125 0.14605436562500002 0.3250392484375 0.143830403125 0.322423453125 0.13343965156249998 0.32708885468750004 0.12954218281250002 0.3215484734375 0.12213805468750001 0.3152345640625 0.1188977328125 0.310522209375 0.11445533593749999 0.306107178125 0.1121108453125 0.3042759625 0.111427515625 0.29720531875 0.1326117796875 0.30498152031250003 0.13435878750000002 0.3137476328125 0.13571577343750002
0 0.313813903125 0.10005844687500001 0.31805206875 0.0990808203125 0.319563328125 0.0942456359375 0.3183833796875 0.091162984375 0.315409928125 0.08838895625 0.30736837499999997 0.0862100359375 0.303946975 0.08741962343750001 0.30230399375 0.090749246875 0.30040320625 0.0924326296875 0.3024187203125 0.09726267968749999 0.30456977812499997 0.098439865625 0.30769003125 0.1002907984375 0.313813903125 0.10005844687500001
0 0.3310451875 0.0876278828125 0.33111486874999996 0.0832222359375 0.330985059375 0.0791374609375 0.32513216875 0.0811666078125 0.32019015781250004 0.0819023953125 0.31722042500000003 0.08307246562500001 0.31573933125 0.0830503359375 0.31702274375 0.0899166484375 0.318885825 0.094304909375 0.32585843593749997 0.09597051250000001 0.3298651359375 0.0936477609375 0.3315476328125 0.09076980625 0.3310451875 0.0876278828125
0 0.3577728765625 0.067994728125 0.35881175625 0.06426283125 0.351265209375 0.0573376359375 0.3497672234375 0.053220853125 0.34700070156249996 0.05801415 0.34686707031249997 0.059087803125000005 0.3452974921875 0.061955878124999995 0.3413039625 0.0644291859375 0.3373329578125 0.0723620359375 0.33962699375 0.077774553125 0.343870790625 0.0781618140625 0.34913838125 0.0772458328125 0.352909896875 0.069633853125 0.3577728765625 0.067994728125
0 0.3549836296875 0.085533540625 0.3547108390625 0.07721343281250001 0.35433639375000003 0.0716329734375 0.347446534375 0.0748148046875 0.339623171875 0.08293298125000001 0.3349031734375 0.08880743906250001 0.332947784375 0.09246781093749999 0.3328743828125 0.09292936093750001 0.3373740765625 0.097542071875 0.34387249531249997 0.09378765312500001 0.3468271453125 0.095046240625 0.348080596875 0.0885648140625 0.35202706875 0.08685416562500001 0.3549836296875 0.085533540625
0 0.3589057671875 0.0718400390625 0.3537321890625 0.080333225 0.348155909375 0.085524053125 0.34658441875 0.09097134375 0.348707221875 0.0944266296875 0.3545582015625 0.0949766953125 0.35673751249999996 0.09387577968750001 0.362750378125 0.0910740921875 0.3660532296875 0.08850949999999999 0.3690831921875 0.0867273265625 0.3654567734375 0.0777903703125 0.3638158046875 0.069438253125 0.3589057671875 0.0718400390625
0 0.3647753453125 0.0921105984375 0.3621726203125 0.09097293125 0.3540801890625 0.0947151 0.348976290625 0.0988026390625 0.3481557046875 0.1037291078125 0.34822156406250004 0.1044818890625 0.3503782515625 0.1070239578125 0.359861384375 0.1087733390625 0.36565595625 0.10477708125 0.3669545546875 0.10011220937500001 0.36551679843749996 0.09538332187500001 0.3647753453125 0.0921105984375
0 0.4079965875 0.06071825937500001 0.41046387500000003 0.056406267187500005 0.4145646890625 0.05255819375 0.41235722499999994 0.046834685937499995 0.40850677968750004 0.0444408 0.40419712499999993 0.043300759375 0.40131014374999996 0.049318265625 0.3973617625 0.053608128125 0.39702301093750003 0.0536377640625 0.397803978125 0.05736215625 0.399401709375 0.0613185046875 0.40458835937500004 0.062078401562499996 0.4079965875 0.06071825937500001
0 0.4214752609375 0.0483125890625 0.41704514687499994 0.04839675625 0.41409421718750006 0.051082267187499995 0.4123326890625 0.0530568859375 0.40998586093749995 0.0561446703125 0.40602239687499997 0.062863190625 0.406084434375 0.0687744 0.417058115625 0.0667523671875 0.42012950312499997 0.06284264687499999 0.42369207500000006 0.05934508125 0.42679543750000004 0.0571013609375 0.42279255937500004 0.054265685937499995 0.4214752609375 0.0483125890625
0 0.43982605937499997 0.0577818328125 0.43736450624999995 0.054356184375000005 0.4355145953125 0.050118478125 0.42901436875 0.0473495859375 0.428419615625 0.052256296875 0.42666371718749996 0.055595798437499996 0.42374667343750005 0.05736809375 0.42052848281250005 0.06220090625 0.41920162968749997 0.06914388125000001 0.420914190625 0.0705111375 0.42571502812500006 0.07206333125 0.43120101718750004 0.06323939375 0.43495553749999993 0.060635285937500005 0.43593227656250005 0.06009470625 0.43982605937499997 0.0577818328125
0 0.4404788234375 0.0821498125 0.4398295734375 0.0799309859375 0.43381489999999995 0.0762093609375 0.42213737343749996 0.07798955468749999 0.42015755156249995 0.0787696 0.42017444375 0.08286425625 0.419878928125 0.087289659375 0.425705371875 0.0940619265625 0.4308149 0.091339271875 0.434723765625 0.0865977390625 0.44076860625 0.08546205 0.4404788234375 0.0821498125
0 0.44986422187499997 0.0723778875 0.44036409687500006 0.0756363796875 0.4411958421875 0.0825422078125 0.446160375 0.0872659609375 0.4487216734375 0.09053117499999999 0.45408529062499997 0.08551066093750001 0.45919481875 0.08278800625 0.461536015625 0.078335334375 0.45871881875 0.07084466874999999 0.4574598390625 0.06685868125 0.44986422187499997 0.0723778875
0 0.4354762734375 0.110805284375 0.429762746875 0.104023140625 0.42624723124999997 0.10675804687499998 0.42012899062500003 0.1083552828125 0.4214650921875 0.115823821875 0.42031329531250006 0.11956559687499999 0.41755612343750004 0.1296678796875 0.4230626203125 0.137985225 0.42619795624999995 0.13740750156249998 0.4321449609375 0.13385303125 0.4310536 0.1187776515625 0.43369212187499995 0.1164228890625 0.4354762734375 0.110805284375
0 0.42338819843750003 0.13780503125000002 0.41932328124999996 0.129058146875 0.418344734375 0.1230754140625 0.4125181890625 0.125405675 0.4102014234375 0.1327386703125 0.407397296875 0.13450108593750001 0.40123571875 0.14080508281249998 0.4011265203125 0.144759059375 0.4025793609375 0.147059290625 0.40460050625 0.1532542265625 0.41449780468749997 0.14283068125 0.419206440625 0.1433289796875 0.42338819843750003 0.13780503125000002
0 0.46587099062500004 0.1708017578125 0.47062477343750003 0.1731166109375 0.47393516875 0.16933769062499998 0.473301003125 0.1646902046875 0.47016767968749995 0.1535861875 0.4646931578125 0.146934840625 0.457509796875 0.1428603359375 0.45433112031249995 0.14814481875000002 0.457150228125 0.15305627187499998 0.458228521875 0.1588785703125 0.463475296875 0.1681288890625 0.46587099062500004 0.1708017578125
0 0.48098995 0.0600970953125 0.480133771875 0.050310940625 0.47725634531249994 0.0434323765625 0.473500015625 0.039513171875 0.471894640625 0.045873678125 0.464933290625 0.0469378421875 0.4607609859375 0.04866825 0.46253930312499997 0.059890815625 0.4670352765625 0.060559428125 0.47424508593750003 0.055832518750000004 0.48098995 0.0600970953125
0 0.497607475 0.0692628546875 0.4933505078125 0.0687250390625 0.48936834375 0.0648255921875 0.48587534843749997 0.0730200375 0.4795293625 0.077216246875 0.478537540625 0.0801854859375 0.481894890625 0.0847464296875 0.484864621875 0.08357636093750001 0.4936420984375 0.07856058906249999 0.49625990781249996 0.07726960000000001 0.49578571718750003 0.07184957656249999 0.497607475 0.0692628546875
0 0.4954468625 0.0809817390625 0.4930266328125 0.0845310734375 0.4967452578125 0.094521921875 0.5007029890625 0.09554104375 0.503501484375 0.09241374218750001 0.5069154453125 0.083315959375 0.5112647203125 0.075805140625 0.508808796875 0.0737443765625 0.504256415625 0.0685294390625 0.499847015625 0.06754983437499999 0.4954468625 0.0809817390625
0 0.5248914921875001 0.114512325 0.5215603843750001 0.1193550171875 0.5260826 0.1294272703125 0.5271985984375 0.1291779234375 0.5336951078125 0.12800271875 0.5387161515625001 0.12817026874999998 0.54067908125 0.12329556718750001 0.5405869796875 0.113139146875 0.5300668796875 0.11254245 0.5248914921875001 0.114512325
0 0.5219522328124999 0.083517496875 0.52924288125 0.0862172375 0.5315539125 0.086621884375 0.5411105484375 0.0788071890625 0.5458060125 0.07915493125 0.5364791359375001 0.0726889140625 0.528702934375 0.0709419046875 0.5227822718749999 0.07479748593749999 0.5219522328124999 0.083517496875
0 0.5383576078125001 0.0473409359375 0.5356325125 0.0500066875 0.531906246875 0.050332693750000004 0.530063775 0.053983189062500006 0.5310893796875 0.0592032625 0.536851875 0.0626435328125 0.5450045359375 0.0582892609375 0.5472591609374999 0.05414758125 0.5510155921875 0.0489642609375 0.5483865234375 0.0475254796875 0.5421874421874999 0.041696067187500005 0.5383576078125001 0.0473409359375
0 0.5549470828125 0.04057974375 0.5525305734375 0.0480731734375 0.5493406375000001 0.05062788593749999 0.5449386765625001 0.05753648125000001 0.5441388046875 0.06139917499999999 0.5442366390625 0.0638179546875 0.54978838125 0.064849325 0.556045884375 0.063543321875 0.558396534375 0.055297109375 0.5622978578125 0.05176990625 0.5586902406250001 0.0443483921875 0.5549470828125 0.04057974375
0 0.5768379328125001 0.0410918796875 0.5725884031249999 0.0484422625 0.5666959968749999 0.050019740624999996 0.564531665625 0.057794526562500004 0.568154365625 0.062787384375 0.5704107984375 0.06516901875 0.57269920625 0.0692166515625 0.57552595625 0.06381125 0.5794837921875 0.05572784374999999 0.5864507703124999 0.056028562500000004 0.585882465625 0.052133859375 0.5809649875 0.046647446875 0.5768379328125001 0.0410918796875
0 0.603427453125 0.09140849375 0.5991290593749999 0.0929982234375 0.59448819375 0.09067349062499999 0.587267125 0.09267063125 0.58524014375 0.1033158640625 0.5873346921875 0.1090492515625 0.5930878359375 0.1071805390625 0.5976196078125 0.104356721875 0.604545159375 0.10678498750000001 0.6039975671875 0.101826509375 0.6044267140625 0.09632745312499999 0.603427453125 0.09140849375
0 0.6278590921875 0.0780445640625 0.628096290625 0.0716520484375 0.6228795781249999 0.066646940625 0.617389975 0.0624242515625 0.6140306125 0.0695450453125 0.6128807265625 0.07070760781249999 0.6062054406249999 0.0711399109375 0.6034501796875 0.0786629796875 0.6064932109375001 0.086133890625 0.613640878125 0.084598296875 0.6228700218750001 0.0795430109375 0.6278590921875 0.0780445640625
0 0.65631070625 0.053405909375000005 0.6606844125 0.048775417187499996 0.6553020953125 0.043177964062500004 0.652400134375 0.0425216 0.6493570015625 0.04415321875 0.6423673984375 0.047495484375 0.6406227609374999 0.053564757812499995 0.640718684375 0.05856275 0.643906709375 0.0585872515625 0.6481712171875 0.0579107375 0.653034196875 0.0562716125 0.65631070625 0.053405909375000005
0 0.647960465625 0.0555018375 0.6412606453125 0.062156342187500005 0.6455081593750001 0.06648770000000001 0.6496183234374999 0.0679486109375 0.6497707562499999 0.06839040156250001 0.6564404125000001 0.0665932125 0.6591786796875 0.0640780140625 0.662607621875 0.061654101562499994 0.6604321328125 0.0575965890625 0.6583394953124999 0.0492839890625 0.647960465625 0.0555018375
0 0.65590015625 0.0786254609375 0.6516262984375001 0.073992990625 0.646829178125 0.076384896875 0.6420753968749999 0.07407004375000001 0.637771371875 0.07429488749999999 0.6343951171875 0.07732102656249999 0.6349841359374999 0.080151959375 0.6469061968750001 0.0889699734375 0.650314425 0.0876098328125 0.655301584375 0.0886905984375 0.654913965625 0.0829595828125 0.657014246875 0.0809553296875 0.65590015625 0.0786254609375
0 0.6732703953125 0.0937937125 0.6734887890625 0.08588575625 0.667325403125 0.0856664390625 0.6585818125 0.08976899375 0.6533669078125001 0.0912871984375 0.6509899156250001 0.0992323 0.650777253125 0.0994026140625 0.65440749375 0.1031811421875 0.6603845625 0.10387188437499999 0.6670805625 0.10237580937499999 0.6711324078125 0.1018696109375 0.675615209375 0.1023876671875 0.6732703953125 0.0937937125
0 0.676366421875 0.07455926562500001 0.6719720015624999 0.0802535296875 0.673031490625 0.08456038593750001 0.675892025 0.08734429375 0.6771472859375 0.08738618125 0.67928899375 0.0832543828125 0.6824281515624999 0.07751823125 0.6848069546875 0.07609644374999999 0.6829175281250001 0.0714070703125 0.6788412484374999 0.06903294374999999 0.676366421875 0.07455926562500001
0 0.6732103703125001 0.0762007609375 0.6760144984374999 0.0744383453125 0.6778249953125 0.0691218546875 0.6766450453124999 0.06603920625000001 0.6715506 0.06633320312499999 0.667611671875 0.06682952343750001 0.6598430109375 0.063868184375 0.6573964375 0.06711640468749999 0.6563217625 0.0743407328125 0.65757883125 0.080905934375 0.6628972 0.0831713921875 0.6732103703125001 0.0762007609375
0 0.7134687046875 0.10848184999999999 0.711505878125 0.1042540265625 0.70562473125 0.10856127499999998 0.697189828125 0.1083889828125 0.6908965312500001 0.11318741562500001 0.693664759375 0.12401995625 0.6949783375 0.1260289546875 0.7018267703125 0.12497466875 0.712281009375 0.124818584375 0.7150061046875 0.12215283125000001 0.7200892890625 0.1191290625 0.71937418125 0.11615745468750001 0.7134687046875 0.10848184999999999
0 0.7098767859375 0.0440165171875 0.706278415625 0.051006512500000004 0.699501475 0.054178465625000005 0.695481603125 0.0563506625 0.6962850921875 0.06553459218749999 0.699200225 0.0663415125 0.70557255625 0.062446415624999994 0.7094795109375001 0.0602840984375 0.714103484375 0.058514175 0.71208796875 0.053684123437499995 0.7127636640625 0.0471015375 0.7098767859375 0.0440165171875
0 0.7125698046875 0.04878729375 0.7091146203124999 0.04180756875 0.7082960484374999 0.035052296875 0.7047654484375 0.040215859375 0.7014983921875 0.0392880203125 0.6960274890625 0.0456832984375 0.6971867234375 0.049829721874999997 0.6985134765625001 0.051989273437500004 0.70255215 0.05133251875 0.705614084375 0.0512163421875 0.7125698046875 0.04878729375
0 0.7333203234375001 0.037565921875000005 0.7279717890625 0.0401577796875 0.7236883749999999 0.0484213796875 0.731782615625 0.0512025234375 0.7336607796875 0.0531621265625 0.7372704109375 0.0489018984375 0.7428184359375 0.0459891734375 0.7455698749999999 0.04362453125 0.7401687546875 0.036511635937499995 0.7383056734375 0.032123374999999996 0.7333203234375001 0.037565921875000005
0 0.78966398125 0.044318054687500004 0.7851905296874999 0.0491089828125 0.7830242875 0.059462982812499995 0.780602146875 0.06559152968750001 0.7879040546875 0.071021040625 0.7888220046875001 0.0716591640625 0.7923399015625 0.06319923125 0.7939302984375 0.05016485625 0.78966398125 0.044318054687500004
0 0.8077965875 0.043490201562500004 0.8037654562500001 0.042932628125 0.8013338640625 0.0528547171875 0.7966684625 0.0567521859375 0.795569353125 0.061096187499999996 0.7954130984375001 0.06581282499999999 0.7996418125 0.06862874218750001 0.804213096875 0.06625659375000001 0.8063962312499999 0.05999725 0.8077343453125 0.05578404687500001 0.8105798999999999 0.0518940859375 0.8077965875 0.043490201562500004
0 0.8069457343750001 0.0623765125 0.8026492515625 0.061387028125 0.8003852765625 0.0602197234375 0.7922195453125 0.0553209109375 0.793154859375 0.056907878125 0.7923135578125 0.06289811875 0.79310015625 0.06798739375 0.7969318000000001 0.0688658375 0.8020996468750001 0.0681102921875 0.804510421875 0.068354503125 0.8069457343750001 0.0623765125
0 0.8249759687499999 0.1280059953125 0.8214869 0.12193948750000001 0.8114807125000001 0.109009428125 0.8075060875 0.1038956515625 0.8060757703125001 0.10705496249999999 0.8043610937500001 0.1264719734375 0.8132607343749999 0.13585783437500001 0.8188953328125 0.132634115625 0.8244432546875 0.13882391562500002 0.8256120453125 0.130074265625 0.8249759687499999 0.1280059953125
0 0.8343352296875001 0.09972790312499999 0.8310249375 0.094404296875 0.8239431312500001 0.09669266875 0.8209019078124999 0.0957450734375 0.8198667484375 0.1034210703125 0.821822034375 0.10886322500000001 0.826837446875 0.10766588749999999 0.83173994375 0.1064784328125 0.835121828125 0.1048171796875 0.8343352296875001 0.09972790312499999
0 0.8457984906249999 0.0733896578125 0.8352446078125 0.06460364843750001 0.830229296875 0.056698456249999994 0.8257201500000001 0.0558792875 0.8231889171875 0.056859284375 0.8225808906250001 0.070717965625 0.8280968390625001 0.07524176875000001 0.831634875 0.077966403125 0.8353912046874999 0.08188560624999999 0.8406889625 0.07611231093750001 0.8457984906249999 0.0733896578125
0 0.8534558375 0.101089240625 0.8564820796875001 0.09536296718750001 0.84884705 0.091327978125 0.8417634328125001 0.0870930390625 0.8378771921875 0.0881915828125 0.8368402234375001 0.0893442671875 0.8357730906249999 0.095354265625 0.8391963 0.1006679921875 0.8476500046875 0.1023557265625 0.84837074375 0.106692221875 0.8527123718749999 0.10949825937499999 0.8534558375 0.101089240625
0 0.8473054171875001 0.11922553281249999 0.8508020281249999 0.12407771249999999 0.8534310968750001 0.1255164953125 0.86655965625 0.1195132171875 0.8631158359375 0.1061607359375 0.8567096203125001 0.11096904999999999 0.8479886546875001 0.11142861875000001 0.8473054171875001 0.11922553281249999
0 0.8377205265625 0.1293183296875 0.8330250640625 0.1289705859375 0.8313313046875 0.12911877031250002 0.8384090859375 0.1501938796875 0.843193034375 0.1476514171875 0.8458842453125 0.14589888125 0.847886690625 0.141475846875 0.8403250609375 0.1369793109375 0.8377205265625 0.1293183296875
0 0.8403304859375 0.15654925 0.8441753015625 0.15757825 0.850910815625 0.1565338421875 0.8580960890625 0.158029134375 0.8594812609375 0.1530532703125 0.8598313765625001 0.146650878125 0.8601720374999999 0.1440420265625 0.8532972624999999 0.14479519999999999 0.8446289828125 0.14585699375 0.83882315 0.14712348125000002 0.8377184124999999 0.150102596875 0.8403304859375 0.15654925
0 0.8614101 0.16729683906249998 0.8617809281250001 0.159830671875 0.8623267109375 0.1582658375 0.8420881937500001 0.1597330609375 0.8447905625000001 0.169812821875 0.86096215 0.1712804546875 0.8614101 0.16729683906249998
0 0.8432889578125 0.152649409375 0.8422012125 0.15062065468750002 0.8396718875 0.1490214390625 0.8351025140624999 0.148814371875 0.831080834375 0.14446325625 0.821851790625 0.140416015625 0.8205777281250001 0.13885868750000002 0.8211084281250001 0.139722509375 0.82181398125 0.1555901875 0.8292288062500001 0.1610098203125 0.8348483218749999 0.16021475937500002 0.8361092140625 0.16162153125 0.8411962203125001 0.15343933437499999 0.8432889578125 0.152649409375
0 0.8644190406250001 0.19388601875 0.8664760859375 0.187485996875 0.8614437796875001 0.1845886765625 0.856569540625 0.18349803125 0.8490982046875001 0.1826346015625 0.8446342046875 0.183631984375 0.8420389171875 0.190382515625 0.8430005734374999 0.19227059375 0.8445249046875001 0.196688490625 0.852103528125 0.19617715468750002 0.8566521890625 0.19744799531249999 0.8607360109375 0.1986077921875 0.8646617671874999 0.197960915625 0.8644190406250001 0.19388601875
0 0.8461170062500001 0.19927995468749998 0.8461923171875 0.19623919375 0.843393925 0.1902639671875 0.8360751234375 0.1807398015625 0.834403990625 0.177245 0.8330301812500001 0.1758481046875 0.831635659375 0.175514984375 0.828782565625 0.180619275 0.8379079375 0.19908790468749998 0.8394115546875 0.2045695734375 0.8431697953124999 0.2059095640625 0.8488551703124999 0.2058672859375 0.8461170062500001 0.19927995468749998
0 0.8403261531249999 0.2072203125 0.8430945859375001 0.1998478 0.8394756062500001 0.1987990421875 0.8350850078125 0.199334878125 0.829538996875 0.190565865625 0.8270679921875 0.19093375937499998 0.8266294937499999 0.19112383125000001 0.8246477625 0.194483090625 0.8233547937499999 0.2005128484375 0.8294673015624999 0.2066532515625 0.8337223578125 0.20977028281250001 0.8366016937499999 0.21406963124999998 0.8403261531249999 0.2072203125
0 0.8448259484375 0.20273049687500003 0.8440411578125 0.2041645359375 0.8443610046875 0.2117219859375 0.8460904578124999 0.217183896875 0.852780825 0.2143229359375 0.8551125703125001 0.21366380937499999 0.8593300218750001 0.21374995624999998 0.861200746875 0.2078213609375 0.8543590890624999 0.20125721875 0.8536071453125 0.20165882499999999 0.8462411843750001 0.201999846875 0.8448259484375 0.20273049687500003
0 0.8518340468750001 0.2282112546875 0.84190306875 0.2213429609375 0.83760095625 0.21898859218750003 0.8334927015625 0.2149484671875 0.8321038109375 0.21598023125000002 0.8334983312500001 0.21631335312500002 0.839783884375 0.2309343 0.8420402140625001 0.2424184640625 0.8453882140625 0.2416704234375 0.8465494625 0.23413510624999997 0.8538571046874999 0.231826975 0.8518340468750001 0.2282112546875
0 0.8603572296875001 0.243698396875 0.8567758546875 0.2456805203125 0.8529686453125 0.247682403125 0.8520068875 0.254896853125 0.8542238031249999 0.2568268171875 0.85615465625 0.2593886453125 0.86945073125 0.2513985015625 0.8699852531250001 0.24710389375 0.8717882093749999 0.24300173281249998 0.8687150125 0.24038813750000002 0.8651976875 0.23659972968749998 0.8603572296875001 0.243698396875
0 0.816704828125 0.29227153281249996 0.8192623046874999 0.300695175 0.8232163171875 0.297770196875 0.825423884375 0.29439117812500004 0.8271816937500001 0.2884724625 0.829327221875 0.279182234375 0.8277031453125 0.274924771875 0.8236400390625 0.2727012015625 0.8205347656249999 0.2775241375 0.8180938234375 0.282137240625 0.816704828125 0.29227153281249996
0 0.8083879609375 0.33896688125 0.8122704828125 0.3339242359375 0.81721440625 0.330609234375 0.818332315625 0.32778067499999997 0.8154736921874999 0.322417553125 0.814820725 0.316254625 0.8129934390625 0.3083739359375 0.80543925 0.311765596875 0.80225685625 0.3131059796875 0.8048764734375 0.3183383046875 0.805205771875 0.322102209375 0.8044642171874999 0.32793201562499996 0.8083879609375 0.33896688125
0 0.869231515625 0.332126671875 0.8724667015625001 0.3222859859375 0.8707880265625001 0.3200055125 0.868407415625 0.31490398750000004 0.8630853281249999 0.3086944296875 0.8607856593750001 0.301917028125 0.856402603125 0.30123853437500003 0.8560901968750001 0.301569284375 0.8570422953125 0.3163534328125 0.8580641828125 0.31762940624999997 0.86092280625 0.322992528125 0.86203689375 0.325322396875 0.8657349062499999 0.32727449218750004 0.869231515625 0.332126671875
0 0.8541983468750001 0.344971759375 0.8565074671874999 0.34795561875000003 0.8604369437500001 0.351252840625 0.8633559 0.3469013328125 0.866498778125 0.3451092796875 0.86732690625 0.3389684828125 0.8637079249999999 0.33791972656249997 0.856703340625 0.33458812187500003 0.8526233421875 0.328269896875 0.848586578125 0.32634743906249997 0.847815978125 0.32571544375 0.848450934375 0.33910283125 0.8521621187499999 0.3412054828125 0.8541983468750001 0.344971759375
0 0.8806767578124999 0.401821565625 0.8805469499999999 0.397736790625 0.8779724796874999 0.3943210203125 0.8742613984375 0.3831158421875 0.869614903125 0.3794262234375 0.8663854515624999 0.38152926875 0.8667523546875 0.38832405625 0.869780303125 0.3982236234375 0.8715756140625001 0.4044383171875 0.8743778296875 0.4052551140625 0.8806767578124999 0.401821565625
0 0.862183184375 0.3699119359375 0.8618990328124999 0.367964584375 0.8619593640625001 0.35824995312499996 0.8570080015625001 0.35367675625 0.8572262937499999 0.354871328125 0.851239671875 0.3670766546875 0.8513355953125 0.37207464687499997 0.852073225 0.3805057953125 0.8565804578125 0.3839041796875 0.8592001781249999 0.3800339765625 0.862183184375 0.3699119359375
0 0.8542807921875 0.377126778125 0.8539816578125 0.36850555625000003 0.8520226515625 0.359119303125 0.8506244109375001 0.35484208437500003 0.8456033671875 0.3546745328125 0.8452251000000001 0.3542525015625 0.8425978390625 0.35933703281249996 0.84285745625 0.3675065859375 0.84531890625 0.3800347609375 0.8479686890625 0.3804097703125 0.849982396875 0.3787165078125 0.8542807921875 0.377126778125
0 0.8457800296875 0.376201703125 0.84796879375 0.3713072421875 0.8498714921875001 0.3670446453125 0.8497341421875 0.3641741984375 0.8492712125 0.36148394375000004 0.847554934375 0.3561725875 0.8459647421875 0.351001909375 0.8448901703124999 0.34912370937500004 0.8393477765625 0.3534013234375 0.8389939421875001 0.35585961718750003 0.8405427046874999 0.363157840625 0.8425958250000001 0.3710187734375 0.8441935578124999 0.37497512187500004 0.8457800296875 0.376201703125
0 0.8730020078124999 0.4155399625 0.8703109 0.408189971875 0.8657885828125 0.40722024531249995 0.8615635906250001 0.40834842812499994 0.8612398203125 0.415051934375 0.8623576281249999 0.4213259015625 0.86340585625 0.4229029875 0.8690421609375001 0.43530510937500005 0.8714962749999999 0.4308425609375 0.8769163000000001 0.4303683703125 0.8776747453124999 0.42863321875000004 0.8774829000000001 0.4186372328125 0.8730020078124999 0.4155399625
0 0.86267184375 0.42751846406249994 0.8595573218749999 0.41792988906249995 0.85197498125 0.414497125 0.8489957953125 0.4194607375 0.8510564578125001 0.42610734062500005 0.8546001249999999 0.4301968609375 0.859591003125 0.43522172656249997 0.8618512578124999 0.43244493281249996 0.8647475890624999 0.43173641093750004 0.86267184375 0.42751846406249994
0 0.8641562484374999 0.4678948015625 0.857149753125 0.4671424125 0.8490574234375 0.461782053125 0.845408278125 0.4655906109375 0.8485396906249999 0.47927384218749997 0.8517277156249999 0.47929834375 0.8567731921874999 0.48234622031249996 0.8622290125 0.4783795984375 0.8629649374999999 0.47118490937499996 0.8641562484374999 0.4678948015625
0 0.8274153406250001 0.43029959218749997 0.829735825 0.42691069531250003 0.831339290625 0.423129403125 0.8311606140625001 0.41328397343749995 0.8303006156249999 0.40865624531250005 0.8267682093750001 0.407296496875 0.8255543734374999 0.4051270640625 0.8196977640625001 0.4032121125 0.8198971515625001 0.41199376875000004 0.8167729749999999 0.424403790625 0.8204897890625 0.4278713265625 0.8244380671875 0.432683990625 0.8274153406250001 0.43029959218749997
0 0.809376334375 0.4751147609375 0.8060377875 0.4720692546875 0.8037212296874999 0.461197196875 0.79711934375 0.46116795312500003 0.7951000078125 0.46149633124999995 0.8004069109374999 0.4792370734375 0.8017937890625 0.48988705 0.8068618890625 0.489291940625 0.8077822203125 0.48420503750000005 0.8111848187499999 0.48148000937499996 0.809376334375 0.4751147609375
0 0.7741228703125 0.3751888765625 0.772876959375 0.38045597343750004 0.7694402703125001 0.4022992703125 0.7735560671874999 0.40512506718749997 0.7762341046875 0.403221975 0.78021828125 0.39543968125 0.7788031484375 0.38706780625000003 0.7741228703125 0.3751888765625
0 0.7829671281249999 0.28900314531250004 0.7872806046874999 0.28498475624999997 0.7931166046875 0.27886095312500003 0.78752725625 0.2747987 0.7854778546875 0.270881865625 0.78443525625 0.27066966406250004 0.7664192109375 0.2818315765625 0.773608071875 0.29907618281250004 0.7787383125 0.2952897546875 0.7829671281249999 0.28900314531250004
0 0.7513455062500001 0.2175841578125 0.7565697609375001 0.221374934375 0.76168491875 0.220017165625 0.7683244078125 0.2230772921875 0.77150499375 0.21521359687500002 0.770611109375 0.21149908437499998 0.7623832390625 0.2097915921875 0.7581959515625 0.20484813124999998 0.753355596875 0.20284426875 0.7513455062500001 0.2175841578125
0 0.702227253125 0.158163821875 0.69633675625 0.1571620859375 0.6903898546875 0.151614028125 0.6809763015625 0.154561528125 0.6800596890625 0.16359253125 0.687288196875 0.1694835890625 0.6908206031249999 0.1708433390625 0.6950681203125 0.175174696875 0.6981620296875 0.17672451718749999 0.70096816875 0.1632803625 0.702227253125 0.158163821875
0 0.6703223656249999 0.1732435359375 0.6548300890625 0.17823994375000002 0.6538419859375 0.185153278125 0.6546473859375 0.19175799531249998 0.6605039968749999 0.19367294531249998 0.6632008375 0.19328529375 0.670709778125 0.19717960625 0.6707550265625 0.1898936328125 0.6734425171875 0.184196996875 0.6703223656249999 0.1732435359375
0 0.6150288484375 0.1654892765625 0.617050096875 0.162581684375 0.614675115625 0.15884504375 0.6098196765624999 0.1592698390625 0.6044862265625001 0.1594330390625 0.59976441875 0.1587841828125 0.5998905078125001 0.1589248609375 0.597820290625 0.1651743265625 0.602239040625 0.1714629140625 0.6089199578125 0.172395496875 0.611889690625 0.171225428125 0.615920821875 0.17178300156249998 0.6150288484375 0.1654892765625
0 0.605804615625 0.2356271375 0.6028801328125 0.22951123281250002 0.600889153125 0.2184589828125 0.5967846203125 0.21836295625000002 0.5913702265625 0.2202020328125 0.5890516531250001 0.22101171718749998 0.5901167734375 0.22668345781250002 0.5967824015625001 0.2482497515625 0.6059871125 0.24031413750000002 0.6080008203125 0.238620875 0.605804615625 0.2356271375
0 0.552529925 0.273057134375 0.5468126765625 0.2623308875 0.5431598125 0.262195346875 0.5390589968749999 0.26604342187499996 0.5462140015625 0.281498553125 0.547678103125 0.2865285546875 0.549746409375 0.282858303125 0.555612471875 0.2809797125 0.5545078359375 0.2748563 0.552529925 0.273057134375
0 0.5206763265625 0.245805653125 0.5207911546874999 0.24321656093750002 0.5214763015625 0.23284042968750002 0.513632328125 0.23291985468749998 0.5111688640625001 0.23207341874999998 0.5017064453125 0.22926026562500001 0.5018757703125 0.2337967109375 0.5031686359374999 0.23686948124999999 0.50476636875 0.24082582968750002 0.5074744703125 0.2431679484375 0.5146333984375 0.244362128125 0.5206763265625 0.245805653125
0 0.56933868125 0.3468340390625 0.5698544015625 0.3410239921875 0.5715256375 0.3354162671875 0.5628724421875 0.334049403125 0.559078403125 0.33620184218750004 0.556996925 0.3397215375 0.5565433468750001 0.3423402671875 0.55512991875 0.34959423125 0.5516388375 0.3552094640625 0.5522692828125 0.35591285156249997 0.559778121875 0.3689096875 0.5674527687500001 0.3642938203125 0.5694778390625 0.3562278 0.56933868125 0.3468340390625
0 0.6241557906249999 0.3790550703125 0.6224263390625 0.3735931578125 0.6211315625 0.3730996015625 0.615308734375 0.37937396093750003 0.611275690625 0.381395603125 0.6081591562499999 0.38348876718749997 0.6056598953125001 0.3861347625 0.608036684375 0.396394715625 0.6077242765624999 0.396725465625 0.6133870265625 0.4003261703125 0.6248030250000001 0.39295563906250003 0.6274133953125001 0.3837764515625 0.6241557906249999 0.3790550703125
0 0.4417853296875 0.44309952187499996 0.44012111562499995 0.446486546875 0.440888909375 0.45436609531250005 0.4434869625 0.45717109687499996 0.4493005484375 0.457289846875 0.44878044062500005 0.454930421875 0.44870012031249995 0.44594510625000006 0.444793375 0.4362489390625 0.444096821875 0.4372509375 0.4417853296875 0.44309952187499996
0 0.495856590625 0.4005174125 0.4855173890625 0.40424515312500003 0.490101284375 0.408235721875 0.48963301093749995 0.410054246875 0.49301576875 0.4164502703125 0.4969045 0.413391434375 0.49910434531250003 0.4161267125 0.5024041484375 0.4170927625 0.5059323015625 0.41260160468749996 0.5075186890625 0.4092213875 0.5055821921875 0.4032216453125 0.5010838843750001 0.4011057046875 0.495856590625 0.4005174125
0 0.45916623437500004 0.34506805156250003 0.46278780781249995 0.3380592296875 0.4652821875 0.33250833125 0.46922926875000004 0.3310128234375 0.47126445468749995 0.3273842171875 0.469486171875 0.32408924843750003 0.4661254546875 0.3188414796875 0.46308123593749995 0.312729525 0.46126144062499996 0.309856434375 0.45901488593749995 0.30837998906249997 0.45886831250000004 0.308497375 0.45080290312500004 0.3140128640625 0.45050455781250004 0.3150845875 0.457978265625 0.329696790625 0.45805089375 0.330526934375 0.45847106875000004 0.338018646875 0.45916623437500004 0.34506805156250003
0 0.36557185625 0.3161690171875 0.36311471093750003 0.321907890625 0.359938646875 0.323939378125 0.36124602031249997 0.3261047015625 0.363861871875 0.328944678125 0.3701322890625 0.336725775 0.375141128125 0.3323419171875 0.374474396875 0.3307343109375 0.373007153125 0.326741675 0.3696288578125 0.321951740625 0.369559296875 0.31739841874999997 0.36557185625 0.3161690171875
0 0.342017521875 0.2649197453125 0.34065041093750004 0.2553067703125 0.334305896875 0.2594567609375 0.33169864375 0.26573484999999997 0.32985929999999997 0.2717703953125 0.3265418484375 0.27293744375 0.32523650625 0.283573359375 0.331744025 0.29256124687499996 0.3346634609375 0.28458990625 0.33573379375 0.28028758125 0.33710648593750003 0.2771863328125 0.3415344828125 0.2744315484375 0.3421784375 0.27051724843749997 0.342017521875 0.2649197453125
0 0.33284555625 0.318681475 0.33340460625 0.32056154531250003 0.33704830625 0.324626809375 0.338326390625 0.319692540625 0.341838521875 0.319999034375 0.3386843109375 0.3132605171875 0.3373280078125 0.3097842609375 0.3370560953125 0.308931240625 0.3354551359375 0.2989003171875 0.3320680640625 0.3007749046875 0.32855046875 0.30266091093749997 0.32849711875 0.30731266874999996 0.32929756875 0.31495856093749997 0.33284555625 0.318681475
0 0.3190202453125 0.2959541375 0.3201329984375 0.29138505625 0.3156148109375 0.286344128125 0.3121820609375 0.28769662500000004 0.31089200625 0.2932457109375 0.306668509375 0.294579709375 0.30903086874999997 0.3027903984375 0.3061397328125 0.30883028125 0.3080104546875 0.3174347078125 0.315349053125 0.3186339625 0.316839253125 0.312365921875 0.317088384375 0.30769703593750003 0.3174625765625 0.3052092328125 0.320312334375 0.30320629375 0.321508828125 0.29959437499999997 0.3190202453125 0.2959541375
0 0.266905284375 0.2617586328125 0.267866765625 0.264480303125 0.2689652796875 0.2687682421875 0.2697929859375 0.2707124890625 0.270631559375 0.27353259531249996 0.2739934671875 0.2849000296875 0.2796407984375 0.2787943734375 0.2768085921875 0.26746827500000003 0.27843803125 0.2597851578125 0.273642409375 0.261344571875 0.266905284375 0.2617586328125
0 0.28422468125 0.41192281406250003 0.28013227500000004 0.411108025 0.2803608078125 0.4194653703125 0.276555234375 0.41762020624999996 0.28039400937500003 0.424153775 0.28264070625 0.43116172812500003 0.28683272031249996 0.4460417296875 0.2925276453125 0.44219255312500005 0.29625015781249997 0.43734311249999996 0.29393694375 0.4310111671875 0.291110359375 0.42455659062500006 0.286101484375 0.4132665359375 0.28422468125 0.41192281406250003
0 0.2953151484375 0.41229289687500004 0.29210611875 0.40721215468749994 0.28874317656250004 0.411862590625 0.2884771078125 0.4145666171875 0.2883918234375 0.420773309375 0.29513003125 0.42454000937499997 0.2954625046875 0.43121279218749997 0.29631667500000003 0.43666710625 0.2989583671875 0.435263159375 0.302369059375 0.435467403125 0.3048361859375 0.43206816875 0.30414214687499996 0.418390053125 0.30317570625 0.41596140468750004 0.301064040625 0.414805778125 0.2994678546875 0.410924303125 0.2953151484375 0.41229289687500004
0 0.3153630828125 0.460467871875 0.3135881109375 0.4602880671875 0.3089698984375 0.45633589375000005 0.30732995625 0.4620084125 0.30740457656250003 0.4800969359375 0.3058207140625 0.4892830328125 0.3124134515625 0.49138699218750004 0.3172998453125 0.4897866609375 0.3176262109375 0.48489924999999995 0.3178424203125 0.4801890234375 0.3178633 0.471809859375 0.3178322078125 0.4642729734375 0.3153630828125 0.460467871875
0 0.30769495468749997 0.5336865015625001 0.311984803125 0.53532175 0.3152104890625 0.5377202875 0.32676868593749997 0.5305098453125 0.3264174453125 0.5293677484375 0.32723430625 0.5257777984375 0.30948880624999997 0.518282803125 0.304022528125 0.5204365078125 0.30769495468749997 0.5336865015625001
0 0.3244544921875 0.42649821406250005 0.3218481109375 0.42974208437500006 0.32350659375 0.4386445125 0.323762221875 0.44013006875 0.326761375 0.4413755984375 0.3307290765625 0.442201296875 0.3326079890625 0.44069653906250006 0.33082069375 0.42744916406250005 0.3299998375 0.4166304390625 0.3278549703125 0.4107864078125 0.3244544921875 0.42649821406250005
0 0.3170162515625 0.3874403890625 0.314704921875 0.39836559843749997 0.3157066734375 0.40263417187500006 0.3214348 0.4034734015625 0.3242302921875 0.4023910921875 0.3252404859375 0.395265746875 0.3257955 0.3886828640625 0.3258974421875 0.3797939671875 0.3243116953125 0.37172290937499997 0.31988459375 0.377136634375 0.3170162515625 0.3874403890625
0 0.32574986093749997 0.38097970625 0.32231629375000004 0.3819502921875 0.3228753015625 0.389776084375 0.32528412812499996 0.39576456875 0.3280878375 0.403393975 0.330168296875 0.40706553437500004 0.33152339999999997 0.4096277265625 0.33887269999999997 0.41032512031249996 0.33685054062500003 0.3972658421875 0.33436686875 0.3932944640625 0.33268961875 0.389922721875 0.334350325 0.3859238546875 0.3294743703125 0.3833346015625 0.32574986093749997 0.38097970625
0 0.3613902109375 0.4220939296875 0.3636141453125 0.4202238921875 0.3606877296875 0.4198097328125 0.359272328125 0.419430925 0.3547164109375 0.42049970312499996 0.3518627296875 0.4209169140625 0.34502469062499996 0.42319063281249997 0.343037615625 0.4320769125 0.3477431125 0.43702673125 0.3505676984375 0.4362769734375 0.35615457500000003 0.4297565 0.3612155328125 0.4301514578125 0.363075790625 0.42412456875000004 0.3613902109375 0.4220939296875