0 0.7255181578125 0.348163225 0.7201630421874999 0.3466313359375 0.7141486390625 0.3426389546875 0.7076898500000001 0.34436958125 0.705465946875 0.3499101234375 0.712749240625 0.355870009375 0.7191753015625 0.356785296875 0.72983585 0.3568956 0.7275449093749999 0.34926837499999996 0.7255181578125 0.348163225
0 0.8034459765624999 0.4489208890625 0.799885353125 0.43009635937499996 0.8036585 0.42941499062500005 0.8039711859375 0.4250458453125 0.8020102843749999 0.4232637640625 0.7999831359375 0.41754371562500003 0.7960120453124999 0.4156409765625 0.7950239078125 0.4211800390625 0.7917945140625 0.42204535312499997 0.792454196875 0.42912074218749996 0.7929983468749999 0.4339195875 0.7933784671875 0.44733310781249996 0.8034459765624999 0.4489208890625
0 0.7978326140625 0.5100904140625 0.795212425 0.5058478421875 0.79779909375 0.5035065296875 0.7972880671875 0.5006766703125 0.7948823859374999 0.500002696875 0.7926087984375 0.5025897625 0.7893297203125 0.5005016 0.7874516265625 0.5036419796875 0.791604496875 0.5117592328125 0.7936647671875 0.519448265625 0.8001073906249999 0.521348046875 0.7978326140625 0.5100904140625
0 0.8381433062499999 0.606093609375 0.8334305171875 0.6014228203124999 0.8227037218750001 0.597374546875 0.8233799656249999 0.6054344281249999 0.8278459171874999 0.613797434375 0.8343709515625 0.6160047765625001 0.8402867796875 0.623320003125 0.8450650218750001 0.6226989640625 0.8444219000000001 0.616608065625 0.8471402687499999 0.612912890625 0.846332325 0.6062068703125 0.8427074375 0.6065188703125 0.8412741234375 0.608551140625 0.8381433062499999 0.606093609375
0 0.8453437062500001 0.4142897546875 0.8469580062500001 0.4092421984375 0.850764278125 0.4105298140625 0.8519337968749999 0.40659036718749997 0.84789685625 0.405364559375 0.8477974875 0.39945760625000004 0.8437278203125 0.4008777140625 0.8406305218749999 0.4050040640625 0.8352592390625 0.4071025828125 0.8346665953124999 0.413194959375 0.84048345 0.4192181328125 0.8453437062500001 0.4142897546875
0 0.851737834375 0.42708075624999997 0.850074246875 0.4337897359375 0.8521017890625 0.444124684375 0.8573741 0.4407341140625 0.859417015625 0.43820885625 0.8585925109374999 0.43051834375000003 0.8597454703125 0.425594403125 0.8594485531249999 0.42171824375 0.857421803125 0.42061309375 0.8540607093749999 0.42283226875 0.8524787390625 0.420619009375 0.8485407703125001 0.42068525625 0.8510126984375 0.425297196875 0.851737834375 0.42708075624999997
0 0.865549728125 0.476782078125 0.8683509031250001 0.4780093640625 0.8718929828125 0.4727749046875 0.8715629421875001 0.46692976093749994 0.869930890625 0.4571481265625 0.8687444140625 0.4554881828125 0.8658281015625 0.4565992484375 0.8638837625000001 0.45580166093749996 0.8591382453125 0.453776784375 0.8619895015625 0.462572446875 0.863588034375 0.46577019843749995 0.865549728125 0.476782078125
0 0.87034175625 0.4448412359375 0.8694525921875 0.4516723515625 0.8740995296875 0.457020071875 0.8760927640625 0.45154133906249994 0.8815294984375001 0.44415099218750004 0.8811170484374999 0.43799828593749995 0.8790571734375 0.43492415156249997 0.875349878125 0.4349285890625 0.8718401281249999 0.43290223437500003 0.86740769375 0.4311231125 0.868100103125 0.4355525875 0.8702755109375 0.4409032671875 0.87034175625 0.4448412359375
0 0.8846792562499999 0.47528241250000003 0.8878755281249999 0.4724481140625 0.8879078578125 0.4651873 0.8897031453125 0.457124459375 0.8878408203125 0.45201953125000005 0.8842159328125 0.45233153281250005 0.8818268109374999 0.45264205 0.878745678125 0.4531379953125 0.8796687578125001 0.4575056609375 0.8803446062500001 0.46095064375000006 0.88011433125 0.4656273515625 0.8846792562499999 0.47528241250000003
0 0.8753719875 0.500521671875 0.8736910437500001 0.49701636093749996 0.8709561156250001 0.4997270421875 0.8673805171875 0.4983776171875 0.8658647921875 0.500102328125 0.8697708265624999 0.5119117953125001 0.8710897953125001 0.521447675 0.8744678468749999 0.5248278921875 0.8796080625 0.5181762828124999 0.8761140812500001 0.5079046234375 0.8753719875 0.500521671875
0 0.8859844390625 0.516138096875 0.8849970953125 0.5309069562500001 0.8911924843750001 0.531884053125 0.8933671000000001 0.528004934375 0.895261359375 0.521234146875 0.89926478125 0.5158760703125 0.8980120578124999 0.510278159375 0.8939751171875001 0.5090523515625 0.8924921187500001 0.5081311453125 0.890218134375 0.5061033125 0.8877138765625 0.5087521859375 0.8880439171875001 0.51459733125 0.8859844390625 0.516138096875
0 0.9025147 0.5621442437499999 0.9090066109375 0.5623826000000001 0.9077373265625001 0.5558001953125 0.913437459375 0.545702125 0.9128767484375 0.5399187890625 0.9107510265625001 0.5375215843750001 0.908724275 0.536416434375 0.9053466203125 0.53765111875 0.9014252125000001 0.53870185625 0.902084896875 0.5457772453125 0.9011953343749999 0.5479934625 0.9025147 0.5621442437499999
0 0.914003321875 0.611479153125 0.9161787312499999 0.6168298328125 0.91891405625 0.61873405 0.924944625 0.6190960234375 0.930596659375 0.624504075 0.9340401625 0.6225924609375 0.93324878125 0.6168709328124999 0.93448415 0.612254553125 0.9310568109374999 0.6105357609375 0.9269705828125 0.610971375 0.9220105625 0.6053778999999999 0.914003321875 0.611479153125
0 0.864670075 0.5943707765624999 0.8677685640625 0.6040891234375 0.8760739093750001 0.6157087296875 0.880605315625 0.61877990625 0.8862892828125 0.6123122421875 0.8777371015625001 0.6043848515625 0.8724967250000001 0.5958997078125 0.8696955484375 0.594672421875 0.864670075 0.5943707765624999
0 0.8502647453125001 0.5415320343750001 0.8573335328124999 0.5439233203125 0.8564593437499999 0.5332793312499999 0.8565082343749999 0.5270030109375 0.85934253125 0.53019928125 0.8595069578125001 0.5261995046875 0.8574470828124999 0.5231253703125 0.856194359375 0.517527459375 0.8527839796875 0.5214080578125 0.8511858437500001 0.5228252062500001 0.849340475 0.5233196703125 0.8495881046875 0.5288572546875 0.8502477875000001 0.5359326421875 0.8502647453125001 0.5415320343750001
0 0.8336504874999999 0.476758728125 0.83882461875 0.481305903125 0.8372418546875 0.469862846875 0.8372907453125 0.4635865234375 0.8325779578124999 0.45891573281250003 0.829249590625 0.4584889953125 0.8295129890625 0.455781271875 0.8281120046874999 0.450552728125 0.8209442453125 0.44686938749999994 0.821043615625 0.452776340625 0.8206978062499999 0.455176503125 0.8205499421875 0.46016077031249997 0.8275035921875 0.46489041093749994 0.8336504874999999 0.476758728125
0 0.8268313968750001 0.6958208015625 0.83338915625 0.695382228125 0.8380017843750001 0.6849162671875 0.8337341734375 0.6837522671875 0.8293348609375 0.6839421296875 0.8244249218749999 0.6859170296875 0.820931734375 0.6848751671875 0.8148846031250001 0.6835287015625 0.8136492328125 0.68814508125 0.8157422296875 0.6931882 0.8189227328124999 0.6985992078125001 0.8229099906249999 0.6968715390625 0.8268313968750001 0.6958208015625
0 0.913444990625 0.6333852125 0.9136102078125001 0.638615234375 0.9102826343749999 0.6474182921875 0.9103989609375001 0.6589246359375001 0.9157702437499999 0.65682611875 0.9202681296874999 0.6533134109375001 0.9230850734375 0.6462953921875 0.9269895218749999 0.6396452640625 0.9249789375 0.6349097046875001 0.92557158125 0.6288173296874999 0.9242368437499999 0.6275267546875 0.92010093125 0.62500889375 0.9182721234375 0.6264878515625 0.9145155375 0.6281537109374999 0.913444990625 0.6333852125
0 0.9247999328125 0.6609994859375 0.9297761171875001 0.6629625546875 0.9379158500000001 0.6647372390624999 0.9422161859375 0.6632553234375 0.9420675296875001 0.65900979375 0.9401393562499999 0.654581796875 0.9368271531250001 0.65052465 0.9347842390625001 0.6530499078124999 0.932790609375 0.6539137421875 0.9242064953125 0.657862065625 0.9247999328125 0.6609994859375
0 0.9295967171875 0.6844374359375001 0.9302887296875 0.6842520125 0.940256475 0.6753179406250001 0.9432883203125 0.6764834203125 0.9478358921875 0.6759241890625 0.9490219718749999 0.6729692328125 0.94594044375 0.6688502781250001 0.9430398984374999 0.6617160375 0.9402552859375 0.6614732421875 0.9366142328124999 0.6654156484375 0.930649909375 0.66899164375 0.925344478125 0.67041323125 0.926498625 0.6793339890625 0.9295967171875 0.6844374359375001
0 0.94253125 0.6865755734375 0.9373251859374999 0.6939041140625 0.937028665625 0.6946428515624999 0.9382151437499999 0.696302796875 0.9422686453125 0.6985130953125 0.9499470343749999 0.7004113953125 0.9559113578125 0.6968354 0.9575583859375 0.68914193125 0.953125953125 0.6873628078125 0.9512308984375 0.684903796875 0.9487593671875001 0.6849067546875001 0.94571135625 0.6873716828124999 0.94253125 0.6865755734375
0 0.9548747265624999 0.713265684375 0.9574945171874999 0.7128933578125001 0.95764238125 0.7079090875 0.95787265625 0.70323238125 0.954593578125 0.7011442171875 0.9495022531249999 0.7015195046875 0.9452019171874999 0.7030014203125 0.940440234375 0.7046069515625 0.942846315625 0.709895821875 0.95116703125 0.7086552234375 0.9548747265624999 0.713265684375
0 0.9331254046874999 0.715137678125 0.9372940453125 0.715009625 0.940243084375 0.7112526421875 0.93483828125 0.706767278125 0.9371777171875 0.7035032796875 0.935414365625 0.6996904078124999 0.9310150546875 0.6998802703125 0.92498488125 0.7041331953125 0.9205366796875 0.71059938125 0.9202074328125001 0.7139840328125 0.9257443296875 0.7217304375 0.9331254046874999 0.715137678125
0 0.9375921500000001 0.7327304828125001 0.9424693656249999 0.733401496875 0.945369115625 0.7313059390625 0.9467196234375 0.7243512062499999 0.9469329390624999 0.7140751078124999 0.9440000656249999 0.7142016812499999 0.9406882609375 0.714759434375 0.9394528921875 0.7193758124999999 0.9380854265625 0.720731153125 0.9372459453124999 0.730515746875 0.9375921500000001 0.7327304828125001
0 0.969672775 0.7343534468749999 0.9647789984375 0.732697940625 0.961632015625 0.733870815625 0.9555359937500001 0.7388006734375 0.9569697046875 0.7413833000000001 0.9638571078125 0.742174971875 0.971584784375 0.74241185 0.9765116828125 0.746036340625 0.9787521484375 0.741480290625 0.979097559375 0.7344652296875 0.97588433125 0.7317001359375 0.9735279359375 0.729364740625 0.971830828125 0.7294898359374999 0.9703647875 0.7341680234375 0.969672775 0.7343534468749999
0 0.9567232656250001 0.749690415625 0.9567402218750001 0.75528980625 0.9622605578125001 0.7620517171875 0.9716522203125001 0.7601945171875 0.9732996421875001 0.75711594375 0.97857235 0.7583402734375 0.9801373640625 0.754954140625 0.982311978125 0.751075021875 0.9826905109374999 0.7460289453125 0.9752593546874999 0.745053328125 0.9741552890625 0.7437009453125001 0.970497278125 0.7420439609375 0.9664607359374999 0.7454330515625001 0.9608753421875 0.74857786875 0.9567232656250001 0.749690415625
0 0.9528381515625 0.78962933125 0.952278234375 0.79307579375 0.9566290484375 0.803777153125 0.962823646875 0.79552445 0.9641414265625 0.7912156328125 0.965459603125 0.791521715625 0.9684090390625 0.7923796328125 0.970748475 0.7891156374999999 0.9680624375000001 0.785549996875 0.9652612625 0.784322709375 0.9635637578124999 0.7798329046875 0.96096013125 0.776574825 0.956972875 0.7783024937499999 0.9550624515624999 0.7887036890625 0.9528381515625 0.78962933125
0 0.917754840625 0.7426608796874999 0.9154485265625001 0.7478938609375 0.9171464265625 0.7569985640625 0.919502821875 0.7593339593749999 0.925599240625 0.7590190031249999 0.926488009375 0.7475729875 0.9261252437499999 0.74437375625 0.9265700234375001 0.7432656484375 0.9298325390625 0.74436931875 0.9311834421875 0.7420294859375 0.93052415625 0.7395689953125 0.9274264609375 0.7390804484375 0.9242463546874999 0.7382843390625 0.9220050984375 0.7336105890625 0.91938530625 0.7339829171875001 0.9183474859375 0.736568503125 0.917754840625 0.7426608796874999
0 0.9142506406249999 0.805243115625 0.9114991484375 0.8069693062500001 0.9148941578124999 0.8159489140625 0.916921703125 0.8262838625000001 0.9192946578125 0.8296037500000001 0.9214858343750001 0.8267091234375 0.9213537390625 0.823448084375 0.9266922953125001 0.8239954828125 0.9261812687500001 0.8211656234375001 0.92392345 0.81550738125 0.9215008109375 0.8092340171875 0.9142506406249999 0.805243115625
0 0.9369403953125 0.8179530796875 0.9397419671874999 0.8237952671875 0.944338825 0.8215746125000001 0.9453107968750001 0.81966595625 0.9470899203125 0.8152335234375 0.9462985375 0.8095119953125 0.9401197078125 0.809519390625 0.9354566046875 0.8078020765625 0.9310734593750001 0.80436153125 0.9281902687500001 0.8074415828125 0.9276962015624999 0.8102111140625 0.9369403953125 0.8179530796875
0 0.9465445812500001 0.79658998125 0.9433644749999999 0.7957938718750001 0.938059040625 0.7972154578125 0.9337425390625 0.8023277796875 0.937779875 0.8081684875 0.9431018703125 0.8077313937499999 0.9471549749999999 0.8053267937499999 0.9465445812500001 0.79658998125
0 0.83237503125 0.7820204937499999 0.8310245249999999 0.7889752265625 0.832145153125 0.7913121015625 0.8420151140625001 0.794930675 0.8466119734375 0.7927100203124999 0.8498413671874999 0.79184470625 0.8544717437499999 0.796207934375 0.8580800703125 0.79491144375 0.8585737437500001 0.7875270140625 0.859973934375 0.783525759375 0.8572713359374999 0.778975625 0.8522127375 0.776704996875 0.845523278125 0.7784974328125001 0.8364281374999999 0.7796158953125001 0.83237503125 0.7820204937499999
0 0.87788980625 0.8476206546875 0.8828001437499999 0.8502606531250001 0.889127628125 0.8544987859375001 0.8936424734375 0.85658546875 0.8977452625 0.8571343453125 0.8997550562500001 0.8526401046875 0.8998863593750001 0.8466713453124999 0.89696965 0.8431675125 0.886704196875 0.8389956234374999 0.880986709375 0.8388794031250001 0.8790427656249999 0.8426967140625001 0.877642575 0.8466979703125 0.87788980625 0.8476206546875
0 0.850323234375 0.838854575 0.8448036921875 0.8413224625 0.8439799796875 0.8428617484375 0.8457433328124999 0.846674621875 0.8499616578125 0.84950004375 0.8604412203124999 0.8526256328124999 0.8660597359375 0.8514497984375 0.8689594875 0.8493542390625001 0.8645432187500001 0.8439447109374999 0.8608852078125 0.842287725 0.85811715625 0.843029421875 0.85506875 0.8408794515625001 0.850323234375 0.838854575
0 0.860227903125 0.8629017296875 0.8630622015625 0.8660980015625 0.8682686625 0.8633843609375 0.8682517046875 0.8577849687500001 0.8653018734375 0.852312153125 0.8588923734374999 0.8523813578125001 0.8511978203125 0.8541134640625 0.8480342750000001 0.8543018468750001 0.8497152171875 0.857807159375 0.8593052203125 0.8631489625000001 0.860227903125 0.8629017296875
0 0.796188446875 0.742929459375 0.794063515625 0.749762053125 0.799006975 0.7543710359375 0.804032053125 0.75005778125 0.8097164187500001 0.7482050171875 0.8134726062500001 0.7419242578125 0.8175095484374999 0.743150065625 0.818217725 0.7393342328125 0.8195023828125001 0.73305643125 0.8162725921874999 0.7293068468749999 0.8132080203125 0.7307872828125 0.8106209546875001 0.728513696875 0.8080181218750001 0.7344854140625 0.8022020578125 0.737692040625 0.796188446875 0.742929459375
0 0.7634820546875 0.7454298875 0.7717530890625001 0.7412358125 0.7741914984375 0.7392638703125 0.7764323578125001 0.7393227203125 0.7796617515625 0.73845740625 0.77959550625 0.7345194375 0.77989163125 0.7291657984375 0.7734982953125 0.7256045953125 0.7709609140625 0.726284484375 0.7668253968750001 0.7283815234375 0.7619651421875 0.7333099015625 0.7604332515625 0.73866501875 0.7634820546875 0.7454298875
0 0.792866421875 0.8163411078125 0.7879237546875 0.8209619234375 0.7816625140625 0.8206617578125 0.7730618375 0.8236255890624999 0.772963659375 0.831563334375 0.77731368125 0.8330348953125 0.7836407703125 0.8326581296875 0.7885014234375001 0.8323446515624999 0.7977286609375 0.8344872265625 0.8002494796875 0.8328228453125 0.8016989593750001 0.8271601671875001 0.804450053125 0.820819078125 0.7999186468749999 0.8177479015625 0.7959968421875 0.814183740625 0.792866421875 0.8163411078125
0 0.8010739828125001 0.8405133593749999 0.7960658640625 0.8504260046875001 0.798785025 0.8559606296875 0.8033325953125001 0.8554013984375001 0.8095607125000001 0.8537325796875 0.8157561031249999 0.8547096765625 0.8206167546875 0.8543961984375 0.8192484984374999 0.8465217390625 0.818390871875 0.8368622421874999 0.8139749984375 0.8360676125 0.8122286031250001 0.83785413125 0.8072528140624999 0.8405059625 0.8010739828125001 0.8405133593749999
0 0.7954247249999999 0.867409603125 0.7990496109375 0.8670976046875 0.8026744984375 0.86678560625 0.80845823125 0.8708397937499999 0.8125275015625 0.8648047875 0.8103193671875 0.8621000234375 0.8091821781249999 0.8587786562499999 0.8048155937500001 0.856322603125 0.8011579796875001 0.8592805171875 0.7924417703125 0.8599678031250001 0.7954247249999999 0.867409603125
0 0.7951451609375 0.873747734375 0.7974684328125 0.8741141453125 0.802115371875 0.879461865625 0.8052457937499999 0.8773044984375 0.8030703859375 0.87195381875 0.8040750843750001 0.8673992500000001 0.8027237843749999 0.8651241828125 0.7971876828125 0.8666075781250001 0.79211291875 0.86796735625 0.787334678125 0.8685883953125 0.789575934375 0.8732621453125 0.7951451609375 0.873747734375
0 0.767081746875 0.835446890625 0.7639347625 0.836619765625 0.763869309375 0.8419115953125 0.7673960171875 0.8495373421875 0.7753212421875 0.847743428125 0.7796874296875 0.84558458125 0.7821589609374999 0.8455816234375 0.7847129046875 0.8458862265624999 0.785915546875 0.8439157625 0.783542590625 0.840595875 0.7826033453125001 0.839858615625 0.7828497859375 0.8315515 0.7816798687500001 0.8308760484375 0.7781539546875 0.8324801015625001 0.7744963406250001 0.8354380156250001 0.767081746875 0.835446890625
0 0.7329929140625 0.8567777671875 0.735003896875 0.8661282234375 0.7434397515625 0.8625492703125 0.7517935921875 0.8632776546875001 0.7560284765625 0.86708756875 0.7613339109374999 0.8656659828125 0.7595047078125 0.862530040625 0.76186070625 0.8602505359375 0.760080790625 0.8554531703125001 0.7532592359375 0.85398456875 0.7463714375 0.848577996875 0.7407856484375 0.8471079140625 0.7370621859375001 0.850742759375 0.7329929140625 0.8567777671875
0 0.7163656625 0.8325540625000001 0.7146523890625 0.8363095640625 0.7091494078125 0.8397619437499999 0.702493071875 0.8435233625 0.7023613734375 0.844877225 0.70732139375 0.8504707 0.7172240828125 0.8514433578125 0.7209641062500001 0.8487930046875001 0.7221501875 0.84583805 0.7236824734375 0.84509783125 0.728477278125 0.845461284375 0.7274883484375 0.8417705468750001 0.7290367984375 0.8373999218750001 0.7304535515625 0.8343831578125 0.7256256249999999 0.8320507218750001 0.723005834375 0.83242305 0.7209625203125001 0.8303334093749999 0.7163656625 0.8325540625000001
0 0.71508496875 0.8849808578125 0.7140305859375 0.8865819515625001 0.716172871875 0.889963646875 0.7219234812499999 0.8920488515624999 0.7328979046875 0.90163470625 0.73724753125 0.8984913671875001 0.7386477234375 0.8944901109375 0.7359612890625 0.8863095734374999 0.7312323359375 0.8852691890625 0.7296834875 0.885024915625 0.721329646875 0.8842965312500001 0.71508496875 0.8849808578125
0 0.7167501421875 0.8967314765625 0.7148882140625 0.8962414484375 0.7115925734374999 0.8931687937499999 0.705001690625 0.8916383828125 0.701195815625 0.8949656671874999 0.7023164453125 0.897302540625 0.7096328609375 0.905231409375 0.7136863625000001 0.907441709375 0.7182343296875 0.9114973781250001 0.7235397640625 0.9100757906249999 0.7264722406249999 0.9053343171874999 0.723786203125 0.9017686765624999 0.722681740625 0.89580139375 0.7201936453125 0.8948198625 0.7167501421875 0.8967314765625
0 0.691507634375 0.89756160625 0.69061846875 0.904392721875 0.6928266046875 0.9070974859375 0.70091665 0.9059186953125 0.7039650578125001 0.908068665625 0.7066183671874999 0.9142802218750001 0.7105232140625 0.9122449921875001 0.7086774499999999 0.9081245578124999 0.7087925875 0.905786203125 0.7111320234375 0.9025222078124999 0.7094676421874999 0.9000013875 0.703453634375 0.9006239062500001 0.699977009375 0.9005665359374999 0.69603864375 0.8960178828125 0.691507634375 0.89756160625
0 0.680434634375 0.891298596875 0.68532880625 0.897569003125 0.6892170906249999 0.89454928125 0.6858552046875 0.8875386578125 0.68873839375 0.88445860625 0.687699778125 0.8778143937499999 0.6827894421875 0.8751743953125001 0.6701849484375 0.8788814031250001 0.6637099953125001 0.8842424375 0.66694018125 0.8926069218749999 0.6683900578124999 0.8915591421875 0.680434634375 0.891298596875
0 0.6798376296875001 0.84662708125 0.6841876515624999 0.8480986421875001 0.6844344875 0.8444064265625 0.6838903390625 0.8396075828124999 0.6808415359375 0.8328427125 0.6737404171875 0.8377122390625 0.667627834375 0.8416576062500001 0.663904371875 0.84529245 0.665387765625 0.8508285531249999 0.6770534125000001 0.8509991859375001 0.6798376296875001 0.84662708125
0 0.6352376953125 0.8813229828125 0.629075428125 0.8823148703125 0.6291913578125 0.889206315625 0.6374138968749999 0.8959034609375 0.6442685734375 0.8993410484375 0.6453730375 0.9053083296875 0.647960103125 0.9075819171875 0.64916235 0.9009965531249999 0.650381553125 0.9000105828124999 0.6535285375 0.8988377078124999 0.6536271124999999 0.8955148609375 0.6505455828125 0.89139590625 0.643971259375 0.8908499875 0.640131471875 0.8829784875 0.6352376953125 0.8813229828125
0 0.6281539328125 0.8964068015625 0.6201794203125 0.8998621390625001 0.6180375328125 0.9010953421875 0.6207235703125 0.9046609828125 0.6262435078124999 0.9068079953125 0.633065459375 0.9128914968749999 0.6390136171874999 0.9129459078125001 0.6430828875 0.9069109031249999 0.6412371234375 0.9027904687499999 0.6391606890625 0.8987318421875001 0.6355358015625 0.899043840625 0.6326029281250001 0.899170415625 0.6281539328125 0.8964068015625
0 0.6289141734375 0.9232338406249999 0.6287994328125001 0.9301870937500001 0.6349948234375 0.9311641906249999 0.643892415625 0.9320765203124999 0.6516204906249999 0.9369282968749999 0.6534161734375 0.9334803562499999 0.6514383140625 0.9260988843750001 0.652344040625 0.920252259375 0.6479447296874999 0.920442121875 0.645110828125 0.9218607499999999 0.6405628609375 0.91780508125 0.6289141734375 0.9232338406249999
0 0.6084648828125 0.9059678281249999 0.6046917359374999 0.906649196875 0.5961565125 0.904321196875 0.5960579375 0.9076440437500001 0.5996173703125 0.9126238750000001 0.601973765625 0.9149592703125 0.60708165 0.915568475 0.6123216296875 0.91943871875 0.6148590109375001 0.9187588296874999 0.6162095171875 0.9118040984375 0.614791971875 0.9055910624999999 0.613902015625 0.9031923796875001 0.6105902109375 0.9037501328124999 0.6084648828125 0.9059678281249999
0 0.5801676265625 0.8308095984375001 0.5838418 0.8288361765625 0.5824901046875001 0.8219462109375 0.5786006328125 0.8111212343749999 0.5722901031250001 0.8124824921875 0.56952284375 0.8224539890625 0.56978743125 0.8335909640624999 0.5682559375 0.8435609812499999 0.573809396875 0.8522918765625 0.5789488171875 0.8364104703124999 0.5801676265625 0.8308095984375001
0 0.5574179671875 0.8880000546875 0.5540730390624999 0.8865888234374999 0.5427027265625 0.8718347546875 0.5421763265624999 0.8818651 0.5507785890625 0.8973608656250001 0.5513558609375 0.9041286953125001 0.551373215625 0.9143429859375001 0.554602609375 0.9134776734375001 0.5566948140625 0.9092909921875 0.560155275 0.9129787703125001 0.56343395625 0.910452034375 0.5609454671874999 0.9048556 0.5592479625 0.900365796875 0.5574179671875 0.8880000546875
0 0.5879186015625 0.9104842578125 0.583337909375 0.9090745046875 0.5765167499999999 0.9122208015625001 0.567735484375 0.9228148171875 0.5724644375 0.9238552 0.580884128125 0.923906653125 0.5872273828125001 0.9198994812500001 0.5879186015625 0.9104842578125
0 0.579995359375 0.93535266875 0.58788865 0.9454344671875001 0.5955015875 0.9526245984375 0.598977815625 0.9480670703125 0.60214056875 0.9386488875 0.599668640625 0.9340369468749999 0.5954838359375 0.9377954078125 0.5839325343749999 0.926056625 0.575974584375 0.9304964546875001 0.579995359375 0.93535266875
0 0.5150624609375 0.9642889 0.521966428125 0.9660650625 0.525608271875 0.97135245625 0.5288211046875 0.9695026500000001 0.52819454375 0.9643962437500001 0.5300067890625 0.9619327953125 0.529775721875 0.9573797031250001 0.5234979203125001 0.956095046875 0.5170225703125 0.9568411812500001 0.511898125 0.9552474828124999 0.507581621875 0.96035980625 0.5150624609375 0.9642889
0 0.5059968765625 0.925842253125 0.5087645328125 0.92048565625 0.5036235234374999 0.917907465625 0.50049270625 0.915449934375 0.4906558671875 0.91380034375 0.4864710625 0.91755880625 0.488860975 0.926478084375 0.4987305421875 0.9254817578125 0.5042670421875 0.9286132640625 0.5059968765625 0.925842253125
0 0.4997198671875 0.93378739375 0.49130017812500004 0.933735940625 0.4878077828125 0.9419238765625 0.5016326703125 0.9510755968750001 0.5096572625 0.9551886328125001 0.516742215625 0.9539495125 0.5062949828125001 0.9435631125 0.4997198671875 0.93378739375
0 0.5135289859375 0.9511844203125 0.520828840625 0.9581287968750001 0.5242723453125 0.9562171828125001 0.5254911515625 0.9506163125 0.5260013859375 0.9442163734375001 0.5245842374999999 0.9426182390625 0.520811090625 0.9432996078125001 0.50945813125 0.9387598296874999 0.5076297203125 0.9448536859375001 0.5135289859375 0.9511844203125
0 0.5165600390625 0.9431201015624999 0.5217503359375 0.9440368687499999 0.519937296875 0.9372705187499999 0.5207606140625 0.9311163328125 0.51842078125 0.9297654296875001 0.5158999609375 0.9314298109375001 0.5118137328125 0.9318654265624999 0.5012355921875 0.9320626843750001 0.50692075 0.9394397187499999 0.5165600390625 0.9431201015624999
0 0.4367080125 0.8840834328125 0.43911448750000004 0.8939872046874999 0.44695769687500003 0.896500628125 0.457519671875 0.8999337781250001 0.4603038875 0.8955616718750001 0.4570740984375 0.8918120875 0.45644753906249996 0.8867056812499999 0.4523944328125 0.88911028125 0.44806057499999996 0.8840083125 0.4390967359375 0.8791580140624999 0.4367080125 0.8840834328125
0 0.45679453593749997 0.8981502171875 0.4542082640625 0.905106428125 0.446597309375 0.92099079375 0.44999192031249996 0.925355503125 0.45435810937500004 0.92319665625 0.4575539828125 0.9157474593750001 0.4639137984375 0.9127247781250001 0.4669121265625 0.9073063734375 0.4652477453125 0.9047855531250001 0.46531359375000003 0.9041086234375 0.46770231874999996 0.8991832046875 0.464538378125 0.8947566874999999 0.46074866875 0.8944535640625 0.45679453593749997 0.8981502171875
0 0.434303915625 0.9018690578124999 0.4489359515625 0.9084969984375 0.454917234375 0.9105203953125001 0.4557571109375 0.9053507015625 0.45404304531250006 0.8998764078124999 0.45723931718750005 0.897042109375 0.45758512500000004 0.894641946875 0.45410810156250003 0.889969678125 0.44743520468750003 0.8927466046875001 0.437153584375 0.8922051234374999 0.430480290625 0.8903671515625 0.431288234375 0.8970731734375 0.434303915625 0.9018690578124999
0 0.4659579046875 0.92404421875 0.46295918125 0.924847725 0.45333724531249997 0.931381634375 0.44727474375 0.942895375 0.46231804218750006 0.9418313234375001 0.465431903125 0.9386894640625 0.46903943437500006 0.9281631750000001 0.4659579046875 0.92404421875
0 0.4646752296875 0.95339651875 0.47136468750000005 0.9516040828125 0.474743134375 0.9595991984375001 0.480460225 0.9551005203124999 0.47971773593749995 0.9431026687499999 0.47803679375 0.93959735625 0.469847775 0.9394840953125 0.463965465625 0.9387527515625 0.46149393437499997 0.9387557109375001 0.4541621453125 0.9436870468749999 0.456238978125 0.952360571875 0.4646752296875 0.95339651875
0 0.44290974375000003 0.9588989187499999 0.44521685 0.9628957375 0.4503582546875 0.9700888265625001 0.45780636875 0.9766638343749999 0.458184903125 0.97161775625 0.46070532656249996 0.9653384781250001 0.460919040625 0.9596772781249999 0.4580354546875 0.9581424296875 0.4538668140625 0.9582704828124999 0.4457432484375 0.9528653921875 0.44290974375000003 0.9588989187499999
0 0.43682988749999996 0.9601983687500001 0.4223291515625 0.9476016656249999 0.42170298749999996 0.947110159375 0.41921528906249994 0.950743525 0.42076453437500005 0.9556026984375 0.429037153125 0.9698682203125 0.4356122671875 0.9796439359375 0.44007742812500006 0.97877714375 0.43940118281249996 0.9707172609375 0.44246575625 0.9692368265625 0.44337148125 0.9633902015625001 0.44002655468749996 0.9619789703125001 0.43682988749999996 0.9601983687500001
0 0.4106260234375 0.8946981578125 0.4091102984375 0.8964228671875001 0.410264446875 0.9053436250000001 0.41975587187499996 0.9140082749999999 0.4222609234375 0.9205892 0.42684161718749997 0.921998953125 0.4270714953125 0.9127073453125 0.4310421890625 0.9099951859375001 0.4291798640625 0.904890259375 0.42450059375000004 0.906803353125 0.420182903125 0.898070978125 0.4106260234375 0.8946981578125
0 0.4170217359375 0.9259487546875 0.420894646875 0.9357892390625 0.42733806406249997 0.9469188187500001 0.434555109375 0.9489407359375001 0.4344557421875 0.9430337828124999 0.4387067921875 0.943213290625 0.4412768984375 0.9398874859375 0.4380963984375 0.9344764765625 0.432708553125 0.9355905015625 0.4242549484375 0.9243402656249999 0.4170217359375 0.9259487546875
0 0.4219525984375 0.9757222406249999 0.41864079218750005 0.976279990625 0.4193994484375 0.984647434375 0.4234202234375 0.98950365 0.42531567187499997 0.9965775609374999 0.42826510781250005 0.997435478125 0.4293025328125 0.9902349921875 0.4322022828125 0.988139434375 0.43282805 0.984016040625 0.43103197031249996 0.9828490828125 0.42727538593750003 0.9845149421875 0.4219525984375 0.9757222406249999
0 0.4185058125 1 0.41902170625 0.9989233093750001 0.42411302968750003 0.9985480234375 0.4232392359375 0.992518934375 0.42070145937500003 0.9885839234375 0.41674534375 0.96920608125 0.4094458859375 0.966876603125 0.407156134375 0.973094075 0.4120014140625 0.9856408015625 0.410074428125 0.9950575046875001 0.4112198078125 1 0.4185058125 1
0 0.40512977968749997 0.9766038234375 0.401190225 0.9582104734374999 0.3931486734375 0.9484980421874999 0.3921435796875 0.9484377140625 0.386541625 0.9505980390625 0.3901673046875 0.9595158390625 0.39522709218749996 0.9756311656250001 0.392097065625 0.9824034312500001 0.39527756875 0.987814440625 0.3989517421875 0.9858410187500001 0.40119220625 0.9812849703125 0.40656388593750004 0.98380135 0.4081123375 0.9794307265625 0.40512977968749997 0.9766038234375
0 0.38568659375 1 0.3854253578125 0.99902505625 0.386199384375 0.9945322937500001 0.387236809375 0.9873318093749999 0.3848965796875 0.9813660078125 0.381518134375 0.9733708921875 0.375290015625 0.9750397109375 0.377467009375 0.9988499875000001 0.37626643125000003 1 0.38568659375 1
0 0.3426924203125 0.901363396875 0.3352119765625 0.902049203125 0.3351303578125 0.9109714406249999 0.3378503109375 0.9257358640625 0.3366646265625 0.93330571875 0.3400426765625 0.936685934375 0.34353546874999996 0.9331128968750001 0.3481327234375 0.9355071421875 0.34826402500000003 0.9295383812500001 0.34533075625 0.9250500578124999 0.3468788109375 0.9160645328125 0.3426924203125 0.901363396875
0 0.3599434578125 0.8983892125 0.3646570390625 0.9122898015625 0.36498747656249997 0.9227498453124999 0.369732990625 0.9247747203125 0.36927125312500003 0.9202834359375001 0.37736169531249997 0.9237195437500001 0.3773612984375 0.9191046453125 0.37278060625 0.91769489375 0.37345486875 0.902680278125 0.365215371875 0.8903837421875 0.3599434578125 0.8983892125
0 0.3468089984375 0.8705924703125 0.3463484484375 0.8799458859374999 0.35145673125 0.8851699906249999 0.35338371562500004 0.8757532875 0.35990875 0.8779606296875 0.3592490671875 0.8708852390624999 0.3546679765625 0.8648605874999999 0.35026708125 0.8465908531249999 0.3440724828125 0.85484355625 0.3468089984375 0.8705924703125
0 0.3497087484375 0.8684969109375 0.3401009953125 0.8483259171875 0.33525690468749997 0.8496238875 0.336707175 0.8531910078125 0.3349611765625 0.859592425 0.334369325 0.8749146 0.3272682078125 0.879784128125 0.33119040625 0.8879631890624999 0.33430426875 0.8848213296875 0.3339915828125 0.8891904765625 0.34112621875000004 0.89090483125 0.3415370828125 0.878597940625 0.3497087484375 0.8684969109375
0 0.391111221875 0.8227906109375 0.38456922968749996 0.8149838781250001 0.3813571890625 0.8260634828125 0.38359884375000003 0.83535213125 0.3806994890625 0.8420625890625001 0.382874896875 0.8474132687499999 0.385346428125 0.8474103109375 0.3870597015625 0.843654809375 0.39313995468749996 0.846970259375 0.39376572187500003 0.8428468656250001 0.39129379375 0.8382349250000001 0.39216679375 0.8350342156250001 0.391111221875 0.8227906109375
0 0.3695416984375 0.8078026218750001 0.368849290625 0.803373146875 0.3670693734375 0.7985757812500001 0.3699687296875 0.7918653250000001 0.3681229640625 0.7877448890625 0.36640890000000004 0.7822705937500001 0.3660134078125 0.7817172796875 0.362750890625 0.780613609375 0.36016461718750004 0.7875698203125 0.359737190625 0.79889221875 0.3576777125 0.800432984375 0.3577277921875 0.808001359375 0.36075963906249997 0.8091668390625 0.360512803125 0.812859053125 0.36624685156250003 0.813959765625 0.3656202921875 0.8088533609375 0.3695416984375 0.8078026218750001
0 0.34398491875000003 0.7945423015624999 0.3425835390625 0.7846988609375 0.3400292 0.779779359375 0.3336362625 0.7808330546875 0.334262821875 0.7859394609375 0.337921625 0.79682624375 0.33634005 0.799227884375 0.3382189375 0.8053173031249999 0.340986990625 0.80457560625 0.342140740625 0.8088814640624999 0.3448263828125 0.80783220625 0.3471326953125 0.8025992265624999 0.34706644999999997 0.7986612578125001 0.34398491875000003 0.7945423015624999
0 0.3137721703125 0.86263285625 0.31723144375 0.8524759359375 0.317312665625 0.8389387984375001 0.31159478125 0.8342076796875 0.30759135937500004 0.8395657562500001 0.30718049375 0.851872646875 0.3042318515625 0.8602445281250001 0.303869878125 0.866275096875 0.309093296875 0.8691608484375 0.30733073593750004 0.8745777734375 0.3124058953125 0.87783289375 0.31416845625 0.87241596875 0.31856736875 0.8676112078125 0.3137721703125 0.86263285625
0 0.30966383125 0.7974753890625 0.30389547031249997 0.78056099375 0.299183078125 0.780505103125 0.30198504531250003 0.7909621890625 0.30292468906250003 0.7963143484375 0.3003384140625 0.8032705578125 0.2979169640625 0.8108418921875 0.2994662078125 0.815701065625 0.2986594546875 0.82283974375 0.30136165625 0.8227749765624999 0.3054636546875 0.8140940546875 0.30837957031249996 0.808368090625 0.30966383125 0.7974753890625
0 0.3190716578125 0.7919877796875 0.318757784375 0.782512228125 0.31470309375 0.7664572296875 0.30773367500000004 0.7699728968749999 0.3081626859375 0.7771100953125 0.31160737968749996 0.789043178125 0.3102730375 0.7923675046875001 0.3110478578125 0.797104540625 0.3136349234375 0.7993781281250001 0.31618846875 0.79506783125 0.3214118875 0.7979535828125 0.32174113437499996 0.7945689296875 0.3190716578125 0.7919877796875
0 0.3189004953125 0.7175342687499999 0.3211902484375 0.7113167953125 0.325852559375 0.7038043109375 0.3250939046875 0.6954368671875 0.32108929375 0.6869502453125 0.3125217390625 0.6918830609375 0.3123742734375 0.7014822281249999 0.311172421875 0.712682490625 0.3069876171875 0.7164409515625 0.309821915625 0.7196372234374999 0.30942721562500003 0.7283137078124999 0.31399174375 0.733353865625 0.3149964421875 0.728799296875 0.3192636578125 0.7253483968750001 0.32096036875 0.720608403125 0.3189004953125 0.7175342687499999
0 0.3083042078125 0.6982874375 0.30795760781250003 0.6914578 0.3112027703125 0.6823471796875 0.3088459796875 0.675396884375 0.30550025937499997 0.6647558546875 0.3039679734375 0.6654960734375 0.2993218265625 0.66937815 0.2988115921875 0.6757780875 0.2989610421875 0.689253415625 0.294018375 0.6938742328124999 0.2955514546875 0.7023638125 0.3002804078125 0.703404196875 0.2989299015625 0.7103589296874999 0.303526759375 0.708138275 0.3070688390625 0.702903815625 0.3083042078125 0.6982874375
0 0.27978460312500003 0.7201039015624999 0.2778903453125 0.7268746890625 0.2806095046875 0.7324093140625 0.2838558578125 0.7371433921875 0.288567853125 0.7325843843750001 0.2862437890625 0.7229881734375 0.28830247343750004 0.712217609375 0.2820077140625 0.7053335609375 0.277921484375 0.7057691765625 0.27978460312500003 0.7201039015624999
0 0.39563588906249997 0.7474084984375 0.3945314265625 0.7414412171875 0.3893076109375 0.733940565625 0.3848416578125 0.725577559375 0.379322115625 0.7280454468750001 0.3819430953125 0.7415178171875 0.38944089531250003 0.7510463015625 0.38996848281249996 0.7548606546875 0.391814246875 0.7589810890625001 0.394351628125 0.7583012 0.400283621875 0.7619860187499999 0.40013496406250004 0.7577404890625 0.40308400312500003 0.7539835078125 0.4000186375 0.7462341453125 0.39563588906249997 0.7474084984375
0 0.4240281546875 0.7777097875 0.43432633593750003 0.7792357609375 0.431623340625 0.770070728125 0.428228728125 0.7657060203125 0.42359874687500004 0.765957690625 0.4079931515625 0.7427788078125 0.406445096875 0.7517643328125 0.4132019890625 0.7677545640625 0.4240281546875 0.7777097875
0 0.41438490000000006 0.7278804125 0.411929534375 0.7242529640625001 0.4085025921875 0.7271490703125 0.403955021875 0.7277083015625 0.4032634046875 0.732508625 0.4110088328125 0.7475746937500001 0.4160015796875 0.750522253125 0.41250720156250004 0.7356356921875 0.41221028593750003 0.73175953125 0.41438490000000006 0.7278804125
0 0.436726865625 0.7199160421874999 0.42985602343749996 0.7201088625 0.43007092656249996 0.7282923609374999 0.42727014687500003 0.7316799734375 0.4292148828125 0.7370924609375 0.43270807187500004 0.7381343234375 0.43514687656250006 0.74077728125 0.4371897921875 0.7382520234375 0.43572295937499994 0.7337004109375 0.436217028125 0.7309308796875 0.43656243906250003 0.72391581875 0.436726865625 0.7199160421874999
0 0.3979157328125 0.62581854375 0.4003537453125 0.6192317015625 0.39775011718750003 0.615973621875 0.393713178125 0.6147478140625 0.389775209375 0.614814059375 0.380366590625 0.6110718703125 0.378818534375 0.6200573953124999 0.3855908 0.6231874203125 0.3979157328125 0.62581854375
0 0.38295682656249996 0.6502646515625 0.3827253625 0.6410966625000001 0.3776667640625 0.6388260328124999 0.3736799046875 0.6451686015625 0.3757732984375 0.65482661875 0.3745052015625 0.6620889109375 0.377108828125 0.665346990625 0.37921759375 0.662144803125 0.3843751640625 0.665707484375 0.3846712875 0.660353846875 0.3819028390625 0.6564806453124999 0.38295682656249996 0.6502646515625
0 0.36567306093749996 0.6558847515624999 0.3674372078125 0.6689274234375 0.37002506562500004 0.680430809375 0.3746720046875 0.68577853125 0.3775386328125 0.6817139875 0.382152053125 0.680477825 0.3816406296875 0.673033065625 0.3762196640625 0.6721781078125 0.3755599796875 0.6651027171874999 0.37328520468750004 0.653845084375 0.36567306093749996 0.6558847515624999
0 0.36514468125 0.6428406015625 0.3713069484375 0.6418487140625 0.37278955156250004 0.63815501875 0.3699386921875 0.6339742562499999 0.3688665578125 0.620746159375 0.361896346875 0.6150320265625 0.356475778125 0.6187919671875 0.3616999890625 0.6309075171875 0.36514468125 0.6428406015625
0 0.3347548234375 0.567254153125 0.3340292921875 0.56085569375 0.3291524734375 0.5647995796874999 0.32837884375000004 0.573907240625 0.334476053125 0.5828220828124999 0.334641271875 0.5880521046875 0.33824999375 0.5913705109375 0.33963362343750003 0.586384765625 0.3452852609375 0.587177915625 0.344905934375 0.5829941937500001 0.3404242109375 0.5828764953125 0.33884184375 0.5760483375 0.3347548234375 0.567254153125
0 0.3076318421875 0.54353526875 0.320401159375 0.5404433828124999 0.3290511234375 0.5358181296875 0.32890207031249996 0.5269577015625 0.3242882546875 0.5235789640624999 0.3178957109375 0.529247559375 0.3126234015625 0.5326381312499999 0.30865270625 0.5353502921875 0.3076318421875 0.54353526875
0 0.303233721875 0.557569828125 0.3026730109375 0.5517864921875 0.2973348515625 0.5558539921875 0.29532545312499997 0.564963134375 0.3004506921875 0.57578663125 0.29946255625 0.58132569375 0.30354918125 0.585504978125 0.3061027265625 0.58119468125 0.311309584375 0.583095940625 0.3108640109375 0.57497425 0.3059043859375 0.573995675 0.3047995265625 0.5634134937499999 0.303233721875 0.557569828125
0 0.295211109375 0.5765312859375 0.2897412515625 0.5819526500000001 0.2931693828125 0.5929012421875 0.29684435 0.6001576187500001 0.29435705 0.608405884375 0.299185371875 0.6153532187499999 0.30205199843749997 0.6112886765625001 0.3080498421875 0.6142965640625 0.3079339109375 0.6074051203125 0.30491823125 0.602609234375 0.3036978375 0.5897505078124999 0.295211109375 0.5765312859375
0 0.30083437968750004 0.6307342453125 0.300703475 0.6413179046875 0.29754032656249996 0.6461211875 0.2994192140625 0.6522106062499999 0.302945128125 0.650606553125 0.3080368484375 0.6548461671875 0.3088932859375 0.650660965625 0.3068827 0.645925409375 0.310605765625 0.6376756640625 0.3101270703125 0.6275849890625 0.30083437968750004 0.6307342453125
0 0.278539325 0.6093477968750001 0.277468778125 0.6145792984375 0.2774202828125 0.6254705203125 0.27353239375 0.633105140625 0.2748509671875 0.6380261234375 0.277585896875 0.635315440625 0.2813925625 0.64121795625 0.28453914999999996 0.6354301812500001 0.2875532453125 0.6217664703125 0.2831196234375 0.60614265 0.278539325 0.6093477968750001
0 0.2978534078125 0.646366940625 0.2964851515625 0.6384924828125 0.292448209375 0.637266675 0.28946644374999997 0.6436695718750001 0.2904727296875 0.6575745984375 0.2871778828125 0.6637317421875 0.288513015625 0.6696372171875 0.2930767515625 0.665447578125 0.297097528125 0.6703037921874999 0.2991238828125 0.6667940437500001 0.29648713125000004 0.6615669796875 0.2992382265625 0.6552258906249999 0.2978534078125 0.646366940625
0 0.2883122953125 0.6347488140624999 0.282200109375 0.6433090781249999 0.28025656250000003 0.6517412874999999 0.27633515625 0.652792025 0.276846578125 0.6602367859375 0.278626096875 0.6604192515625 0.2778694234375 0.6751263046875 0.2844591171875 0.6628120171874999 0.2893032078125 0.661514046875 0.28898972968750003 0.65665339375 0.291196675 0.6455134609375001 0.29261303125000004 0.637881796875 0.2883122953125 0.6347488140624999
0 0.2923992328125 0.45070171875 0.2882968390625 0.454767740625 0.29007715156249997 0.46418000625 0.2912147375 0.47211627187499994 0.29098446093749997 0.47679297812500004 0.2942801015625 0.47986563281250005 0.296850209375 0.47653982812500006 0.3024194375 0.47702541875 0.3003430015625 0.47296679218750004 0.298117909375 0.46466263750000003 0.2959756234375 0.46128094218750004 0.2923992328125 0.45070171875
0 0.27919187343749996 0.533355 0.277889465625 0.5248036109374999 0.2726502796875 0.530163165625 0.272453128125 0.5368088578125 0.2718936046875 0.5448702187500001 0.26975211250000003 0.550718321875 0.2724547125 0.5552684546875 0.276342996875 0.5522487328125 0.2793586765625 0.55704461875 0.28146744218749997 0.5538424296875 0.2791930640625 0.547199696875 0.2811531734375 0.5397519796875 0.27919187343749996 0.533355
0 0.2677604671875 0.574656653125 0.2723407640625 0.5714515062500001 0.27669078593749996 0.5729230671875001 0.2772999921875 0.5678151828125 0.27446569374999996 0.5646189109375 0.274926640625 0.5598803953125 0.26583110312499997 0.556383959375 0.26518956718750003 0.5687526578125001 0.2677604671875 0.574656653125
0 0.2569662359375 0.5528257140624999 0.25149598125 0.5536321796875 0.24933792812500002 0.5584957890625 0.25485786718750003 0.5606428015625 0.2597023546875 0.56395973125 0.26337613125 0.557371409375 0.2691093875 0.5492423234375 0.2707891421875 0.5389029375 0.2637862046875 0.5358347203125 0.259931440625 0.5454383265625 0.2569662359375 0.5528257140624999
0 0.26274719375 0.524575609375 0.25936835 0.5119655937500001 0.25528251874999996 0.5170161078125 0.2541626828125 0.5239090328125 0.2532569578125 0.52975565625 0.2508019859375 0.53074310625 0.24772124843749999 0.53585395 0.2516430515625 0.5394181125 0.2523851453125 0.5468010624999999 0.2577398671875 0.543718053125 0.25864559374999996 0.5378714296875 0.2558112953125 0.5346751578125 0.26274719375 0.524575609375
0 0.23564275625 0.5249157125 0.237421878125 0.5204832781250001 0.240947396875 0.5142643265625 0.2404856578125 0.50977304375 0.24162205625 0.5038646109375 0.2351955984375 0.4983344234375 0.231060478125 0.5050463609375 0.229413846875 0.5173547328125 0.22354849531249998 0.52222278125 0.22443885 0.5292363625000001 0.227322434375 0.5307712109375 0.23089763749999997 0.5275057359375 0.23485256406250002 0.53303888125 0.23808195781250002 0.53217356875 0.23783432968749998 0.526635984375 0.23564275625 0.5249157125
0 0.2674087140625 0.507833325 0.2731754890625 0.506288121875 0.27165897031249997 0.498783034375 0.2650022390625 0.497929553125 0.26096569375 0.5013186453125 0.25870866875 0.504890203125 0.2589728578125 0.511412278125 0.2674087140625 0.507833325
0 0.23733590000000002 0.478641625 0.238439571875 0.47537910781250003 0.2445687171875 0.47241823437499997 0.24913205624999998 0.463613696875 0.24596811562499998 0.4591871796875 0.24224425625 0.45820712500000005 0.23909727187500002 0.45938 0.23616479531249998 0.46412147499999995 0.23397361874999997 0.4670161015625 0.2283385421875 0.4672074421875 0.23013502031250002 0.47298929999999995 0.22802625468749999 0.47619148750000007 0.22974031875 0.48166578437499996 0.23329896093750002 0.477415815625 0.23733590000000002 0.478641625
0 0.2122676421875 0.39800318125 0.21747410312499998 0.3952895421875 0.2231419046875 0.39245228593750003 0.22187262031250002 0.38586988125 0.2190221578125 0.38630401718749996 0.212431275 0.38477360625 0.20490154062500002 0.3871208359375 0.1993981640625 0.385958315625 0.1972401109375 0.39082192656250003 0.19796564375 0.3972203859375 0.198426984375 0.39709676875 0.20292566406249998 0.40281386093749993 0.20508371718750001 0.39795024843750004 0.2122676421875 0.39800318125
0 0.23849590781250002 0.3639445921875 0.23577674843750002 0.35840996875000003 0.230405465625 0.360508484375 0.22121174843750002 0.3649497921875 0.2133026875 0.3631133 0.213023125 0.3694514296875 0.2094148 0.370747921875 0.21355111093749998 0.37788068125 0.218461446875 0.3805206796875 0.221427046875 0.377748190625 0.23085143593750002 0.3732450734375 0.23849590781250002 0.3639445921875
0 0.22426491093749998 0.42247855625 0.22032654843750002 0.417929903125 0.2176574671875 0.4199636546875 0.219997696875 0.42592945625 0.2206408171875 0.432020353125 0.2281871109375 0.43065761562500005 0.2397865125 0.42689027968750004 0.23958817031250002 0.41969127500000003 0.23599600937499998 0.41735735937499996 0.227840115625 0.41921308125 0.22426491093749998 0.42247855625
0 0.26698675 0.3909230359375 0.2686503390625 0.38421405625 0.268600259375 0.37664568125 0.2630637578125 0.37351417656249997 0.259653378125 0.3773947734375 0.25597999531250004 0.3885979953125 0.2494553578125 0.39100555312499996 0.250115040625 0.3980809421875 0.252323571875 0.4054006078125 0.2560635953125 0.4027502546875 0.2593592359375 0.405822909375 0.26099009687499997 0.40175984531250003 0.26128622031250004 0.3964062078125 0.26698675 0.3909230359375
0 0.23734413906250001 0.3827132296875 0.2421393375 0.3876915828125 0.249603221875 0.386021284375 0.2522719046875 0.3793726328125 0.2505081546875 0.3709448609375 0.2418747515625 0.3765546078125 0.23821674218750002 0.37489762187500003 0.233603321875 0.376133784375 0.23734413906250001 0.3827132296875
0 0.2347093703125 0.4005606640625 0.2308707703125 0.4065338625 0.226422171875 0.408385146875 0.2241485859375 0.41097221250000004 0.2209026296875 0.410853034375 0.2175908265625 0.4114107859375 0.218596315625 0.4160860140625 0.2213316421875 0.41799023125 0.22334222812500001 0.4227257890625 0.22812007343750001 0.41748985000000005 0.2310691109375 0.41373286875000004 0.23660481875 0.407634575 0.2347093703125 0.4005606640625
0 0.31899264375 0.4475317546875 0.32260057343750004 0.44162036406249994 0.3276749390625 0.4356456859375 0.3217595078125 0.432945359375 0.315399690625 0.4359680390625 0.3095016140625 0.443482003125 0.30419618125 0.4449035890625 0.30536649374999997 0.450193940625 0.3087772703125 0.45092824218749994 0.30951896875 0.45369629375000003 0.3118426359375 0.4586776046875 0.314956496875 0.45553574531249996 0.31373689531250004 0.45190681718750003 0.31899264375 0.4475317546875
0 0.29897196875 0.4327880390625 0.29585771250000004 0.431315 0.29501783593750003 0.4364846921875 0.2976214625 0.43974277187500005 0.3000275421875 0.44503164375 0.3051843171875 0.43936452656249997 0.31333981718750004 0.4328939046875 0.30973069999999997 0.424960596875 0.30885730312500004 0.4235464078125 0.30114658437499997 0.4289089203125 0.29897196875 0.4327880390625
0 0.28953965312499996 0.34499316874999997 0.2881225046875 0.3433950359375 0.2816471546875 0.3441411703125 0.2742159984375 0.343165553125 0.2707393734375 0.3431081828125 0.270228346875 0.34027832187499996 0.265647653125 0.33886856875000004 0.26564804999999997 0.34348346875 0.2678561828125 0.3461882328125 0.2644954859375 0.35302230625000003 0.273393078125 0.3539346359375 0.283279603125 0.35853770156250003 0.2915833625 0.3516977109375 0.28953965312499996 0.34499316874999997
0 0.5188275953125 0.6784682656250001 0.5185981156249999 0.692374771875 0.524366078125 0.7046742671875 0.527149503125 0.6910723640625 0.527725190625 0.679380596875 0.5283675203125 0.6762416953125 0.5323713375 0.67549851875 0.5292732453125 0.670395071875 0.528103328125 0.6697196203125 0.527756728125 0.6628899828125 0.523060896875 0.6638185828125 0.5226989234375 0.669849153125 0.51915605 0.6658538140625 0.5168990250000001 0.669425371875 0.5188275953125 0.6784682656250001
0 0.3504872765625 0.340859103125 0.355413778125 0.33986869531249997 0.35646776562500004 0.33365270156250004 0.35117849687499997 0.33144388125 0.346581240625 0.32904963593750003 0.3412919734375 0.326840815625 0.3366619921875 0.327092484375 0.33680985625000004 0.3221082171875 0.33171853281249997 0.322483503125 0.33176821562500003 0.32543697968749996 0.333778803125 0.33017253750000003 0.33168659843750004 0.33435921562500004 0.3370582765625 0.3368755984375 0.34093039531249997 0.3374862828125 0.3504872765625 0.340859103125
0 0.35411454062500003 0.3682365015625 0.36251767031250004 0.3673034625 0.3714641546875 0.36193947031249996 0.3698490609375 0.35775722656250003 0.3616600421875 0.357643965625 0.3597649890625 0.3551849546875 0.35363584375 0.3581458265625 0.349500328125 0.3602428640625 0.347440453125 0.35716873125 0.343584896875 0.3575425375 0.34356873125 0.3611729453125 0.3393508046875 0.362962421875 0.3406693765625 0.367883403125 0.34699646562500003 0.3675066375 0.3484632984375 0.37205825 0.35411454062500003 0.3682365015625
0 0.34138151875 0.41021656406250007 0.3463569125 0.4029498328125 0.34549968125 0.39790523437499997 0.34195680781250004 0.3939098953125 0.338726225 0.3809305125 0.3366829140625 0.3788408703125 0.335859596875 0.38499505625 0.33503628281250003 0.391149240625 0.33530047343749997 0.397671315625 0.3360264 0.40868467500000005 0.34138151875 0.41021656406250007
0 0.43314484062499997 0.45188695 0.437544546875 0.4563119875 0.4411694328125 0.4559999890625 0.4487981375 0.45494481249999996 0.4449252265625 0.4451043296875 0.4418440921875 0.44560027343749997 0.4378237125 0.4453589578125 0.42950220312500004 0.43736975781250004 0.4279044640625 0.44340180625 0.43314484062499997 0.45188695
0 0.4111624703125 0.42613135625 0.40981077499999996 0.419241390625 0.4042577140625 0.41512539375 0.40206574375 0.408790221875 0.3980291984375 0.41217931406249997 0.39682655625 0.4141497765625 0.39277345 0.41655437656250005 0.399809509375 0.421591578125 0.4018528234375 0.4236812203125 0.406285653125 0.4300752421875 0.41572699999999996 0.4311715171875 0.4111624703125 0.42613135625
0 0.38608240625 0.3998872140625 0.383907790625 0.4037663328125 0.3848967203125 0.40745706875 0.38450202187500004 0.416133553125 0.3933992171875 0.4124309828125 0.4012093046875 0.41297542343750004 0.39992345937499996 0.4054085265625 0.39255815156249996 0.40375597812499997 0.3895759890625 0.40554397656249996 0.38608240625 0.3998872140625
0 0.380331003125 0.3885722109375 0.3743824484375 0.38390289843750003 0.375964815625 0.39073105625000004 0.37593208906250003 0.393376971875 0.375932484375 0.397991871875 0.383544628125 0.395952203125 0.3897234578125 0.39594480781249997 0.3944685765625 0.393354784375 0.3928369203125 0.3881880484375 0.3855212984375 0.389488978125 0.380331003125 0.3885722109375
0 0.48094421406250004 0.45127594687499994 0.48448708749999997 0.4552712859375 0.4921157921875 0.454216109375 0.49501514531249996 0.4475056515625 0.49972674531249994 0.43833174374999995 0.5022306078125001 0.431067971875 0.499610815625 0.4314402984375 0.4961673109375 0.43335191249999994 0.493217878125 0.4324939953125 0.490071290625 0.43828177031250004 0.48675988124999997 0.443454421875 0.48094421406250004 0.45127594687499994
0 0.439792853125 0.3512126453125 0.4390673203125 0.3448141859375 0.432212246875 0.3367617 0.42369358437500004 0.3354181921875 0.42199608125 0.3309283890625 0.4187170015625 0.328840225 0.41744850937500005 0.3314876203125 0.419591190625 0.33948421562500003 0.4158511671875 0.3421345671875 0.41560432968749994 0.3458267828125 0.42147007812500004 0.345573634375 0.42809408437499996 0.34907302812499996 0.4354925140625 0.35269456093749996 0.439792853125 0.3512126453125
0 0.47233402656249995 0.34348219375 0.480655140625 0.34685649375 0.4876249546875 0.3479557265625 0.48750862812499995 0.33644938281250003 0.483323428125 0.33559294375 0.47935233593750004 0.33369020625 0.47468923125 0.331972890625 0.46897174374999995 0.331856671875 0.4687406765625 0.3273035796875 0.46569226874999997 0.325153609375 0.46396243437500007 0.32792461875 0.4661544046875 0.334259790625 0.46664886875 0.336105159375 0.4644576921875 0.3389997859375 0.46421085624999997 0.3426920015625 0.47233402656249995 0.34348219375
0 0.38416524375 0.3318351203125 0.3902451 0.33053567031250003 0.3987964890625 0.32923326249999996 0.404415003125 0.32805742968749996 0.40375532031250005 0.3209820390625 0.3963900125 0.319329490625 0.393951209375 0.316686534375 0.39124900625 0.3167513015625 0.38703107812500004 0.318540778125 0.384180615625 0.3189749140625 0.3816759609375 0.3170088875 0.3782817453125 0.3172590796875 0.378990715625 0.3226730453125 0.38268184843749997 0.32629901562499997 0.3811495625 0.32703923281249997 0.38022727500000003 0.331901365625 0.38416524375 0.3318351203125
0 0.399568534375 0.3016660046875 0.4049236515625 0.30319789375 0.41019635781249997 0.3044222234375 0.4126513296875 0.303434771875 0.41349120624999997 0.2982650796875 0.40380223125 0.2916312203125 0.398776359375 0.2867146765625 0.3981005125 0.28326969375 0.39300879218749996 0.27903008125 0.3919875328125 0.282600159375 0.3872420171875 0.2805752828125 0.38465534687499997 0.2829165953125 0.38892335624999996 0.2886954953125 0.390422915625 0.29060119218749997 0.389879559375 0.295032146875 0.3950205671875 0.2976103359375 0.399568534375 0.3016660046875
0 0.47443724375 0.275671415625 0.469625878125 0.27432347031250004 0.46815944062500003 0.2743867578125 0.4674504703125 0.268972790625 0.46371044531249994 0.27162314374999996 0.46362843125 0.27593048124999997 0.4624589125 0.2798699296875 0.46900050625 0.2830617640625 0.4754431296875 0.28496154375 0.48167124687499996 0.283292725 0.48148946718749996 0.27707821093749996 0.47443724375 0.275671415625
0 0.4725603359375 0.2926564921875 0.472395515625 0.292041371875 0.46446989375000003 0.2892203859375 0.45888410625000003 0.28775030468749996 0.460235009375 0.285410471875 0.455802575 0.28363134843750004 0.45547332812499997 0.28701600312500003 0.456017478125 0.2918148484375 0.45822561093749997 0.2945196109375 0.465047165625 0.295988215625 0.4692323671875 0.2968446515625 0.47239591093750005 0.29665626875 0.47264274687499996 0.29296405625 0.4725603359375 0.2926564921875
0 0.43906335625 0.29866519375 0.4365255796875 0.2947301828125 0.4319448859375 0.2933204296875 0.43377448437500005 0.3010712703125 0.433033184375 0.3029181171875 0.43163299374999997 0.30691937343750003 0.43738360312499996 0.30900457812500004 0.45008706875 0.30658962500000003 0.45153654843749996 0.30092694531249997 0.443231996875 0.2985371375 0.43906335625 0.29866519375
0 0.41884434062500003 0.276722471875 0.4166531640625 0.2796170984375 0.4168345484375 0.28121671406250004 0.41472578281250005 0.2844189015625 0.42069089843749996 0.2900727046875 0.429983984375 0.29153835 0.4298022046875 0.28532383437500003 0.42340886875 0.28176263281249997 0.42202444687499996 0.27751858125 0.41884434062500003 0.276722471875
0 0.4800342140625 0.5991999578125 0.48151681562500004 0.5955062625 0.47807291718749995 0.5928029765625 0.4777093578125 0.5803739484375 0.47316178593749997 0.5809331796875 0.4724540046875 0.5893639109375 0.473871946875 0.6001918453124999 0.4800342140625 0.5991999578125
0 0.51634893125 0.5954030375 0.5242252640625 0.5998854453125 0.5358735546875 0.5898417859375 0.5364662 0.583749409375 0.533219846875 0.57901533125 0.526151853125 0.58585384375 0.5203188328125 0.583461078125 0.5162164390624999 0.5875271 0.51634893125 0.5954030375
0 0.611918125 0.6337461390625 0.6181466375 0.6366922203125001 0.6236330578125 0.6322553484375 0.6164483421875 0.6229726171875 0.610795515625 0.6083347671875 0.5973992421875 0.601705346875 0.59623011875 0.61025969375 0.60249215 0.6197896578125001 0.611918125 0.6337461390625
0 0.6245738890625 0.65145220625 0.61908746875 0.6558890765625 0.6198295625 0.6632720265625001 0.6181009171875 0.6798877359375 0.6253999796875 0.6776023140625 0.6288754171875001 0.6638149875 0.62709510625 0.654402721875 0.6245738890625 0.65145220625
0 0.62149949375 0.7304014375000001 0.6245971890625001 0.730889984375 0.625815996875 0.7252891140625 0.623443040625 0.7219692281250001 0.6181372125 0.718775915625 0.613754859375 0.72456516875 0.60859808125 0.730232284375 0.60489118125 0.7348516203125001 0.6077258750000001 0.7426627921875 0.6186494265625 0.735450471875 0.62149949375 0.7304014375000001
0 0.684405640625 0.7003600546875 0.68048423125 0.70141079375 0.6769602984375 0.72608934375 0.683288578125 0.7395572765625 0.6885281609375 0.7388126203125001 0.6870601390625 0.720416309375 0.6895971249999999 0.7151215203125 0.686416225 0.7050956140625 0.684405640625 0.7003600546875
0 0.7156858515625 0.7829600859375 0.7249454171874999 0.777841846875 0.731947959375 0.7762951640625 0.7302504546875 0.7718053609375 0.7326060546875001 0.7649109578125 0.7295576484375 0.7627609875 0.7254714203125 0.7631966015625 0.724400871875 0.768428103125 0.7177607015625 0.7685591140625 0.7133128953125001 0.7796401984375 0.7156858515625 0.7829600859375
0 0.6544073109374999 0.57917793125 0.6642768765625 0.578181603125 0.6620849078125 0.57184643125 0.6592667750000001 0.5650197546875 0.654587109375 0.5623179484375 0.6527255765625 0.5664428203125 0.6481776078125 0.5623871515625 0.6388514 0.5589525234375 0.6401045187500001 0.5691653359375 0.6544073109374999 0.57917793125
0 0.5311914265625 0.36660930468749997 0.53652998125 0.3671567015625 0.5351124359375 0.36094366718750004 0.52777985625 0.3566452046875 0.52201308125 0.35819040625 0.5153894703125 0.3593059109375 0.5135606640625 0.36078486875000004 0.5311914265625 0.36660930468749997
0 0.59163515625 0.4427135671875 0.6048993328125001 0.44608195000000006 0.6059533203125 0.43986595624999997 0.5973684125000001 0.4345844796875 0.5928531718750001 0.42788289687500003 0.581813690625 0.4282037703125 0.578897378125 0.42931483750000005 0.57675509375 0.4259331421875 0.5738387796875 0.427044209375 0.5782716109375 0.43343823125 0.5762779828125 0.434302065625 0.57395510625 0.43855055312499996 0.57818999375 0.44236046875 0.58532423125 0.439459925 0.59163515625 0.4427135671875
0 0.6692246109375 0.44071319999999997 0.667956515625 0.4479754921875 0.6700988 0.4513571890625 0.6774479421875 0.45664014374999995 0.6822597015625 0.46260298750000006 0.6890816531249999 0.468686490625 0.6889657234375 0.46179504531250004 0.6922440078125 0.454653409375 0.6914691875 0.449916371875 0.6844007984375 0.452139984375 0.6759475890625 0.4455046484375 0.6692246109375 0.44071319999999997
0 0.6032148234375 0.40104254375000004 0.6120962515625 0.4055852796875 0.6226243109375 0.39781964531249997 0.6277314031250001 0.38919905312499997 0.6245016125 0.38544946874999997 0.61558825 0.39278244375 0.6078112859375 0.3942069890625 0.6035271125 0.392058496875 0.6032148234375 0.40104254375000004
0 0.573514996875 0.302196175 0.5713727125 0.29881447968749997 0.568044346875 0.2983877390625 0.5679954546875 0.3046640609375 0.5658866890625001 0.30786625 0.56961094375 0.31346120312500003 0.57819545625 0.3141277796875 0.58791715625 0.3181157234375 0.5887732 0.309315621875 0.5783429234375 0.3045286109375 0.573514996875 0.302196175
0 0.6005157062500001 0.2451852265625 0.5932820984375 0.242178815625 0.5920293734375 0.23658090468749998 0.589112665625 0.233077071875 0.587877296875 0.23769345 0.582917671875 0.23671487500000002 0.586526790625 0.2446481828125 0.591569221875 0.25054921874999997 0.5985887203125 0.2546019265625 0.6065139453125 0.25280801406250003 0.6076669046875 0.2478840734375 0.6005157062500001 0.2451852265625
0 0.6402116437500001 0.281687715625 0.645664940625 0.27528186093749996 0.642764396875 0.2681476203125 0.6355311859375 0.2697561109375 0.628874453125 0.26890263124999997 0.6244917046875 0.270076984375 0.6229755828125 0.2671867953125 0.6196472171875 0.2667600546875 0.618510421875 0.2680535890625 0.622943253125 0.274447609375 0.6220044031249999 0.27832525 0.6223013203125001 0.2822014109375 0.6279529593750001 0.28299456093750003 0.63381870625 0.28274141249999996 0.6402116437500001 0.281687715625
0 0.6524218359375 0.2912720921875 0.6445293359375001 0.29042009062499996 0.63854805625 0.2883966953125 0.6372298796875 0.2880906125 0.6357796078125 0.2845234921875 0.6333246359375 0.28551094374999997 0.634461828125 0.288832309375 0.6351869625 0.2906158703125 0.63401744375 0.2945553171875 0.6360607546875 0.296644959375 0.6455021015625 0.297741234375 0.653674559375 0.2968700046875 0.6524218359375 0.2912720921875
0 0.7013260703124999 0.30124326875 0.6990347328125 0.2890011453125 0.6913567406250001 0.29171774375 0.6829863390625001 0.2900048671875 0.67918006875 0.2887172515625 0.6800696296875001 0.28650103437499996 0.6767905515625 0.2844128703125 0.6760658125 0.2872442109375 0.672605746875 0.2881713328125 0.67099105 0.2886039890625 0.675176646875 0.2940753265625 0.6843549921875 0.3024942234375 0.6950813921875 0.3019275953125 0.7013260703124999 0.30124326875
0 0.669539190625 0.266577271875 0.6776627578125 0.2719823640625 0.6823258625 0.27369967812499996 0.6857031203124999 0.2678500953125 0.680084209375 0.264411028125 0.676738884375 0.258384896875 0.6710541250000001 0.2556227625 0.66995005625 0.2542703796875 0.670674796875 0.251439040625 0.6701803328125 0.24959367187499998 0.6663082124999999 0.24898298749999997 0.6645949390625 0.252738490625 0.6616786265625 0.25384955625 0.6622227765625001 0.2586484015625 0.6656339499999999 0.26399760156249996 0.669539190625 0.266577271875
0 0.7163306984375 0.23360164375 0.709261515625 0.2265954578125 0.7045980140625 0.22026324531250002 0.6971010078125001 0.219964559375 0.6977760640625 0.21417974218750002 0.696029271875 0.2113513609375 0.6916299609375 0.21154122343749998 0.688186853125 0.21806773750000003 0.6873797046875 0.22059151406250002 0.6897199328125 0.2265573171875 0.697002828125 0.2279023046875 0.7083234578125001 0.2397028953125 0.7163306984375 0.23360164375
0 0.765551978125 0.2899675671875 0.7627176796875 0.2867712953125 0.7637389406249999 0.28320121875000004 0.761365984375 0.27988133125000003 0.7596527125 0.28363683281249996 0.7590431093750001 0.28412981875 0.75634090625 0.2841945859375 0.75482518125 0.2859192953125 0.759686628125 0.294835615625 0.771039984375 0.30399029375 0.772588434375 0.29961966875 0.765551978125 0.2899675671875
0 0.7552182968750001 0.25878321406250004 0.7515602875 0.257126228125 0.7499621515625 0.258543378125 0.74750718125 0.259530828125 0.7591077703125 0.26960819062499997 0.77042760625 0.272178984375 0.7699820328125 0.26405729375 0.7622377953125 0.2628359234375 0.7591069765625 0.2603783921875 0.7552182968750001 0.25878321406250004
0 0.7815814328124999 0.26028995781250003 0.778449821875 0.2486026265625 0.7750390453125 0.247868325 0.7740505109375 0.2487924890625 0.77133214375 0.2524876625 0.7684489546875 0.2555677140625 0.7721566484375 0.26017817499999996 0.777495996875 0.26995537187499996 0.78444925 0.2700701125 0.7815814328124999 0.26028995781250003
0 0.8117867375 0.2973575953125 0.809891684375 0.294898584375 0.806613003125 0.2974253203125 0.8051300046875 0.296504115625 0.8009944875 0.2986011546875 0.8035488265625 0.30352065625 0.8065649046875001 0.3129314421875 0.8097126796874999 0.320988365625 0.812282390625 0.3130476625 0.8117867375 0.2973575953125