0 0.139397046875 0.5249479640625 0.1374327890625 0.5275757624999999 0.1382479875 0.5298846828125 0.142512059375 0.5280922421875001 0.14517971406250002 0.5315168484374999 0.1494013078125 0.5344592234375 0.15435450781249999 0.530501715625 0.14935628437499998 0.5231308453125 0.1434555328125 0.5215511109375 0.1418125640625 0.5194245953125 0.1386093734375 0.519025975 0.1390638640625 0.522854384375 0.139397046875 0.5249479640625
0 0.137661309375 0.537521565625 0.13580885 0.5364058796875 0.134536103125 0.538238190625 0.13497955156250002 0.5405731046875 0.138321384375 0.5429543875 0.138665609375 0.5465414640625 0.139450903125 0.5510938734375 0.14132069375 0.5524573937499999 0.14693158906249998 0.55256313125 0.1478120296875 0.5437850046875 0.14302176718749998 0.5393881265625 0.1433714296875 0.5363751406249999 0.1422317171875 0.5320965578125 0.13957595312499999 0.5355198453125001 0.137661309375 0.537521565625
0 0.1306573734375 0.557561325 0.12903887187500002 0.5597913796875 0.127811828125 0.5636128515625 0.1232815171875 0.5629334640625 0.12103216562500001 0.566826421875 0.124255065625 0.56884245625 0.12829078437500002 0.5717978296874999 0.132448665625 0.5818424296875 0.135436759375 0.5751583250000001 0.1344049359375 0.5697514984375001 0.1329383296875 0.5621336718750001 0.1306573734375 0.557561325
0 0.117878753125 0.5804953359375 0.12242095625 0.5880226171875 0.123841859375 0.59365128125 0.12936610312500002 0.59251785625 0.1270000265625 0.5827215265625 0.1271181109375 0.577732378125 0.125727959375 0.57521461875 0.1229643078125 0.5797661515625 0.12026436874999999 0.577215459375 0.117878753125 0.5804953359375
0 0.1441239296875 0.5658342984375 0.14153273125000002 0.5675097609375 0.1403986234375 0.5713247328125 0.13695518906249998 0.5688260328125 0.13551389687499998 0.5709191734375 0.1387983015625 0.5791570203124999 0.1403019484375 0.5886400890625 0.14090289843749998 0.589220678125 0.14609871875 0.5887328296875001 0.1458402953125 0.58103051875 0.146411171875 0.5691609843750001 0.1441239296875 0.5658342984375
0 0.1346332828125 0.633117365625 0.1341527953125 0.6289172078124999 0.13110948125 0.6281338390625 0.12804102343749998 0.63233311875 0.128756996875 0.6358941984375 0.1266194390625 0.6360436703125 0.125805090625 0.63908915 0.12927214375 0.640590021875 0.13166013906250001 0.638679725 0.13392852187499998 0.645743396875 0.1411273359375 0.6552017875 0.1449754828125 0.6474613640625 0.14393499375000002 0.64193061875 0.140916825 0.6361646000000001 0.1357595734375 0.634532875 0.1346332828125 0.633117365625
0 0.15395862656249998 0.6236720578125 0.1523960234375 0.6240303703125 0.1510153859375 0.6269909265625 0.150641259375 0.6256473437500001 0.1494976390625 0.6239840015625 0.1478334328125 0.6242248953125 0.1475444265625 0.6281052953125 0.15035463124999998 0.630897321875 0.14982775937499998 0.6340472203124999 0.14781321249999999 0.64664031875 0.151410240625 0.6499999359374999 0.1579567953125 0.648795021875 0.1555812046875 0.633520378125 0.15537477187499998 0.626561565625 0.15395862656249998 0.6236720578125
0 0.17192711875 0.6308830921874999 0.171971975 0.6275178546875 0.1697477671875 0.6264281640625 0.16862861093749998 0.629121390625 0.168222203125 0.6286517218750001 0.1667800609375 0.6253904640625 0.16439359375 0.6233159406250001 0.16406992812500001 0.626700675 0.1658279203125 0.6318076796875001 0.1637573046875 0.6315789046875 0.1631028359375 0.6342396375 0.1642811171875 0.63639864375 0.1666628265625 0.6357340109375 0.167895478125 0.6400060937500001 0.170393059375 0.64767635 0.17235425625 0.6530181890625 0.1757487609375 0.646803753125 0.17648274375 0.6412734484375 0.1764654140625 0.641025615625 0.172074425 0.6329896703125 0.17192711875 0.6308830921874999
0 0.1325528109375 0.666136725 0.12932600156250001 0.666735934375 0.1292740109375 0.6659924359375 0.1253784609375 0.661034903125 0.12419389375 0.6601215578125 0.1221367015625 0.66275585625 0.1215255578125 0.6660361703125 0.12414988906249999 0.66884119375 0.1216342953125 0.6702623234375 0.12224866875 0.6737059875 0.123627775 0.67473025 0.125490428125 0.6719850328125 0.12837946875 0.6812467046874999 0.131220425 0.6871496375 0.1333415015625 0.6921067296875 0.1386727375 0.686877565625 0.138948321875 0.680134090625 0.13616801875 0.6750985734375 0.13244967968750002 0.670004128125 0.1325528109375 0.666136725
0 0.126022221875 0.7543815890625 0.1265759359375 0.7569578390625 0.1307431625 0.7577871375 0.1322301578125 0.7576831578125 0.13560580312499998 0.7552057078125001 0.137837825 0.7510649171875 0.1405455796875 0.748385128125 0.142805978125 0.7459856640625 0.143577 0.742320603125 0.1431075578125 0.7396139390625 0.1365412921875 0.739201440625 0.133248390625 0.7455332953125 0.1315865640625 0.74714376875 0.128147884375 0.747384225 0.126970453125 0.750579615625 0.126022221875 0.7543815890625
0 0.1522991703125 0.7628794765625 0.1522274703125 0.760518565625 0.149918990625 0.759559290625 0.148190221875 0.7615480125 0.1462274953125 0.7601909921875001 0.14347794687499998 0.75826638125 0.14023618437500002 0.759987334375 0.1405890734375 0.7636983265625 0.14442396875000002 0.76778844375 0.1439939421875 0.7683166015625 0.1429566796875 0.7695098359375 0.1439230921875 0.771310090625 0.1468411859375 0.772973871875 0.14780521875 0.77340455 0.149569496875 0.7772658921875 0.1522198234375 0.7804426640625 0.1531342453125 0.781499421875 0.15572391562500001 0.7838087796875 0.15821826875 0.784755059375 0.1600943453125 0.7848729156250001 0.16243272656250002 0.7835886999999999 0.1635542625 0.7822650515625 0.16091022187499998 0.777842615625 0.1601422578125 0.7735380390625 0.1572107421875 0.7690111828124999 0.15275604062499998 0.7680774640625 0.15194084218749998 0.7657685453124999 0.1522991703125 0.7628794765625
0 0.150781759375 0.78925978125 0.1512795765625 0.7937077734375 0.1521963765625 0.796134109375 0.1527327609375 0.7984625265624999 0.154507234375 0.798462965625 0.1590548734375 0.7993901859375 0.162436125 0.8050062921875 0.16607647812499998 0.808985490625 0.16892678125 0.8056731218750001 0.1699135828125 0.7997515703125 0.169785984375 0.7992624046875 0.1620988671875 0.7908343375 0.1582254046875 0.7888637953125001 0.157207003125 0.7863200406249999 0.1552442765625 0.7849630203125 0.1536320625 0.7859474125 0.150781759375 0.78925978125
0 0.135682596875 0.7896930078125 0.13618670156249998 0.7928953359375 0.1353873046875 0.7948190703125 0.134907665625 0.795973309375 0.1356708734375 0.79753873125 0.137976975 0.7971284265625 0.1423253171875 0.7952055734375 0.1463885625 0.7945478765625 0.1473328859375 0.793361140625 0.148097621875 0.79094174375 0.1479243203125 0.7884634171875 0.1464002859375 0.786702153125 0.1445478265625 0.7855864671874999 0.1437956640625 0.785514540625 0.143601125 0.785403621875 0.141855025 0.7871445109375 0.14007664375 0.7897593125 0.1381461984375 0.7875283796875 0.1374089875 0.7863347078125 0.1359479859375 0.7868104375 0.135682596875 0.7896930078125
0 0.13913401718750001 0.80165484375 0.137728915625 0.8002588296875001 0.1364836921875 0.798478071875 0.13470921875 0.7984776328125001 0.13361368125 0.8001730281249999 0.13371766093749998 0.8016600265625 0.12897786093750002 0.801991465625 0.12786975 0.8061781859374999 0.130468084375 0.808611459375 0.1337382203125 0.808631834375 0.1327553265625 0.8119381453125 0.1351567453125 0.812890921875 0.136615365625 0.8110456125000001 0.137101290625 0.8086457109375 0.14061166875 0.8107661640625 0.1469534890625 0.8133112359375 0.1507205921875 0.8124252015625 0.15344176874999998 0.8126084859375 0.154000921875 0.8085846734375 0.15280921875 0.8035625921875 0.1506582390625 0.8008489921875 0.1456892390625 0.8005738453125 0.13913401718750001 0.80165484375
0 0.135432496875 0.820841065625 0.135486865625 0.8229541421875 0.130976265625 0.8238921640625 0.13004060625 0.8252028140625001 0.13001308125 0.8288158859375001 0.13285556874999999 0.830733996875 0.1347143140625 0.830604021875 0.1344638765625 0.8323648453124999 0.1365171609375 0.8323457890625001 0.1384491359375 0.8305919015625 0.141678321875 0.8313622734375 0.1449397921875 0.8312587312499999 0.149381071875 0.829329378125 0.152448 0.8291149171875001 0.1537404578125 0.8289000171875 0.152795284375 0.824732353125 0.1467062796875 0.8217960359375001 0.14099378125 0.8215728828125 0.138791659375 0.8234701796874999 0.1381536734375 0.8210243484375 0.136910828125 0.820613165625 0.135432496875 0.820841065625
0 0.1710813265625 0.84449793125 0.1646409609375 0.833865803125 0.1580400375 0.832957640625 0.1560623609375 0.8327223671875 0.1550203421875 0.8311764421875001 0.15371684218749998 0.829897846875 0.1513264671875 0.8304385640625 0.15167935625 0.8341495562500001 0.1516345015625 0.8375147937499999 0.1515645015625 0.8413617703125 0.15849775625 0.8435100265625 0.1630824359375 0.8463024906250001 0.1710813265625 0.84449793125
0 0.1359328625 0.8413522499999999 0.133635425 0.84188646875 0.133097509375 0.8435428734375 0.1369363125 0.84501775 0.136895365625 0.8457677468749999 0.1370253421875 0.8476264921875 0.138564328125 0.8482660093750001 0.1405979046875 0.846629540625 0.14301189375 0.8450909937500001 0.1465435109375 0.8448440390625 0.1493119203125 0.8430316625 0.1516676328125 0.8419952796875 0.151154865625 0.8386690343750001 0.14815012031250002 0.8357660890625 0.14303466250000002 0.838738765625 0.1404497484375 0.8391685640625001 0.1398550875 0.8373423125 0.138368090625 0.83744629375 0.137652965625 0.8392396124999999 0.1359328625 0.8413522499999999
0 0.16078754687500002 0.86289990625 0.160908009375 0.8592803359375001 0.158572684375 0.8525949125000001 0.156145271875 0.8512703875 0.1547094171875 0.8467634671875001 0.15349256718749998 0.8467240359374999 0.152280475 0.8494237625000001 0.1521899171875 0.8507998390625 0.14976012656249998 0.848105734375 0.14775883125 0.848868290625 0.14807468125 0.8507140375000001 0.14960738125 0.8525992171875 0.15215610468750002 0.855658571875 0.1542646078125 0.8631069890624999 0.1563250296875 0.8671966687499999 0.15678105 0.8670402578124999 0.15661250625 0.8673010890624999 0.15623447031249998 0.8685727453125001 0.1599645328125 0.8658214687499999 0.16078754687500002 0.86289990625
0 0.1218509109375 0.87770128125 0.12219751406249998 0.882657934375 0.12366955937499999 0.8836757015625001 0.12790134687500002 0.8827571734375 0.127994284375 0.8827506749999999 0.127819453125 0.8842571671874999 0.12904496875 0.884420515625 0.13083439375 0.8832992093750001 0.133012896875 0.8823997390624999 0.1392893046875 0.8813382375 0.14250507031249998 0.8792455359375 0.142841309375 0.873369478125 0.13786993125 0.8717247531250001 0.1340878765625 0.8737325312499999 0.13088706249999998 0.8747034875 0.1296827859375 0.8721727328125001 0.1271671953125 0.8735938624999999 0.1243145140625 0.8755366531250001 0.1218509109375 0.87770128125
0 0.184057371875 0.8671252671874999 0.1806659265625 0.8653700640625 0.1810093015625 0.8636027421874999 0.18082495625 0.8596309203124999 0.1795065046875 0.8594740703125 0.1779785625 0.8603280468750001 0.1770231953125 0.8600212875000001 0.1744980859375 0.855964103125 0.17230853906250002 0.8553700765625001 0.1716068375 0.8600264687499999 0.17331521875 0.865759553125 0.1720227609375 0.865974453125 0.1710871015625 0.8672851046875 0.171707759375 0.8694831046875 0.174007575 0.8703184640625 0.17526299218750002 0.8682383203124999 0.17745338906250002 0.8741867437499999 0.178897909375 0.878817578125 0.1811268734375 0.882646428125 0.1834117375 0.884603534375 0.18328651875 0.8854839453125001 0.18839093125 0.8810177749999999 0.1884830203125 0.8756568781249999 0.1874598609375 0.8703739671875 0.184057371875 0.8671252671874999
0 0.1631113171875 0.89212466875 0.1657726859375 0.896794934375 0.16664378124999998 0.8972321125 0.166209846875 0.9003755124999999 0.1676992234375 0.901641109375 0.1694516078125 0.8986545578125 0.1710961046875 0.896796253125 0.17565003125 0.8964778109375 0.177584384375 0.8960935031249999 0.179459609375 0.8908569609375 0.174915878125 0.8873144999999999 0.1685079640625 0.890502075 0.1665736109375 0.89088638125 0.16554263593750002 0.890833953125 0.1641312484375 0.8906836015625 0.1631113171875 0.89212466875
0 0.14091969843750002 0.8859560765625 0.1373644671875 0.8872008609375 0.1360003109375 0.8850548515625001 0.133503578125 0.88273899375 0.1317897609375 0.8836059687500001 0.131632259375 0.8853602953124999 0.1323025296875 0.8869322140625 0.1332019984375 0.8891107187499999 0.1329823125 0.8939824484375001 0.130611646875 0.896140578125 0.13113936875 0.898345078125 0.132434203125 0.89949975625 0.134485109375 0.8981111203125 0.1350899671875 0.8960764671874999 0.136484025 0.8959789859375 0.13899571093750002 0.897173096875 0.14410963906250002 0.898185240625 0.1535868609375 0.896152784375 0.15329615624999998 0.8893243875 0.151264109375 0.8869760375 0.1487350953125 0.8855340921874999 0.1429296578125 0.8853174375 0.14091969843750002 0.8859560765625
0 0.153632734375 0.9128355609375 0.1508099546875 0.9125348593749999 0.1502287140625 0.9135716828125 0.15024213749999998 0.9164347562499999 0.150441434375 0.91928483125 0.14995551093749998 0.9216847343750001 0.1479715453125 0.9226951234375 0.14653891875 0.9249121812500001 0.148013340625 0.9272995234374999 0.150124903125 0.926778303125 0.151641803125 0.9244308296874999 0.1565336671875 0.928945125 0.165566759375 0.933916971875 0.16815473125 0.9255175343750001 0.1657895046875 0.9210756015625 0.157063596875 0.9178255859375 0.15518514218749999 0.9163381515625 0.153632734375 0.9128355609375
0 0.1856425890625 0.934670996875 0.18369843125000002 0.9393495749999999 0.181697803125 0.9378070171875 0.18009787187499998 0.940190209375 0.1801069390625 0.9421244 0.1807145890625 0.94359611875 0.17989046250000001 0.9489534828125 0.1821438390625 0.95140371875 0.1855395125 0.9476331140625 0.18614291562500002 0.9499463578125 0.18799134687500002 0.9493123656250001 0.1893912125 0.9467749171875001 0.18940659375 0.9424835796875 0.1958696703125 0.9365636546875 0.1977361203125 0.9298715625 0.199464259375 0.9257128265624999 0.1926962109375 0.9236624093750001 0.19018216875 0.9256047890625 0.1901779203125 0.9264463125000001 0.1880421953125 0.9292875875 0.1856425890625 0.934670996875
0 0.1746370625 0.9315709296874999 0.1744066984375 0.9336901078125001 0.1782297 0.9360305828125 0.1830641515625 0.935692525 0.18510254375 0.9359706015624999 0.1922287078125 0.9404355359375 0.19595586874999998 0.9368941187500001 0.1887716265625 0.9252828078125 0.1813177640625 0.926056403125 0.17663229687499998 0.926720534375 0.1737910140625 0.9275921968749999 0.1699786859375 0.9281111484375 0.1702112296875 0.93053445 0.1746370625 0.9315709296874999
0 0.20504655 0.9470023781249999 0.2070279671875 0.95178759375 0.21002483125000002 0.9511122703125 0.2097432109375 0.9449439828124999 0.21132897968750003 0.94549846875 0.21239118281249997 0.9435611453125 0.21173715624999997 0.94134460625 0.21039841718750002 0.940040934375 0.210723253125 0.9346952265624999 0.21011924999999998 0.927484884375 0.2100055859375 0.9244321109375001 0.20474241875 0.92267095 0.20224642187500003 0.92836809375 0.20331380000000002 0.9372094687500001 0.20365261562499998 0.939913809375 0.202604303125 0.9420497749999999 0.20320658125 0.94566721875 0.20504655 0.9470023781249999
0 0.2328965234375 0.9532922968750001 0.2316451078125 0.9544021296875 0.23156625000000003 0.956929375 0.23357509687500003 0.9578793828125001 0.234302771875 0.9587826671874999 0.2352895265625 0.959735990625 0.234693809375 0.962912775 0.2349106703125 0.9652830343750001 0.23673845937500002 0.965836771875 0.2380437171875 0.9611109624999999 0.23859247187500002 0.9601865765625 0.24244073125 0.9603945656249999 0.246078175 0.9590497296875 0.2506070546875 0.954371125 0.2482610125 0.9456750312500001 0.24485205625 0.94809436875 0.24064214375 0.950024471875 0.23744400156249998 0.9539966312500001 0.2357666765625 0.9548636234375 0.23461309218749998 0.9537175015624999 0.2328965234375 0.9532922968750001
0 0.26423340156249997 0.9445581328125 0.264043321875 0.9469568484374999 0.2684692578125 0.9495780187499999 0.26762050625 0.9535222015624999 0.267648125 0.9561101593749999 0.2693008984375 0.9570850656250001 0.2708989 0.9558146875 0.2723817765625 0.9521669375 0.27794353437499997 0.9483702734375001 0.2832000890625 0.944594953125 0.28109890000000004 0.9357454296875 0.2745891640625 0.9369503390625 0.2715612953125 0.94043350625 0.26980641250000004 0.9445773609374999 0.26841188125 0.945833509375 0.2667897015625 0.943834140625 0.26423340156249997 0.9445581328125
0 0.272011475 0.9519883671875 0.2681507546875 0.9552571515625001 0.2693008984375 0.9570850656250001 0.27102565 0.9568963046875 0.27130026093750004 0.9578994249999999 0.27111148281249997 0.961047753125 0.272278459375 0.9645783609375 0.27382085156249997 0.96324371875 0.27362984218749997 0.9597811734375 0.2779863109375 0.9570229609375 0.2842476625 0.9486109953125 0.283749309375 0.9466011968749999 0.28276943593750004 0.9442842921875 0.2791604484375 0.946036065625 0.27510574375 0.9494547265625 0.272011475 0.9519883671875
0 0.2565917859375 0.882807709375 0.25656749375 0.8815843609374999 0.256337603125 0.8800487078125 0.2553111859375 0.8793854515625 0.25419695781249996 0.8792183578125 0.25252433281250003 0.8798253375 0.25237300625 0.8820410078125 0.252108015625 0.8826312265625 0.2484280203125 0.8825618765625001 0.2481630296875 0.8831520968750001 0.248204371875 0.884619265625 0.25012549375000004 0.8866900140625 0.24758145625 0.8897263578124999 0.24854279687499997 0.8912108625 0.252483659375 0.8915069796875 0.253616496875 0.892816153125 0.253547296875 0.8944543906250001 0.25524009062499997 0.8958877484375 0.25765397343749996 0.8944939046875 0.25907241718749996 0.8911279203125 0.260175278125 0.8911324703125001 0.2660527515625 0.8928448953125001 0.2736250265625 0.8907636609375 0.28073752343749997 0.885611121875 0.2805752765625 0.881538971875 0.2712585046875 0.8779436265625 0.26620497187500003 0.8783786750000001 0.26029139375 0.8814056296875 0.25868540625 0.8820896203125 0.25755568906250004 0.8825769687499999 0.2565917859375 0.882807709375
0 0.3096358796875 0.92473756875 0.311380684375 0.929059409375 0.31137652031249996 0.9318453953124999 0.31132412343750004 0.9353643421875001 0.31167905625 0.9375946109375001 0.3154274 0.937133521875 0.3179918484375 0.933969525 0.32130516875000004 0.9344010953125 0.3272156953125 0.9349826828125 0.33095019375 0.934323584375 0.33317780625000004 0.9341678140624999 0.3339157296875 0.9340498875 0.3328337328125 0.9278245703125 0.3226545875 0.9209751921875 0.31621383125 0.92348168125 0.314420428125 0.9248672828125001 0.312999515625 0.9230431875 0.31023199218749997 0.9233030375 0.3096358796875 0.92473756875
0 0.32348753124999996 0.939289271875 0.322756759375 0.9409321984375 0.3232220109375 0.94189455625 0.3250699828125 0.9434234859374999 0.32714284375 0.9474570812499999 0.3264120703125 0.9491000078124999 0.32612555312499997 0.9499822828125 0.3259300765625 0.9514551250000001 0.32752465625 0.952205859375 0.32879660781250003 0.9511883515624999 0.3293868359375 0.9489583187499999 0.33023634375 0.9483019796875001 0.33502758906249996 0.9471047046875001 0.33882036718749997 0.9437221609374999 0.3421281671875 0.9383837484375 0.34187015781249996 0.9375395515625 0.3409165796875 0.9352848187499999 0.33480804062499997 0.934717078125 0.3296199609375 0.9380645375000001 0.3269162359375 0.9413709265625 0.325818765625 0.9391925828125001 0.3243013828125 0.93883440625 0.32348753124999996 0.939289271875
0 0.331493634375 0.9492089531250001 0.3333323765625 0.9506058749999999 0.33356776250000003 0.9539720468749999 0.3336197984375 0.95542758125 0.3339457734375 0.9565323296875 0.335608315625 0.9575436171874999 0.33784723906249997 0.9561268609375 0.3371571015625 0.9526598375 0.33905285625000003 0.9506038171875 0.34513325156249997 0.9479235484374999 0.3467928078125 0.9446238484375 0.3464022171875 0.942595053125 0.3465158828125 0.9406636468749999 0.345068996875 0.9420250187500001 0.3375584609375 0.9427491859374999 0.334355096875 0.9460241859374999 0.333815184375 0.9461282656250001 0.33175327499999996 0.945808165625 0.33107073593749997 0.9467181328125 0.331493634375 0.9492089531250001
0 0.348071909375 0.90885096875 0.347817246875 0.9073432765625 0.3470457515625 0.9062696812500001 0.346131628125 0.9060019734375 0.344998953125 0.9068770890625 0.3447527078125 0.9076238968749999 0.344764471875 0.9092148999999999 0.34317704375 0.909989165625 0.34059033437499997 0.910700653125 0.3399413703125 0.9128021421874999 0.3404838171875 0.9141570578125 0.33905331250000004 0.9171754375000001 0.34470582968749996 0.916912828125 0.34476709687499996 0.91850036875 0.34476963125000004 0.919959365625 0.348061140625 0.92079041875 0.3492302859375 0.9175913375 0.3532781796875 0.918568478125 0.3584184765625 0.9188059671875 0.36280528749999996 0.9153818859375 0.36431886874999997 0.9135515671875 0.36452185625 0.9086292421875 0.3644413125 0.9089001781249999 0.3593467171875 0.90647073125 0.3547371015625 0.905997153125 0.351859259375 0.9075249140625001 0.35056088281250003 0.9088759015625 0.34882494531249997 0.9096605515625 0.348071909375 0.90885096875
0 0.3250832890625 0.8966626640625 0.3251273625 0.898715690625 0.32602555624999996 0.9001783828125 0.328574528125 0.901061359375 0.32905362656250003 0.9022217265625001 0.3289412265625 0.9048826312499999 0.3275807671875 0.906768565625 0.3269833890625 0.9074736015625 0.3267509890625 0.9084184171875 0.3266788609375 0.9109438515624999 0.3286661109375 0.9123303890625 0.33143906562500003 0.9100140515625 0.33862489375 0.9089146328125001 0.3449251078125 0.9058210375 0.349450378125 0.9043770562500001 0.3513611578125 0.8954220718749999 0.3438191296875 0.893561721875 0.3426549609375 0.8918523234375 0.3375184640625 0.893803328125 0.3304790625 0.8962853546874999 0.3293002328125 0.8965004390625 0.32757434218750003 0.8952946031250001 0.3256298984375 0.8952315937499999 0.3250832890625 0.8966626640625
0 0.3718317828125 0.9220508171875 0.374209434375 0.9239216796875 0.3742606109375 0.92529615625 0.374912084375 0.92818645625 0.3789522296875 0.927484534375 0.38181564687499997 0.9234497171875 0.386998346875 0.920451028125 0.3905859984375 0.9190617624999999 0.3939337921875 0.9200259718750001 0.395158915625 0.9137690140625001 0.3876788453125 0.9096186671875 0.3791722234375 0.9113519015625 0.3757714546875 0.9173415874999999 0.373077015625 0.9180093250000001 0.37179801874999996 0.9189974921875 0.3718317828125 0.9220508171875
0 0.4008661296875 0.9459040015625 0.40106094218750005 0.9480473343750001 0.40312744843750004 0.9486817296875 0.40513256093749994 0.9490807578125 0.40533759218750004 0.9500849828125 0.404796071875 0.9519802265624999 0.40490864374999996 0.9535900734375 0.4054236765625 0.9551717734375 0.40751102968749997 0.956104290625 0.4091352625 0.954912234375 0.409133709375 0.9516769109375 0.41108952499999996 0.9494431062500001 0.417193071875 0.9429049328125 0.4183924421875 0.9382075765625 0.415932140625 0.9332268906250001 0.4099938140625 0.9389146953124999 0.4050082171875 0.9453746953125 0.403257759375 0.9441190453124999 0.40194843281250003 0.94403085625 0.4010427109375 0.9445735140625 0.4008661296875 0.9459040015625
0 0.41579324375000004 0.949234021875 0.4167046890625 0.9519863125000001 0.4137912390625 0.9553056421875 0.412581975 0.9566484265625 0.41285257187499996 0.9579476437500001 0.41490395468749997 0.96157886875 0.41700226249999994 0.9594549328124999 0.419817528125 0.9534462734375 0.4206827015625 0.9529663656249999 0.4209699765625 0.954504078125 0.4210473125 0.9568952875000001 0.421221278125 0.9587405015625 0.42217932031250005 0.9602313109375 0.4251105921875 0.9578094640625 0.4246701984375 0.9547246578124999 0.42521474374999996 0.952230046875 0.42965579531250003 0.9482646578124999 0.4328890578125 0.9418073625 0.431083990625 0.937200265625 0.429436621875 0.936776221875 0.42473748125000005 0.9396212671875 0.42143563124999994 0.946382934375 0.41868282187499994 0.9462159375000001 0.41658941875 0.946482153125 0.4159448109375 0.947545790625 0.41579324375000004 0.949234021875
0 0.43203034218749997 0.943664871875 0.429168396875 0.9438649984374999 0.42814634218750003 0.9453145218750001 0.42889976093750004 0.9483774390624999 0.4322623515625 0.9508384984375 0.431693934375 0.95363435625 0.43123465625 0.9560630890624999 0.43268574062500004 0.9581784890625 0.435588971875 0.9559982671875 0.43738332812499997 0.952098121875 0.44330350625000003 0.9500065109375001 0.4473497 0.94810585625 0.44800943125000003 0.9440453906249999 0.44810327812499995 0.9403130015625001 0.4383889515625 0.9388464078125001 0.4349639015625 0.94256100625 0.43203034218749997 0.943664871875
0 0.4460480984375 0.9241182140624999 0.44884976718749997 0.9264527203125 0.44784345625000005 0.930596446875 0.4479660671875 0.9336737515625 0.4512880703125 0.9341820656250001 0.45678159999999995 0.9286753640625 0.46694626718750004 0.9264216421875 0.46761683125 0.9194623859375 0.4584061828125 0.9188103890624999 0.451666175 0.9203926125 0.4489484609375 0.9205826531250001 0.4471594171875 0.920152296875 0.4450374078125 0.9209178578125 0.4460480984375 0.9241182140624999
0 0.4351132125 0.880597846875 0.43529246875 0.88160261875 0.4326299765625 0.8817161328124999 0.43254084531250003 0.8843382984374999 0.4348756546875 0.8857736562499999 0.4358481875 0.8864322984375 0.43751474687499997 0.8892223484375 0.43999798281249997 0.8881040625000001 0.44446901250000004 0.8873554312499999 0.45006655156250003 0.8879086546874999 0.45389778593749996 0.8850248171875 0.4542392484375 0.8828936625000001 0.45353371875 0.8798184125 0.4533269 0.8799782046875 0.45336090625000003 0.87968516875 0.45325244062500003 0.8796927531250001 0.44590009999999997 0.8766463046874999 0.44037612968750006 0.8787038687500001 0.43847429218749995 0.8795635046875001 0.43712440625 0.8774052921875001 0.43559209218749995 0.878093759375 0.4351132125 0.880597846875
0 0.4003372265625 0.8844102515625 0.39872678437500003 0.8855401703125001 0.3952305640625 0.8854213265625 0.394098109375 0.8863724921875 0.39346297343750003 0.8897594828125 0.39537403125 0.891369803125 0.3987356078125 0.8934600109374999 0.3984860546875 0.8945674328125 0.4005083546875 0.8977685984375 0.40431847187500003 0.8969208515625 0.4075389625 0.9001108953125 0.4110719625 0.90153513125 0.41654308906250004 0.9002805781250001 0.41958610781249994 0.89781518125 0.41960445 0.8941806609375 0.41920548281250003 0.8915926296875 0.41079236874999997 0.888184371875 0.40460976562499995 0.8886167015625 0.404114725 0.88465475625 0.40269176875 0.8830103046875 0.4011479515625 0.8827549359375 0.4003372265625 0.8844102515625
0 0.36486528125 0.8257145593749999 0.36344679062499996 0.8270751078125 0.364395434375 0.8311712531250001 0.36878497499999996 0.8303597640625 0.36908340625 0.8346275109375 0.3720193484375 0.8346744828125001 0.37413830625 0.8325081375 0.3790272953125 0.8334276234375 0.38251535 0.835958703125 0.3850387546875 0.8301061375 0.3796343109375 0.8231681796875 0.3733204625 0.82487104375 0.3706342453125 0.8256895625 0.36880803906250004 0.8239252265625 0.3668159203125 0.82519975 0.36486528125 0.8257145593749999
0 0.3185154796875 0.8054943984375 0.315588315625 0.80557295 0.3147450015625 0.8029830703125 0.3113798296875 0.8022093 0.3108173890625 0.8036361234375 0.30884041875 0.803774365625 0.3060512828125 0.80447394375 0.3055742078125 0.8057686625 0.30444691874999996 0.8072349843750001 0.30624920312500004 0.8100100765624999 0.30895538437500003 0.8108299296875 0.3091045984375 0.8129638046875 0.3107864109375 0.8153689156249999 0.31256391250000004 0.8137309921875 0.3130322109375 0.8123107515625 0.31827625312499996 0.8156019890625 0.32360084218749996 0.8159864734375001 0.3318637796875 0.8178052515625 0.33174485625 0.813398815625 0.3309302828125 0.8125728249999999 0.3276065890625 0.8110393406249999 0.32249334531249996 0.804207153125 0.3185154796875 0.8054943984375
0 0.27273809843749997 0.819164734375 0.26951095468749997 0.8190119906250001 0.267885078125 0.8241711140625 0.2692996078125 0.8254596953125001 0.2721262625 0.8266495296875 0.2715047921875 0.8285850234375 0.2718159578125 0.830329165625 0.2737163421875 0.8304485500000001 0.27511968750000004 0.8302242812499999 0.2768971890625 0.8285863578124999 0.282443621875 0.8334962156250001 0.2880945203125 0.8344885609375 0.2971393328125 0.8380185656249999 0.2907024296875 0.8230801124999999 0.28185226874999997 0.8182751390625 0.2756341109375 0.8159349671875 0.274279471875 0.81956149375 0.27273809843749997 0.819164734375
0 0.2736139203125 0.7856139734375 0.2712040375 0.781415525 0.27229948125000003 0.7769047734375001 0.2711958796875 0.7740930296874999 0.2689071828125 0.776671696875 0.2672830859375 0.77866641875 0.2614665125 0.7790731531249999 0.2578702515625 0.7795261828125 0.25709390781249997 0.7813944375 0.2540143828125 0.7827519109375001 0.2560121234375 0.791144590625 0.2616748765625 0.7914204546875 0.265830775 0.7903236359375 0.2730441078125 0.7882739984375 0.2736139203125 0.7856139734375
0 0.4040747109375 0.7729079750000001 0.40161652031250006 0.7607511 0.39478926406250003 0.7531880078125 0.3933879265625 0.7561448421875 0.3925414671875 0.757454778125 0.390628159375 0.7588393156250001 0.3900891265625 0.762629240625 0.39221380625 0.764267446875 0.394701253125 0.765344253125 0.3969549015625 0.7784088203125 0.39921930625 0.786322884375 0.399393834375 0.7864574515625 0.40489191562500004 0.782678109375 0.4040747109375 0.7729079750000001
0 0.48623003125 0.921651759375 0.48568240625000003 0.9237792359375 0.487584528125 0.92608360625 0.4903161671875 0.9253122640625 0.4906267203125 0.9272636625 0.4905929890625 0.9305158625000001 0.4915341515625 0.9327713624999999 0.49540364531250003 0.9295991406249999 0.49824091406250004 0.9216243375 0.5028452203125 0.91526695625 0.500420334375 0.9067315921875 0.495587665625 0.9085783812500001 0.49214100937499994 0.9103282484375 0.489897609375 0.9155920125 0.488496234375 0.9204487 0.48729155312500005 0.9206490046875 0.48623003125 0.921651759375
0 0.498952290625 0.923083446875 0.4980765296875 0.9267427218750001 0.4975068921875 0.9298002640625 0.4969372515625 0.932857803125 0.49903242187499997 0.9329434265625001 0.5043444609375001 0.9304827906250001 0.5033255390625 0.9333396171875 0.504421584375 0.934075434375 0.50582153125 0.93293295 0.508075225 0.929061253125 0.512905678125 0.9259378984375 0.5166019187499999 0.9227777890625 0.5159014703125 0.9140057781250001 0.5084597359374999 0.9146422203125001 0.5056481234375 0.919249321875 0.5035493109375 0.9216013343749999 0.5027234375 0.9222394140624999 0.50155691875 0.9217406562500001 0.498952290625 0.923083446875
0 0.492557665625 0.9461634125 0.49095801874999995 0.9456949421875 0.48942520468749995 0.9474270468749999 0.48874470781249996 0.9501441421875001 0.4857715640625 0.9524412281249999 0.4845874671875 0.955425671875 0.4846866046875 0.95808825 0.48816556718750004 0.9568003859375 0.49153589374999995 0.9564486437499999 0.491814140625 0.957938040625 0.4918545234375 0.9585155453124999 0.49237649375 0.95975576875 0.49423601718750004 0.960206065625 0.49769439374999996 0.9561340640625 0.5028434749999999 0.9550776109375001 0.51006935625 0.9525992125 0.5093226671875 0.9444107609374999 0.5035789234375 0.9431874828125 0.5009155390625 0.9424452000000001 0.49762597968750005 0.9439519515624999 0.49453612031249994 0.9470696562500001 0.49411914375 0.9473309453125 0.492557665625 0.9461634125
0 0.52287935 0.9229191562500001 0.521124825 0.9239703703125001 0.518360878125 0.9242797109374999 0.5181421765625001 0.9298661578124999 0.521718059375 0.9299643046874999 0.5243814421875 0.9307065874999999 0.5256426624999999 0.9313147890625 0.53090624375 0.9281611468750001 0.5373987359375 0.9251537015625001 0.5403961125000001 0.9232031203125001 0.540630965625 0.917847675 0.539197921875 0.9135373875000001 0.5344518796875 0.9153781171875 0.5296295046874999 0.9186169718749999 0.526742984375 0.9209080000000001 0.525227746875 0.9191569046874999 0.5230217203125 0.9187308375000001 0.52287935 0.9229191562500001
0 0.5516327453125001 0.9444698593749999 0.5509338796875001 0.9456793859375001 0.550414125 0.94571573125 0.5493320171875 0.9439343499999999 0.54684631875 0.9457330859375 0.5465886578125 0.9470278249999999 0.547120925 0.949660115625 0.549161775 0.9502138015625 0.547588575 0.9513684015624999 0.5458201125000001 0.95346518125 0.54720105625 0.9595200984375 0.5490803750000001 0.9577637625 0.5539710046875 0.95301128125 0.5531715765625 0.9552724296875 0.553882953125 0.956731540625 0.5546486484375001 0.9577225890625 0.5567092953125 0.9560696390625001 0.55651545625 0.9532976171875 0.5568413718749999 0.9504892515625001 0.5623405984375001 0.9469709343750001 0.5644804296875 0.9364914546875 0.5623580203125 0.9297919921875 0.559588215625 0.9312623999999999 0.5568565750000001 0.9320337421874999 0.5549332328125 0.9356502062500001 0.5534510921875 0.939351884375 0.5527221375 0.941375975 0.5516327453125001 0.9444698593749999
0 0.5528298281249999 0.921753340625 0.5573446578125 0.9228304218750001 0.5559469265625 0.925249475 0.5577117484375 0.9255903296874999 0.564224828125 0.9253670218750001 0.566815521875 0.925069796875 0.572993028125 0.9175578171875 0.5642995765625 0.91398735625 0.5574745171875 0.915973465625 0.5555144328125 0.9165747906249999 0.552317359375 0.9169144171875001 0.55014585625 0.9182269203125 0.5528298281249999 0.921753340625
0 0.563908571875 0.9382724296875 0.5624543046875 0.9398829750000001 0.5620417640625 0.9426973984375 0.5631767671875 0.9477249234375 0.5637714265625 0.9500046546875 0.5678155968749999 0.9431061140624999 0.5754342234375 0.940019921875 0.5813908078125001 0.936817821875 0.5841759765625001 0.9305876453125 0.582835415625 0.9251102343750001 0.5815881328125 0.9234564671875001 0.5759699734375 0.9265188390624999 0.5703320171875 0.9317878421874999 0.5677978593749999 0.932893571875 0.5658296984375 0.9333793968749999 0.5652035234375 0.9356284328125 0.563908571875 0.9382724296875
0 0.57198170625 0.94293085625 0.570459184375 0.9460550296875001 0.570570040625 0.9463954749999999 0.5709914484375 0.948687321875 0.57096579375 0.9520550203125 0.5727857249999999 0.9569185828125001 0.5741394296875 0.9563596609375 0.5761758453125 0.954360209375 0.577775490625 0.9548286796875001 0.5798545078124999 0.9546833015624999 0.5800093890625 0.9531636156250001 0.5795233671875 0.9499477640625 0.5827483140624999 0.9475170046875 0.5871609984374999 0.93966416875 0.5862440656250001 0.9377551703125 0.58437203125 0.9346362359375 0.5804981046875 0.935255325 0.5762520203125 0.9392663421874999 0.57198170625 0.94293085625
0 0.5852101015625 0.9092753109375 0.5874668015625 0.911670953125 0.5910265328125 0.9115380984374999 0.5895912703125 0.9059512421875 0.5862076421875 0.898643578125 0.5856041140625 0.891257575 0.5858411859375 0.8871786984375 0.5830683734375001 0.88238176875 0.578120415625 0.881334975 0.5756245796874999 0.8954373828125 0.5787138078125 0.9010246484375 0.5777235515625 0.9067811140625001 0.5775995515625 0.912477003125 0.580218909375 0.9150794171875001 0.5852101015625 0.9092753109375
0 0.6117753625 0.9543082281249999 0.616525840625 0.9550206328125 0.618268646875 0.956291553125 0.61960255625 0.9579392625 0.6270772296875 0.9490598531250001 0.631920190625 0.948605134375 0.6345666296875 0.9441256453125 0.6314473140625 0.9393529453125 0.626414946875 0.9395887765625 0.622637940625 0.9415938765625 0.6197088203125001 0.94203083125 0.6168420953125 0.9421152265625 0.61506555625 0.94409650625 0.613970303125 0.9483514578125 0.6123347078125 0.9498586171875001 0.6117753625 0.9543082281249999
0 0.6205536984375 0.9341953500000001 0.6233521671875 0.9356245812499999 0.6242067046875001 0.937886140625 0.624598025 0.9409925515625 0.625545046875 0.9420869859375 0.627984503125 0.9408718109375 0.6310192531250001 0.9332313953125 0.6349695125 0.93121418125 0.6361271609375 0.9266066687500001 0.6349334062499999 0.9194940703125001 0.632632678125 0.9189585578124999 0.6316093234375 0.9192622515625001 0.6259875218750001 0.92476225625 0.623205996875 0.9285547953125001 0.6220659265624999 0.9296791078125001 0.6202607234374999 0.9287607484375 0.6183755468750001 0.93167815 0.6205536984375 0.9341953500000001
0 0.6196380328125 0.9148764078125 0.6210042484375 0.9169861218750001 0.6229063703125 0.9192904921875 0.622211940625 0.9230531531249999 0.6230180171875 0.9246217078125 0.6255903421875 0.9228169125000001 0.63116811875 0.9191770375000001 0.635907509375 0.9135066046875 0.6353649515625001 0.9094822453125 0.634198434375 0.9089834859374999 0.62898695625 0.9103925 0.6256511546875 0.9124828140625001 0.623268234375 0.91450649375 0.6219908640625 0.9136672921875 0.6209190484375 0.9132779765624999 0.6196380328125 0.9148764078125
0 0.636240234375 0.9282236828125001 0.6357168375 0.9306976609375001 0.6376189609375 0.93300203125 0.6409892859374999 0.9326502890624999 0.6471484203125 0.9236307390625 0.6519326296875 0.9210909453125 0.65235910625 0.9172309562500001 0.6500274984375001 0.9125192390624999 0.6475674546875 0.9109502765625 0.6420865984375 0.9159761640624999 0.63898644375 0.9177018015625 0.6352094375 0.9197069000000001 0.6345230828124999 0.9235850640625 0.6361653281249999 0.92590760625 0.636240234375 0.9282236828125001
0 0.634052896875 0.8932087296875 0.6329532109375 0.8949105453125 0.6316098 0.8968615375000001 0.6318197921875 0.8998645609375 0.6347349765625 0.900473171875 0.636397015625 0.9005890828125 0.636566625 0.9030146015625 0.6387102546875 0.9037932296875001 0.642065853125 0.8994962859375001 0.6460102515624999 0.8986401359375 0.6492939515625 0.898294453125 0.651070490625 0.8963131750000001 0.6497541609375 0.8911822640624999 0.6435934421875 0.8902202750000001 0.6402011046875 0.8915020828125 0.6380780625 0.8935075906250001 0.637163346875 0.8928751593750001 0.6351283546875 0.8911604078125 0.634052896875 0.8932087296875
0 0.66238345625 0.9161817875 0.66920123125 0.9190709484375 0.671224503125 0.92310783125 0.674614625 0.9205494578125 0.677913684375 0.9154440046874999 0.6852526390625 0.9145826187500001 0.6884349859375 0.9102977890625 0.6877749203125 0.9021032812499999 0.6803691359374999 0.9007640921875 0.6721889484375 0.9070233265625 0.6675676953125 0.9081589359375 0.665706746875 0.9114228390625 0.6627416796875 0.913835425 0.66238345625 0.9161817875
0 0.6871724984375 0.92709953125 0.68855265 0.928163678125 0.69164409375 0.9350275109374999 0.6925184265625 0.9350824375 0.6949314359375001 0.9322441906250001 0.6957139203125 0.9247612703125 0.6986246687500001 0.9228167453125 0.7022922453125 0.9167569984374999 0.7020095640624999 0.9127144656249999 0.6996317125 0.9085863109375 0.69571154375 0.9097889625000001 0.69076659375 0.91500950625 0.689129575 0.9202308671875 0.6878243296875 0.9214827968750001 0.6843593015625 0.9217250953124999 0.68431749375 0.9248617921875001 0.6871724984375 0.92709953125
0 0.6818167515625 0.89532384375 0.6826632140625 0.8974698999999999 0.6871112140625 0.89634640625 0.69099765 0.8983959546875001 0.6938886046875 0.8986580609375 0.69473205625 0.8945367828125 0.6946167671875 0.8916432015625 0.6909740546875 0.8893444796875001 0.6911172171875 0.8901469296875 0.6861149390625 0.8895681968750001 0.6835256703125 0.88615121875 0.6810781390625 0.8872508937499999 0.6807823125 0.8892446953125 0.6827490468749999 0.8924730734375 0.6818167515625 0.89532384375
0 0.703713571875 0.9233894203125 0.706920940625 0.9244418624999999 0.71017455 0.9249107406249999 0.710781721875 0.9298591078125 0.7141417531250001 0.9281152984375 0.716134778125 0.91927100625 0.720868309375 0.9147616390625 0.72356906875 0.9098140906250001 0.723292246875 0.9046104921874999 0.7213798296875 0.9009140531250001 0.7196150109375 0.9005731984375 0.71179969375 0.908315771875 0.70818421875 0.9126308906249999 0.707798125 0.917068384375 0.7043631859375 0.9164961187499999 0.7033361874999999 0.9192374453125 0.703713571875 0.9233894203125
0 0.7229961015625 0.9427007484375001 0.72452163125 0.9458439125 0.72740894375 0.9485436546875 0.7295532078125 0.9406173125 0.731154278125 0.9373715796875001 0.732517484375 0.9332139546875 0.731477184375 0.9282958750000001 0.7286522703125 0.9252435718750001 0.7273470234375 0.9264955015625 0.72231180625 0.9341597374999999 0.7218588828125 0.93639665625 0.720283465625 0.9362746890625001 0.7187946765625 0.9361466640625 0.718974578125 0.9399642515625001 0.7229961015625 0.9427007484375001
0 0.7374296515625 0.9499321203125 0.7379560578125 0.9537254781250001 0.74315138125 0.9520854640625 0.7436578328125 0.9443897140624999 0.7430712500000001 0.9422254828125001 0.745529075 0.9425178781250001 0.7453895562499999 0.93927779375 0.743662109375 0.9332471078125 0.743394790625 0.9244448078125 0.742696559375 0.9169493609374999 0.7409390250000001 0.9117332390625 0.7388034703125 0.9110701109375 0.7304837609375 0.9140892609375 0.7302943578125001 0.9138703749999999 0.7328353234375 0.9302900875000001 0.7341355015625 0.9351899953125 0.7324177140625 0.9392563484374999 0.7337237515624999 0.9429951890625 0.73807483125 0.940485684375 0.7374296515625 0.9499321203125
0 0.69648484375 0.8698082890625001 0.6944968874999999 0.8725007453125 0.6963792125 0.8770117484375 0.7010965921875 0.8722713796875 0.70307948125 0.8757307593749999 0.7065966109375 0.8737438328125 0.7066780109375 0.8661938703125 0.7127028515625 0.8614781421875 0.7139647046875 0.8533813703125 0.71247290625 0.846986009375 0.7047757296875 0.850193759375 0.7018078109375 0.8600347484374999 0.70000118125 0.862830590625 0.697229159375 0.8630244296875 0.6968489250000001 0.8663008578125 0.69648484375 0.8698082890625001
0 0.6701880078125 0.8659599234375 0.6706138515625 0.8708049046875 0.6778896171875 0.8653053078124999 0.6871115328124999 0.8602499515625001 0.686982940625 0.849696965625 0.6857055671875 0.8488577640624999 0.6751174375 0.85180340625 0.6708045234375 0.8536138484375 0.666263246875 0.850913696875 0.6653955640625 0.8546884734375 0.6686360296875 0.8611936890624999 0.6701880078125 0.8659599234375
0 0.662380609375 0.86012225625 0.6617786640625 0.8627177937500001 0.656885025 0.8612029390625 0.6574738265625 0.8646437359375 0.6591021359375 0.8680118453125001 0.6615541015625 0.8694653078125001 0.6618668734375001 0.8726932749999999 0.66389014375 0.876730159375 0.666424303125 0.875624428125 0.666913175 0.8714118765625001 0.672812590625 0.8761062421875 0.680362328125 0.883238646875 0.683775096875 0.8710452375 0.6737307921875 0.860605296875 0.6664197109375001 0.8593755515625 0.6654044328125 0.8597947453125 0.662380609375 0.86012225625
0 0.66929609375 0.869388196875 0.683149396875 0.850893559375 0.6844076078125 0.8452344249999999 0.6802083999999999 0.8399569078125 0.6755269703125 0.8427216453125 0.6721978187500001 0.8486416609375 0.67163625625 0.8518147015625 0.6652194625 0.8621289937500001 0.6697100625 0.8628595718750001 0.66929609375 0.869388196875
0 0.7457754921874999 0.9211445578124999 0.7484447359375 0.920725775 0.7498321734375 0.9169146546875 0.7529712843749999 0.9194807234375 0.7544241265625 0.9215843781249999 0.75688416875 0.923153340625 0.7590776828125 0.9209107734374999 0.7565603125 0.9135425343750001 0.7536509875 0.9117728578125 0.754462134375 0.907189575 0.7552042328125 0.8991291484374999 0.7546285765625 0.8896520156250001 0.7544854140624999 0.8888495656250001 0.7532278375 0.88580373125 0.7496335843749999 0.8841980140624999 0.7464908296874999 0.88406958125 0.7462713359375 0.8846652562499999 0.742757215625 0.8929195218749999 0.7426053421875001 0.9007065437499999 0.7464794265625 0.9137831953125 0.7447594234375 0.9165729812500001 0.7444232140625 0.9179892796875 0.7457754921874999 0.9211445578124999
0 0.756096303125 0.909396615625 0.757295128125 0.9103573781250001 0.7608504234375 0.9076713875 0.7626776390625001 0.9076596828125 0.7643382546875 0.91148979375 0.7680088406250001 0.9116973828124999 0.7702764703125 0.906780121875 0.7659024265625 0.89153318125 0.76411036875 0.8845784875 0.7635560921875 0.8828762609374999 0.75869919375 0.8843765453125 0.7579049921875 0.8941815999999999 0.7584519843749999 0.9007590953125 0.7581664515625001 0.9041449671875 0.7568046703125 0.9045883890624999 0.7558378515624999 0.9057005874999999 0.756096303125 0.909396615625
0 0.7726590703125 0.9408528953124999 0.7743013171875 0.9431754375000001 0.7746809171875 0.94860398125 0.77835371875 0.9500881390625 0.782511753125 0.9497973796875 0.78377883125 0.949244515625 0.78140240625 0.9414021578125 0.7822987515625 0.9405270203124999 0.781832525 0.935104534375 0.7786853359375 0.9324229640624999 0.7761540296875 0.9261002921875001 0.774579246875 0.9172733515625 0.773919975 0.9140696140625 0.772694703125 0.91148578125 0.7711273656250001 0.9114793156250001 0.766657353125 0.9135328749999999 0.7658330609374999 0.92415249375 0.767328503125 0.9281102203125 0.7694949375 0.932949553125 0.770146134375 0.9360377921874999 0.7702151796875001 0.9395149343750001 0.7726590703125 0.9408528953124999
0 0.7870668125 0.8742682890625 0.7897962328125 0.872220378125 0.7917153 0.8797465203125 0.7943558796875 0.8764280984375 0.794208284375 0.8730725140625 0.7955238234374999 0.87321265625 0.7958497390625 0.8704042875000001 0.7938587734375 0.8668294078125 0.7913406109375 0.8544704 0.78738876875 0.846506075 0.7823806328125 0.847088409375 0.782713990625 0.853100515625 0.782460765625 0.8569483890624999 0.7843974125 0.8609913328125 0.787559328125 0.8676181062499999 0.78598026875 0.869933771875 0.7870668125 0.8742682890625
0 0.7787822640625001 0.8068331046875 0.781469878125 0.8079218906250001 0.783367565625 0.8076731265625 0.7843101546875 0.806214425 0.7834372468749999 0.802445296875 0.781932303125 0.8020862703124999 0.7792366125 0.8008819828125 0.7760159437499999 0.792170134375 0.7739904546874999 0.786856684375 0.7724106046875 0.7841815796875 0.77079845 0.7810444750000001 0.7688743125 0.77967016875 0.76515526875 0.7787695718750001 0.76359600625 0.7788786062499999 0.7627701328125001 0.7795166859375 0.765420528125 0.7999910453125 0.7726722234375 0.8078406875 0.775120546875 0.8117317843749999 0.77762683125 0.8127171859375 0.7788894765625 0.809611184375 0.7787822640625001 0.8068331046875
0 0.7165186640625001 0.7865810718749999 0.7178275515625 0.782891509375 0.720206828125 0.7833054625 0.7231080750000001 0.7849596375 0.72492278125 0.782279296875 0.721110459375 0.77755505625 0.7193272671875001 0.7757066312500001 0.7188588234375 0.7690075765625 0.7175923796875 0.7608554703125 0.7129123749999999 0.75990600625 0.7108165718749999 0.76852535625 0.714486521875 0.7774379171875 0.716036284375 0.780927584375 0.7138023859375 0.782592646875 0.714745765625 0.786124715625 0.7165186640625001 0.7865810718749999
0 0.7280284796875 0.7520011109375 0.7308548218750001 0.751339209375 0.7324288125 0.7551753796875 0.73391316875 0.7527502703125 0.7356478984375 0.7539056875 0.7343095546875 0.7497048421875 0.7354173187499999 0.7481185265625 0.7358783203125 0.7459971078125001 0.7337221796875 0.74254984375 0.73148163125 0.740385203125 0.7294957328125 0.7306584875000001 0.72624133125 0.7251988375 0.721535671875 0.7276170734375 0.7212487140625 0.734717146875 0.7241485375 0.7400855234375 0.7272678531250001 0.7448582234375001 0.7256183234375 0.7474109515625 0.72626144375 0.7503836875000001 0.7280284796875 0.7520011109375
0 0.5348667484375 0.8247295265625001 0.53163013125 0.8266687265625 0.5300552046875 0.8317033687500001 0.5301784875 0.8357628234375 0.5334191953125 0.8361785390625001 0.5353896781249999 0.8413934796874999 0.542117659375 0.8503438203125 0.5462602046875 0.842988540625 0.544624221875 0.8379643171875 0.5387440296875 0.8319522234375001 0.5376131562500001 0.8249656984374999 0.5348667484375 0.8247295265625001
0 0.53807709375 0.6659764546875 0.5359505343750001 0.6645061625 0.534735384375 0.665940296875 0.5312101421875 0.6603854 0.5267821406250001 0.6621791171875 0.52855120625 0.668666315625 0.5279965546875001 0.6708637640624999 0.526812146875 0.6741845796875 0.5287279265625 0.6755346953125 0.53112840625 0.6765810859375 0.533881409375 0.68556289375 0.5375047687500001 0.6896268484375 0.540407065625 0.6949554734375 0.545263434375 0.6920524703125001 0.5427979734374999 0.6799474796875 0.5370335109375 0.67131116875 0.538337390625 0.6682518328125 0.53807709375 0.6659764546875
0 0.6409560765625 0.7112463734375 0.6415614234375 0.7129362359375 0.6429350453125 0.7128401828125 0.6439155953125 0.7106063765624999 0.64519128125 0.7091097656249999 0.6466231046875001 0.70868485625 0.648034396875 0.70912748125 0.648272665625 0.7067290546875 0.6462786281249999 0.704919775 0.645865021875 0.7036495546875 0.6446748625 0.6994022984375 0.6413742671875 0.6940034765624999 0.6391193609375 0.6942694171875 0.636817925 0.6973534234375001 0.637455471875 0.7006649609375 0.6389914359375 0.705212821875 0.641949625 0.7080373 0.6425173015625 0.7091884875 0.64123408125 0.7105773625 0.6409560765625 0.7112463734375
0 0.662796825 0.6856849609375 0.6613876015625 0.6864330734374999 0.659529171875 0.6865630281249999 0.658395884375 0.6854513953125 0.6562423125 0.684844153125 0.655885575 0.686709553125 0.656703190625 0.687951521875 0.6582329515625001 0.6889271703125 0.6589718328124999 0.691365528125 0.6603682046875 0.7043675859375 0.6647424109375 0.7018964703125 0.6644293968749999 0.6950978546875 0.6639869843749999 0.6899322156250001 0.6639883156249999 0.6864677390625 0.662796825 0.6856849609375
0 0.6539742578125 0.732529759375 0.6554252859374999 0.7347017953125 0.655179484375 0.7369924859375 0.652746578125 0.74051873125 0.6540435375 0.7428098046875 0.6559622359375 0.74354173125 0.662711146875 0.737873225 0.6694195828125 0.72582009375 0.6700699828125 0.7153814640625 0.664083146875 0.7156918421875 0.6620631125 0.715833096875 0.660594359375 0.72037454375 0.6584723984374999 0.72950866875 0.65652563125 0.7295365390625 0.6546617328125001 0.7307494953125 0.6539742578125 0.732529759375
0 0.6743689875000001 0.7012447109375 0.6740565968750001 0.70344113125 0.6751029171875 0.7050765593749999 0.677168009375 0.7046215015625 0.676741703125 0.7110197109375 0.6765992828125 0.7139808796875 0.678866771875 0.7147542828125 0.6820026625 0.70878790625 0.6834256984375 0.7058148531249999 0.6834959546875 0.7068195640625 0.6842779921875 0.7080074921875 0.685495240625 0.707922375 0.6864683375 0.7068447046874999 0.686538065625 0.7045099265625 0.685560515625 0.7030250140625001 0.6874698359375 0.6978433796875 0.688831409375 0.689826503125 0.687741325 0.6842333 0.6878065999999999 0.6793359390625 0.6810896484375 0.6807375953125 0.6800723625 0.683682278125 0.67847691875 0.6875216859375 0.677449353125 0.6936512875 0.6778036015625 0.7003832328125 0.676074003125 0.69980520625 0.6743689875000001 0.7012447109375
0 0.6365549890625 0.5781210296875 0.6353661796875001 0.5793364249999999 0.633355940625 0.5809489375 0.6331045843750001 0.58221200625 0.63468301875 0.58413970625 0.6398042453125 0.5820832 0.6444678671874999 0.581983540625 0.6505931296874999 0.5784981046875 0.6529370703125 0.5743712750000001 0.6490346265625 0.5659257234374999 0.644676121875 0.5691743875 0.639714640625 0.5747297453125 0.638708440625 0.57491333125 0.6375862156250001 0.5746521265625 0.636004228125 0.575102428125 0.6365549890625 0.5781210296875
0 0.6682991984375 0.620399259375 0.6712984890625 0.6220011515625 0.6689321500000001 0.6088058984375 0.666312290625 0.595628375 0.6625997140625 0.59475571875 0.6593254296875 0.5940788671874999 0.6564801671875 0.5971084890625 0.6584854609375 0.601497325 0.6613694999999999 0.6075231078125001 0.6642356203124999 0.6120782 0.66284844375 0.6141000515624999 0.6642328390625 0.6193248890625 0.6682991984375 0.620399259375
0 0.673361871875 0.6332927374999999 0.67475198125 0.6373849125 0.6769377203125 0.6394965984375001 0.6785762546874999 0.6362116796875 0.6808872874999999 0.63525749375 0.68044250625 0.63132566875 0.67813858125 0.6275238484375001 0.6779579828125 0.616440284375 0.6739395140625 0.6075499390625 0.6681379093750001 0.6071630406249999 0.672393521875 0.624302334375 0.6693835703125 0.62983445625 0.6715793515625 0.6333041578125 0.673361871875 0.6332927374999999
0 0.6673236390625 0.5909241609375 0.66939748125 0.5884765875 0.6727027156250001 0.5888211015625 0.674531190625 0.5890386249999999 0.6750125 0.5872780515625 0.6725737484375001 0.582037578125 0.6709636234375 0.5725945578125 0.6700132578125 0.5651777046875 0.6643603812500001 0.5670696546875 0.66229895 0.5721643000000001 0.6644348390625 0.5829520890625 0.6654943796875 0.5857561953125 0.6647414687500001 0.5885719125 0.6652534109375 0.5909537984375001 0.6673236390625 0.5909241609375
0 0.679538290625 0.5346935375 0.6799008453125001 0.5275302609375 0.6814875640625 0.527994946875 0.6811569000000001 0.5220314203124999 0.6837309015625 0.510684028125 0.6817596375 0.5047200968750001 0.6755373265625 0.5071123765625 0.675190165625 0.5231394218750001 0.6721150640625 0.5248511171875 0.67334064375 0.5287948890624999 0.674531978125 0.531014140625 0.6760612046875 0.534361040625 0.679538290625 0.5346935375
0 0.7123807640625001 0.588233971875 0.7142863671875 0.5833804781249999 0.716402465625 0.5827719953125 0.7184945296875 0.5818198078125 0.7196392109375 0.5796674625 0.7163113562500001 0.5752950546875 0.7100940734375001 0.5715852078125 0.7075417500000001 0.568424975 0.7046399109375 0.5664404640625 0.7015305625 0.566427634375 0.699121028125 0.569013809375 0.7001172640625 0.5758518171875 0.703826678125 0.5795067765625 0.708237321875 0.58207655 0.7087011953125 0.58377103125 0.709722878125 0.58726855 0.7123807640625001 0.588233971875
0 0.742846534375 0.6497692921875 0.7460053656250001 0.6467853375 0.7474857375 0.644494390625 0.7508528640625001 0.6444891953125 0.752850990625 0.6434284484374999 0.7518511421875 0.6390083796875 0.7469904484375001 0.6337070078125 0.743442675 0.6286592109375 0.7398846906250001 0.6222305953125 0.73832561875 0.6196916765625 0.73622334375 0.6192630421875001 0.729487678125 0.622957625 0.730062296875 0.62994024375 0.7335503765625 0.6366040015625 0.7384030593750001 0.64179080625 0.74133694375 0.6442335890625001 0.7414971703125001 0.6465249421875 0.742846534375 0.6497692921875
0 0.7468388625 0.622895590625 0.7473077625 0.6184879453125001 0.7502831171875 0.6178193765625 0.7533706312499999 0.6187547546875 0.7551109796875 0.617712034375 0.751507128125 0.611862265625 0.748637334375 0.6103360234374999 0.7453727859375 0.6019297140625001 0.7425917453124999 0.5930290828125 0.7354518999999999 0.5934132234375 0.7361671078125 0.60487599375 0.7402049890625 0.6132282265625 0.7442901515625 0.6173174218749999 0.7436391890625 0.6203562671875 0.7446047921875001 0.6230518109375 0.7468388625 0.622895590625
0 0.750143784375 0.5960699578125 0.7536551140625 0.598126978125 0.7556554390625 0.598332484375 0.7548536765625 0.595510353125 0.7534963015625 0.5921514359375 0.7547749765625 0.5906804875 0.754129040625 0.5876172046875 0.7510313171874999 0.58530100625 0.7479510281249999 0.579529753125 0.74367139375 0.57142468125 0.740833646875 0.5703567109375001 0.7378292296875 0.576783703125 0.7416748375 0.5823863125 0.7461161140625 0.5890985453125 0.7455190328125 0.5916731093750001 0.74534136875 0.5928368109375 0.747042446875 0.596171696875 0.750143784375 0.5960699578125
0 0.752643484375 0.5824252046875 0.7527854890625 0.58322116875 0.752497865625 0.5840471765624999 0.7529399046874999 0.58666420625 0.754910384375 0.5876776968749999 0.75585918125 0.5851936656250001 0.755966940625 0.5842651062499999 0.75967274375 0.5903380031250001 0.7639173484375 0.5917681078125 0.76032511875 0.5836149703125 0.7622912000000001 0.582095953125 0.7625904484375 0.5789665765625001 0.760483775 0.5760054375 0.758139746875 0.5758239640625 0.755609259375 0.571741184375 0.752164846875 0.563232325 0.7457596890625 0.5593053593749999 0.74178966875 0.5630368046875 0.7421159359375 0.5664678249999999 0.7448342984375 0.570767725 0.746973015625 0.574187134375 0.7504625109374999 0.577166703125 0.75184391875 0.580869325 0.752643484375 0.5824252046875
0 0.74382848125 0.553914265625 0.7495185859375 0.5599635328125 0.75182695625 0.5621046734374999 0.7556164843750001 0.5669053093749999 0.7571689593750001 0.5656454703125 0.7553455125 0.5593258203125 0.7547294234375 0.5554545546874999 0.7561835640625 0.551553653125 0.75396331875 0.55067275625 0.7501381328125001 0.5478317890625 0.7484705125 0.541270984375 0.743779471875 0.5346913421874999 0.7432639171875 0.53472739375 0.738388771875 0.5390977718750001 0.7379555296875 0.5415457515625001 0.7392554109375 0.5477868859374999 0.74382848125 0.553914265625
0 0.7770792171875 0.649102428125 0.7799650328125 0.6508578046875 0.7792528078125 0.645611728125 0.7790088546875 0.6445926375 0.7797821859375 0.6445385609375001 0.7817745 0.6446294984375001 0.7822317765625 0.6425252218749999 0.7795694937500001 0.6390272968749999 0.777978375 0.6360301078124999 0.776926059375 0.6283901281250001 0.7753109078125 0.625049234375 0.77171805 0.6255307265625001 0.7703964890624999 0.633797215625 0.773562703125 0.639562459375 0.774244296875 0.6406660765625001 0.774274928125 0.6448085359375 0.7751065374999999 0.6468226859375 0.7770792171875 0.649102428125
0 0.7622913484375 0.7216308859375 0.76474895 0.7197321156250001 0.7661812546875 0.7167537625 0.768417521875 0.71786379375 0.771021528125 0.71929349375 0.772568190625 0.719185340625 0.7716440578125 0.7133784421875 0.769177659375 0.710212203125 0.7693100828125 0.7009927140625 0.767467 0.6968618656250001 0.7608805656250001 0.6965165390625 0.759954390625 0.7030284625000001 0.7603309234375 0.7084131421875 0.762372090625 0.7141419296875 0.76096963125 0.7163123 0.7607402875 0.7192065328125 0.7622913484375 0.7216308859375
0 0.793535009375 0.7362547796875 0.791000121875 0.7296394937499999 0.790138665625 0.7284333265625 0.7917690546875 0.7270529125 0.79113113125 0.724104196875 0.786380396875 0.71914051875 0.7827284765625 0.7126033453125 0.7800261359375 0.7085325796874999 0.77503663125 0.710032759375 0.7762309515625 0.718468703125 0.7799425656250001 0.723389915625 0.7846372203125 0.72755161875 0.78700968125 0.7306092984375 0.7907373171875001 0.735759646875 0.793535009375 0.7362547796875
0 0.2140805890625 0.7261385984375 0.2169389078125 0.727176821875 0.21965616875 0.71955823125 0.2261988796875 0.7135292828125 0.2278955140625 0.706807459375 0.2240374046875 0.7025375546875 0.21898776406249998 0.7055732046875 0.21317990468749998 0.71547140625 0.21078361406249999 0.7144008734375 0.20797231562500001 0.71624825625 0.2132595828125 0.721037271875 0.2140805890625 0.7261385984375
0 0.18300454531250002 0.7155179781250001 0.1817516375 0.7197325796875 0.180316003125 0.7235472609375 0.177580440625 0.7286909374999999 0.1728571203125 0.7341799625000001 0.17849154375 0.7372939078125 0.1833545140625 0.7315887671875 0.1890292 0.7175728875 0.1872593625 0.714395053125 0.18300454531250002 0.7155179781250001
0 0.7927662140625 0.7918588640625 0.7965408625 0.7920131234375 0.7995008578125 0.7969640265625 0.8026388859375 0.795489971875 0.8072291421875001 0.79684181875 0.8029862031249999 0.7884955687499999 0.803435853125 0.7859548843749999 0.8043572125 0.782684203125 0.7999476546875 0.776440640625 0.797216859375 0.767291640625 0.79340245625 0.7605882515625 0.78892061875 0.7563013749999999 0.7830008187499999 0.76284903125 0.7843807671875 0.7676316171875001 0.7854388859375 0.77229730625 0.7900785953125 0.7803370046875 0.7930094890625 0.7848717374999999 0.7916886937500001 0.786915728125 0.7927662140625 0.7918588640625
0 0.7507303703125 0.7334612703125 0.7490991593749999 0.73106609375 0.7485188390624999 0.718281659375 0.7464317031250001 0.7093664546875 0.7427276203125001 0.7117165046875 0.7409263640625 0.720346003125 0.742970321875 0.731634065625 0.7416036874999999 0.7345176765625 0.74361759375 0.7393953343749999 0.750046196875 0.7371335734375 0.7507303703125 0.7334612703125
0 0.70351965625 0.50967299375 0.7040953640625001 0.51272455 0.7056500531250001 0.5131955515625 0.7086548875 0.5105699515625 0.7113517640625 0.51183065625 0.713386184375 0.5129444453125 0.715270846875 0.510880271875 0.7128550359375 0.5053486687500001 0.7133596890625 0.4939123140625 0.7107855484375001 0.48404391562500004 0.7036520171875 0.48773117499999996 0.7034613875 0.491222796875 0.703935059375 0.4959240171875 0.7050663046875 0.501738684375 0.7059225484375 0.5077658203125 0.704245653125 0.5086560343750001 0.70351965625 0.50967299375
0 0.71725425 0.5392442468749999 0.719819690625 0.5365527546875 0.7221743328125 0.5370644359375001 0.72484128125 0.5399697609375 0.726700896875 0.5385836734375 0.7253301125 0.5345249015625 0.722866053125 0.531412153125 0.7227547859375 0.5277484015625 0.7228835874999999 0.5150822796875001 0.7225003531249999 0.5096017828125 0.715610578125 0.5064120328125 0.713053178125 0.517508834375 0.7133814390625 0.5253120359375 0.7158076640625 0.5330651546875 0.7148739015625 0.5352560703125 0.7153457265625 0.538894609375 0.71725425 0.5392442468749999
0 0.7278179015624999 0.581501115625 0.7288177109375 0.5833635859374999 0.7311906765625 0.58310103125 0.732059709375 0.5851658859375 0.7351250546875 0.583405628125 0.7372443765625001 0.5805520937499999 0.7378579203125 0.5789632828125 0.7363814093750001 0.574428809375 0.73285215 0.56955478125 0.7284360609375 0.5561436546875 0.7200826921875 0.55585820625 0.7196634703125 0.556080759375 0.7213581625 0.5616627890625 0.721825109375 0.566267859375 0.7236621796875 0.570777121875 0.7284528015625 0.577108853125 0.728314115625 0.5803069859375001 0.7278179015624999 0.581501115625
0 0.7395162359375 0.45034376875 0.7394814328125 0.45295492187499997 0.7405197375 0.4543316046875 0.7417071421875 0.45473166875000004 0.741913721875 0.45664960781249997 0.74362608125 0.45730282187500004 0.74598256875 0.4588771859375 0.7481862625 0.4593028046875 0.748759465625 0.4571370984375 0.7478366453125 0.45430305156250006 0.74673783125 0.452061028125 0.746460984375 0.4512108140625 0.7473446515625 0.45037606874999997 0.7473476828125001 0.448346853125 0.74579115 0.44681317031249995 0.7429885453125 0.4450767625 0.740269653125 0.44246492968749995 0.73810195 0.4363362609375 0.7356666281249999 0.43467079062499997 0.730774625 0.43414329843750005 0.73067074375 0.434730278125 0.7308938031250001 0.43481129999999996 0.7303848015625001 0.43996771093750003 0.7315526953125 0.444233909375 0.7331581375 0.4475033171875 0.7344060531250001 0.44876872343749996 0.7378154796875 0.448820171875 0.7395162359375 0.45034376875
0 0.7504164531249999 0.47876055468749995 0.7534085 0.4800972375 0.7549191578125 0.4778659796875 0.7532727140625 0.4698650953125 0.7505587015625 0.46628672812499994 0.746203253125 0.465142003125 0.7415605453125 0.46092554999999996 0.7406799109375 0.4597310796875 0.7372955359375 0.459001546875 0.73475514375 0.461014953125 0.73806015625 0.4688998578125 0.7420942 0.47373858750000003 0.7436861953125 0.47681569843749994 0.7453887984375 0.47940197968750003 0.7478723703125 0.47864859531250004 0.7504164531249999 0.47876055468749995
0 0.7345854125 0.483005390625 0.7365816640625 0.48122894218749995 0.7393340234375 0.480689265625 0.7402833546875 0.478837221875 0.7369316984375 0.4734665984375 0.7309970875 0.467334159375 0.72879529375 0.465107240625 0.7272015281249999 0.46412745 0.72200616875 0.46697082968750003 0.723407390625 0.475305140625 0.7264531359374999 0.47896109375 0.72955783125 0.47973602812499994 0.7306207921875 0.48323302031250004 0.731991828125 0.4858156421875 0.7345854125 0.483005390625
0 0.7380086015625 0.48886702812499994 0.7424959062500001 0.48919806875000005 0.7443431281249999 0.486886421875 0.742702596875 0.484173840625 0.74063101875 0.48327706406250004 0.7388063328125 0.48112297968749995 0.7352160421875 0.4856397859375 0.7341274296875 0.4886920109375 0.7350363546875001 0.49264619375 0.7370319984375 0.49245704218749997 0.7380086015625 0.48886702812499994
0 0.7572358203125 0.447767809375 0.7591974859375 0.4497006734375 0.761291565625 0.4469971359375 0.76414974375 0.45130264999999997 0.7685336234375 0.4539185078125 0.770519878125 0.45097897500000006 0.7663847171875 0.44408388125 0.765820159375 0.44254038749999997 0.766141315625 0.4419090953125 0.7680074453125 0.4411697671875 0.768556553125 0.4385742640625 0.7670723875000001 0.435633871875 0.7639570171875001 0.4354864171875 0.7605065359375 0.4279346109375 0.7561980859374999 0.4211734015625 0.7527168671875 0.41971209531250003 0.747577528125 0.42457684999999995 0.7474766796875 0.4283586796875 0.7496417046875 0.4331997328125 0.754419178125 0.43883224375 0.757780275 0.44249375625000004 0.7565950031249999 0.44513374531250005 0.7572358203125 0.447767809375
0 0.7384274734375 0.3942878671875 0.742559478125 0.394607765625 0.7421828296874999 0.3918334609375 0.7423345203125 0.388778678125 0.7466374874999999 0.3876254171875 0.7468292171875001 0.38383723281250004 0.7444894109375 0.38302671250000003 0.7433672734375001 0.38395755 0.7421966203125 0.3855006125 0.7362800609375 0.380556590625 0.7303026921875 0.378660996875 0.7301463499999999 0.37903723125 0.72781351875 0.38224453281250004 0.7276010203125 0.3883477421875 0.7352481390625 0.39061364374999996 0.7384274734375 0.3942878671875
0 0.75264476875 0.311588040625 0.7543668515624999 0.308788746875 0.759485421875 0.3062390171875 0.7581768703125 0.3045040140625 0.753761421875 0.30274273281249997 0.7536258484375 0.300803940625 0.752851784375 0.297570359375 0.7502247125 0.29787582968750004 0.7495993453125 0.2993807640625 0.7483100671875 0.2992273859375 0.7438692 0.29710258125 0.7397710875 0.29726738125 0.737535284375 0.29925022968750004 0.73411570625 0.29997641875 0.7345332250000001 0.30725324062500003 0.7387099234375001 0.30951828593749997 0.7446764921875 0.30995343124999997 0.7496687921875 0.31082200625 0.75264476875 0.311588040625
0 0.7224351062500001 0.29226951562500003 0.72642389375 0.29576536875000004 0.727537559375 0.29471335781249997 0.7271039234375001 0.2924301078125 0.7250382531249999 0.28770387343750004 0.7268196515625001 0.2857528 0.7294166515625 0.2824052578125 0.728983015625 0.280122009375 0.72785855 0.2797135703125 0.7262226953125 0.2798279609375 0.72501815 0.280886328125 0.7248325671875 0.2834564125 0.7240231125000001 0.28363478125 0.7215354359374999 0.28332166718749996 0.7168073046875 0.2823128546875 0.7115169421875 0.2810998203125 0.7092387734375001 0.282476796875 0.7078486453124999 0.286105246875 0.7083185000000001 0.2902124703125 0.7139092515625001 0.293109234375 0.719144121875 0.290916671875 0.7224351062500001 0.29226951562500003
0 0.736242515625 0.3303912140625 0.738072428125 0.3278279140625 0.7368863234374999 0.3252319796875 0.733895728125 0.32556287031250003 0.729979378125 0.32571496093749996 0.726495834375 0.3229143796875 0.7231370625 0.32059214062499997 0.720404490625 0.3220008890625 0.719950915625 0.3272685875 0.72329124375 0.3332451265625 0.729215446875 0.33307439843750003 0.7319950390625001 0.3349500703125 0.7337010078125 0.3371443515625 0.734974834375 0.33315873125 0.736242515625 0.3303912140625
0 0.736124553125 0.3195622 0.7333110671874999 0.31720183125 0.7321395859375001 0.31350897031249997 0.7279097218749999 0.30917760625 0.7241851015625 0.3055415125 0.7183524453125 0.29657331249999996 0.714443071875 0.30074322656249997 0.717274334375 0.30858186718749997 0.7221619640625 0.3157896453125 0.726795390625 0.3193621875 0.7300717546875 0.32181195625000003 0.7325132437499999 0.32407657031250003 0.7352858578125 0.32193442031249997 0.736124553125 0.3195622
0 0.735910725 0.34393055 0.737441078125 0.34491944218750004 0.739903334375 0.34486903125 0.741230328125 0.3429497328125 0.7460300671875 0.34237056875 0.745289065625 0.3343857625 0.7404408109375 0.33557715312499997 0.74057555625 0.33228002343749996 0.7376904609375 0.3315076328125 0.7356387468750001 0.3348170453125 0.7257304062500001 0.3341704671875 0.72236166875 0.3356237015625 0.7248943031249999 0.3458622640625 0.72489951875 0.3457964328125 0.7329540234375 0.3447461390625 0.735910725 0.34393055
0 0.6999170859375 0.329400090625 0.7006502796875 0.3281311515625 0.7031695234375 0.32758968906249997 0.70335278125 0.3236803296875 0.70249165625 0.3178957296875 0.6967576890625 0.3181749203125 0.692235909375 0.312280996875 0.6885621296875 0.3093719515625 0.6846010859375 0.3075788953125 0.6809766515625 0.3092935453125 0.6798275968749999 0.31375750625 0.681523596875 0.319727259375 0.6868863968750001 0.3245882375 0.6912217640625 0.327816321875 0.6948216109375001 0.330974071875 0.6977259765625 0.33332808593749996 0.6999170859375 0.329400090625
0 0.7116727843749999 0.3042246546875 0.709723415625 0.2998555875 0.7101962609375 0.2961695140625 0.7088730890625 0.2955314359375 0.7066264875 0.2960538359375 0.7058702 0.298298525 0.7056253015625 0.3000203890625 0.70078934375 0.2987755796875 0.6938461796875 0.2974345890625 0.6925431093750001 0.30361405937499997 0.696525753125 0.30832801249999997 0.7042468046875 0.3103452109375 0.7107370609375 0.307821328125 0.7116727843749999 0.3042246546875
0 0.740188603125 0.37115075468750003 0.74137470625 0.3737466875 0.7428288000000001 0.3736450078125 0.7439255171875 0.3723506484375 0.7441111 0.3697805640625 0.7440494609375 0.3675930671875 0.744825021875 0.36693 0.7471031921875 0.365553025 0.74821685625 0.3645010140625 0.748163690625 0.3624346921875 0.7469714390625 0.361056859375 0.7452616484375 0.361419953125 0.744908925 0.362905821875 0.7443382203125 0.362580428125 0.7435472078124999 0.3591044984375 0.7418812796875 0.3561768171875 0.739127109375 0.35466466875 0.7355573343749999 0.354548990625 0.7312874296875 0.350951028125 0.7297856515625 0.356900859375 0.7338176375 0.3662385078125 0.73725034375 0.3683120421875 0.7397973343750001 0.3694733765625 0.740188603125 0.37115075468750003
0 0.69414938125 0.4767761765625 0.6948402078125 0.4749013640625 0.6921260765625 0.4726558140625 0.6903485015624999 0.47204951250000005 0.688929796875 0.468739240625 0.686044703125 0.4679668515625 0.6827052046875 0.4672262359375 0.6780317359375 0.4643870953125 0.6724772046874999 0.46331430156250003 0.6691993453125 0.4647611828125 0.6721068671875 0.47369039218750003 0.6779579671875 0.47900429375 0.6842071484375001 0.4756449 0.69414938125 0.4767761765625
0 0.6835078515624999 0.41079198906250003 0.6864522578125001 0.4124126 0.6890454375 0.4116224328125 0.6886433671875001 0.40848460624999994 0.6861302703125001 0.4078079703125 0.6858883640625 0.4017365375 0.684316309375 0.391009203125 0.68064485625 0.3894394296875 0.67890898125 0.398571571875 0.6783052125 0.4029974046875 0.6797917046874999 0.40727707031250004 0.6793843203125001 0.4105932671875 0.6803547671875 0.41271721093749997 0.6835078515624999 0.41079198906250003
0 0.6600896640625 0.3958692359375 0.6623724859375 0.397170809375 0.6630147984375 0.395908225 0.6627120843750001 0.39288521875 0.663110996875 0.3894478484375 0.667312284375 0.3868404921875 0.6659189999999999 0.3838937453125 0.6640759640625 0.383657321875 0.66345906875 0.38528342968749996 0.66226914375 0.3852448703125 0.6582549359375001 0.38138549374999997 0.654439434375 0.3777557546875 0.64959118125 0.3789471484375 0.6482472421875001 0.3806240953125 0.6486647609375 0.3879009203125 0.6515036671875001 0.3906248125 0.656933425 0.3912192625 0.6600896640625 0.3958692359375
0 0.6592684140625 0.3749827390625 0.665486859375 0.377713846875 0.668649246875 0.3811457203125 0.6711030296875 0.38097413593749996 0.6702211375 0.3775045609375 0.670281946875 0.374456134375 0.6722682 0.3715166 0.67169516875 0.36985193125000004 0.6704228375 0.36994090156250004 0.6695902874999999 0.371095021875 0.6670494453125 0.3687155875 0.662020925 0.366023040625 0.65522795625 0.3655239171875 0.6550932578124999 0.3655037171875 0.65467120625 0.3732341703125 0.6592684140625 0.3749827390625
0 0.6140346703125 0.335405575 0.6105727234375 0.335525890625 0.6097717421875 0.335825434375 0.6092857703125001 0.33671178749999997 0.611465415625 0.340455915625 0.6136304390625 0.34529696875 0.6138554 0.3511260546875 0.615261809375 0.3568725234375 0.61677139375 0.3601764390625 0.618644503125 0.363454934375 0.6240079703125 0.359183340625 0.6220562765625 0.3534750015625 0.621132015625 0.3493995546875 0.61954384375 0.34366579218750004 0.6181420859375 0.340597871875 0.6164761578125 0.3376701890625 0.6140346703125 0.335405575
0 0.6692118171875 0.27687383125 0.6689006296875 0.27372965 0.666583915625 0.27194337812499997 0.6641432578125 0.2749146859375 0.66168183125 0.2802010203125 0.6528918078125 0.2811809796875 0.6492442781250001 0.2838713796875 0.648913984375 0.29351406875 0.653221603125 0.29503935625 0.6630128109375 0.29009284218750003 0.6668736703125 0.28653515625 0.6690147703125 0.2871160390625 0.6714346609375 0.28645975468749996 0.6707976625 0.2812683171875 0.6692118171875 0.27687383125
0 0.6069250296875001 0.323847796875 0.604197771875 0.3188025234375 0.6049771546875 0.3155820828125 0.602191415625 0.31492451250000003 0.6013188265625 0.31681203281250003 0.602363209375 0.318687275 0.597256934375 0.31880080781250003 0.5939004890625 0.31781784375 0.5891831578125 0.318269478125 0.5881311328125001 0.321508984375 0.5825412125 0.323848140625 0.5826814359375 0.32846548124999997 0.5923194609375 0.3304704 0.6028593140625 0.3283939453125 0.605849909375 0.32806305468749997 0.6069250296875001 0.323847796875
0 0.6020186265625 0.2915573296875 0.6037915515625001 0.289485084375 0.6031846265625 0.2873357171875 0.607406684375 0.2824133359375 0.6021294453125 0.284000028125 0.606545559375 0.27662873593750004 0.6026908468750001 0.2789683234375 0.6004974125 0.28155704375 0.599302834375 0.2788399359375 0.5971702078125001 0.27838022812499996 0.596646521875 0.28133925625 0.5959895875 0.2836987671875 0.5897912468750001 0.28778520625000004 0.586038215625 0.29157888593750003 0.5821519375 0.29477305 0.582517121875 0.305219475 0.5878767671875 0.3035052546875 0.5945464578124999 0.29962938906250003 0.5989456234375 0.29201575 0.6020186265625 0.2915573296875
0 0.557354828125 0.303999853125 0.557166746875 0.2999475125 0.553194653125 0.29628682500000003 0.5544883484375001 0.29162268281250003 0.55413073125 0.2892338046875 0.5523379671875001 0.28948621406249997 0.5516260265625 0.2915687421875 0.5509735453125 0.293138928125 0.5477825562499999 0.2924727359375 0.5411273859375 0.29268401875 0.539828834375 0.294553475 0.5393507421875 0.2972548859375 0.535721009375 0.297127559375 0.53149426875 0.300726334375 0.5303066609375 0.30690761875 0.5358465140625001 0.3098234453125 0.5481217984375 0.304137303125 0.55449250625 0.3039459125 0.557354828125 0.303999853125
0 0.5328631984375 0.26988533124999997 0.5354651500000001 0.2689411046875 0.5355487046875 0.26741070312500004 0.53485600625 0.2656804890625 0.5342934921875 0.2644493578125 0.5349282921875 0.262626315625 0.5360106765625 0.2603908359375 0.5371083171875 0.25701086875 0.53610463125 0.2549212609375 0.5333636546875 0.255239975 0.5310687015625 0.259211853125 0.5297058406249999 0.2587989671875 0.528162178125 0.2585257703125 0.5269913859375001 0.2594969671875 0.52694319375 0.26153308124999997 0.527737128125 0.26198575156250004 0.526888590625 0.2648401125 0.52219259375 0.271266725 0.521121478125 0.2750259765625 0.5191021484375 0.278851534375 0.520104271875 0.2850067421875 0.522682128125 0.285080575 0.5287369984375 0.28173510468749996 0.5317945078124999 0.275041925 0.5328631984375 0.26988533124999997
0 0.52625690625 0.3280264484375 0.5279966265625 0.32701546718749996 0.52752650625 0.3243803625 0.5269045343750001 0.3236615765625 0.5249197015625 0.322529903125 0.5227034484375 0.3221766921875 0.5222028187500001 0.3218305609375 0.5220501 0.3182839328125 0.52193274375 0.31524302187500003 0.5213589625 0.31248811875000004 0.51937655625 0.3127537890625 0.518190509375 0.3148694703125 0.5183408015625 0.317018753125 0.5191636828124999 0.31924805156249997 0.5147030953125 0.3222279453125 0.5087872515625 0.3261989265625 0.5073722125 0.3304904140625 0.50482573125 0.33359055312499997 0.5079010953124999 0.34214171875 0.51606855625 0.3390296609375 0.520038915625 0.33176446249999997 0.523145484375 0.3284981125 0.52625690625 0.3280264484375
0 0.5055733828125 0.29250221718749997 0.504157478125 0.2913307609375 0.5022473578125 0.2885422578125 0.5031553546875001 0.285175553125 0.502859621875 0.2836716734375 0.5005308671875001 0.2830722359375 0.4994219609375 0.28492843125 0.499320725 0.2862059765625 0.5002978875 0.2879162984375 0.4990057515625 0.2885148390625 0.49487781875000003 0.28943872656249997 0.48929462968750004 0.2913537 0.48621215624999997 0.2936019921875 0.4883304671875 0.3020930359375 0.49872943437500006 0.298189703125 0.5041937078125 0.29729941875 0.506043503125 0.295137321875 0.5055733828125 0.29250221718749997
0 0.505927534375 0.273039321875 0.5071730390625 0.2704112953125 0.506515703125 0.2691867953125 0.5042576750000001 0.26959878437499996 0.50400129375 0.2659323609375 0.503145475 0.26459469375 0.5015929703124999 0.2641950671875 0.5010618328125 0.266137909375 0.5018405109375 0.2677350640625 0.501602678125 0.269784440625 0.49769975000000005 0.2712007796875 0.4960331828125 0.2746205296875 0.49271929062500003 0.2776472828125 0.492587546875 0.2812138015625 0.496078253125 0.2807156140625 0.5005412687499999 0.2791330640625 0.5030588 0.2742562953125 0.505927534375 0.273039321875
0 0.5860549953125 0.358782775 0.5851485609375 0.3580838796875 0.5832939109375 0.3574512890625 0.5838338890625 0.35563487656250004 0.5849226890625 0.35212848281250003 0.5840162515625 0.35142958750000003 0.582543315625 0.35216781875000003 0.58227011875 0.35371148125 0.5819615578125 0.35474943125 0.5780915671875 0.355274140625 0.5744706749999999 0.35527324375 0.5730242609375 0.3563907609375 0.5701024828125 0.3568491640625 0.5694725359375 0.3614668921875 0.574073015625 0.3645754546875 0.5788582843750001 0.36487606875 0.5858436859375 0.3612114375 0.5860549953125 0.358782775
0 0.57784593125 0.37765152031250004 0.5767739484375001 0.375947828125 0.575693125 0.37411770781250003 0.5764709375 0.37025191875 0.5753660171874999 0.36943985625 0.57442023125 0.3709035046875 0.5718271203125 0.3719741578125 0.5662174078125 0.373509846875 0.5629300390624999 0.3769158875 0.565067590625 0.3815941875 0.572143825 0.38059118125 0.5762476640624999 0.38068535468750003 0.578428553125 0.3805328515625 0.57784593125 0.37765152031250004
0 0.5723254953125 0.3859144359375 0.5719614640625 0.384796471875 0.5701421765625 0.384669596875 0.5678753078125001 0.3849551578125 0.5662545046874999 0.3849414484375 0.5656276796874999 0.3814279765625 0.564668196875 0.379970509375 0.5625998109375 0.38036923906250003 0.5622253781250001 0.383190446875 0.5629510140625 0.38402903125 0.563092465625 0.3860518859375 0.56039811875 0.3884000859375 0.5574531109375 0.39533949218750003 0.557599415625 0.4001570296875 0.5647335484375 0.4027072828125 0.5661879375 0.3962532515625 0.5674462703125001 0.3910833953125 0.571047053125 0.3894340921875 0.5723254953125 0.3859144359375
0 0.53412828125 0.432416525 0.534432853125 0.43404683281249995 0.5369424109375001 0.43450658124999997 0.5331833625 0.4393431171875 0.534714196875 0.44215814375000007 0.539386096875 0.43674958750000004 0.540790734375 0.43639727187500005 0.5414303874999999 0.437368915625 0.54302466875 0.4370033390625 0.5432271390625 0.43444825 0.544638190625 0.43282502031250003 0.5491164609375 0.430097984375 0.5495125609375 0.42486137343749997 0.5498998203125 0.4194983375 0.5445520390625 0.41796659218750004 0.54122531875 0.42353517656250006 0.5386684359375 0.43057448750000005 0.5380071140625 0.43201824375 0.5361524640625001 0.4313856546875 0.5348161265625 0.431352053125 0.53412828125 0.432416525
0 0.483491278125 0.434559896875 0.48206254531250003 0.43593026874999996 0.4815466625 0.4367286234375 0.48059845 0.436794928125 0.47749985625 0.43472476406249994 0.4753872640625 0.43449135156249996 0.47503935625000004 0.43769184531249994 0.47928707187499997 0.44120621406250005 0.4847457984375 0.44704978593750005 0.48903771718750005 0.45119629687499996 0.491990871875 0.45391186406250006 0.4978633796875 0.454771684375 0.5021769671875 0.4565027953125 0.5039697328125 0.4562503859375 0.503747846875 0.4476267328125 0.50124713125 0.4472934140625 0.49808907812500003 0.44573559375 0.4945139515625 0.44230123906249996 0.4897503515625 0.4395852234375 0.487428009375 0.437714871875 0.48555325156249995 0.4354320828125 0.483491278125 0.434559896875
0 0.476404303125 0.3400246046875 0.4788367203125 0.3407438390625 0.4806535796875 0.339473371875 0.47921115312499996 0.33792262968750003 0.48529653125000005 0.3322881890625 0.47953895312499994 0.3330719375 0.4826470828125 0.3257399859375 0.476387315625 0.330243203125 0.4771763953125 0.3279011859375 0.476922440625 0.32563210625 0.475396459375 0.325611765625 0.47412200625 0.32646316406250003 0.4740207703125 0.327740709375 0.474248203125 0.3296305046875 0.47420885156250003 0.3317930484375 0.4686521859375 0.3340873078125 0.4638034703125 0.33696729531249997 0.46253144375 0.3392160359375 0.45916450781249996 0.34148422031250003 0.4590785265625 0.3416172796875 0.45890500625 0.34594899843750004 0.46370639531249996 0.3505680703125 0.4722089359375 0.34679735 0.476404303125 0.3400246046875
0 0.462951815625 0.2784583625 0.4629051859375 0.276428878125 0.4656565625 0.272170990625 0.4637448828125 0.2734480875 0.4634314703125 0.2716913515625 0.46321045312500003 0.268530640625 0.4605362140625 0.272529040625 0.4597551078125 0.2695345421875 0.45784984218749997 0.26954072500000004 0.4574818234375 0.27109101875 0.457596753125 0.2727345875 0.4583071328125 0.274717659375 0.4560426890625 0.2764005640625 0.45184004218749996 0.27898127968750003 0.449181059375 0.2818351921875 0.4494310265625 0.28677253125 0.45486478906250005 0.28817121874999996 0.457752765625 0.2831415 0.46064316875 0.279509125 0.462951815625 0.2784583625
0 0.46952672812499996 0.2866377703125 0.4675065328125 0.2850003828125 0.467003475 0.28325690625 0.46739316249999996 0.2792912140625 0.46600377968749995 0.27849904062499997 0.4651881765625 0.2804617734375 0.4645228671875 0.2845737875 0.461043428125 0.286595746875 0.4559858296875 0.2933017390625 0.4559690140625 0.298511825 0.46069239843750004 0.297927440625 0.4640014359375 0.29210600000000003 0.46959103906250005 0.28892011093750003 0.46952672812499996 0.2866377703125
0 0.19800464375 0.5274478421875 0.19584693125 0.528088165625 0.192316190625 0.5222170375 0.1915391859375 0.5242291375 0.1928781578125 0.5302535296875 0.19148509375 0.5313298265624999 0.1884992890625 0.5332516609375 0.1905812046875 0.53677689375 0.1934184203125 0.5353548921875 0.1950251828125 0.5425841625000001 0.19683630000000002 0.552735796875 0.202749140625 0.553301215625 0.20307870781249998 0.5422657265625 0.198897846875 0.5349717328125 0.19935597031250002 0.5310241625 0.19800464375 0.5274478421875
0 0.180446096875 0.5624471453125001 0.1789802421875 0.5598577171875 0.1762699125 0.557844753125 0.17481340625 0.5606385328125 0.1755316421875 0.56303551875 0.1756214625 0.566944771875 0.17226268281249998 0.5740318265625 0.17410318281249998 0.5819789171875 0.1799602609375 0.579122140625 0.182401128125 0.5694073421875 0.1844302859375 0.5616791015625 0.18238242968750001 0.5586409296875 0.180446096875 0.5624471453125001
0 0.2277291171875 0.6034352828125 0.2295973328125 0.598654946875 0.2284797421875 0.5957964453125 0.2263390609375 0.5966802999999999 0.2249459953125 0.5977565953124999 0.22341669843749998 0.59688465 0.22027763125000002 0.5966147140625 0.219865921875 0.5986012703125 0.2199851265625 0.60030598125 0.22235954531250002 0.6001399453125 0.2225809265625 0.6033058375 0.22114612500000003 0.60903475 0.22200059374999997 0.6133799765625 0.2242234171875 0.621545053125 0.2242063875 0.6213015234375 0.2273113984375 0.6210844 0.229043378125 0.6143558234375 0.22796752812499999 0.6068447046875 0.2277291171875 0.6034352828125
0 0.4356709171875 0.3723165484375 0.4308586359375 0.37436610312499996 0.426406978125 0.3736985078125 0.42131922343749995 0.3796828625 0.4254149375 0.38575920468749997 0.43011268593749996 0.38469654375 0.4394183640625 0.378661965625 0.4427601140625 0.37133138125 0.4356709171875 0.3723165484375
0 0.3739216734375 0.33968161406249997 0.3701324875 0.3379888125 0.369592225 0.332887453125 0.367897309375 0.332271809375 0.3660755078125 0.3350911328125 0.3669763890625 0.33747534687499997 0.36269502343750004 0.3392430546875 0.360342309375 0.3423442234375 0.355848909375 0.346329246875 0.356099675 0.3472905953125 0.36014430000000003 0.3526363484375 0.3678572375 0.3474473109375 0.3734805796875 0.34387271406250003 0.3739216734375 0.33968161406249997
0 0.372576675 0.617044484375 0.3741570609375 0.6186470203125001 0.37444655937500004 0.6227870328125 0.3757297671875 0.6253892328124999 0.37889821874999996 0.6234546265625001 0.381781846875 0.6200716125 0.388250309375 0.6154590375 0.3913753546875 0.6076541640625 0.3890039421875 0.5999889171875 0.382620625 0.6058191453124999 0.376653690625 0.6123544171875 0.3740455359375 0.6118026328124999 0.3716030015625 0.610994546875 0.37062631874999996 0.6127758921875001 0.372576675 0.617044484375
0 0.427137884375 0.670249171875 0.43119319375 0.66262396875 0.4329562296875 0.66421373125 0.4355814109375 0.6650090453125 0.4363367125 0.6600618109374999 0.4364806265625 0.656870375 0.44226023750000004 0.6476562718750001 0.443256953125 0.6382871796875 0.44877811875000007 0.633251403125 0.44295343125000003 0.62607235625 0.43282433749999993 0.6360800484375 0.42888355625 0.6427183578125 0.4294625515625 0.6509983828125 0.42925986875 0.6585989031249999 0.42669979687500004 0.666608990625 0.427137884375 0.670249171875
0 0.505109046875 0.5962750359375 0.5074711109375001 0.5985570734375 0.509930675 0.5996086875 0.5110729734375 0.59757104375 0.5143265718750001 0.5968540890625 0.5157149609375 0.5930861875 0.51132674375 0.5907011125 0.511950484375 0.586497240625 0.509707625 0.5859199125 0.508713915625 0.5874577249999999 0.508336265625 0.5899313421875 0.5016370718750001 0.5859948187499999 0.49707088125 0.5863141171875 0.491489278125 0.585236096875 0.490203065625 0.590465178125 0.493814278125 0.594862353125 0.5009592390625001 0.59729938125 0.502785715625 0.5971716625 0.505109046875 0.5962750359375
0 0.430690328125 0.6790554359375001 0.428162646875 0.6770297000000001 0.42485796093749995 0.6770160640625 0.4243951640625 0.6782720328125 0.4263455203125 0.682540625 0.4274801375 0.6856426578125 0.427131871875 0.6859117328125001 0.42663501875 0.6866806375000001 0.426970928125 0.6888596375 0.42981281875 0.6901292406249999 0.431291028125 0.69027059375 0.43271047031250004 0.694821034375 0.43564218125 0.6999998890625 0.4388370109375 0.7036920203125 0.440714575 0.7042948906250001 0.44471111875 0.7010787734374999 0.44394646875 0.7006428031249999 0.44033058125 0.6935540203125 0.43649798906250004 0.6859909515625 0.4343015421875 0.6834526125 0.4338975140625 0.6802994921875001 0.432631334375 0.677940821875 0.430690328125 0.6790554359375001
0 0.451930871875 0.7465814546875 0.4496198953125 0.7450300078125001 0.44822683124999996 0.7461063046875 0.4477857390625 0.7502974046875 0.4489544171875 0.753886496875 0.452144571875 0.7548870234375 0.451766921875 0.7573606421875 0.4562356109375 0.7582717640625 0.461485978125 0.759862390625 0.469310440625 0.7615177390625 0.47285654218750006 0.7571095156250001 0.4663864109375 0.75119920625 0.4594070671875 0.748505878125 0.45641658906250004 0.747736109375 0.4551504109375 0.745377440625 0.452525228125 0.7445821265625 0.451930871875 0.7465814546875
0 0.40730744375 0.4680280328125 0.4045971125 0.46601506875 0.4014069578125 0.4650145421875 0.40354296562499997 0.4614390859375 0.40388655625 0.4584784078125 0.40247179062500005 0.45661957031249994 0.4001654875 0.4577597265625 0.39983892499999996 0.46096393437499994 0.3958377078125 0.46148844687499996 0.388268684375 0.46348605000000004 0.3851853796875 0.46663830781250004 0.385143640625 0.471290925 0.380187446875 0.47653191406250006 0.385362015625 0.48228809687499996 0.3937714859375 0.476560909375 0.3992926515625 0.47152513437500004 0.40478910937499996 0.47138550468749996 0.40730744375 0.4680280328125
0 0.36618969687499997 0.43908954375000003 0.366669521875 0.438077109375 0.3662484640625 0.434680459375 0.3640907515625 0.4353207828125 0.36245159843749997 0.438127334375 0.35763464375 0.43748528281250004 0.351704775 0.4366763359375 0.34921115 0.43513766093750006 0.3487406734375 0.4415333046875 0.35846907968749997 0.4494182609375 0.3703488515625 0.44344840625000004 0.36891705625000004 0.4413460390625 0.36618969687499997 0.43908954375000003
0 0.30007226249999996 0.5303441375 0.303164915625 0.5325750874999999 0.30347144375 0.5369586296875 0.305977421875 0.5360492328124999 0.30889043437499997 0.5304616734375001 0.3164918484375 0.518428246875 0.3183553890625 0.5109563078125 0.3136018765625 0.508596775 0.3106037171875 0.5129666828125 0.3053797296875 0.5170027937499999 0.3023057734375 0.5255382578125001 0.2999313546875 0.5257042921874999 0.2972767859375 0.5271135234375001 0.30007226249999996 0.5303441375
0 0.25517535156250004 0.428987796875 0.2575280671875 0.4258866265625 0.2577401 0.42366931250000006 0.25977860625 0.4213242765625 0.2609332609375 0.4168385578125 0.2578793390625 0.4177862734375 0.2547279171875 0.419964409375 0.2530794140625 0.417387753125 0.2514015265625 0.41701564218750004 0.250195784375 0.42077076875 0.2517591421875 0.42212977343749997 0.2480768046875 0.42458975624999995 0.2411238421875 0.4275231640625 0.2357295609375 0.4291239734375 0.23549281875 0.4362374359375 0.242221396875 0.437969415625 0.2468850890625 0.43641969375 0.2499173046875 0.432536846875 0.25517535156250004 0.428987796875
0 0.3335385046875 0.29083243125 0.33372998125 0.288180746875 0.33481780781250003 0.2862201796875 0.336735990625 0.2813119859375 0.33205247187500003 0.2844034203125 0.3351260203125 0.27715303750000003 0.33286928437499996 0.2785671765625 0.3308461921875 0.2819751078125 0.32942615625 0.27918484375 0.327313240625 0.279960759375 0.327309296875 0.28259933125000003 0.329213253125 0.28422505781249996 0.3242921453125 0.287961271875 0.3203373296875 0.293388778125 0.3147511140625 0.29704586875 0.3141869734375 0.301105578125 0.31857256562499997 0.3031859390625 0.329616259375 0.2953782296875 0.33032422031249997 0.290680296875 0.3335385046875 0.29083243125
0 0.3111327921875 0.334235040625 0.31152054218749997 0.3316952625 0.3139473265625 0.33001796875 0.31720926562499996 0.328156640625 0.3192760703125 0.32537381718749997 0.316065728125 0.32258311093750003 0.31209257031250004 0.3223584078125 0.3109824578125 0.3213053359375 0.31061767812499996 0.317436215625 0.30812969687499997 0.3182383578125 0.30725562968750003 0.320560875 0.307626753125 0.3231732203125 0.3048312453125 0.32361996875 0.300286746875 0.323309584375 0.29553568750000003 0.326782640625 0.2959863484375 0.3359223484375 0.3041075125 0.33887219218750003 0.30714695000000003 0.3365238890625 0.3098725171875 0.3350769671875 0.3111327921875 0.334235040625
0 0.306298421875 0.348644009375 0.30819757812500004 0.3475061421875 0.308151465625 0.3454992359375 0.3072026609375 0.344057984375 0.30654389531250004 0.34272208593750003 0.30682913749999996 0.3400638421875 0.30615048749999996 0.3370961015625 0.3045652015625 0.3373325875 0.3041424828125 0.33937227812500004 0.30503249062500004 0.3413201734375 0.30311585 0.342207996875 0.2992237734375 0.3444902890625 0.29436146406249997 0.3477198578125 0.2944362015625 0.3514836265625 0.29653643281250003 0.3532212625 0.302267325 0.3543281171875 0.3042029921875 0.34966996875 0.306298421875 0.348644009375
0 0.320788159375 0.3173531921875 0.3189541453125 0.3167276390625 0.315785971875 0.3185824109375 0.3147084296875 0.3166476296875 0.31121044531250003 0.31513336718749996 0.311531515625 0.318377378125 0.3134116421875 0.3210098375 0.3127539046875 0.339900809375 0.31314645625000004 0.3401246234375 0.3166022703125 0.3369934078125 0.3188596921875 0.3261567328125 0.318433715625 0.32141245937499996 0.320788159375 0.3173531921875
0 0.283221434375 0.3393276234375 0.28288528125 0.337215365625 0.2825340421875 0.33623485937500003 0.28000235 0.3364118921875 0.277954575 0.3354243890625 0.27705342499999996 0.33196967499999996 0.2752718625 0.3320942546875 0.27465286718750004 0.3340220359375 0.27476651875 0.3356473203125 0.27519403750000004 0.3363712234375 0.27670304218749997 0.3363913375 0.2767666375 0.3386482875 0.2761397578125 0.345853215625 0.2760492484375 0.3526437359375 0.2807399671875 0.35369769375 0.28214166406249996 0.3508357484375 0.282878253125 0.3478946765625 0.28296481875 0.343742728125 0.283221434375 0.3393276234375
0 0.2743765375 0.35163000312500003 0.2735238984375 0.35156399375 0.27378291250000003 0.348530684375 0.2706997640625 0.35025387812500003 0.26716766718749996 0.3536416953125 0.265976475 0.3500816296875 0.26381110625000004 0.3501074140625 0.262886984375 0.353061596875 0.26299189218749996 0.3545618609375 0.25990874375 0.35628505312500003 0.2559229 0.3585739015625 0.253018540625 0.3601589578125 0.2524679421875 0.3671072859375 0.257169803125 0.3696680625 0.263918584375 0.3678141765625 0.2707991875 0.3584130828125 0.2743765375 0.35163000312500003
0 0.26720863906250003 0.32323560156250003 0.26612475468749996 0.3225575953125 0.2678331203125 0.3146488765625 0.262970809375 0.3178784453125 0.26488179375 0.308824859375 0.26310743125 0.31309483125000004 0.2611518796875 0.3161211390625 0.25983674843750004 0.3148311375 0.25814261250000003 0.316205934375 0.25876880625 0.3184235453125 0.2599138875 0.3199767046875 0.25731945624999997 0.3232989546875 0.25430864531249997 0.32740411875 0.2537469046875 0.332845625 0.2582898609375 0.33717637968749997 0.2627659625 0.33246621875 0.264995615625 0.3252748484375 0.26611206875 0.32507114531250003 0.26720863906250003 0.32323560156250003
0 0.23462610625 0.299256659375 0.2334674828125 0.294814884375 0.230850765625 0.29512349531250004 0.22846923593750001 0.2934055296875 0.224914 0.28837754375 0.2237872609375 0.29247659375 0.22404078906249997 0.2961022265625 0.22522718125000002 0.29689869999999996 0.22442939687500002 0.2989646171875 0.22113883125 0.2990690828125 0.21825675625000002 0.303667778125 0.21667866875000003 0.30804965625 0.21499173124999998 0.3135698453125 0.21946320468749997 0.32092079375 0.22605616562500003 0.3127961453125 0.2288571578125 0.30569045625 0.233185496875 0.3042570890625 0.23462610625 0.299256659375
0 0.187100253125 0.38901561875 0.1874442921875 0.38585073125 0.188673540625 0.3818701453125 0.18833498906249999 0.378376090625 0.1872001921875 0.37292758125000003 0.18547108437499998 0.37380229374999996 0.18433320312499998 0.376394525 0.1829990453125 0.3788748484375 0.18126753906249998 0.3783677609375 0.1806334578125 0.381427296875 0.1822060609375 0.38370435937499997 0.17973642031249998 0.39015871406249997 0.1784770015625 0.39640280625 0.18148866875 0.397699809375 0.1846354140625 0.398233565625 0.186695875 0.39670751875 0.1877638171875 0.3931151109375 0.187100253125 0.38901561875
0 0.1876774234375 0.35498203125 0.1836819515625 0.35761434687500004 0.1828367625 0.35482516875000003 0.181184065625 0.3564267953125 0.1813650328125 0.35901474375000003 0.1793426265625 0.3606422234375 0.174899890625 0.362191271875 0.17197281874999998 0.365491909375 0.1752908875 0.3744239171875 0.182619971875 0.3703201078125 0.18418801875 0.3635231953125 0.18507308281249998 0.3602415109375 0.1876774234375 0.35498203125
0 0.16269939375 0.3484315015625 0.160812503125 0.350668696875 0.1586733390625 0.3479700015625 0.15651541875 0.348987765625 0.15668776874999998 0.3514524796875 0.15817521406249999 0.3514723046875 0.1585841234375 0.35466350625 0.15709363437499999 0.362569540625 0.1571140796875 0.3695030515625 0.1620017140625 0.367675215625 0.1643005546875 0.3607033625 0.164970184375 0.35434078593749996 0.16516044531250001 0.3477640546875 0.16269939375 0.3484315015625
0 0.1693372234375 0.30920596875 0.1732316515625 0.3064568796875 0.17360524375 0.30383015156250004 0.17268722812499998 0.3026559625 0.1691256734375 0.303524203125 0.1676334984375 0.3007802671875 0.1651269921875 0.29946947968750004 0.163921559375 0.30215437500000003 0.16436257031249998 0.3044764625 0.16542235156250001 0.30502154843749996 0.1662824109375 0.306695140625 0.16469476562500002 0.311883528125 0.1637454890625 0.31690343906249996 0.1631941390625 0.3236292578125 0.16350825468750002 0.325464865625 0.1699412921875 0.32315744999999996 0.1717779984375 0.31621791093749996 0.1701479421875 0.3115022046875 0.1693372234375 0.30920596875