0 0.49973280156250005 0.861464825 0.5022171796875 0.863607603125 0.504577340625 0.8629554531249999 0.5030867125 0.8585767343749999 0.5066890625 0.856154465625 0.5099187546875 0.8521484046875001 0.5063164046875 0.846931209375 0.49861483125 0.851403090625 0.49662732812500004 0.857179271875 0.4943913859375 0.8586699 0.4937702921875 0.8618374828125 0.49762107968749997 0.8616511546875 0.49973280156250005 0.861464825
0 0.5121546953125 0.8640734234374999 0.5109125062500001 0.8658435437499999 0.512651571875 0.8672410062499999 0.51501173125 0.8669615140625 0.517620328125 0.86379393125 0.521222678125 0.8637007671875001 0.525818778125 0.8632349453125 0.52730940625 0.861464825 0.5278062828125 0.8558749734375001 0.51911095625 0.8543843453125 0.5143906359375 0.8588562281250001 0.51140938125 0.8582972421875 0.50706171875 0.8591357203125 0.5102914109375 0.8620238109375 0.5121546953125 0.8640734234374999
0 0.53165706875 0.8724582015625 0.533768790625 0.874228321875 0.537495359375 0.8757189484375001 0.5365016078125 0.88019083125 0.5402281765625 0.8827062640625 0.5424641171875 0.8796318453125 0.545693809375 0.8758121140625 0.5560039812500001 0.8723650375 0.549544596875 0.8689179625 0.5440789640625 0.8695701109374999 0.5363773890625 0.870501753125 0.53165706875 0.8724582015625
0 0.5536438218749999 0.8868054890625 0.561469615625 0.882799428125 0.5671836859375 0.8817746218750001 0.5664383734375 0.8761847703125 0.5565008578125 0.8778617265624999 0.5515321 0.8773959046875 0.5489235015625 0.8786070390624999 0.553271165625 0.8816814578125 0.5505383484374999 0.8841968921875001 0.5536438218749999 0.8868054890625
0 0.5408492703125 0.8596015421875001 0.5423398984375 0.8623033031249999 0.5460664656249999 0.8637007671875001 0.54333365 0.8669615140625 0.545321153125 0.8685453046875 0.553768040625 0.8658435437499999 0.5633328984375 0.865005065625 0.56395399375 0.8644460796875 0.5638297750000001 0.859228884375 0.5561282000000001 0.8589493921875 0.5443274015624999 0.8575519296874999 0.5408492703125 0.8596015421875001
0 0.6073064046875001 0.8737625 0.6030829609375 0.8739488296875001 0.602089209375 0.8769300843750001 0.606064215625 0.8802839953125 0.6096665640625 0.8798181734374999 0.6096665640625 0.8819609515625 0.61264781875 0.8829857578125001 0.614386884375 0.8796318453125 0.61264781875 0.8771164125 0.6198525171875 0.8753462921875 0.6297900328125 0.8688247984374999 0.622336896875 0.8644460796875 0.61674704375 0.8650982296875 0.610784534375 0.867706828125 0.6087970312500001 0.8727376937500001 0.6073064046875001 0.8737625
0 0.5992321734375 0.8538253609374999 0.5994806109375 0.8554091515625 0.602337646875 0.8569929437500001 0.6009712390625 0.8572724359375 0.5992321734375 0.8582972421875 0.5993563921875 0.8599741984374999 0.6032071796875 0.8605331828124999 0.606188434375 0.8579245859375 0.6092939078125 0.8586699 0.6217158015625001 0.8615579890625 0.6253181515625 0.8582040781250001 0.6245728374999999 0.8515894203125001 0.6091696890625 0.8528937187500001 0.602213428125 0.8526142265625 0.5992321734375 0.8538253609374999
0 0.6076790609375 0.8364036546875001 0.60432515 0.8361241609375 0.6030829609375 0.8382669375 0.6056915578125001 0.8395712375000001 0.6051946828125 0.8399438937499999 0.601840771875 0.841155028125 0.5996048296875001 0.8433909703125 0.602958740625 0.8439499546875 0.6081759375 0.8425524921875001 0.6078032796875 0.8446021046875 0.6104118781250001 0.8454405828124999 0.61264781875 0.8444157765625 0.61215094375 0.84199350625 0.61649860625 0.8410618640624999 0.6243244 0.839105415625 0.6297900328125 0.8375216249999999 0.6238275234375 0.8337018921875 0.618361890625 0.832583921875 0.618113453125 0.832583921875 0.6097907828125 0.8364036546875001 0.6076790609375 0.8364036546875001
0 0.6401002046875 0.8781412187500001 0.6404728625 0.8814019656250001 0.6397275484375 0.8814019656250001 0.634510353125 0.8849422062500001 0.6335166015625 0.8860601765625 0.6360009796874999 0.8882961171874999 0.6392306718749999 0.8891345953125 0.6422119265624999 0.8867123250000001 0.643454115625 0.8893209234375 0.646932246875 0.888948265625 0.6480502171875 0.8876439671874999 0.64544161875 0.8855943546875 0.654882259375 0.8833584140624999 0.6609689875 0.8809361453125 0.6660619640625 0.879166025 0.661217425 0.8734830078125 0.6545096015625 0.8727376937500001 0.6492924062500001 0.8751599640625001 0.6439509921875 0.878513875 0.6401002046875 0.8781412187500001
0 0.7276745578125 0.8908115499999999 0.73028315625 0.8904388937500001 0.7314011265625 0.88633966875 0.7314011265625 0.8848490421875 0.7291651859375 0.8813088015625 0.7251901796875 0.87879336875 0.7227058015625001 0.8759052781250001 0.720469859375 0.8734830078125 0.7168675109375 0.8724582015625 0.7141346937499999 0.8727376937500001 0.7132651609375 0.8792591890624999 0.7193518890624999 0.8829857578125001 0.7208425171874999 0.8847558765624999 0.7208425171874999 0.888202953125 0.7239479906249999 0.8896004156249999 0.7276745578125 0.8908115499999999
0 0.73798473125 0.86519139375 0.7356245703125001 0.8650982296875 0.7345066 0.8673341703125 0.736369884375 0.8691974546875001 0.7348792578125 0.8710607390625 0.7327675359375 0.8736693359375 0.7342581625 0.8770232484375 0.73798473125 0.8769300843750001 0.74233239375 0.8733898437500001 0.74282926875 0.8738556656249999 0.7439472406250001 0.8749736359375 0.7458105234375 0.8741351578125001 0.7476738078125 0.8713402312499999 0.748170684375 0.8704085890625001 0.752145690625 0.8689179625 0.7554996015625 0.8664956921875 0.756617571875 0.8656572140625001 0.75910195 0.8632349453125 0.760219921875 0.8608126765625 0.760468359375 0.8589493921875 0.7593503890625 0.8565271234375 0.7581082 0.8553159875 0.7535120984375 0.8576450937500001 0.7491644359375 0.8581109140625 0.744444115625 0.8607195125 0.7432019265625 0.8650982296875 0.7408417671875 0.8657503796875 0.73798473125 0.86519139375
0 0.7641949265625 0.8685453046875 0.768666809375 0.8683589765624999 0.7711511875 0.8676136624999999 0.7735113484375 0.8672410062499999 0.7736355671874999 0.8654708859375001 0.77487775625 0.8609990046875 0.7807160468750001 0.8580177499999999 0.784939490625 0.8546638390625001 0.7818340171875 0.8515894203125001 0.7759957265625 0.85019195625 0.7754988515625 0.8502851203124999 0.7665550875 0.8573656 0.764319146875 0.8610921687499999 0.7617105484375 0.8619306468750001 0.760219921875 0.86379393125 0.761089453125 0.8654708859375001 0.7641949265625 0.8685453046875
0 0.7635738328125 0.88363790625 0.766803525 0.8833584140624999 0.768666809375 0.88429005625 0.7697847796875 0.8848490421875 0.7713996265625 0.8841968921875001 0.7711511875 0.8818677859375 0.7695363421875 0.8773959046875 0.7691636859375001 0.8732966796875001 0.7680457140625 0.8722718734375 0.7656855546875 0.8713402312499999 0.7632011765625 0.8713402312499999 0.7613378921875 0.8727376937500001 0.760095703125 0.8745078140625001 0.7599714828125 0.875253128125 0.7598472640625 0.87543945625 0.7614621109375 0.877302740625 0.7639464890625 0.8792591890624999 0.7615863296875001 0.8810293093749999 0.760344140625 0.8816814578125 0.7607167968749999 0.8831720859375001 0.7635738328125 0.88363790625
0 0.7757472890625 0.8810293093749999 0.7742566609375 0.8823336078124999 0.7723933781250001 0.883451578125 0.772269159375 0.8852216984375 0.7738840046875 0.8864328328125 0.7753746328125 0.8864328328125 0.7753746328125 0.8911842078125 0.7794738578125 0.8925816703124999 0.7820824546875 0.8901594015625 0.7823308921875001 0.886898653125 0.7855605859375 0.8881097890625 0.7866785562499999 0.8857806828125 0.784939490625 0.8841968921875001 0.78257933125 0.8835447421874999 0.784939490625 0.88019083125 0.7879207453125 0.87404199375 0.78729965 0.8702222609374999 0.7876723078125 0.8675204984375 0.7836973015625001 0.8666820203125001 0.778604325 0.8675204984375 0.7757472890625 0.869476946875 0.77512619375 0.87441465 0.7757472890625 0.8810293093749999
0 0.79462856875 0.8860601765625 0.7967402906250001 0.8861533406250001 0.797361384375 0.8907183859375 0.7986035734375 0.8917431921875 0.8022059234375 0.8920226859374999 0.8043176453124999 0.8893209234375 0.8043176453124999 0.8874576390625 0.8060567109375001 0.8878302953125001 0.8061809296875 0.8857806828125 0.8045660828125 0.8837310703125001 0.8055598343750001 0.8805634875000001 0.805684053125 0.877302740625 0.8040692078125 0.8727376937500001 0.8040692078125 0.8696632765625001 0.8039449890625001 0.8683589765624999 0.7997215453125001 0.8690111265624999 0.7963676328125 0.874880471875 0.7957465390625 0.8805634875000001 0.7974856031249999 0.88289259375 0.795001225 0.8833584140624999 0.7945043484375 0.8845695484375 0.79462856875 0.8860601765625
0 0.8207145453125 0.8521484046875001 0.8096590593749999 0.857831421875 0.8082926515625 0.864352915625 0.8079199953125 0.8663093640625 0.8063051484375 0.8672410062499999 0.804938740625 0.8684521406249999 0.8053113968750001 0.8708744109375001 0.8090379656250001 0.8707812468749999 0.8123918765625 0.8710607390625 0.8162245984375 0.8713989203124999 0.8188512609374999 0.864632409375 0.821956734375 0.860253690625 0.8207145453125 0.8521484046875001
0 0.81512469375 0.8869918171875 0.81549735 0.8893209234375 0.817112196875 0.8899730734375 0.8188512609374999 0.8862465046875 0.8195965749999999 0.88633966875 0.8214598593750001 0.88633966875 0.8222051734375 0.8848490421875 0.8207145453125 0.8827062640625 0.8193481374999999 0.88019083125 0.8193481374999999 0.876650590625 0.8177332906249999 0.8737625 0.8168637593750001 0.8713402312499999 0.8135098468749999 0.8716197234375 0.8104043734375 0.87441465 0.813012971875 0.879725009375 0.813261409375 0.8823336078124999 0.811398125 0.882799428125 0.811398125 0.88429005625 0.8131371906249999 0.8851285343749999 0.81512469375 0.8869918171875
0 0.8383536359375 0.8637007671875001 0.8347512859374999 0.863328109375 0.82791924375 0.86519139375 0.8264286171874999 0.8675204984375 0.8218325156249999 0.8686384687500001 0.821708296875 0.8698496046875 0.8243168953125 0.8712470671875 0.825683303125 0.8714333953125 0.8228262671875 0.8736693359375 0.8234473625 0.8757189484375001 0.825310646875 0.8755326203125 0.8272981500000001 0.8741351578125001 0.8305278421875 0.871806053125 0.8381051968750001 0.8702222609374999 0.8423286421875 0.8684521406249999 0.8422044218750001 0.8679863203125 0.8424528609375 0.8681726484375 0.84369505 0.8686384687500001 0.8412106703125 0.8647255734374999 0.8383536359375 0.8637007671875001
0 0.8504028734375 0.9035750468750001 0.8553716296875 0.9035750468750001 0.8564896015624999 0.9021775828124999 0.85586850625 0.8978920296874999 0.85586850625 0.897798865625 0.8573591328125 0.8980783593749999 0.8576075718749999 0.8968672234374999 0.8566138203125 0.8950039390625 0.85586850625 0.8927679984375001 0.8552474109375 0.8864328328125 0.8533841265625 0.883078921875 0.8475458375 0.8823336078124999 0.8455583343749999 0.887178146875 0.8472973984375001 0.89109104375 0.8480427125000001 0.8943517906249999 0.845434115625 0.895376596875 0.8466763046875 0.89798519375 0.8484153703124999 0.9009664484375 0.8504028734375 0.9035750468750001
0 0.844191925 0.840782371875 0.8422044218750001 0.8440431187499999 0.8404653578125 0.8435772984375 0.8364903515625001 0.8434841343749999 0.8362419140625 0.8447884328124999 0.8369872265625 0.8463722234375 0.8366145703125 0.847303865625 0.8323911265625 0.8495398078124999 0.8316458125 0.851682584375 0.8362419140625 0.8527073906249999 0.842080203125 0.851403090625 0.8422044218750001 0.8527073906249999 0.8434466125 0.853732196875 0.8456825531250001 0.8532663749999999 0.8466763046875 0.851030434375 0.8446888015624999 0.849632971875 0.8507755296875 0.8478628515625 0.8554958484374999 0.84674488125 0.85947085625 0.8447884328124999 0.861582578125 0.84264565625 0.8624521093749999 0.842831984375 0.8583528843750001 0.8374284609375 0.8530114703124999 0.8369626390624999 0.8476700562499999 0.8376147890625001 0.844191925 0.840782371875
0 0.86766930625 0.8634212734375 0.87251384375 0.8610921687499999 0.8730107203124999 0.860253690625 0.87611619375 0.860905840625 0.8774826015625001 0.8595083765625 0.8746255656249999 0.8575519296874999 0.8728865015625 0.855781809375 0.8728865015625 0.8512167625 0.8726380624999999 0.8492603140625 0.8675450859374999 0.8470243734375 0.8636943 0.8513099265624999 0.8664271156250001 0.8579245859375 0.8666755531250001 0.859881034375 0.866551334375 0.860905840625 0.866302896875 0.8623033031249999 0.86766930625 0.8634212734375
0 0.85996773125 0.8851285343749999 0.8609614828125001 0.8887619375 0.8587255421875 0.8899730734375 0.8562411624999999 0.892302178125 0.8569864765625 0.894072296875 0.8587255421875 0.8943517906249999 0.8603403875 0.8937928046874999 0.8625763296875 0.8930474921875 0.8674208671875 0.8936064765625 0.8694083703125 0.8961219109374999 0.8716443125 0.8957492531250001 0.8728865015625 0.8945381187500001 0.8716443125 0.8923953421874999 0.8696568078125001 0.891650028125 0.8696568078125001 0.8902525656250001 0.8710232171875001 0.8878302953125001 0.872389625 0.882799428125 0.8710232171875001 0.873203515625 0.864191175 0.8730171875 0.861706796875 0.874880471875 0.8600919499999999 0.877302740625 0.85947085625 0.883078921875 0.85996773125 0.8851285343749999
0 0.8876685546875 0.8743214859374999 0.8871716796875001 0.8771164125 0.88816543125 0.8777685625 0.8910224671875 0.877954890625 0.8938795015625001 0.877954890625 0.8962396625 0.8786070390624999 0.8971091953125001 0.8806566515625001 0.8992209171875001 0.88224044375 0.9017052953125001 0.8809361453125 0.9013326390625 0.87879336875 0.8990966984375 0.8771164125 0.9039412359375 0.8725513656249999 0.9095310890625001 0.8638870953125 0.9013326390625 0.8607195125 0.8967365375 0.862769125 0.8928857499999999 0.8712470671875 0.8912709046874999 0.8730171875 0.8876685546875 0.8743214859374999
0 0.9116836953125 0.8439127687499999 0.9162152593749999 0.8461785515625 0.914536903125 0.848066703125 0.9168026843750001 0.8498289796874999 0.9187327953125 0.8499548562499999 0.9202433171875001 0.8494513484375 0.9255301421875 0.8506471781249999 0.928131596875 0.8485702109375 0.9246070468750001 0.8449197843749999 0.926956746875 0.844479215625 0.9264532390625 0.8425910625 0.9240196218750001 0.841017603125 0.9197398109374999 0.8407029109374999 0.9142851484375001 0.833842625 0.9077395546875 0.8315139046875 0.9037114984375 0.8294998765624999 0.9011939609375 0.8361084078125 0.9029562375 0.8387518203125 0.9037954156250001 0.838814759375 0.9064807874999999 0.8411434796874999 0.9116836953125 0.8439127687499999
0 0.9078234734375 0.8546752359375 0.9099214203124999 0.855052865625 0.9125228734374999 0.8514024390625 0.9125228734374999 0.8465561828125001 0.9129424625 0.844542153125 0.9178936171875 0.8377448062499999 0.9146208203124999 0.8337796875000001 0.902536646875 0.8401364656249999 0.9027884015625001 0.847626134375 0.9031240734375 0.852346515625 0.9037954156250001 0.8552416812500001 0.90404716875 0.8590809234375 0.9064807874999999 0.8590179859375 0.9078234734375 0.8546752359375
0 0.9253385906249999 0.8254162671874999 0.930250365625 0.8237734765625 0.9297857374999999 0.8207368046875001 0.92361283125 0.8205874609375 0.924276584375 0.819044234375 0.9224180750000001 0.8178494781250001 0.9201613140625 0.8183472937499999 0.91876743125 0.81959183125 0.9134574046875 0.8188948890625 0.90622249375 0.818994453125 0.9031692281250001 0.8188948890625 0.9010452171875001 0.824022384375 0.9065543703125 0.8269097125 0.915448665625 0.826461678125 0.918170053125 0.8263123328124999 0.9202276890625001 0.8275070890625 0.9238783328125001 0.8271586187500001 0.9253385906249999 0.8254162671874999
0 0.933555903125 0.7980728984375001 0.9345757375 0.7993986828125 0.9370913265624999 0.799653640625 0.9381791500000001 0.79771595625 0.9391309937500001 0.7970530640625 0.9401508281250001 0.7961352140625 0.94327831875 0.79695108125 0.9456579312500001 0.7969000890625 0.9463378203125 0.7951153796875 0.9417145734375 0.7934836453125 0.9408307171875 0.7928717453125 0.9413066406249999 0.78904736875 0.9402188171875 0.785324975 0.9358675265624999 0.7804807640625 0.927028965625 0.7822144828125001 0.9292046125000001 0.7857839 0.9308363453125 0.7901181937499999 0.9345757375 0.7935856296875 0.9353236140625001 0.795319346875 0.9340998140625001 0.7963901718749999 0.933555903125 0.7980728984375001
0 0.927028965625 0.766203090625 0.9294085781250001 0.7665600328125 0.9323321015625 0.762327721875 0.9362074703125 0.7634495390625 0.9387910500000001 0.7636025140625 0.9398788734375 0.762021771875 0.9387230609375001 0.760339046875 0.9351876375 0.758605328125 0.931788190625 0.7527922765625 0.9283887453125 0.7472851734375 0.9194142062499999 0.7487639328125 0.920162084375 0.7553418609375 0.923425553125 0.758605328125 0.9274369 0.760644996875 0.9285927109375001 0.7621237546875 0.9264850546875 0.7636025140625 0.927028965625 0.766203090625
0 0.9349836703125 0.7589622703125001 0.9379751828125 0.7630416062500001 0.9398788734375 0.762021771875 0.939810884375 0.7602880546875 0.9408307171875 0.7600840875 0.9439582078125 0.760492021875 0.9475616203125 0.7595741703125001 0.9463378203125 0.7579424359375 0.9428703859375 0.7578914453125 0.940422784375 0.753353184375 0.9324680796875 0.746520296875 0.9304284125000001 0.7468772390625 0.9280488 0.7476931062500001 0.92954455625 0.7514155 0.932672046875 0.7556988015625 0.9349836703125 0.7589622703125001
0 0.8648959109375 0.7695185999999999 0.863673846875 0.769457496875 0.8621258984375 0.7695797046874999 0.861392659375 0.77055735625 0.8611482468749999 0.7716572140625 0.8616370718749999 0.7733681046875 0.8638367890625 0.7736736203125 0.8644070859375 0.7739791375 0.8640812015625 0.77764533125 0.8646514984375001 0.7779508468749999 0.8661179765625 0.77801195 0.8683176921875001 0.77623995625 0.8711691765625 0.7789896015625 0.872717125 0.7781341562499999 0.873287421875 0.77422355 0.874672428125 0.7731847953125001 0.8763018484374999 0.7733681046875 0.8778497968750001 0.7717794203125 0.8766277328125 0.7692741875 0.87336889375 0.7676244 0.8734503640625 0.7665245421875 0.875568609375 0.7607808390625 0.8740206609375001 0.7530818312500001 0.869376815625 0.7456272359375 0.8653032671875 0.7455050296875 0.861066775 0.7545483078124999 0.8611482468749999 0.7596198765625 0.8637553171875 0.7657301999999999 0.8643256140625001 0.7673799875 0.8647329703125 0.7685409484375 0.8648959109375 0.7695185999999999
0 0.9104238 0.7195285984375 0.9148568234375001 0.7180895203125 0.9176357328125 0.7182880140625 0.921142453125 0.718585753125 0.923392046875 0.7183872609375 0.9231935531250001 0.7146158828125 0.9202161500000001 0.7118369718750001 0.9208777953125 0.708561828125 0.9218702625 0.70270626875 0.921473275 0.698934890625 0.921473275 0.6967018390625 0.9214071109375 0.6959574875000001 0.9151214812499999 0.6966025921875 0.9075787265624999 0.706279153125 0.9096298265625 0.7128790640625 0.9108869515625001 0.714764753125 0.90896818125 0.7160549609375 0.9090343453124999 0.7188338703125 0.9104238 0.7195285984375
0 0.9259062984374999 0.7067257640625 0.927494246875 0.7075693609375 0.9284867140624999 0.7071723734375001 0.930140828125 0.7054355546875 0.9343091921875001 0.7036491125000001 0.935897140625 0.7044927109375 0.9367572796875001 0.704840075 0.9382128984375001 0.705137815625 0.9390730375 0.7035994890625 0.938146734375 0.7022596578125 0.93596330625 0.7015153078125 0.9353678249999999 0.7006220859375001 0.9345076859375 0.6957589937499999 0.9313979531250001 0.6917395 0.9263032859375 0.68806736875 0.925443146875 0.6882658625 0.9231273890624999 0.6890598359375 0.9221349203125 0.695113890625 0.9251123234374999 0.7005228390625 0.9282220562499999 0.7034506203124999 0.9259724625000001 0.7043934640625 0.9255093109375 0.7058821656250001 0.9259062984374999 0.7067257640625
0 0.9363602921874999 0.699431125 0.9378820765625001 0.6976943062500001 0.9412564671875 0.6976943062500001 0.9427120859375 0.6977439296875 0.9438368828125 0.6974958124999999 0.9449616796875 0.6959078640625 0.9437045546875 0.693575565625 0.940197834375 0.694022175 0.9382790640625001 0.6919876171875 0.9360294703125 0.68573506875 0.9328535734375001 0.6838493796875 0.9308024734375 0.684097496875 0.9288837015625001 0.6838493796875 0.930140828125 0.68538770625 0.9303393218749999 0.6929304609375 0.9333828890625 0.6963544749999999 0.9334490531249999 0.6969003328125 0.9329859015625 0.698934890625 0.933846040625 0.6996792421875 0.9363602921874999 0.699431125
0 0.8972570609374999 0.680078003125 0.8957352765625 0.6802268734375 0.8946104796875 0.6809216 0.8942796578125 0.681814821875 0.8950736312500001 0.6830057828125 0.8958014421874999 0.6833035234375 0.897389390625 0.6834027703125 0.8980510359375 0.6850403421875 0.8985803515624999 0.68767038125 0.9006314515625 0.68846435625 0.90202090625 0.6880177453125 0.9049321453125 0.6896553171875001 0.905064475 0.6839982499999999 0.9066524234375001 0.6840478734375 0.9081080421875001 0.6841471203125 0.909166675 0.6809216 0.9060569421875 0.6795321453125001 0.9073140687500001 0.675562275 0.9079095484374999 0.670451065625 0.9047998171874999 0.6658360890624999 0.9030795390625 0.6641985171875 0.8981833640625 0.6636526609375 0.8984480218750001 0.6637519078125 0.8956691125 0.6686646234375 0.8948751375 0.673229975 0.8961984281250001 0.676207378125 0.8974555546874999 0.6775968328124999 0.8981172000000001 0.679383275 0.8972570609374999 0.680078003125
0 0.8834948406249999 0.7021604109374999 0.885545940625 0.7022596578125 0.887067725 0.701465684375 0.8881263578124999 0.6989845140625001 0.8893173187500001 0.6985875265625 0.8919639 0.6988852671875 0.893750340625 0.70037396875 0.8944119875000001 0.7010190734374999 0.895338290625 0.7013168140625 0.8978525421875 0.70156493125 0.8993743249999999 0.6996792421875 0.8972570609374999 0.6967514625 0.8966615796875 0.6895064468750001 0.8940149999999999 0.6830057828125 0.8928902031250001 0.6783908078125 0.884090321875 0.6758600140625 0.8817083984374999 0.6832539 0.8799219562499999 0.684295990625 0.8815099046875 0.6895560703125 0.8834948406249999 0.6967514625 0.8836271703125 0.6979424234375 0.8823038796875 0.6995799953125 0.8821053859375001 0.7015153078125 0.8834948406249999 0.7021604109374999
0 0.9120821593749999 0.6572967828125 0.9141143218750001 0.6550554281250001 0.9154890203124999 0.6551002546875 0.9184177234374999 0.6546519843749999 0.9179993375000001 0.6505727171875 0.914174090625 0.6474348203125 0.9115442343750001 0.6420555671875 0.9104086140625001 0.6383797453125 0.9116040046875 0.6351073671874999 0.9054477484375001 0.6334487640625001 0.9007857296875 0.6406210999999999 0.90192135 0.6492279046875 0.9076592187499999 0.6530382078125 0.9081373749999999 0.6557726625 0.9090339171874999 0.657117475 0.9120821593749999 0.6572967828125
0 0.937902571875 0.6299970765625 0.9400542734374999 0.62995225 0.9408312765625 0.6279350296875 0.9413692015624999 0.6259626375 0.9423852828125 0.62582815625 0.9442381359375001 0.6265005625 0.9458519125 0.6265005625 0.9474656875 0.62609711875 0.9485415390625 0.6240798984375 0.9474656875 0.62237646875 0.9442381359375001 0.6221523328125 0.9421462046875 0.620045459375 0.93604971875 0.6135007015625 0.9314474687500001 0.61197658125 0.9263072937500001 0.6140834546875 0.9315670078125 0.6204040765625 0.93766349375 0.62582815625 0.936288796875 0.627486759375 0.9361094874999999 0.6287867453125 0.93658764375 0.6297281140625001 0.937902571875 0.6299970765625
0 0.9422657437499999 0.6153386140625 0.9450749093749999 0.6146213796875 0.9481829218750001 0.6177592765625 0.94943808125 0.6190592625 0.9507530093750001 0.6188799546875 0.9545184859375 0.6170868703125 0.95254609375 0.614845515625 0.9467484546874999 0.6116179640625 0.9463300671875 0.610721421875 0.9478840734375 0.6105421125 0.950274853125 0.6106317671875 0.95212770625 0.610586940625 0.9536817140625 0.609735225 0.9514702421875001 0.6066421546874999 0.9483622296875 0.606866290625 0.9459116812499999 0.60614905625 0.9422657437499999 0.6014422109375 0.93604971875 0.5977663875 0.9313279296875001 0.5992456828125 0.9307900046875 0.6008594578124999 0.9333003234374999 0.6057456125 0.9398151953125 0.6095110890625001 0.9394565781249999 0.6122455437500001 0.9395761171875 0.6143524171875 0.9405921984375001 0.6150696515625 0.9422657437499999 0.6153386140625
0 0.9378428031249999 0.598752584375 0.9378428031249999 0.60162151875 0.9392175 0.602742196875 0.9423255125000001 0.602204271875 0.9450151390625001 0.599021546875 0.9477645359375 0.5997836078125001 0.9501553140624999 0.6004111875 0.9523667843749999 0.5991112015625 0.9503943921875001 0.5960629578125001 0.946628915625 0.5940009109375 0.9449553703125 0.5879492515625 0.9433415937499999 0.5837803312500001 0.9393370390625 0.5828389625 0.9356202890624999 0.5824849859375 0.93347963125 0.5920733453125 0.9369462609375001 0.5957491687500001 0.9378428031249999 0.598752584375
0 0.9193215890624999 0.58340546875 0.9218458437500001 0.580773471875 0.9259092796875 0.5820663828125 0.928987640625 0.5821587328125 0.9297264468750001 0.5788802796875 0.92461636875 0.573016003125 0.9230771890625 0.5627188859375 0.9161816609375 0.5615645015624999 0.91488875 0.5707072328125 0.915996959375 0.5775411921875 0.915996959375 0.5802655421875 0.9154428546875 0.5820202078125 0.9160585265625001 0.5841904515625 0.9193215890624999 0.58340546875
0 0.8751444562499999 0.591277890625 0.876159284375 0.5911691593749999 0.876086796875 0.593833084375 0.8786963562500001 0.5941049125 0.8802910859375 0.591875915625 0.8810159640625 0.590951696875 0.8839154718750001 0.5894838203125 0.88297313125 0.5869286265625 0.8825382062499999 0.582416265625 0.883480546875 0.576870953125 0.8808709875 0.572847884375 0.87876884375 0.5723585921875001 0.8756518703125 0.572847884375 0.8757968453125 0.573065346875 0.8755068953125 0.57301098125 0.8755068953125 0.5731197124999999 0.8719549953125 0.5802416328125 0.8736222140625 0.5858956765625 0.8743470906249999 0.5878528453125 0.8720999718750001 0.58904889375 0.8726798734375001 0.5906255015624999 0.8751444562499999 0.591277890625
0 0.8765217234374999 0.626235103125 0.8775365515625 0.6279204421875 0.8771741125 0.6313998546875 0.878043965625 0.6325959015625 0.8813784015625 0.6334657546875 0.8831181078125001 0.6316716828125 0.8854377156250001 0.6284641 0.88652503125 0.6287902953125 0.8898594671875 0.6269962234374999 0.889279565625 0.6231362515625001 0.8926864890624999 0.6201461328125 0.8943537062500001 0.6167210875 0.8934838546874999 0.611175775 0.8912367343750001 0.6079681921875 0.887612346875 0.6076963640625 0.8850027890625001 0.6079138265624999 0.8810159640625 0.6160686984375 0.8810159640625 0.6222664 0.8770291374999999 0.6224838625 0.87528943125 0.6237886421875001 0.8749269937499999 0.6253108843749999 0.8765217234374999 0.626235103125
0 0.8154946140625 0.6575262359375 0.8167528984375 0.659036178125 0.820905240625 0.658375578125 0.8204019265625 0.6539401234375 0.8246800953125 0.6539401234375 0.824931753125 0.651014609375 0.822918496875 0.6487496968750001 0.8241767812499999 0.64393675625 0.826945009375 0.6406337578125 0.821282725 0.6377082453125 0.813984671875 0.64261555625 0.81524295625 0.6490328109375 0.8158721 0.6517695812500001 0.813984671875 0.653468265625 0.815117128125 0.6555444375 0.8154946140625 0.6575262359375
0 0.792090509375 0.7023526453125 0.79196468125 0.7052781578125 0.7893222828125 0.7059387578125 0.7883156546875 0.70924175625 0.78969976875 0.70990235625 0.78969976875 0.7118841546875 0.7902030812499999 0.714715296875 0.7914613671875 0.715281525 0.79284548125 0.7165083531249999 0.7957395359375 0.7149040390625 0.796746165625 0.712261640625 0.79888525 0.712261640625 0.8014018203125 0.7107516984375 0.7998918781250001 0.7088642703125 0.7985077640625 0.7082980421875 0.802156790625 0.703296359375 0.8029117625 0.6980115609374999 0.8053025046875 0.6898956218750001 0.80089850625 0.6897068796875 0.80001770625 0.6904618499999999 0.7982561078125 0.6936704765624999 0.79108388125 0.698294675 0.792090509375 0.7023526453125
0 0.8025342765625 0.748972109375 0.802156790625 0.7521807375 0.8071899312499999 0.7541625359374999 0.8085740453125 0.7528413375 0.809958159375 0.7501045671875 0.8118455875 0.7508595375 0.8136071859375 0.7506707953125 0.81385884375 0.7487833671875 0.8137330140625 0.747367796875 0.812223071875 0.74548036875 0.8175078703124999 0.7402899421875 0.818891984375 0.73472203125 0.823044325 0.7259454921875 0.8076932453125 0.7313246609374999 0.8022826203125 0.7398180859375 0.7995143921875 0.7458578546875 0.803037590625 0.7474621671875 0.8025342765625 0.748972109375
0 0.7691263375 0.7457580375 0.7647700109375 0.74786918125 0.7603466625 0.7464617515625 0.757464784375 0.7473665281249999 0.75987751875 0.749829528125 0.761754090625 0.7515888140625 0.761754090625 0.757419590625 0.761955153125 0.76103869375 0.763764703125 0.76194346875 0.7649040515625 0.765110184375 0.77341564375 0.7637027546875 0.7740858484375 0.7580730390625 0.7732816031249999 0.7538507531249999 0.771740134375 0.7465120171875 0.7691263375 0.7457580375
0 0.7655517749999999 0.6147287171875 0.7532530390625001 0.6163329 0.745232125 0.6226159499999999 0.7480840046874999 0.6242201328125 0.749331703125 0.6251559062500001 0.7505794015625 0.627161134375 0.7543224937499999 0.6279632265624999 0.7561049203125 0.625957996875 0.7573526187499999 0.6235517234375 0.7705425671875 0.6222149031249999 0.7785953109375 0.620508071875 0.7787417249999999 0.62034335625 0.775355115625 0.614595034375 0.7655517749999999 0.6147287171875
0 0.9196640921875 0.5431493656249999 0.9217481859375001 0.5438440625000001 0.924179628125 0.5421073187500001 0.9236007140625 0.5393285265625 0.9255690234375 0.539154853125 0.9288109468749999 0.5394153640625 0.93112660625 0.5386338296875001 0.9282320328125 0.5345524796875 0.9204745734375 0.531165828125 0.9144538593749999 0.52612926875 0.9057701359375001 0.5279528515624999 0.907275315625 0.5329025734374999 0.9087804937499999 0.5364628984375 0.91387494375 0.5390680156250001 0.9186220453124999 0.5408047609375 0.918737828125 0.54202048125 0.9196640921875 0.5431493656249999
0 0.9219797515625 0.5305579671875 0.9255690234375 0.5316868515625 0.92857938125 0.5324683859375 0.9315897375000001 0.533249921875 0.931821303125 0.531165828125 0.9297372109375001 0.5256950828125 0.9325160015625 0.5269108046875 0.9333264828125 0.5258687578125001 0.9322844359375001 0.524392525 0.92857938125 0.5218742453125 0.9258005890625001 0.5168376859375 0.922906015625 0.5129300109375 0.9141065109375001 0.5130168484375 0.91422229375 0.52048485 0.9186220453124999 0.5236109890625 0.9208219218749999 0.5258687578125001 0.9214008375 0.5267371296875 0.9208219218749999 0.5278660140625 0.9219797515625 0.5305579671875
0 0.9445574296875 0.5385469921875 0.943978515625 0.5401100624999999 0.9455994765625 0.54175996875 0.9482624843749999 0.5426283421875 0.950346578125 0.54575448125 0.953241153125 0.547143878125 0.9559041609375001 0.5472307140625 0.9548621140625 0.5436703890625 0.95474633125 0.5402837359375 0.9562515093749999 0.5401100624999999 0.956830425 0.5401100624999999 0.9581040375000001 0.5396758765625 0.9586829515625 0.53785229375 0.9548621140625 0.53411829375 0.954167415625 0.5289080609375 0.9521991062499999 0.521526896875 0.943978515625 0.5217005703125001 0.942357553125 0.527344990625 0.941431290625 0.5299501078125 0.942704903125 0.533336759375 0.9455994765625 0.5366365734375 0.9458310421875 0.5370707593749999 0.9445574296875 0.5385469921875
0 0.9234849296875 0.50667773125 0.9244111937499999 0.5085013125 0.9245269765625 0.5112801046875 0.9300845593749999 0.5118879640625 0.9304319078125 0.5083276390625 0.9313581718749999 0.505722521875 0.9320528703125 0.5045067999999999 0.929274078125 0.4990360546875 0.926726853125 0.49234958906250004 0.9249901093749999 0.4892234484375 0.9196640921875 0.4886155890625 0.9152643406250001 0.48974447187500003 0.91676951875 0.49460735624999996 0.9196640921875 0.499643915625 0.9217481859375001 0.50268321875 0.9198956578124999 0.5040726140625 0.9193167437499999 0.5062435453125 0.9234849296875 0.50667773125
0 0.9469888718749999 0.4794976796875 0.9481467015625 0.480279215625 0.9481467015625 0.4808002390625 0.946294175 0.4817554484375 0.9479151359375001 0.48436056406250005 0.9491887484375001 0.48470791406249997 0.95185175625 0.48436056406250005 0.9525464546875 0.4823633078125 0.9535885015625001 0.484013215625 0.9555568125 0.485923634375 0.961693309375 0.48496842500000004 0.9600723468749999 0.48297116874999996 0.9556725953124999 0.4777609359375 0.9578724703124999 0.4787161453125 0.9593776500000001 0.478108284375 0.960419696875 0.4774135859375 0.9589145171875 0.47524265625 0.9561357265625 0.47524265625 0.9533569359375 0.4747216328125 0.9502307953125 0.4689903765625 0.9399261109375001 0.466124746875 0.933094915625 0.4677746546875 0.9343685296875 0.47064028281250003 0.9349474437499999 0.47341907499999997 0.9384209328124999 0.4755900046875 0.9420102046875 0.47732675 0.943978515625 0.47819512187499996 0.9469888718749999 0.4794976796875
0 0.9244111937499999 0.47671888906250004 0.9258005890625001 0.472290190625 0.9281162484375001 0.4738532609375 0.92857938125 0.47211651562499996 0.9288109468749999 0.4656037234375 0.9286951640625001 0.4629986078125 0.921632403125 0.456312140625 0.917464215625 0.4647353515625 0.9189693953125 0.4716823296875 0.9194325265625001 0.47367958593750004 0.9195483093749999 0.47689256249999995 0.9207061390625 0.47915033124999995 0.9244111937499999 0.47671888906250004
0 0.94166285625 0.4668194453125 0.943168034375 0.468382515625 0.945946825 0.4689903765625 0.9510412765625 0.468208840625 0.9533569359375 0.4677746546875 0.94675730625 0.46325911875000003 0.9442100812499999 0.45544376875000003 0.941431290625 0.44927832656250005 0.935410575 0.4460653484375 0.92985299375 0.44702055781250005 0.9281162484375001 0.4481494421875 0.9307792578124999 0.4539675359375 0.9356421421875 0.4599593046875 0.9365684046875 0.46256442187499996 0.9369157546875 0.46456167812500004 0.93911563125 0.4653432125 0.94166285625 0.4668194453125
0 0.9468730890625 0.4590909328125 0.9498834468749999 0.4608276765625 0.9502307953125 0.4607408390625 0.9525464546875 0.46048032812499995 0.9559041609375001 0.4607408390625 0.960882828125 0.45926460625 0.960419696875 0.45787521093750005 0.9585671687499999 0.45570428124999995 0.9591460843749999 0.4541412109375 0.9591460843749999 0.45205711718749997 0.9576409046875 0.45179660625 0.9543989828124999 0.45205711718749997 0.9521991062499999 0.44867046562499996 0.9446732125 0.44372074375 0.942704903125 0.444502278125 0.9394629796875 0.4461521859375 0.939810328125 0.45005986093750006 0.9435153828124999 0.454575396875 0.9468730890625 0.4590909328125
0 0.91422229375 0.44354706874999994 0.91676951875 0.44146297656250005 0.9168853015625 0.43790265 0.9112119359375 0.438944696875 0.90368604375 0.44181032499999995 0.8962759328125 0.4418971625 0.8922235296875 0.4413761390625 0.8872448625 0.44380758125 0.8858554671875 0.44867046562499996 0.8997494218750001 0.4521439546875 0.9055385703125 0.44945199999999996 0.9112119359375 0.4508413953125 0.9168853015625 0.45136241874999994 0.9196640921875 0.44893097656250003 0.91422229375 0.44354706874999994
0 0.9609986109375 0.42018785625 0.9620406578124999 0.41549864531249997 0.963430053125 0.4138487390625 0.9651667984375001 0.4126330171875 0.956830425 0.40455715625 0.9567146421875 0.399694271875 0.952430671875 0.39674180625 0.9474520046875 0.399520596875 0.9473362218749999 0.40455715625 0.949072965625 0.40846483125 0.9493045312499999 0.411417296875 0.9491887484375001 0.414282925 0.9510412765625 0.41619334375 0.9552094625 0.4175827390625 0.9565988578125 0.419319484375 0.9609986109375 0.42018785625
0 0.9415470734375001 0.4100279015625 0.943168034375 0.40733594687499997 0.94548369375 0.40664125 0.9486098343749999 0.406467575 0.9497676640625 0.405599203125 0.9487256171875 0.4030809234375 0.9413155062499999 0.399520596875 0.9395787625 0.395439246875 0.9350632265625001 0.3939630140625 0.9278846828124999 0.39465771250000004 0.9271899843750001 0.39691547968749996 0.9274215515625001 0.3979575265625 0.9325160015625 0.4039492953125 0.9361052734375 0.4069885984375 0.9371473203124999 0.40820431875 0.9361052734375 0.40994106406249997 0.9388840640625 0.41202515625 0.9415470734375001 0.4100279015625
0 0.9222113171874999 0.4095937140625 0.9244111937499999 0.40837799375 0.9268426359375 0.40664125 0.930547690625 0.40759645781250003 0.932168653125 0.40690176093749997 0.930547690625 0.40420980625 0.9273057687499999 0.3983917125 0.9219797515625 0.3932683171875 0.9179273484375001 0.393528828125 0.9173484328124999 0.39465771250000004 0.9183904796875 0.39995478281249996 0.9202430078124999 0.403428271875 0.9220955343749999 0.4059465515625 0.921169271875 0.407162271875 0.9207061390625 0.40820431875 0.9222113171874999 0.4095937140625
0 0.9366841890625001 0.3939630140625 0.93911563125 0.39465771250000004 0.9415470734375001 0.39292096718749997 0.941431290625 0.389534315625 0.9328633500000001 0.3827610125 0.9306634734375001 0.377811290625 0.9268426359375 0.37711659375 0.9219797515625 0.37911384843749996 0.9202430078124999 0.3814584546875 0.9248743265625 0.3872765484375 0.9263795046875 0.390489525 0.9281162484375001 0.3943972 0.9319370875 0.395352409375 0.9343685296875 0.39387617656249996 0.9366841890625001 0.3939630140625
0 0.9016019500000001 0.393702503125 0.9032229109375001 0.3949182234375 0.9050754390625 0.39639445625 0.9080857953124999 0.39639445625 0.9088962765625 0.393528828125 0.9091278421875 0.391878921875 0.9115592843749999 0.391878921875 0.9124855484375001 0.389794828125 0.9084331453125 0.3861476640625 0.9078542296875 0.38215315156249996 0.9077384468749999 0.3788533375 0.9058859203124999 0.37694291875 0.9006756859375 0.377898128125 0.899286290625 0.383976734375 0.9003283375000001 0.3874502234375 0.9021808640625 0.389707990625 0.9014861671875 0.3905763625 0.8996336390625 0.39248678125 0.9016019500000001 0.393702503125
0 0.9264952875000001 0.367043475 0.92985299375 0.3604438453125 0.9340211796875 0.35870710156249996 0.9317055203125 0.355146775 0.9268426359375 0.3514996125 0.9264952875000001 0.3441184484375 0.9224428843749999 0.340644959375 0.91422229375 0.340731796875 0.912369765625 0.3480261234375 0.9180431312499999 0.3566230078125 0.9188536125000001 0.36131221875 0.9219797515625 0.36339631250000004 0.924179628125 0.36652245156249996 0.9264952875000001 0.367043475
0 0.93911563125 0.34307640156249997 0.9402734609375001 0.34177384375000003 0.9473362218749999 0.33916872656249997 0.9474520046875 0.33830035468749997 0.9447889953124999 0.3356952375 0.9373788859375001 0.334392678125 0.9356421421875 0.33135337656249997 0.92985299375 0.3272720265625 0.9258005890625001 0.3272720265625 0.9215166203124999 0.3293561203125 0.9224428843749999 0.3333506328125 0.9273057687499999 0.33864770312500003 0.93240021875 0.340644959375 0.9335580484375001 0.3420343546875 0.9335580484375001 0.34550784375 0.9366841890625001 0.3457683546875 0.93911563125 0.34307640156249997
0 0.90704375 0.3462025421875 0.909243625 0.34550784375 0.9084331453125 0.3409923078125 0.9107488046875 0.3372583078125 0.9112119359375 0.334392678125 0.9071595328125 0.3332637953125 0.9042649578124999 0.3331769578125 0.9017177328124999 0.336650446875 0.9025282140625001 0.336563609375 0.9016019500000001 0.34151333125 0.898012678125 0.34385793593749997 0.8989389421875 0.346376215625 0.9009072515625001 0.3468104015625 0.9042649578124999 0.3450736578125 0.90704375 0.3462025421875
0 0.9365684046875 0.3263168171875 0.93784201875 0.3231906765625 0.938536715625 0.31997770000000003 0.9435153828124999 0.3197171875 0.9420102046875 0.3162436984375 0.9333264828125 0.3136385828125 0.9291582953124999 0.3086020234375 0.9244111937499999 0.3055627203125 0.9192009609375 0.30547588281250004 0.9153801234375001 0.307125790625 0.914916990625 0.308862534375 0.9220955343749999 0.31719890781250004 0.9261479390625 0.32110658281250004 0.930547690625 0.32180128125 0.9297372109375001 0.32518793281249997 0.93240021875 0.3264036546875 0.9365684046875 0.3263168171875
0 0.9571777734375001 0.3084283484375 0.960419696875 0.307125790625 0.9633142703124999 0.3044338359375 0.9555568125 0.3017418828125 0.952430671875 0.2999183015625 0.9483782671875 0.29826839375 0.9433996 0.2989630921875 0.9401576765625 0.30156820781250004 0.9413155062499999 0.3029576046875 0.9486098343749999 0.3085151859375 0.9508097093749999 0.30912304687500003 0.9505781437499999 0.3106861171875 0.950346578125 0.31216235000000003 0.954167415625 0.3122491875 0.9571777734375001 0.3084283484375
0 0.9653983640625 0.29453439375 0.9692192015625001 0.29427388125 0.9679455890625001 0.2889768109375 0.9603039140625 0.28793476406249996 0.9581040375000001 0.28836895 0.9585671687499999 0.2859375078125 0.9553252453125 0.2858506703125 0.9491887484375001 0.2871532296875 0.94038924375 0.28680587968750004 0.9328633500000001 0.28697955468749997 0.927537334375 0.28836895 0.926726853125 0.29045304375000003 0.9291582953124999 0.2989630921875 0.9289267296875 0.299136765625 0.94548369375 0.2977473703125 0.9504623609375 0.2967921609375 0.9543989828124999 0.29878941718749996 0.9582198203125 0.2977473703125 0.95601994375 0.293231834375 0.9653983640625 0.29453439375
0 0.88261354375 0.32979030625 0.8851607687499999 0.33196123593750004 0.8897920875 0.3303981671875 0.8853923343749999 0.3253616078125 0.88898160625 0.3236248625 0.8872448625 0.31997770000000003 0.8797189703124999 0.3193698390625 0.8754350000000001 0.31303072187500003 0.8674459750000001 0.311207140625 0.8609621296875 0.3122491875 0.8636251375 0.320151375 0.8732351234375001 0.3237985375 0.8758981312499999 0.32579579375 0.8758981312499999 0.328574584375 0.8791400546875 0.32918244531249996 0.88261354375 0.32979030625
0 0.876940178125 0.3557546359375 0.8818030625000001 0.35566779843749996 0.8768243953124999 0.3480261234375 0.8724246421874999 0.338474028125 0.8618883921875 0.3378661671875 0.8609621296875 0.3390818890625 0.86316200625 0.3498497046875 0.8646671843749999 0.35427840312500003 0.8616568265625 0.35862026406249997 0.8653618812499999 0.3597491484375 0.87207729375 0.35697035781249997 0.876940178125 0.3557546359375
0 0.870572115625 0.3631358 0.873119340625 0.363917334375 0.8712668125 0.36869338281249997 0.8747403015625 0.3683460328125 0.878213790625 0.3669566375 0.879834753125 0.3646120328125 0.8830766750000001 0.3645251953125 0.8872448625 0.3627884515625 0.8863185984375 0.360183334375 0.8821504109375 0.3594018 0.8872448625 0.3538442171875 0.8948865375 0.3468104015625 0.8829608921875 0.34255537812500003 0.871845728125 0.3518469609375 0.8701089828124999 0.35905445 0.8704563328124999 0.360096496875 0.870572115625 0.3631358
0 0.8802978843749999 0.3568835203125 0.86281465625 0.34177384375000003 0.857257075 0.3401239359375 0.8516994921875 0.34394477343749996 0.8541309343749999 0.3488076578125 0.8598043000000001 0.35254165937500004 0.8629304390625 0.35332319375 0.8727719921875 0.3604438453125 0.8738140390625 0.356015146875 0.8802978843749999 0.3568835203125
0 0.937263103125 0.2842007640625 0.9370315375 0.281508809375 0.9333264828125 0.27985890156250004 0.9361052734375 0.2769064375 0.93830515 0.275603878125 0.9400418937499999 0.2732592734375 0.9379578015625001 0.27091466875000003 0.9304319078125 0.272911925 0.9284635984375 0.275690715625 0.9239480625000001 0.27456183125 0.9159590375000001 0.2732592734375 0.9064648343749999 0.27317243593749996 0.905654353125 0.2732592734375 0.9025282140625001 0.2743013203125 0.9006756859375 0.277774809375 0.9003283375000001 0.2809009484375 0.9009072515625001 0.2811614609375 0.9088962765625 0.285242809375 0.9166537359375001 0.2859375078125 0.9299687765625 0.2829850421875 0.9326317843749999 0.28489546093749996 0.9340211796875 0.285329646875 0.937263103125 0.2842007640625
0 0.926263721875 0.2730855984375 0.9273057687499999 0.2719567140625 0.9248743265625 0.2682227140625 0.9249901093749999 0.2663991328125 0.9289267296875 0.2650097375 0.9293898609375001 0.26136257343749997 0.924642759375 0.25875745625 0.9091278421875 0.262057271875 0.90206508125 0.2633598296875 0.9003283375000001 0.263794015625 0.9014861671875 0.2687437375 0.9112119359375 0.2702199703125 0.917811565625 0.2701331328125 0.921169271875 0.27065415625 0.9215166203124999 0.27204355156250004 0.9225586671875 0.2730855984375 0.926263721875 0.2730855984375
0 0.958798734375 0.25875745625 0.9612301765625 0.25728122343750004 0.9666719765625 0.25728122343750004 0.9684087203124999 0.2537208984375 0.9684087203124999 0.24955271093750003 0.9679455890625001 0.248250153125 0.9599565640625001 0.250073734375 0.9591460843749999 0.249118525 0.9537042843749999 0.2492053625 0.9508097093749999 0.252157828125 0.9443258640625001 0.254241921875 0.935410575 0.25519713125 0.932168653125 0.2556313171875 0.92950564375 0.25667336406249996 0.9293898609375001 0.2582364328125 0.93112660625 0.26283880625 0.94166285625 0.26440187656249997 0.9457152593749999 0.2631861546875 0.9506939265625001 0.26136257343749997 0.9538200671875 0.2609283875 0.95729355625 0.2611020625 0.958798734375 0.25875745625
0 0.893381359375 0.2397401046875 0.8915288312499999 0.2368744765625 0.8991705078125 0.23548508125 0.8960443671875 0.23261945312500001 0.8926866609375 0.232532615625 0.892918228125 0.23123005624999998 0.8901394359375001 0.23070903281250002 0.88643438125 0.232445778125 0.8739298218749999 0.2340956859375 0.86570923125 0.2374823375 0.8659407968749999 0.2425188953125 0.8719615109375001 0.24260573281250003 0.8757823484375 0.24312675625 0.8799505359375001 0.2414768484375 0.8867817312499999 0.23878489531249997 0.88898160625 0.240521640625 0.893381359375 0.2397401046875
0 0.8255325421874999 0.24330043125 0.8268061546875 0.24069531406250003 0.8266903718749999 0.23878489531249997 0.8253009765625 0.23774284843750002 0.8214801375 0.238350709375 0.82101700625 0.23982694218749998 0.8196276109375 0.242432059375 0.8107123218750001 0.245037175 0.8052705234375 0.24668708281249999 0.80249173125 0.248076478125 0.799249809375 0.2494658734375 0.7977446296874999 0.25128945625 0.7965868 0.25493661875 0.7965868 0.2564996890625 0.797165715625 0.25736806093750003 0.8177750828124999 0.25615234062500003 0.8261114562499999 0.2494658734375 0.8301638609375 0.24729494375 0.831321690625 0.24486350156249997 0.8283113328124999 0.24338726875 0.8255325421874999 0.24330043125
0 0.800986553125 0.30399965 0.79739728125 0.30243657968750004 0.797976196875 0.300091975 0.7998287234375 0.297313184375 0.7972814984375 0.295315928125 0.79230283125 0.29878941718749996 0.7903345203125001 0.30043932500000003 0.7836191078125 0.30043932500000003 0.7753985171875 0.301134021875 0.7741249046875 0.30573639531249996 0.7825770624999999 0.3084283484375 0.791723915625 0.305389046875 0.7953131875 0.3040864875 0.796818365625 0.30643109218750003 0.8004076375 0.30573639531249996 0.800986553125 0.30399965
0 0.7672937109375 0.29010569531249997 0.766830578125 0.287240065625 0.7707672 0.2859375078125 0.768451540625 0.2842876 0.769725153125 0.28263769375000003 0.7654411828125001 0.283679740625 0.7639360046875 0.28246401875 0.7618519109374999 0.2818561578125 0.7582626390625 0.283766578125 0.7559469796875 0.2858506703125 0.746105428125 0.2871532296875 0.7404320625 0.2900188578125 0.74251615625 0.29488174218749996 0.7495789171875 0.2956632765625 0.7551364984375 0.293144996875 0.760115165625 0.29036620625 0.762546609375 0.2921897875 0.765556965625 0.2917556015625 0.7672937109375 0.29010569531249997
0 0.8263706828125 0.48787017187500004 0.8280793843750001 0.4912341765625 0.8329919015625 0.493156465625 0.8370500671875 0.49331665625000004 0.8376908296875 0.49011284218749995 0.843030521875 0.488510934375 0.8524283796875001 0.48242368593749996 0.8453799859375 0.47777815468749996 0.84025388125 0.47905967968749996 0.8338462515625 0.48450616562500004 0.8267978593749999 0.485146928125 0.8263706828125 0.48787017187500004
0 0.66822826875 0.47359359218749997 0.666613215625 0.47561240937499993 0.6679590921874999 0.4769246390625 0.66217181875 0.48005380468750003 0.663652284375 0.48459614218749997 0.6702470843749999 0.48328391093749995 0.6724004890625 0.483990496875 0.6756305953124999 0.48540366874999996 0.6771110609375001 0.48358673437500005 0.6783223515625 0.4812650953125 0.68747431875 0.4791453375 0.6917811281249999 0.47581429062499997 0.6972992265625 0.4732907703125 0.6947420578125 0.46824372812500004 0.682494571875 0.46985878124999997 0.673477190625 0.4750067640625 0.6705162609374999 0.47349265156250003 0.66822826875 0.47359359218749997
0 0.7205643875 0.3741230875 0.722292359375 0.37363709375 0.722292359375 0.3722601171875 0.7201323937499999 0.37112613437499997 0.7187284171874999 0.3697491578125 0.7184044218750001 0.36829118125 0.7189444140625 0.366914203125 0.7165684515625 0.366509209375 0.7146244828125 0.3683721796875 0.7133285046875 0.3686961734375 0.7090085734375 0.36958715937500003 0.7033926640625 0.3725031125 0.7035006625 0.37477107656249997 0.706416615625 0.3772820359375 0.7097645609375001 0.3768770421875 0.7144084859375 0.3756620625 0.7174324375000001 0.37290810625000004 0.7186204187499999 0.37242211406250003 0.7199163984375 0.37379909218749996 0.7205643875 0.3741230875
0 0.6965887734375 0.3505524671875 0.6972367625 0.35201044375 0.6972367625 0.3538734125 0.6960487828125 0.35492639531250003 0.6952927953125 0.3570323625 0.697128765625 0.3575183546875 0.69842474375 0.35678936562499997 0.6995047265625 0.3553313890625 0.7019886859375 0.3547643984375 0.7150564765625 0.35427840625 0.7128965109375 0.3497424796875 0.7060926203125 0.3495804828125 0.7009087046875 0.34966148124999996 0.6974527593750001 0.349418484375 0.6965887734375 0.3505524671875
0 0.7427040296875 0.36262127187500004 0.74497199375 0.3613252921875 0.7472399578125 0.3617302859375 0.750587903125 0.36440324375 0.7529638656250001 0.3632692609375 0.7538278515625 0.3614062921875 0.748643934375 0.35427840625 0.7370881203125 0.346745528125 0.7267202875 0.34536855 0.7266122890625 0.35136245312500003 0.7266122890625 0.3533874203125 0.73104021875 0.3551693921875 0.7400040734375 0.3579233484375 0.739896075 0.3598673171875 0.7409760578125 0.3618112859375 0.7427040296875 0.36262127187500004
0 0.7129178546875 0.3400938875 0.7150871328124999 0.34055873281250004 0.716791565625 0.3396290421875 0.71648166875 0.3375372375 0.72283455625 0.338408821875 0.7257785765625 0.33875745625000003 0.7267082671875 0.336549440625 0.7209751734375 0.3330049953125 0.718108628125 0.3313780359375 0.7191157921875 0.3313780359375 0.7203553796875 0.33068076875 0.7203553796875 0.3294605484375 0.719348215625 0.328414646875 0.7170239890625 0.3281822234375 0.715474503125 0.329053809375 0.710438678125 0.3267876875 0.7025363078125 0.3248702015625 0.6968806890625 0.32556746875 0.6919998125 0.3251607296875 0.692929503125 0.33195909375 0.69579605 0.3331793125 0.6995148125 0.33503869375 0.7055578031249999 0.3364913359375 0.7122980609375 0.336607546875 0.7116007921875 0.3382926109375 0.7129178546875 0.3400938875
0 0.587456325 0.3692271 0.5885858328125 0.3704977953125 0.590054190625 0.3726156203125 0.5912966484375 0.372954471875 0.593329759375 0.3715143515625 0.5916355 0.3662621453125 0.5918614015625 0.36160293125 0.5888117328125 0.3552494578125 0.5848584609375 0.3526233546875 0.5761612609375 0.3559271609375 0.579097978125 0.36050166250000004 0.5842937078125 0.36583858125 0.5844066578125 0.36685513593749997 0.58406780625 0.36795640625 0.5844066578125 0.3695659515625 0.587456325 0.3692271
0 0.63184593125 0.3405093984375 0.633653140625 0.33762915625 0.6203249640624999 0.33906927656249997 0.6069967875 0.3407635359375 0.60586728125 0.3444061953125 0.6049636765625 0.3476252890625 0.6077874421875 0.35067495625 0.61230546875 0.348980696875 0.6185177546875 0.3465240203125 0.62326168125 0.34398262968750004 0.6251818421875 0.3455074640625 0.6304905234375 0.34449090781249997 0.63184593125 0.3405093984375
0 0.6450611562499999 0.3363584609375 0.6492403312499999 0.3352571921875 0.6514993437500001 0.33322408124999997 0.648336725 0.3313603953125 0.647546071875 0.32898843125 0.6435927984375 0.3291578578125 0.6396395265625 0.33119096875 0.6285703625 0.330597978125 0.619421359375 0.3339864984375 0.6186307046875 0.33974698124999997 0.6360251046875 0.3366973125 0.6413337859375 0.3400858328125 0.6449482062499999 0.338137434375 0.6450611562499999 0.3363584609375
0 0.60237458125 0.3394265015625 0.6000776343750001 0.3371869765625 0.6006518703125 0.3339138265625 0.6009964125 0.3321049796875 0.5992737015625 0.33150203125 0.5938758749999999 0.333569284375 0.584343540625 0.334516775 0.5768784609375001 0.33494745312499996 0.5783714765625 0.340718534375 0.5833099140625 0.3431303296875 0.5942204171875 0.3417521609375 0.5970916015625 0.34089080625 0.5998479390625 0.341838296875 0.602259734375 0.3414937546875 0.60237458125 0.3394265015625
0 0.547132984375 0.3233191546875 0.5400124468749999 0.3224577984375 0.540586684375 0.320907359375 0.5346146187499999 0.32082122343749997 0.523474421875 0.31746193749999996 0.5173875109375 0.31901237656250003 0.519339915625 0.3253864078125 0.5353037031250001 0.32685071250000003 0.5367967203124999 0.33003772656249997 0.5408163781249999 0.3290902359375 0.5431133265625 0.32805660937500003 0.5465587484375 0.3267645765625 0.547132984375 0.3233191546875
0 0.602833971875 0.29429147499999997 0.598125228125 0.2920519515625 0.5976658390625 0.2898985625 0.59686190625 0.2877451734375 0.594794653125 0.286453140625 0.5902007578124999 0.289467884375 0.5860662515625 0.2954112375 0.5827356765625 0.297736896875 0.5805535765625 0.30049323437500003 0.58032388125 0.3035941140625 0.5827356765625 0.30617818125 0.5896265203125 0.30566136718750003 0.5935313328125 0.3022159453125 0.5964025171875 0.2979953046875 0.598125228125 0.2976507625 0.601685496875 0.2968755421875 0.602833971875 0.29429147499999997
0 0.6663445796875 0.2681924046875 0.6635882421875 0.26483311875000004 0.6614061421875 0.26319654375 0.6616358375 0.2598372578125 0.6607170578125 0.2577700046875 0.656238009375 0.2584590890625 0.6506104875000001 0.2629381375 0.64532750625 0.2661251515625 0.6386663578125 0.26922603125 0.6360248687500001 0.2706042 0.63545063125 0.27267145312499996 0.6386663578125 0.2796484328125 0.64567205 0.279562296875 0.6525628921875 0.276547553125 0.6580755671875 0.2720685046875 0.6607170578125 0.2693121671875 0.66301400625 0.2693121671875 0.6663445796875 0.2681924046875
0 0.63981483125 0.2623351875 0.63545063125 0.26155996875 0.6349912421874999 0.25854522343749997 0.6361397156249999 0.2555304796875 0.6352209359375001 0.253721634375 0.629134025 0.2569086484375 0.6274113140625001 0.2596649859375 0.618797759375 0.2623351875 0.6097248140625 0.2644885765625 0.6096099671874999 0.2716378265625 0.62109470625 0.27172396249999997 0.6297082609375 0.268278540625 0.6340724625 0.2644885765625 0.6370584953125 0.2653499328125 0.63981483125 0.26457471250000003 0.63981483125 0.2623351875
0 0.613285084375 0.2571670546875 0.6155820328125 0.25380776875 0.6159265734375 0.2518266515625 0.6130553890625 0.25242960000000003 0.6096099671874999 0.2535493625 0.6082317984375 0.25217119375 0.60513091875 0.252601871875 0.6026042765625 0.2555304796875 0.5966322125 0.25820068281249997 0.5882483515625 0.2619045109375 0.58698503125 0.26466084843750004 0.593186790625 0.2681062703125 0.5990440078125 0.26466084843750004 0.6060496984375 0.26069861250000004 0.608576340625 0.26147383281250003 0.6097248140625 0.2617322390625 0.6131702375 0.260267934375 0.613285084375 0.2571670546875
0 0.5998479390625 0.253721634375 0.6006518703125 0.2536354984375 0.601455803125 0.253980040625 0.6040972921875001 0.253721634375 0.6052457671875 0.2518266515625 0.602833971875 0.2507068890625 0.6019151921875 0.25053461875 0.6082317984375 0.24726146718750003 0.609954509375 0.24312696093750003 0.60157065 0.24614170624999998 0.60019248125 0.244074453125 0.5970916015625 0.2435576390625 0.593990721875 0.245452621875 0.5936461796875 0.24777828125 0.5893968265625 0.2500178046875 0.580668425 0.252860278125 0.5763042234375 0.2589759015625 0.5797496453125001 0.26319654375 0.5831950671875 0.2631104078125 0.5876741156249999 0.26069861250000004 0.5912343843750001 0.25880363125 0.5944501109375 0.2555304796875 0.598240075 0.25441071875 0.5998479390625 0.253721634375
0 0.5707915484375 0.26052634218750004 0.5772230015625001 0.25527207343749997 0.57951995 0.253118684375 0.5845732359375 0.2496732625 0.5834247609375 0.24803668750000002 0.5769933078125 0.24941485624999998 0.573088496875 0.2497593984375 0.5692985328125 0.24803668750000002 0.56826490625 0.2501900765625 0.5651640265625 0.25380776875 0.5585028765625 0.25501366718749996 0.5516120328125 0.2592343078125 0.5516120328125 0.259751121875 0.5556316921875 0.2649192546875 0.5580434875 0.265522203125 0.56436009375 0.26466084843750004 0.5707915484375 0.26052634218750004
0 0.668067290625 0.23399659375 0.6700196968750001 0.23124025625 0.6647367171874999 0.2315847984375 0.663703090625 0.23175706875 0.663703090625 0.23098185 0.663932784375 0.22900073281250002 0.6618655312499999 0.22839778281249998 0.658190415625 0.230809578125 0.6550895359375 0.232187746875 0.6473947609375 0.23270456093749997 0.6439493390625 0.23408272968750002 0.6441790328125 0.23770042187499998 0.6523331984375 0.2395954046875 0.6583052625 0.23683906718749997 0.6594537359375 0.23623611718749998 0.6635882421875 0.23649452499999998 0.6656554953125 0.235805440625 0.668067290625 0.23399659375
0 0.7393875234375 0.25380776875 0.7376648125 0.25122370312500003 0.7347936265625 0.249587128125 0.7360569484374999 0.24743373906250002 0.7376648125 0.2449358078125 0.7376648125 0.24338536875 0.7318075953125 0.24390218125000002 0.7284770203125001 0.24614170624999998 0.719289228125 0.2453664859375 0.715039875 0.246916925 0.71423594375 0.2534632265625 0.7206673968749999 0.2548413953125 0.7260652249999999 0.2548413953125 0.7319224421875 0.2532048203125 0.7339896953125 0.2547552609375 0.7368608796875 0.25518593749999996 0.7393875234375 0.25380776875
0 0.7561552421875 0.22366032812499997 0.7493792453125 0.22572758125 0.748115925 0.2265028015625 0.746852603125 0.224780090625 0.743866571875 0.22521076875 0.738583590625 0.22960368125000002 0.7318075953125 0.2327906953125 0.727558240625 0.235202490625 0.728706715625 0.2402844890625 0.7372054218749999 0.2396815390625 0.7423735546875 0.236322253125 0.746852603125 0.23192934062499998 0.7500683296874999 0.22977595156250002 0.7554661578124999 0.226416665625 0.7561552421875 0.22366032812499997
0 0.70564300625 0.8009975562499999 0.7068780875 0.7982186234374999 0.6994676015625 0.7949765359375001 0.6939097359375 0.7880292046874999 0.6873226375 0.7858678125 0.68279400625 0.7894186703125 0.685470015625 0.7946677656250001 0.6949389703125 0.8011519421875001 0.6937038890625 0.80346771875 0.6953506640625 0.8064010359375 0.7004968359375 0.8014607125 0.70564300625 0.8009975562499999
0 0.6928805015624999 0.83125704375 0.6969974390625 0.8328008953125 0.7007026828125 0.83449913125 0.70564300625 0.8375868343749999 0.710789178125 0.84268154375 0.714288575 0.8372780640625 0.7089365562500001 0.8320289687500001 0.6953506640625 0.8253904078125001 0.6920571140625 0.826934259375 0.6928805015624999 0.83125704375
0 0.8115702499999999 0.2283059953125 0.8119874390625 0.22455130156249997 0.8171327609375 0.221943875 0.8158811953124999 0.21871066562500002 0.8175499484375001 0.214225890625 0.8089280578125001 0.21787628906249998 0.806424928125 0.21725050625 0.8032264843749999 0.2161032390625 0.7966905359374999 0.2200665265625 0.78737333125 0.22215246875 0.7804201921875 0.22548997499999998 0.775831121875 0.22966185781249998 0.7819498828125 0.23602397812499998 0.7868170796875 0.2349810078125 0.7915452140625 0.23425092812499998 0.799888978125 0.2301833421875 0.8046171125000001 0.22757591562499999 0.8065639906250001 0.229036075 0.8115702499999999 0.2283059953125
0 0.7503826375 0.26616583125000004 0.7478795078125 0.2676259890625 0.735085734375 0.2673130984375 0.7260466546875 0.2687732578125 0.728132596875 0.2726322484375 0.736615425 0.27503108125 0.7480185703125 0.27377951718750004 0.750799825 0.2753439734375 0.755806084375 0.2736752203125 0.75399826875 0.2671045046875 0.7503826375 0.26616583125000004
0 0.52384624375 0.29765086093750004 0.5269305265625001 0.297289421875 0.5275088296875 0.295771375 0.5250992328125 0.29259070781249996 0.5265449906249999 0.28998834375000004 0.52779798125 0.288036571875 0.5258703031249999 0.2860125109375 0.52018365625 0.288036571875 0.5088103625 0.2867353890625 0.498786440625 0.288614875 0.5019671078125 0.2959882390625 0.5054369265624999 0.2964219671875 0.5101597359375 0.29627739062499997 0.5160391515625 0.2955545109375 0.522111334375 0.295120784375 0.5228824046875 0.29685569375 0.52384624375 0.29765086093750004
0 0.554303540625 0.2860125109375 0.5517975609375 0.2832655703125 0.5524722468750001 0.2809523578125 0.5555565312499999 0.2784945703125 0.554303540625 0.276542796875 0.550159034375 0.277627115625 0.546881984375 0.2798680390625 0.543219396875 0.27972346406250004 0.5305931125 0.2787114328125 0.5250992328125 0.2787114328125 0.521436646875 0.28536191875 0.532328021875 0.2886871625 0.5401351140624999 0.28890402656249997 0.548038590625 0.287024540625 0.550159034375 0.28810885937499997 0.553821621875 0.2878919953125 0.554303540625 0.2860125109375
0 0.59719435625 0.27842228125 0.5991220328125 0.27755482656249997 0.5990256484375001 0.27516932656250004 0.6011460937499999 0.2744464484375 0.5996039515625 0.27126578125 0.5969052046875001 0.26895256875 0.5953630624999999 0.2682296890625 0.5907366374999999 0.2693862953125 0.5856282937499999 0.2725669625 0.5719417859375 0.27603678125000003 0.57107433125 0.28434988906249997 0.5712670984375 0.284783615625 0.576953746875 0.283482434375 0.581580171875 0.2833378578125 0.586206596875 0.2818198125 0.59285708125 0.27748253906250003 0.59603775 0.277843978125 0.59719435625 0.27842228125
0 0.46717253750000004 0.25760337031249997 0.4697749015625 0.2578202328125 0.471220659375 0.256880490625 0.47170257812500005 0.255723884375 0.4736302546875 0.255651596875 0.4744013265625 0.253988975 0.4761362359375 0.25174805 0.4767145390625 0.2495794140625 0.47459409375000006 0.248856534375 0.47170257812500005 0.2495794140625 0.469389365625 0.25051915625 0.46852191093749995 0.25073602031250003 0.46775084062500005 0.2497962765625 0.4657267796875 0.2496517015625 0.4640882546875 0.251097459375 0.4621605765625 0.2537721109375 0.45936544531249995 0.2563021875 0.45310049531249996 0.258037096875 0.45126920156250006 0.26035030937500003 0.450401746875 0.2651935984375 0.45098004999999997 0.2653381734375 0.451076434375 0.265121309375 0.456184778125 0.2659887640625 0.4605220515625 0.265121309375 0.46389548593749996 0.263747840625 0.465244859375 0.262591234375 0.46553401250000004 0.259193703125 0.46717253750000004 0.25760337031249997
0 0.49628046093749995 0.248711959375 0.49782260312500004 0.24582044375 0.49570215781250004 0.24415782187500001 0.48760591406250003 0.245242140625 0.48384694375 0.247699928125 0.48240118593750003 0.2519649140625 0.4778711453125 0.2563021875 0.4766181546875 0.2570973546875 0.4756543171875 0.26042259687499997 0.47748560937500006 0.2630972484375 0.48558185312499996 0.26035030937500003 0.490690196875 0.2566636265625 0.4938708640625 0.25529015625 0.4965696125 0.2537721109375 0.495991309375 0.2512420359375 0.49628046093749995 0.248711959375
0 0.49941063906250005 0.26480054218750004 0.4977777703125 0.262685234375 0.49743140312499995 0.25990193281249996 0.49565009218749995 0.2588257234375 0.4900587515625 0.261794578125 0.48352727343749996 0.26728695625 0.48115219062500003 0.26932804374999997 0.48006361093749994 0.27084958124999997 0.4825376546875 0.276230628125 0.4909494078125 0.2754141921875 0.494808915625 0.2726308921875 0.495798534375 0.2695878171875 0.4993611578125 0.2687713828125 0.5020331265625 0.2675838421875 0.49941063906250005 0.26480054218750004
0 0.5054967890625 0.261794578125 0.506140040625 0.257341296875 0.50396288125 0.255337321875 0.5011424703125 0.25678463749999997 0.500103371875 0.25878861406250003 0.4978272515625 0.26045859375 0.5020826078125 0.2643552140625 0.5050514609375 0.2656540875 0.5090594140625 0.26502320625000003 0.5090099328125001 0.26301922968749997 0.5054967890625 0.261794578125
0 0.46583890781250004 0.239747259375 0.467903903125 0.237925203125 0.4653530265625 0.23564763437499997 0.46984742968750004 0.23309675625 0.47276271875000003 0.228906028125 0.4699689 0.22671956093749998 0.4628021484375 0.230363671875 0.46122303281250004 0.2308191859375 0.46061568125 0.23045477499999997 0.4600083296875 0.22854161718750002 0.45745745156249995 0.22781279375 0.45442069218750003 0.2290882328125 0.4540562796875 0.232185728125 0.44628217656249997 0.2351010171875 0.43923689374999997 0.23892733437499997 0.437536309375 0.2422981375 0.4420307125 0.2477643046875 0.4457962953125 0.248128715625 0.45077657968749996 0.246306659375 0.45672862968750005 0.24193372656249998 0.46061568125 0.23883623125 0.463166559375 0.2402027734375 0.46583890781250004 0.239747259375
0 0.4111772359375 0.25477921875 0.41178458906250004 0.25067959375000004 0.40899076875 0.2508617984375 0.405954009375 0.2504973875 0.40510371718749993 0.24612445468750002 0.4013381359375 0.24566894062500003 0.40036637343750003 0.247946509375 0.40121666562499997 0.2491308453125 0.40267430937500004 0.250406284375 0.3973296125 0.2559635546875 0.3950216765625 0.2617941328125 0.39538608750000004 0.2619763390625 0.398422846875 0.2645272171875 0.404496365625 0.2651649359375 0.40729018437500003 0.25769450781250003 0.4111772359375 0.25477921875
0 0.3296706109375 0.2348277078125 0.32699826249999997 0.23291455 0.324811796875 0.22763058906250003 0.322989740625 0.228814925 0.32092474375 0.23309675625 0.3189812171875 0.23309675625 0.3157015171875 0.233643371875 0.3158229875 0.23628535312499999 0.3172806328125 0.23701417500000002 0.3170376921875 0.23828961406250002 0.314608284375 0.2425714453125 0.3144868140625 0.2466710703125 0.3163088703125 0.24903974375 0.3167947515625 0.2525016484375 0.32408297343750003 0.2525927515625 0.3266338515625 0.2485842296875 0.32748414375 0.24266254843750001 0.3286988484375 0.2377429984375 0.3296706109375 0.2348277078125
0 0.308291825 0.2636161890625 0.31205740625 0.259880975 0.31108564375 0.25869663906249996 0.30877770625 0.258969946875 0.303918890625 0.2607009 0.302096834375 0.258787740625 0.2989386046875 0.2559635546875 0.29663066875 0.2562368625 0.29614478593750004 0.25733009687499997 0.29614478593750004 0.258969946875 0.29711655000000003 0.2602453859375 0.29966742812499997 0.26060979687499997 0.2997888984375 0.261429721875 0.299303015625 0.26388949687499996 0.2979668421875 0.2685357390625 0.2963877265625 0.2737285984375 0.29760243124999997 0.27609727031250003 0.301125071875 0.2777371203125 0.30525506562500004 0.277554915625 0.30853476562500004 0.27217985 0.306712709375 0.2668047859375 0.308291825 0.2636161890625
0 0.3472838171875 0.2525016484375 0.344854409375 0.2504973875 0.34218206093750003 0.25149951875 0.34230353125 0.25450591093749997 0.34218206093750003 0.2584233296875 0.3391453015625 0.2617030296875 0.3365944234375 0.264891628125 0.3378091265625 0.2677158140625 0.343032353125 0.2685357390625 0.34922734218749996 0.26562045 0.3494702828125 0.25969876875 0.3515352796875 0.2570567875 0.3538432171875 0.255508040625 0.3499561640625 0.25395929375000004 0.3472838171875 0.2525016484375
0 0.33647295312500003 0.2518639296875 0.333922075 0.25450591093749997 0.3301564921875 0.2554169375 0.32554061875 0.25933435781249997 0.321653565625 0.2627962640625 0.31230034687499997 0.267989121875 0.3161873984375 0.27217985 0.32420444375 0.26990228125 0.3317356078125 0.265529346875 0.335622659375 0.2611564140625 0.3382950078125 0.25805891875000003 0.340724415625 0.2557813484375 0.338780890625 0.252866059375 0.33647295312500003 0.2518639296875
0 0.360767028125 0.2537770875 0.3618602625 0.25231944375 0.3619817328125 0.24985966875 0.36015967656250003 0.2484020234375 0.3599167359375 0.2435735765625 0.351899690625 0.24375578125000003 0.3527499828125 0.24867533281249998 0.3494702828125 0.24831092031250002 0.3484985203125 0.25113510781250004 0.35165674999999996 0.2534126765625 0.35032057656250004 0.263251778125 0.3515352796875 0.26671368281249996 0.36192556875 0.2649014234375 0.3618602625 0.264891628125 0.36137438125 0.25678347968750004 0.360767028125 0.2537770875
0 0.343761175 0.2886694546875 0.342546471875 0.2878495296875 0.34218206093750003 0.2852986515625 0.3382950078125 0.2848431375 0.3324644296875 0.2852986515625 0.33234295937499997 0.2910381265625 0.3261479703125 0.2951377515625 0.322989740625 0.2985996578125 0.32092474375 0.302425975 0.3223823890625 0.3061611890625 0.326755321875 0.30761883437500004 0.332828840625 0.3063433953125 0.33805206718749997 0.3013327421875 0.341574709375 0.297233115625 0.3449758796875 0.2938623125 0.3475267578125 0.2911292296875 0.343761175 0.2886694546875
0 0.3194671 0.2751862421875 0.3149726953125 0.2768260921875 0.311328584375 0.27609727031250003 0.3105997609375 0.27737270937499997 0.3109641734375 0.2796502796875 0.31315063906249996 0.28056130625 0.314851225 0.28092571875 0.313272109375 0.2856630625 0.3114500546875 0.292495771875 0.31752357343750004 0.294226725 0.322503859375 0.2905826125 0.3250547375 0.28302108125 0.322989740625 0.276370578125 0.3194671 0.2751862421875
0 0.388219334375 0.251408415625 0.39089168281250003 0.250406284375 0.39089168281250003 0.24894864062500002 0.38967697968750004 0.2477643046875 0.3871261015625 0.24739989375000002 0.384939634375 0.247308790625 0.3843322828125 0.246488865625 0.38311757812499997 0.24412019218749997 0.382145815625 0.24293585625 0.38008081875 0.24284475312499998 0.378623175 0.2439379875 0.378866115625 0.24566894062500003 0.380323759375 0.24612445468750002 0.3799593484375 0.2466710703125 0.3764367078125 0.2472176875 0.3733999484375 0.24867533281249998 0.3716993625 0.2513173125 0.3713349515625 0.254870321875 0.3674479 0.25887884375 0.373278478125 0.260792003125 0.3828746375 0.2574212 0.385182575 0.2541414984375 0.38651875 0.2516817234375 0.388219334375 0.251408415625
0 0.49037592500000005 0.3047035453125 0.48855386875000006 0.3038836203125 0.48612446093750006 0.3064344984375 0.4853956390625 0.30816545 0.48199446718749994 0.3093497859375 0.4810227046875 0.31217397343750003 0.4800509421875 0.3154536734375 0.47689271250000004 0.31991770937499997 0.47543506718749995 0.3253838765625 0.476649771875 0.3287546796875 0.48576005 0.3264771109375 0.4914691578125 0.32101094375 0.48855386875000006 0.3145426453125 0.49037592500000005 0.3047035453125
0 0.42381015624999996 0.310716328125 0.4256322109375 0.3078921421875 0.425024859375 0.3052501609375 0.4218666296875 0.3054323671875 0.42101633749999995 0.3078921421875 0.41494281875 0.3077099375 0.4041319546875 0.30852986250000003 0.40230989843750004 0.3120828703125 0.41129870625000003 0.3144515421875 0.415671640625 0.3153625703125 0.4200445734375 0.31417823437500003 0.42332427499999997 0.314815953125 0.42551074062499994 0.313996028125 0.42381015624999996 0.310716328125
0 0.40729018437500003 0.33303651093750003 0.408747828125 0.33085004375 0.40753312499999994 0.330121221875 0.404496365625 0.33021232500000003 0.4010951953125 0.3295746046875 0.3987872578125 0.32520167187500004 0.3957504984375 0.3263860078125 0.39538608750000004 0.3282080625 0.3969652015625 0.32893688593750003 0.39684373125 0.330121221875 0.3927137390625 0.3338564359375 0.38882668593749997 0.3374094453125 0.38967697968750004 0.3423289953125 0.39125609375 0.3437866390625 0.3985443171875 0.3438777421875 0.40145960625 0.34123576093749997 0.40243136875 0.33586069687500003 0.40729018437500003 0.33303651093750003
0 0.386397278125 0.3323987921875 0.389555509375 0.3263860078125 0.3931996203125 0.32347071875 0.3931996203125 0.32101094375 0.38967697968750004 0.3216486625 0.3866402203125 0.3213753546875 0.3838464015625 0.3191888875 0.382145815625 0.3196444015625 0.382145815625 0.320919840625 0.3832390484375 0.32183086875 0.3806881703125 0.324199540625 0.3776514109375 0.32902798906249997 0.3766796484375 0.33576959375 0.3766501015625 0.33590255468749997 0.3843322828125 0.336862828125 0.386397278125 0.3323987921875
0 0.343761175 0.37476158593750003 0.3436397046875 0.3782234921875 0.3438826453125 0.3790434171875 0.3447329390625 0.379590034375 0.348619990625 0.377676875 0.35360027656250004 0.3758548203125 0.35943085468749997 0.37603702499999997 0.3652614328125 0.3750348953125 0.368662603125 0.37375945625 0.37206377343749997 0.37211960624999996 0.368176721875 0.3664712328125 0.36234614375 0.3680199796875 0.35821615156250003 0.36865770000000003 0.352385571875 0.3698420359375 0.34922734218749996 0.371026371875 0.3461905828125 0.3724840171875 0.343761175 0.37476158593750003
0 0.289220975 0.3156358796875 0.28606274531250003 0.31572698125 0.28411921875 0.3179134484375 0.2869130375 0.3205554296875 0.29201479375 0.323379615625 0.2923792046875 0.33221658593750003 0.2948086125 0.33604290312499996 0.304404771875 0.3370450328125 0.306226828125 0.3328543046875 0.3019753640625 0.322741896875 0.2986956640625 0.3186422703125 0.2994244875 0.31654690625000004 0.2989386046875 0.31408713125 0.2937153796875 0.314360440625 0.289220975 0.3156358796875
0 0.3317356078125 0.38104767812499996 0.32651238125000004 0.3834163515625 0.32335415156249997 0.3824142203125 0.322503859375 0.38514730468749997 0.3243259140625 0.386149434375 0.326269440625 0.38523840625 0.3260265 0.3903401625 0.324811796875 0.3936198625 0.3249332671875 0.3983572078125 0.328091496875 0.399632646875 0.330035021875 0.405372121875 0.334650896875 0.40555432812500003 0.3373232453125 0.3960796375 0.335987071875 0.38542061250000004 0.3358656015625 0.3824142203125 0.3317356078125 0.38104767812499996
0 0.2991815453125 0.383689659375 0.2972380203125 0.3817765015625 0.29505155312500003 0.382232015625 0.29043567812500004 0.377676875 0.2916503828125 0.38305194062500003 0.2846051 0.3781323890625 0.286670096875 0.38214091250000004 0.2890995046875 0.384509584375 0.2863056859375 0.385511715625 0.28569833437500003 0.3876070796875 0.28861362343749997 0.3883359015625 0.2909215609375 0.38915582656250003 0.294565671875 0.395624125 0.2980883125 0.399632646875 0.3010036015625 0.40373227187499994 0.3114500546875 0.4040966828125 0.3101138796875 0.39863051562499996 0.306712709375 0.3917067046875 0.2994244875 0.3867871546875 0.2991815453125 0.383689659375
0 0.3084781703125 0.42911260625000003 0.30442258125 0.429017553125 0.30049373125 0.4327246140625 0.29593119375 0.431108715625 0.29352318906249997 0.431298821875 0.2936499265625 0.43310482656250004 0.2956777203125 0.43396030156250004 0.297198565625 0.43472072500000003 0.2963114046875 0.43785746875 0.29605793125 0.4445111671875 0.2978322515625 0.4459369609375 0.30049373125 0.4466023296875 0.30011351875000003 0.4502143390625 0.303408684375 0.45468182187500006 0.3094920671875 0.45629772031250004 0.3127872328125 0.4509747609375 0.30797122187500003 0.43833273281249996 0.30822469531249996 0.43196419218750004 0.3084781703125 0.42911260625000003
0 0.2727383 0.45116486718750004 0.2719778765625 0.4485033875 0.27045703125 0.44831328125000003 0.26868271093749996 0.44888359843750003 0.267415340625 0.4493588625 0.26564102031250003 0.448598440625 0.2634864890625 0.447362753125 0.2601913234375 0.4460320125 0.25803679218750003 0.4468874890625 0.2581635296875 0.449644021875 0.26196564375000003 0.4522104484375 0.2614586953125 0.45354118750000005 0.261078484375 0.4550620328125 0.26196564375000003 0.45629772031250004 0.26399343750000004 0.45648782656250003 0.2645003859375 0.45572740312500004 0.267288603125 0.45677298437499997 0.273371984375 0.4619058390625 0.2770473625 0.46323657812499996 0.2807227390625 0.465517846875 0.2869328578125 0.46494752968749997 0.2871863328125 0.46238110312499997 0.28427137812500003 0.45610761406250006 0.27780778437500003 0.45259065937500004 0.2727383 0.45116486718750004
0 0.33027695625 0.46181078593749997 0.3293897953125 0.46000478125 0.326728315625 0.46028994062499995 0.32596789375 0.46086025781249995 0.324700521875 0.4627613140625 0.3241935734375 0.46494752968749997 0.32381336250000003 0.46542279375 0.320264721875 0.465327740625 0.31722303125 0.4652326875 0.3144348140625 0.4656129 0.3145615515625 0.467609009375 0.3165893453125 0.4689397484375 0.31874387656250003 0.4689397484375 0.32102514531250004 0.4682743796875 0.323686625 0.47293196875000004 0.327235265625 0.479110403125 0.331417590625 0.4808213546875 0.33433254375 0.48357788749999997 0.34307740625 0.4811065140625 0.3405426625 0.47274186250000005 0.3335721203125 0.4682743796875 0.3305304296875 0.46494752968749997 0.33027695625 0.46181078593749997
0 0.2933964515625 0.4799658796875 0.2921290796875 0.48129661874999996 0.2892141265625 0.48300757031249997 0.2859189609375 0.48186693593749996 0.284398115625 0.4820570421875 0.2836376921875 0.484338309375 0.28541201250000003 0.485573996875 0.286679384375 0.485764103125 0.28845370312499996 0.4849086265625 0.2889606515625 0.4862393671875 0.28959433749999997 0.49042169218750004 0.2911151828125 0.4961248625 0.2931429765625 0.49935665937499996 0.3017611015625 0.4978358140625 0.2985926734375 0.4871898953125 0.298085725 0.4816768296875 0.29605793125 0.4796807203125 0.2933964515625 0.4799658796875
0 0.2740056703125 0.478254928125 0.271470928125 0.4768291359375 0.2702035578125 0.477399453125 0.27045703125 0.4796807203125 0.26678165468750004 0.4796807203125 0.265387546875 0.48044114374999997 0.264880596875 0.4819619890625 0.26678165468750004 0.482627359375 0.26842923750000003 0.4819619890625 0.27045703125 0.4823422 0.271597665625 0.4863344203125 0.27489283124999997 0.4882354765625 0.277681046875 0.49175243281250003 0.2812296875 0.49213264375000004 0.28097621250000004 0.4886156875 0.2797088421875 0.4840531515625 0.2750195671875 0.481201565625 0.2740056703125 0.478254928125
0 0.365129665625 0.4043038140625 0.36436924375 0.4051592890625 0.36360882031249997 0.40696529375 0.3618345 0.4062999234375 0.3584125984375 0.4049691828125 0.357652175 0.405824659375 0.35828586093750003 0.40734550468749997 0.35980670625 0.407725715625 0.360820603125 0.408105928125 0.36107407812500003 0.41200309375 0.360820603125 0.41561510312500005 0.3618345 0.4171359484375 0.362087975 0.4200825859375 0.3666505109375 0.4210331140625 0.3700724140625 0.41666068437500003 0.3707061 0.4119080421875 0.36753767187499997 0.404684025 0.365129665625 0.4043038140625
0 0.3833798125 0.4138090984375 0.3816054921875 0.41475962656250004 0.37970443593750003 0.41571015468750006 0.375902321875 0.4146645734375 0.3750151625 0.41571015468750006 0.37640927031250004 0.41675573593750004 0.3772964296875 0.41941721562499995 0.3784370640625 0.4251203875 0.3816054921875 0.4286373421875 0.386421503125 0.4268313390625 0.3859145546875 0.41970237499999996 0.3862947671875 0.41561510312500005 0.3862947671875 0.4134288875 0.3833798125 0.4138090984375
0 0.3912375140625 0.4198924796875 0.3900968796875 0.42017763906249994 0.38984340624999997 0.42198364374999997 0.38997014375 0.42426491093749996 0.38984340624999997 0.425880809375 0.3862947671875 0.4262610203125 0.3847739203125 0.427116496875 0.38502739531249996 0.429207659375 0.38781561249999996 0.4297779765625 0.388702771875 0.42911260625000003 0.390730565625 0.42911260625000003 0.392885096875 0.43196419218750004 0.399602165625 0.43538609375000004 0.404418175 0.4355762 0.4074598671875 0.4286373421875 0.4011230109375 0.4267362859375 0.396053525 0.4251203875 0.39465941718750003 0.42141332656249997 0.3912375140625 0.4198924796875
0 0.4349618234375 0.46124046874999997 0.43660940625 0.4610503625 0.4372430921875 0.45857898906249994 0.441805628125 0.46266626093749996 0.4447205828125 0.461335521875 0.43965109687500004 0.45629772031250004 0.4393976234375 0.45487192812500005 0.4404115203125 0.45430161093750004 0.44015804531249997 0.4526857125 0.437623303125 0.45230550156250005 0.4361024578125 0.45078465625 0.43369445312500005 0.446127065625 0.42849822968750007 0.44536664375 0.4231752703125 0.44460622031249997 0.4212742140625 0.4498341265625 0.42659717343750003 0.45354118750000005 0.433440978125 0.45658287968750005 0.43483508593750003 0.45734330156249997 0.43407466406250006 0.45914930624999994 0.43394792656250003 0.4604800453125 0.4349618234375 0.46124046874999997
0 0.433567715625 0.5119036359375 0.43483508593750003 0.5134244812500001 0.43559550937499997 0.5139947984375 0.43559550937499997 0.5149453265624999 0.433314240625 0.5178919640624999 0.43293402968750005 0.519983128125 0.4361024578125 0.52055344375 0.439904571875 0.516561225 0.446114690625 0.5115234234375 0.45055049062499997 0.5075312046875 0.45346544375000003 0.504774671875 0.454732815625 0.4989764484375 0.456760609375 0.49479412343750007 0.456633871875 0.49298811875000004 0.44801574843749997 0.4926079078125 0.44750880000000004 0.49507928124999995 0.44573447968749996 0.49812097343749995 0.44205910312499996 0.501447821875 0.43901741093749996 0.506010359375 0.4369896171875 0.508196575 0.4345816125 0.5099075265625 0.433567715625 0.5119036359375
0 0.33876834375 0.5123789000000001 0.33965550312500004 0.510002578125 0.33851486875000003 0.508101521875 0.33686728593750004 0.5094322609375 0.3316710640625 0.5029686671875 0.332051275 0.5087668921875 0.32495399687500004 0.5051548828125 0.329009584375 0.5117135296875001 0.326728315625 0.5107630015625 0.3244470484375 0.5108580546875 0.3243203109375 0.5123789000000001 0.3250807328125 0.5137096390625 0.3263481046875 0.5138997453124999 0.3282491609375 0.5138046921874999 0.3304036921875 0.5139947984375 0.33230475 0.51969796875 0.33483949218750003 0.5247357703125 0.3369940234375 0.5261615625 0.3390218171875 0.5296785171875 0.3391485546875 0.5297735703125 0.3434576171875 0.530248834375 0.348400365625 0.5257813515625 0.34523193750000003 0.5170364890625 0.33876834375 0.5123789000000001
0 0.2764136765625 0.5215039734375 0.2743858828125 0.5214089203125 0.27033029375 0.5183672296874999 0.271470928125 0.5203633390625 0.2696966078125 0.52055344375 0.2665281796875 0.52055344375 0.27033029375 0.5235000828125 0.267288603125 0.5240704 0.267161865625 0.52597145625 0.26868271093749996 0.5264467203125001 0.27033029375 0.5264467203125001 0.27235808906250003 0.5258764031250001 0.273878934375 0.528252725 0.2761602015625 0.5326251562500001 0.27882168125 0.535476740625 0.28376442968750004 0.53557179375 0.28553875 0.530248834375 0.2807227390625 0.5270170375000001 0.2773008359375 0.52388029375 0.2764136765625 0.5215039734375
0 0.2850318015625 0.5155156437499999 0.28325748125 0.5174167 0.28148316093750003 0.5177969124999999 0.2775543109375 0.5171315421875 0.27666715000000003 0.5184622812499999 0.27856820781249997 0.5194128109375 0.28262379531250004 0.5203633390625 0.284398115625 0.523975346875 0.29073497187499997 0.5294884125 0.29593119375 0.5298686234375001 0.2956777203125 0.52511598125 0.2901012859375 0.5214089203125 0.28731306874999996 0.5156106968749999 0.2850318015625 0.5155156437499999
0 0.50631485 0.803174375 0.5068030984375 0.8053714984375 0.5006999796875 0.8084840890624999 0.502652978125 0.8093995578125 0.508756096875 0.8084840890624999 0.5097325968749999 0.8099488375 0.5114414703125 0.8130614296875001 0.5151033421875 0.8112304937499999 0.5138827187499999 0.8083009953125 0.5212064625 0.8072024343749999 0.5314597046875 0.806103871875 0.5324362046875 0.8002448765624999 0.5214505875000001 0.799146315625 0.5138827187499999 0.8028081874999999 0.509976721875 0.8020758125 0.50631485 0.803174375
0 0.5400040734375 0.823131578125 0.5373186999999999 0.8244132328125 0.5351215765624999 0.8269765437500001 0.53780695 0.8286243859375 0.5402481984375 0.8280751046875 0.5441541953125 0.8282581984374999 0.5509896890625 0.8321031640625 0.5590458078125 0.830821509375 0.556604559375 0.8247794203125001 0.5470836921875 0.8216668281249999 0.5395158234374999 0.8191035187500001 0.5363422015625 0.8209344546875 0.5400040734375 0.823131578125
0 0.5841906625 0.7788229249999999 0.5795522921875 0.7766258015624999 0.57662279375 0.7775412703125 0.57735516875 0.7797383921875001 0.5783316671875001 0.7812031421875 0.57735516875 0.782667890625 0.57686691875 0.78578048125 0.5788199171875 0.7863297625000001 0.5805287906250001 0.7863297625000001 0.5805287906250001 0.7839495453125 0.5837024140625 0.7839495453125 0.5893172843750001 0.78578048125 0.5937115296875 0.7852312015625 0.6020117734375 0.783583359375 0.6017676484375001 0.783583359375 0.6017676484375001 0.7804707671875 0.5951762796875 0.77827364375 0.5876084109375 0.7788229249999999 0.5841906625 0.7788229249999999
0 0.368140209375 0.5552656328125 0.3698490828125 0.5602091609375 0.3688725828125 0.56460340625 0.3744874546875 0.570096215625 0.3808346984375 0.5664343421875 0.380102325 0.561673909375 0.374731578125 0.5519699484375 0.367651959375 0.5481249828125 0.368140209375 0.5552656328125
0 0.3312773625 0.6145879609375 0.3293243640625 0.6182498328125 0.32419774375 0.6184329265625 0.32346536875 0.6200807687500001 0.3261507421875 0.6220947984375 0.328591990625 0.6213624249999999 0.3300567390625 0.6257566703124999 0.3329862375 0.62831998125 0.336648109375 0.6330804156250001 0.3376246078125 0.632897321875 0.343239478125 0.62923545 0.3386011078125 0.62117933125 0.335427484375 0.6153203359375 0.3312773625 0.6145879609375
0 0.60787076875 0.6352775390625001 0.6095796421874999 0.6338127890624999 0.6137297640625 0.6338127890624999 0.6164151375 0.632714228125 0.6147062640625001 0.6294185421875 0.6115326421875 0.6263059515625 0.6073825203125 0.6195314890625 0.5998146515625 0.6158696156250001 0.59200265625 0.6177005515625 0.597373403125 0.6244750156250001 0.6034765234374999 0.6308832921875 0.6027441484375 0.633446603125 0.6017676484375001 0.63582681875 0.6034765234374999 0.63692538125 0.60787076875 0.6352775390625001
0 0.6647518484375 0.584560609375 0.6574281046875 0.5799832703125001 0.659136978125 0.5783354265625 0.660113478125 0.5757721171875 0.65523098125 0.5746735546874999 0.652057359375 0.5743073671875 0.643268865625 0.5678990921875 0.6339921234375 0.56625125 0.6293537515625001 0.5603922546875 0.6217858828125 0.56570196875 0.6310626265625 0.576504490625 0.6374098703125 0.5808987375 0.6457101140625 0.5808987375 0.6532779828125 0.5816311125 0.6610899765625 0.584743703125 0.6647518484375 0.584560609375
0 0.596396903125 0.50161920625 0.5988381515625 0.4994220828125 0.600058775 0.4970418671875 0.5981057765625 0.4957602109375 0.597617528125 0.4924645265625 0.5939556546875 0.49081668437500003 0.5912702828125 0.4950278375 0.5871201609375001 0.49411236875000003 0.5863877859375 0.49630949218750003 0.587852534375 0.497408053125 0.5902937828125 0.497957334375 0.5858995359375 0.5043656109375 0.5858995359375 0.5089429515624999 0.5844347875 0.514435759375 0.589561409375 0.5160836015625 0.5941997796875 0.5127879171874999 0.5971292781249999 0.505830359375 0.5971292781249999 0.5039994234375 0.596396903125 0.50161920625
0 0.6737844671875 0.5816311125 0.67158734375 0.584011328125 0.6713432187499999 0.5873070140625 0.67256384375 0.5878562953124999 0.6769580890625 0.5862084515625 0.6801317124999999 0.585292984375 0.6803758375 0.5856591718749999 0.6811082109375 0.5862084515625 0.683305334375 0.586025359375 0.684770084375 0.5832789546875 0.6850142078125 0.58181420625 0.6896525796875 0.58071564375 0.695023325 0.5781523328125 0.698929321875 0.5752228359375 0.699661696875 0.5733919000000001 0.6967321984375 0.5691807468750001 0.6962439500000001 0.569913121875 0.6889202046875 0.5730257125 0.6811082109375 0.576321396875 0.6784228390625 0.5783354265625 0.675249215625 0.5785185203125 0.6728079671875 0.5796170828125 0.6737844671875 0.5816311125
0 0.7426276625 0.5651526875 0.7409187890625 0.5673498109375 0.7418952890625 0.568814559375 0.746045409375 0.569546934375 0.7497072828125 0.568631465625 0.75092790625 0.565518875 0.7533691546875 0.56606815625 0.7545897781249999 0.561673909375 0.7565427765625 0.5565472875 0.7587398999999999 0.54885735625 0.7545897781249999 0.545012390625 0.7482425328125 0.5510544796875 0.7450689109375 0.5578289437499999 0.7440924109375 0.560758440625 0.7416511640625 0.561857003125 0.7406746640625 0.5644203125 0.7426276625 0.5651526875
0 0.46164000937500005 0.5902365109375001 0.45944288593750005 0.592799821875 0.4582222625 0.5959124124999999 0.45480451562499996 0.593532196875 0.4518750171875 0.592982915625 0.44992201875 0.5942645703125 0.45089851875000003 0.5966447875 0.454072140625 0.59719406875 0.454316265625 0.6012221281250001 0.45578101406249993 0.6089120593749999 0.4587105125 0.61220774375 0.46334888437500005 0.61257393125 0.46823137968750006 0.6178836453125001 0.4743345 0.6131232125 0.4692078796875 0.60433471875 0.46456950781249995 0.5984757234375 0.4648136328125 0.592982915625 0.46164000937500005 0.5902365109375001
0 0.429903784375 0.62923545 0.4289272859375 0.62868616875 0.4255095390625 0.6288692625000001 0.42599778749999995 0.6310663859375001 0.4286831609375 0.632897321875 0.4277066609375 0.6376577546875 0.42648603749999997 0.6435167500000001 0.42477716406250005 0.6458969671875 0.431124409375 0.6468124359375 0.439668778125 0.6376577546875 0.43454215625000003 0.625390484375 0.43234503281250003 0.6266721390625001 0.429903784375 0.62923545
0 0.5163239671875 0.7015574234375 0.518765215625 0.6986279265625 0.5231594609375 0.6986279265625 0.5224270875 0.696064615625 0.517056340625 0.69276893125 0.505582475 0.684346625 0.49825873125 0.6819664078125001 0.4955733578125 0.6865437484375 0.4997234796875 0.6898394328124999 0.5033853515625 0.695332240625 0.5116855953125 0.6989941125 0.5116855953125 0.7013743296875 0.5129062203125 0.704120734375 0.5163239671875 0.7015574234375
0 0.412082675 0.73927470625 0.40915317656249994 0.7367113953125 0.40695605312499994 0.7363452078125 0.40475892968749994 0.7341480859375 0.40036468281250004 0.7326833359375 0.4010970578125 0.735795928125 0.40305005625 0.7390916125 0.40036468281250004 0.7405563609375 0.399876434375 0.742204203125 0.40353830625000003 0.743668953125 0.4050030546875 0.742204203125 0.407200178125 0.7460491703125001 0.4096414265625 0.7531898203125 0.41086205 0.758682628125 0.41794167031249996 0.759415003125 0.4201387921875 0.7528236328125 0.41891816875 0.7480631984375 0.415256296875 0.7447675140625 0.412082675 0.73927470625
0 0.2797301859375 0.6514652109375 0.2770983171875 0.6510892296875 0.275218409375 0.649867290625 0.270455978125 0.6476114015625 0.27321317500000003 0.652499159375 0.26619485468750004 0.6489273359375 0.2674481265625 0.6512772203125 0.27070663281249996 0.653533109375 0.2678241078125 0.6547550484375 0.26845074375 0.6569169421875001 0.2710826140625 0.6571049328125 0.27283719375 0.6553190203125 0.27622102656249997 0.660488765625 0.2813594390625 0.6648125515625 0.2846179453125 0.6706402640625 0.2886284140625 0.671486221875 0.2910096296875 0.66725643125 0.283991309375 0.6556950015624999 0.2793542046875 0.654661053125 0.2797301859375 0.6514652109375
0 0.321464125 0.6768439578125001 0.31895758281250003 0.6762799859374999 0.3174536578125 0.6737421109375 0.3158244046875 0.6703582781249999 0.313192534375 0.6681023890625 0.3101846828125 0.671110240625 0.3096833734375 0.6750580453125 0.3085554296875 0.6760919953125 0.30467028906250004 0.676185990625 0.305296925 0.678723865625 0.3075528125 0.6797578140625 0.3101846828125 0.6795698234375 0.3104353375 0.682389684375 0.3098087015625 0.6869014609375 0.3129418796875 0.691883215625 0.3220907609375 0.69207120625 0.325599921875 0.6841755953125 0.323469359375 0.680979753125 0.3222160890625 0.6781598921875001 0.321464125 0.6768439578125001
0 0.33550076562500003 0.6826716703125 0.3344981484375 0.6806977671875 0.33249291406250003 0.680603771875 0.3309889890625 0.6814497296875001 0.32961039062499997 0.682013703125 0.3269785203125 0.6815437249999999 0.32397066875 0.682013703125 0.3240959953125 0.6836116234375 0.3261012296875 0.6841755953125 0.3281064640625 0.6834236328125 0.3288584265625 0.6853975359375 0.3308636609375 0.6894393359375 0.3337461859375 0.694515084375 0.337506 0.6947030765625 0.3393859078125 0.6927291734375001 0.34088983281249996 0.6870894515625 0.33637805625 0.6848335624999999 0.33550076562500003 0.6826716703125
0 0.305296925 0.6660344921875 0.3045449609375 0.667820403125 0.3061742140625 0.671110240625 0.3041689796875 0.67205019375 0.3024144 0.675434028125 0.3056729046875 0.67534003125 0.30843010312499997 0.673648115625 0.327229175 0.67562201875 0.327479828125 0.6752460359375 0.32459730468750003 0.6715802171874999 0.313944496875 0.668572365625 0.309182065625 0.6686663609375 0.305296925 0.6660344921875
0 0.32459730468750003 0.705042565625 0.32246674375 0.70523055625 0.321464125 0.7055125421875 0.321464125 0.7080504171875 0.32033618124999996 0.71002431875 0.316827021875 0.7106822859374999 0.316827021875 0.7124681984375 0.318706928125 0.7132201609375 0.32033618124999996 0.7132201609375 0.32108814375 0.7128441796875 0.321213471875 0.7113402546875001 0.323469359375 0.71143425 0.33061300781249997 0.71256219375 0.3373806734375 0.7131261656250001 0.338759271875 0.70852039375 0.336002075 0.706922471875 0.33311955000000004 0.7059825187500001 0.32898375468749996 0.7056065375 0.32459730468750003 0.705042565625
0 0.336252728125 0.7147240874999999 0.3361274015625 0.7155700453125 0.33311955000000004 0.71510006875 0.3346234765625 0.7182959109375 0.3377566546875 0.7220557249999999 0.3341221671875 0.722995678125 0.333996840625 0.725157571875 0.33687936406249996 0.726285515625 0.338383290625 0.726285515625 0.339887215625 0.7294813578125 0.34189245 0.7336171546875 0.3432710484375 0.7366250062499999 0.35016404218749997 0.7376589546875 0.35304656562500003 0.7331471781250001 0.3516679671875 0.726285515625 0.342769740625 0.7187658875 0.336252728125 0.7147240874999999
0 0.3074274859375 0.7198938312500001 0.3066755234375 0.72092778125 0.2989052390625 0.7186718921875 0.3017877640625 0.7237476421875 0.2928895359375 0.7212097671875 0.2970253328125 0.7232776656250001 0.29990785625 0.7254395578125 0.2985292578125 0.7266614984374999 0.29978252968749997 0.728447409375 0.30203841875 0.7279774328124999 0.303667671875 0.726943484375 0.30680085 0.72976334375 0.310685990625 0.7330531828125 0.3160750578125 0.7339931359375 0.3207121625 0.72976334375 0.31632571249999997 0.72496958125 0.3093073921875 0.722243715625 0.309182065625 0.721115771875 0.3074274859375 0.7198938312500001
0 0.2812341125 0.750724309375 0.2767223359375 0.7515702671875 0.2768476625 0.7542021375 0.2749677546875 0.7564580265624999 0.269704015625 0.75965386875 0.273714484375 0.7610637984374999 0.2773489703125 0.7610637984374999 0.2782262609375 0.7599358546875 0.28023149531249997 0.7608758078125 0.28010616875 0.7641656453125 0.28449261875 0.7673614875 0.288753740625 0.7692413953125 0.2941428078125 0.7713092921875 0.3017877640625 0.7673614875 0.2941428078125 0.760217840625 0.28724981562499996 0.756928003125 0.2861218703125 0.7525102218749999 0.2812341125 0.750724309375
0 0.3674591875 0.804395659375 0.364326009375 0.8038316875 0.3604408671875 0.8023277609375 0.3569317078125 0.80242175625 0.3514173125 0.8031737187499999 0.3521692765625 0.80495963125 0.35467581875 0.8062755656249999 0.357057034375 0.8077794921875 0.3564303984375 0.8094714078124999 0.35943825 0.8103173671875 0.361819465625 0.8089074359374999 0.3680858234375 0.8118212921874999 0.37422685312500004 0.813513209375 0.3757307796875 0.810599353125 0.3764827421875 0.80749750625 0.37510414375 0.8053356125000001 0.3715949828125 0.804019678125 0.3674591875 0.804395659375
0 0.333548765625 0.8014458328125 0.335895959375 0.8056151921874999 0.33305461875 0.806263759375 0.3345370578125 0.8080241546875 0.337131325 0.8080241546875 0.3386137640625 0.8101551609375001 0.33984912968750003 0.81469513125 0.3429375453125 0.8178453140625 0.35207925156250003 0.8151583921875 0.348496690625 0.8075608937500001 0.341825715625 0.8055225390625 0.3386137640625 0.8044107109375 0.333548765625 0.8014458328125
0 0.3252718140625 0.825906075 0.32737193593749997 0.8279444281250001 0.3245305953125 0.8298901296875 0.32539535 0.8321137890625 0.3278660828125 0.8321137890625 0.32798961875 0.83063135 0.3312015703125 0.83044604375 0.338984375 0.8324843984375001 0.3459024234375 0.8329476609375 0.344419984375 0.8279444281250001 0.33762547187499997 0.82516485625 0.33132510625 0.8240530265625001 0.3247776671875 0.823404459375 0.3252718140625 0.825906075
0 0.28660486406249996 0.8165481796874999 0.2841341328125 0.8124714718750001 0.2815398640625 0.8119155578124999 0.2803044984375 0.8127494296875 0.28092218125 0.816362875 0.278080840625 0.8176600078125 0.2765984015625 0.820068971875 0.2791926703125 0.8214587578125 0.2815398640625 0.8211808015625 0.28215754843749996 0.8201616250000001 0.283887059375 0.8194204046875001 0.288952059375 0.82136610625 0.2938935234375 0.822663240625 0.3005644984375 0.8236824171875 0.302417546875 0.8234971124999999 0.3005644984375 0.8169187890625 0.2937699859375 0.8146024781250001 0.288952059375 0.8158996125 0.28660486406249996 0.8165481796874999