0 0.65625 0.82890625 0.065625 0.01875
0 0.6734375 0.7453125 0.05 0.025
0 0.48359375 0.65703125 0.034375 0.0390625
0 0.359375 0.65390625 0.0453125 0.021875
0 0.37890625 0.559375 0.03125 0.0390625
0 0.5125 0.525 0.05625 0.021875
0 0.7125 0.496875 0.0484375 0.0328125
0 0.253125 0.49140625 0.028125 0.046875
0 0.25625 0.3828125 0.0453125 0.03125
0 0.31640625 0.36640625 0.0296875 0.05
0 0.46875 0.39921875 0.0328125 0.040625
0 0.44921875 0.3359375 0.05625 0.025
0 0.56796875 0.34765625 0.028125 0.034375
0 0.63828125 0.37890625 0.053125 0.028125
0 0.6765625 0.428125 0.0390625 0.04375
0 0.77109375 0.3328125 0.05625 0.03125
0 0.81953125 0.2203125 0.053125 0.03125
0 0.61015625 0.22421875 0.025 0.04375
0 0.5328125 0.175 0.065625 0.0328125
0 0.753125 0.14375 0.040625 0.040625