0 0.5078125 0.31171875 0.075 0.02109375
0 0.49609375 0.3609375 0.03671875 0.04609375
0 0.4453125 0.36953125 0.0265625 0.05
0 0.3984375 0.4140625 0.0421875 0.05625
0 0.475 0.45234375 0.07578125 0.021875
0 0.6109375 0.39921875 0.04921875 0.0390625
0 0.60546875 0.45078125 0.075 0.02578125
0 0.371875 0.475 0.05390625 0.05234375
0 0.36328125 0.51875 0.03046875 0.025
0 0.27578125 0.4984375 0.06171875 0.03359375
0 0.471875 0.54453125 0.046875 0.040625
0 0.53828125 0.54140625 0.06953125 0.02578125
0 0.59375 0.5359375 0.028125 0.05703125
0 0.64140625 0.5796875 0.03203125 0.05703125
0 0.5296875 0.6046875 0.0796875 0.01640625
0 0.72890625 0.6296875 0.07109375 0.01875
0 0.46875 0.7390625 0.0765625 0.02265625
0 0.35234375 0.8796875 0.046875 0.0390625
0 0.4453125 0.653125 0.05 0.0453125
0 0.30390625 0.61328125 0.0296875 0.059375