0 0.5078125 0.159375 0.08359375 0.03046875
0 0.1828125 0.23046875 0.0890625 0.03203125
0 0.47421875 0.284375 0.09140625 0.03046875
0 0.3140625 0.35 0.05546875 0.05234375
0 0.75390625 0.3140625 0.0546875 0.05
0 0.69765625 0.41640625 0.046875 0.06484375
0 0.73046875 0.475 0.075 0.0375
0 0.3875 0.43671875 0.0328125 0.025
0 0.4234375 0.4453125 0.03203125 0.01875
0 0.5703125 0.56015625 0.04609375 0.0609375
0 0.46796875 0.5875 0.053125 0.05234375
0 0.2828125 0.609375 0.08359375 0.034375
0 0.2125 0.55859375 0.0546875 0.05234375
0 0.440625 0.64921875 0.08046875 0.04296875
0 0.578125 0.65625 0.04296875 0.06015625
0 0.796875 0.634375 0.0453125 0.06328125
0 0.66484375 0.70703125 0.0765625 0.0421875
0 0.79921875 0.71796875 0.0609375 0.04921875
0 0.79296875 0.77421875 0.06171875 0.05234375
0 0.3 0.7921875 0.0953125 0.0375