0 0.71640625 0.13046875 0.0328125 0.03203125
0 0.4484375 0.30625 0.0609375 0.021875
0 0.5328125 0.30703125 0.05234375 0.01484375
0 0.45078125 0.36015625 0.04453125 0.02734375
0 0.48046875 0.40390625 0.0453125 0.025
0 0.52734375 0.43515625 0.0578125 0.025
0 0.4125 0.4875 0.06171875 0.0359375
0 0.48203125 0.50546875 0.046875 0.03828125
0 0.47265625 0.575 0.05 0.03359375
0 0.31875 0.6640625 0.01875 0.05078125
0 0.51171875 0.62890625 0.0453125 0.0375
0 0.64296875 0.6515625 0.021875 0.03984375
0 0.56484375 0.7453125 0.02265625 0.03828125
0 0.6046875 0.80078125 0.0234375 0.02578125
0 0.4296875 0.8078125 0.0515625 0.01484375
0 0.75234375 0.7546875 0.0140625 0.04453125
0 0.846875 0.75859375 0.03359375 0.046875
0 0.79140625 0.90859375 0.04765625 0.02734375
0 0.60390625 0.87578125 0.053125 0.02265625
0 0.440625 0.93828125 0.05078125 0.021875