0 0.615625 0.05078125 0.103125 0.0671875
0 0.6046875 0.18125 0.065625 0.0640625
0 0.5171875 0.29921875 0.090625 0.053125
0 0.50625 0.3703125 0.065625 0.0671875
0 0.5671875 0.36015625 0.065625 0.0609375
0 0.63125 0.33125 0.0703125 0.0640625
0 0.60546875 0.47265625 0.06875 0.0703125
0 0.53984375 0.50625 0.0734375 0.071875
0 0.55625 0.56640625 0.08125 0.0625
0 0.60625 0.64296875 0.084375 0.05625
0 0.909375 0.6828125 0.090625 0.046875
0 0.22265625 0.80546875 0.0875 0.0640625
0 0.434375 0.8734375 0.0546875 0.065625
0 0.60546875 0.8296875 0.0546875 0.065625
0 0.64453125 0.790625 0.0625 0.0484375
0 0.45546875 0.94765625 0.0625 0.04375
0 0.39921875 0.95078125 0.0609375 0.034375
0 0.825 0.88203125 0.0828125 0.0453125
0 0.91796875 0.8328125 0.0859375 0.04375
0 0.92109375 0.87890625 0.071875 0.0515625