0 0.49296875 0.6734375 0.065625 0.021875
0 0.41953125 0.6390625 0.03125 0.05
0 0.47890625 0.628125 0.0375 0.0453125
0 0.44375 0.58515625 0.065625 0.0296875
0 0.396875 0.5890625 0.021875 0.0265625
0 0.6140625 0.590625 0.0515625 0.0421875
0 0.61484375 0.5421875 0.0765625 0.021875
0 0.48125 0.5328125 0.0765625 0.0203125
0 0.3859375 0.478125 0.0453125 0.040625
0 0.290625 0.48515625 0.0625 0.03125
0 0.484375 0.44140625 0.0484375 0.0484375
0 0.59375 0.42578125 0.0453125 0.05
0 0.64921875 0.4140625 0.0328125 0.0546875
0 0.56875 0.37734375 0.0328125 0.046875
0 0.5390625 0.40390625 0.021875 0.05
0 0.459375 0.334375 0.0546875 0.053125
0 0.3203125 0.36875 0.03125 0.053125
0 0.3765625 0.26640625 0.046875 0.046875
0 0.48828125 0.24765625 0.078125 0.0265625
0 0.74921875 0.3640625 0.0796875 0.0234375