0 0.66953125 0.08828125 0.071875 0.0484375
0 0.509375 0.30234375 0.071875 0.03125
0 0.42578125 0.3109375 0.078125 0.0390625
0 0.4328125 0.3671875 0.0765625 0.053125
0 0.4734375 0.40625 0.0796875 0.04375
0 0.528125 0.43515625 0.0875 0.0359375
0 0.39765625 0.50859375 0.06875 0.0640625
0 0.475 0.5109375 0.059375 0.0546875
0 0.4796875 0.57578125 0.0796875 0.0609375
0 0.52109375 0.63203125 0.0640625 0.05625
0 0.66015625 0.6359375 0.0625 0.0625
0 0.58671875 0.73984375 0.0515625 0.059375
0 0.3390625 0.7109375 0.0421875 0.0609375
0 0.41015625 0.85859375 0.0765625 0.05625
0 0.36640625 0.95234375 0.084375 0.05
0 0.5859375 0.896875 0.075 0.05
0 0.640625 0.78515625 0.05 0.0578125
0 0.87421875 0.75390625 0.0609375 0.053125
0 0.83203125 0.8171875 0.0765625 0.0453125
0 0.8109375 0.890625 0.096875 0.046875