0 0.51875 0.90390625 0.08125 0.0265625
0 0.43671875 0.69375 0.0671875 0.034375
0 0.51796875 0.6953125 0.0734375 0.025
0 0.4390625 0.6375 0.0578125 0.0375
0 0.4765625 0.59921875 0.0625 0.0296875
0 0.5296875 0.5671875 0.0703125 0.028125
0 0.41171875 0.50546875 0.046875 0.05
0 0.47265625 0.4890625 0.05 0.053125
0 0.484375 0.4265625 0.06875 0.046875
0 0.51875 0.36875 0.0484375 0.046875
0 0.64453125 0.2890625 0.0375 0.0609375
0 0.57421875 0.25 0.053125 0.0484375
0 0.628125 0.21015625 0.040625 0.0546875
0 0.8234375 0.16640625 0.0796875 0.0421875
0 0.7734375 0.0859375 0.075 0.028125
0 0.87421875 0.24453125 0.040625 0.0609375
0 0.3328125 0.259375 0.059375 0.05625
0 0.38125 0.12890625 0.05 0.053125
0 0.4796875 0.071875 0.075 0.034375
0 0.2828125 0.0359375 0.0625 0.034375