0 0.30859375 0.078125 0.05625 0.0265625
0 0.36328125 0.07578125 0.0453125 0.034375
0 0.115625 0.14140625 0.04375 0.0515625
0 0.07890625 0.21796875 0.040625 0.040625
0 0.12265625 0.23359375 0.0375 0.021875
0 0.1484375 0.2171875 0.028125 0.034375
0 0.10859375 0.278125 0.025 0.0359375
0 0.1734375 0.3046875 0.053125 0.046875
0 0.0890625 0.34140625 0.028125 0.0390625
0 0.1609375 0.4296875 0.021875 0.053125
0 0.13203125 0.5046875 0.0234375 0.046875
0 0.146875 0.70703125 0.028125 0.0546875
0 0.19296875 0.73359375 0.0625 0.0265625
0 0.32734375 0.82109375 0.0515625 0.0484375
0 0.14140625 0.8859375 0.040625 0.040625
0 0.17421875 0.94453125 0.046875 0.025
0 0.21171875 0.96328125 0.046875 0.0375
0 0.8578125 0.45859375 0.0578125 0.0453125
0 0.7671875 0.071875 0.06875 0.028125
0 0.1234375 0.415625 0.028125 0.0453125