0 0.23359375 0.26796875 0.0359375 0.0578125
0 0.1921875 0.34765625 0.059375 0.0421875
0 0.38046875 0.3578125 0.071875 0.034375
0 0.33984375 0.390625 0.0625 0.0375
0 0.5484375 0.4140625 0.040625 0.0546875
0 0.56484375 0.48828125 0.03125 0.0578125
0 0.5234375 0.490625 0.0328125 0.0515625
0 0.67890625 0.50625 0.0703125 0.059375
0 0.4140625 0.4609375 0.0421875 0.03125
0 0.4265625 0.440625 0.0359375 0.0171875
0 0.334375 0.49765625 0.040625 0.0328125
0 0.3359375 0.53671875 0.0484375 0.028125
0 0.403125 0.5375 0.046875 0.053125
0 0.38359375 0.59375 0.046875 0.05
0 0.25390625 0.646875 0.075 0.025
0 0.14921875 0.65703125 0.0359375 0.0484375
0 0.13671875 0.72578125 0.0375 0.04375
0 0.53828125 0.74765625 0.0375 0.04375
0 0.1875 0.78515625 0.0703125 0.0203125
0 0.140625 0.81796875 0.021875 0.046875