0 0.75 0.228125 0.0859375 0.0203125
0 0.6859375 0.2546875 0.078125 0.0203125
0 0.48671875 0.3328125 0.034375 0.053125
0 0.35625 0.34375 0.0671875 0.0203125
0 0.38671875 0.44375 0.0546875 0.053125
0 0.25234375 0.49921875 0.0296875 0.053125
0 0.4578125 0.59375 0.0625 0.053125
0 0.5046875 0.47265625 0.078125 0.0203125
0 0.6234375 0.52265625 0.090625 0.0359375
0 0.6765625 0.571875 0.0375 0.05
0 0.63125 0.61640625 0.0546875 0.0359375
0 0.56484375 0.6578125 0.0234375 0.0515625
0 0.43046875 0.66015625 0.0875 0.0234375
0 0.3125 0.6171875 0.0328125 0.05625
0 0.24609375 0.6078125 0.0703125 0.021875
0 0.4734375 0.73828125 0.084375 0.021875
0 0.49140625 0.78359375 0.06875 0.0296875
0 0.6078125 0.77578125 0.0703125 0.040625
0 0.4546875 0.84921875 0.05625 0.0421875
0 0.7734375 0.66953125 0.065625 0.03125