0 0.45703125 0.33203125 0.0671875 0.034375
0 0.3921875 0.38046875 0.040625 0.0546875
0 0.453125 0.3796875 0.0453125 0.053125
0 0.42734375 0.42890625 0.0703125 0.0421875
0 0.38046875 0.434375 0.0265625 0.0296875
0 0.59296875 0.38828125 0.059375 0.0515625
0 0.60390625 0.43515625 0.078125 0.0375
0 0.475 0.471875 0.078125 0.0359375
0 0.39296875 0.54453125 0.053125 0.0484375
0 0.2984375 0.5578125 0.0671875 0.0421875
0 0.496875 0.5609375 0.05625 0.05625
0 0.60703125 0.553125 0.053125 0.0578125
0 0.6640625 0.553125 0.0421875 0.059375
0 0.59296875 0.60625 0.0421875 0.0515625
0 0.55859375 0.5859375 0.03125 0.053125
0 0.49453125 0.6703125 0.0640625 0.0625
0 0.3515625 0.665625 0.0421875 0.059375
0 0.428125 0.75390625 0.0546875 0.0546875
0 0.540625 0.74921875 0.08125 0.0421875
0 0.771875 0.58125 0.08125 0.0390625