0 0.78359375 0.66875 0.053125 0.0515625
0 0.81640625 0.59609375 0.0546875 0.046875
0 0.67109375 0.57734375 0.0609375 0.040625
0 0.65078125 0.63671875 0.0390625 0.0625
0 0.46015625 0.584375 0.0359375 0.0546875
0 0.4734375 0.50703125 0.0390625 0.0578125
0 0.43203125 0.51328125 0.0421875 0.0578125
0 0.56640625 0.54609375 0.0375 0.025
0 0.57578125 0.52265625 0.0375 0.025
0 0.65390625 0.4625 0.05625 0.05625
0 0.58046875 0.4484375 0.0421875 0.0515625
0 0.5890625 0.384375 0.0515625 0.059375
0 0.66953125 0.3796875 0.0296875 0.0515625
0 0.6703125 0.3375 0.059375 0.034375
0 0.80390625 0.33828125 0.0375 0.046875
0 0.81796875 0.21640625 0.04375 0.0546875
0 0.7578125 0.11640625 0.04375 0.0578125
0 0.78671875 0.09140625 0.0296875 0.05
0 0.4296875 0.225 0.05625 0.046875
0 0.31328125 0.525 0.06875 0.05625