0 0.75 0.1015625 0.0703125 0.03671875
0 0.278125 0.046875 0.08359375 0.0296875
0 0.15 0.11796875 0.06640625 0.02421875
0 0.2203125 0.1078125 0.053125 0.0375
0 0.1109375 0.225 0.0328125 0.04296875
0 0.1453125 0.29296875 0.0390625 0.04609375
0 0.109375 0.284375 0.02578125 0.0546875
0 0.1265625 0.3671875 0.021875 0.05
0 0.1015625 0.40234375 0.01953125 0.046875
0 0.1765625 0.44453125 0.04296875 0.04609375
0 0.14765625 0.52890625 0.04453125 0.05078125
0 0.10234375 0.56796875 0.02890625 0.0296875
0 0.1203125 0.5953125 0.02109375 0.021875
0 0.184375 0.69765625 0.06171875 0.04296875
0 0.11796875 0.778125 0.07578125 0.03046875
0 0.103125 0.83828125 0.040625 0.0515625
0 0.31484375 0.84609375 0.0328125 0.0640625
0 0.14296875 0.93046875 0.05859375 0.05625
0 0.81953125 0.50546875 0.06484375 0.040625