0 0.4640625 0.92421875 0.09375 0.0515625
0 0.05 0.87109375 0.0921875 0.0421875
0 0.08984375 0.8140625 0.0890625 0.0453125
0 0.028125 0.7640625 0.0421875 0.0609375
0 0.03359375 0.715625 0.065625 0.0359375
0 0.06015625 0.6375 0.03125 0.03125
0 0.08984375 0.61875 0.025 0.0328125
0 0.134375 0.59140625 0.04375 0.0578125
0 0.11640625 0.50703125 0.0375 0.05
0 0.19140625 0.48203125 0.078125 0.0359375
0 0.07421875 0.4296875 0.0234375 0.0171875
0 0.0921875 0.41640625 0.0515625 0.0234375
0 0.19921875 0.36953125 0.075 0.0359375
0 0.10703125 0.2984375 0.0359375 0.053125
0 0.28046875 0.2171875 0.059375 0.0625
0 0.17890625 0.1578125 0.071875 0.0421875
0 0.1609375 0.1140625 0.034375 0.04375
0 0.39609375 0.0734375 0.040625 0.0578125
0 0.2265625 0.02265625 0.075 0.0453125
0 0.8296875 0.46953125 0.04375 0.0578125