0 0.31328125 0.740625 0.078125 0.025
0 0.51484375 0.66875 0.0328125 0.0546875
0 0.64765625 0.659375 0.0703125 0.028125
0 0.61328125 0.56015625 0.0484375 0.0578125
0 0.4984375 0.5265625 0.075 0.021875
0 0.36796875 0.47578125 0.0875 0.034375
0 0.3296875 0.428125 0.0421875 0.053125
0 0.3734375 0.37734375 0.0625 0.046875
0 0.5453125 0.40703125 0.05 0.0453125
0 0.440625 0.3390625 0.034375 0.05625
0 0.5671875 0.3421875 0.0765625 0.03125
0 0.22890625 0.328125 0.075 0.0328125
0 0.35078125 0.27421875 0.075 0.025
0 0.40078125 0.23046875 0.046875 0.05625
0 0.375 0.1625 0.0671875 0.03125
0 0.43515625 0.121875 0.0453125 0.0421875
0 0.7484375 0.50390625 0.0421875 0.0546875
0 0.69453125 0.3859375 0.0375 0.0625
0 0.7578125 0.40078125 0.053125 0.05
0 0.30859375 0.79375 0.0640625 0.059375