0 0.53984375 0.09765625 0.0796875 0.021875
0 0.446875 0.303125 0.065625 0.03046875
0 0.528125 0.30625 0.07265625 0.021875
0 0.44609375 0.359375 0.05625 0.03515625
0 0.48203125 0.4 0.0609375 0.02578125
0 0.5328125 0.434375 0.06875 0.02421875
0 0.4125 0.48984375 0.04375 0.04765625
0 0.471875 0.509375 0.04765625 0.05
0 0.48046875 0.57265625 0.06640625 0.04375
0 0.51171875 0.63203125 0.04609375 0.04453125
0 0.63359375 0.71796875 0.034375 0.059375
0 0.5609375 0.75390625 0.05078125 0.04609375
0 0.6125 0.79609375 0.0375 0.05234375
0 0.80546875 0.85 0.07734375 0.0375
0 0.7515625 0.928125 0.0734375 0.025
0 0.86015625 0.775 0.0375 0.05859375
0 0.3203125 0.73125 0.05625 0.05390625
0 0.36171875 0.8640625 0.046875 0.05078125
0 0.45703125 0.9265625 0.0734375 0.03046875
0 0.25859375 0.95234375 0.06171875 0.03046875