0 0.0984375 0.8828125 0.0359375 0.053125
0 0.1140625 0.8171875 0.03125 0.0421875
0 0.10625 0.7640625 0.0265625 0.0484375
0 0.1765625 0.8265625 0.05 0.0328125
0 0.23984375 0.85 0.04375 0.040625
0 0.375 0.859375 0.059375 0.028125
0 0.35546875 0.90390625 0.0484375 0.040625
0 0.4765625 0.915625 0.040625 0.0328125
0 0.4796875 0.8921875 0.0359375 0.0203125
0 0.54296875 0.85859375 0.0484375 0.01875
0 0.21796875 0.65859375 0.0375 0.034375
0 0.5625 0.653125 0.025 0.04375
0 0.20703125 0.5265625 0.0375 0.0453125
0 0.39609375 0.4265625 0.053125 0.028125
0 0.15625 0.3421875 0.0390625 0.0421875
0 0.2515625 0.2984375 0.0453125 0.0484375
0 0.19921875 0.2703125 0.0328125 0.0421875
0 0.18203125 0.209375 0.03125 0.0515625
0 0.3203125 0.20546875 0.0515625 0.0328125
0 0.3734375 0.253125 0.05 0.0296875