0 0.52578125 0.68125 0.0578125 0.0328125
0 0.60859375 0.628125 0.0390625 0.046875
0 0.80703125 0.609375 0.0578125 0.025
0 0.4578125 0.6296875 0.0671875 0.0359375
0 0.55859375 0.5984375 0.0609375 0.0296875
0 0.66484375 0.54453125 0.03125 0.040625
0 0.74140625 0.4625 0.053125 0.0453125
0 0.63828125 0.48125 0.0453125 0.0421875
0 0.44453125 0.5359375 0.0328125 0.0421875
0 0.4921875 0.55859375 0.0796875 0.03125
0 0.2078125 0.53984375 0.0546875 0.0375
0 0.5265625 0.4015625 0.0546875 0.040625
0 0.42890625 0.39921875 0.0578125 0.040625
0 0.45078125 0.3234375 0.065625 0.0375
0 0.67734375 0.32578125 0.0703125 0.053125
0 0.7203125 0.25 0.04375 0.0484375
0 0.7765625 0.17890625 0.040625 0.0453125
0 0.78828125 0.22421875 0.0625 0.046875
0 0.7171875 0.18828125 0.0421875 0.0484375
0 0.59375 0.07109375 0.065625 0.0390625