0 0.765625 0.08203125 0.078125 0.0359375
0 0.775 0.0296875 0.0296875 0.0296875
0 0.72421875 0.034375 0.0703125 0.0265625
0 0.72265625 0.0546875 0.0765625 0.0328125
0 0.6078125 0.09453125 0.071875 0.03125
0 0.44296875 0.15703125 0.065625 0.0640625
0 0.30625 0.134375 0.0734375 0.0734375
0 0.103125 0.31875 0.0625 0.0484375
0 0.1453125 0.3703125 0.0390625 0.0671875
0 0.409375 0.32890625 0.0609375 0.0609375
0 0.22265625 0.48515625 0.04375 0.059375
0 0.1578125 0.6 0.04375 0.0640625
0 0.309375 0.6078125 0.0421875 0.05625
0 0.146875 0.68203125 0.0421875 0.0640625
0 0.23125 0.8828125 0.04375 0.0640625
0 0.2515625 0.98203125 0.03125 0.0359375
0 0.709375 0.86484375 0.059375 0.0453125
0 0.925 0.846875 0.0484375 0.0625
0 0.64453125 0.75546875 0.053125 0.06875