0 0.6890625 0.9484375 0.0453125 0.0390625
0 0.6203125 0.93515625 0.0265625 0.0421875
0 0.5609375 0.921875 0.0515625 0.0296875
0 0.7625 0.8796875 0.0328125 0.040625
0 0.71875 0.9015625 0.034375 0.0359375
0 0.79453125 0.8078125 0.0390625 0.04375
0 0.3765625 0.66640625 0.0421875 0.0421875
0 0.359375 0.6484375 0.0359375 0.0296875
0 0.81640625 0.58515625 0.05 0.0359375
0 0.8203125 0.60703125 0.028125 0.0375
0 0.76484375 0.45234375 0.0390625 0.0484375
0 0.615625 0.31328125 0.0453125 0.0375
0 0.86484375 0.31484375 0.0453125 0.0453125
0 0.70234375 0.2578125 0.065625 0.046875
0 0.890625 0.25703125 0.03125 0.046875
0 0.875 0.215625 0.0359375 0.046875
0 0.8140625 0.1953125 0.04375 0.040625
0 0.7625 0.2046875 0.0546875 0.040625
0 0.75078125 0.16015625 0.075 0.0296875
0 0.88828125 0.1625 0.05625 0.0546875