0 0.91171875 0.865625 0.025 0.0296875
0 0.853125 0.8515625 0.0484375 0.0234375
0 0.81640625 0.8828125 0.0296875 0.0328125
0 0.88046875 0.809375 0.04375 0.0296875
0 0.75390625 0.8328125 0.0625 0.021875
0 0.4953125 0.89765625 0.0640625 0.0296875
0 0.40234375 0.8421875 0.0671875 0.0203125
0 0.29453125 0.7453125 0.0328125 0.04375
0 0.21640625 0.71015625 0.034375 0.0359375
0 0.178125 0.703125 0.0265625 0.046875
0 0.46875 0.61328125 0.0265625 0.04375
0 0.49921875 0.5625 0.0546875 0.028125
0 0.103125 0.45078125 0.0625 0.0296875
0 0.5640625 0.21875 0.0375 0.0515625
0 0.8390625 0.21953125 0.0546875 0.0609375
0 0.634375 0.11796875 0.0421875 0.0390625
0 0.07890625 0.128125 0.0625 0.0421875
0 0.234375 0.0859375 0.0453125 0.040625
0 0.1546875 0.0515625 0.06875 0.0296875
0 0.87265625 0.68125 0.0234375 0.0640625