0 0.0828125 0.7171875 0.0453125 0.05
0 0.36640625 0.65859375 0.04375 0.05
0 0.2765625 0.546875 0.0546875 0.05
0 0.209375 0.53515625 0.0453125 0.053125
0 0.7859375 0.76015625 0.0625 0.05625
0 0.38203125 0.4296875 0.0609375 0.0328125
0 0.29296875 0.409375 0.04375 0.05
0 0.28671875 0.3453125 0.0546875 0.0390625
0 0.4203125 0.30859375 0.0421875 0.046875
0 0.61875 0.2890625 0.028125 0.0359375
0 0.57578125 0.290625 0.0703125 0.03125
0 0.8875 0.45546875 0.0609375 0.0546875
0 0.91484375 0.38515625 0.053125 0.0390625
0 0.8984375 0.2859375 0.046875 0.046875
0 0.846875 0.17890625 0.0375 0.05625
0 0.8171875 0.1375 0.0734375 0.04375
0 0.78125 0.175 0.065625 0.034375
0 0.90859375 0.21796875 0.053125 0.0265625
0 0.95 0.21875 0.03125 0.021875
0 0.95078125 0.18515625 0.03125 0.034375