0 0.16015625 0.8921875 0.046875 0.046875
0 0.16953125 0.83828125 0.0296875 0.0453125
0 0.1703125 0.7859375 0.040625 0.0546875
0 0.4015625 0.68046875 0.0328125 0.053125
0 0.2953125 0.66875 0.0265625 0.0546875
0 0.8375 0.528125 0.0875 0.0328125
0 0.834375 0.253125 0.075 0.021875
0 0.8546875 0.2109375 0.028125 0.053125
0 0.80859375 0.19453125 0.053125 0.0234375
0 0.71328125 0.175 0.065625 0.01875
0 0.84609375 0.121875 0.0328125 0.0390625
0 0.80546875 0.12421875 0.046875 0.0359375
0 0.8203125 0.153125 0.034375 0.0203125
0 0.840625 0.07421875 0.0703125 0.0296875
0 0.66015625 0.0546875 0.05625 0.0375
0 0.48984375 0.12421875 0.0734375 0.0359375
0 0.346875 0.45234375 0.078125 0.01875
0 0.46796875 0.4 0.0421875 0.05
0 0.49375 0.4703125 0.0265625 0.053125
0 0.190625 0.5484375 0.040625 0.0578125