0 0.45 0.87890625 0.015625 0.046875
0 0.38125 0.878125 0.0546875 0.028125
0 0.8578125 0.85546875 0.0515625 0.034375
0 0.7125 0.61484375 0.0375 0.05
0 0.66015625 0.571875 0.04375 0.0359375
0 0.52265625 0.5390625 0.0359375 0.0453125
0 0.521875 0.44453125 0.0328125 0.0453125
0 0.43984375 0.49296875 0.075 0.021875
0 0.3578125 0.49453125 0.0421875 0.053125
0 0.18203125 0.65390625 0.06875 0.0203125
0 0.18515625 0.596875 0.0453125 0.040625
0 0.228125 0.40078125 0.0578125 0.028125
0 0.4078125 0.3984375 0.059375 0.01875
0 0.48046875 0.4203125 0.0578125 0.0234375
0 0.5875 0.36484375 0.0390625 0.0390625
0 0.5015625 0.3515625 0.0609375 0.028125
0 0.43046875 0.346875 0.0609375 0.0265625
0 0.321875 0.27109375 0.0640625 0.0328125
0 0.22734375 0.28203125 0.071875 0.0375
0 0.2828125 0.2046875 0.03125 0.040625