0 0.37265625 0.09140625 0.0703125 0.01171875
0 0.23203125 0.12109375 0.0578125 0.021875
0 0.28671875 0.1453125 0.05859375 0.01953125
0 0.1578125 0.2078125 0.02890625 0.04375
0 0.2765625 0.26953125 0.0625 0.0359375
0 0.42265625 0.2171875 0.046875 0.03359375
0 0.49765625 0.18984375 0.04296875 0.0390625
0 0.59921875 0.10546875 0.046875 0.01171875
0 0.64609375 0.09609375 0.04609375 0.0171875
0 0.6859375 0.08515625 0.040625 0.01953125
0 0.60390625 0.26171875 0.02734375 0.0390625
0 0.68984375 0.36875 0.0609375 0.02578125
0 0.47421875 0.325 0.04140625 0.0390625
0 0.43125 0.54140625 0.02109375 0.05
0 0.24375 0.5984375 0.059375 0.01953125
0 0.2671875 0.7109375 0.05859375 0.01875
0 0.43359375 0.7765625 0.05 0.03125
0 0.6140625 0.88671875 0.05078125 0.01484375
0 0.85546875 0.90234375 0.071875 0.015625
0 0.8234375 0.6296875 0.03359375 0.03671875