0 0.79375 0.140625 0.06875 0.03125
0 0.68828125 0.13671875 0.0796875 0.0328125
0 0.62421875 0.1640625 0.0765625 0.0265625
0 0.55390625 0.1765625 0.0375 0.0484375
0 0.51328125 0.11875 0.0671875 0.025
0 0.4015625 0.13984375 0.0765625 0.0359375
0 0.24765625 0.11171875 0.0546875 0.01875
0 0.29296875 0.1265625 0.0390625 0.021875
0 0.2421875 0.06953125 0.0515625 0.0171875
0 0.271875 0.0828125 0.0390625 0.01875
0 0.75625 0.2640625 0.0375 0.04375
0 0.5078125 0.265625 0.05625 0.04375
0 0.31328125 0.3578125 0.0765625 0.0296875
0 0.6140625 0.528125 0.0578125 0.0421875
0 0.7484375 0.62265625 0.0734375 0.025
0 0.7265625 0.73671875 0.065625 0.0265625
0 0.50859375 0.80546875 0.053125 0.04375
0 0.209375 0.67421875 0.034375 0.046875
0 0.1421875 0.7046875 0.0375 0.034375
0 0.1765625 0.77734375 0.0484375 0.05625