0 0.6546875 0.0921875 0.08359375 0.02421875
0 0.4921875 0.1234375 0.1078125 0.025
0 0.6125 0.13671875 0.03359375 0.05625
0 0.80390625 0.1078125 0.08125 0.04140625
0 0.8453125 0.190625 0.04140625 0.0671875
0 0.6625 0.18984375 0.03203125 0.0578125
0 0.640625 0.2421875 0.04765625 0.03984375
0 0.5265625 0.2515625 0.0875 0.034375
0 0.6671875 0.30703125 0.0765625 0.03984375
0 0.83046875 0.3375 0.03984375 0.05703125
0 0.721875 0.38046875 0.04140625 0.0515625
0 0.51796875 0.50546875 0.053125 0.05078125
0 0.78984375 0.49375 0.06640625 0.03046875
0 0.79921875 0.57265625 0.05078125 0.06015625
0 0.68828125 0.5859375 0.0375 0.05703125
0 0.86640625 0.640625 0.03046875 0.05546875
0 0.78515625 0.76875 0.0390625 0.04921875
0 0.76171875 0.8125 0.05390625 0.03203125
0 0.8921875 0.9 0.02265625 0.04453125
0 0.8875 0.93359375 0.04921875 0.01640625