0 0.65546875 0.13671875 0.06796875 0.02109375
0 0.69296875 0.16640625 0.0515625 0.0203125
0 0.8015625 0.21484375 0.0734375 0.02109375
0 0.31796875 0.19453125 0.06015625 0.0375
0 0.18125 0.296875 0.06640625 0.0359375
0 0.2484375 0.42890625 0.0609375 0.040625
0 0.5578125 0.428125 0.07265625 0.01796875
0 0.41640625 0.52265625 0.03046875 0.04609375
0 0.84609375 0.465625 0.08046875 0.02890625
0 0.834375 0.52890625 0.0546875 0.03359375
0 0.85625 0.56953125 0.03671875 0.0453125
0 0.76640625 0.67890625 0.03671875 0.04453125
0 0.58046875 0.7796875 0.025 0.06015625
0 0.421875 0.87734375 0.0796875 0.03046875
0 0.31640625 0.78671875 0.05390625 0.05703125
0 0.09609375 0.81640625 0.03359375 0.065625
0 0.10859375 0.66484375 0.0296875 0.07421875