0 0.23203125 0.87890625 0.065625 0.028125
0 0.3375 0.87578125 0.078125 0.028125
0 0.39921875 0.84375 0.075 0.021875
0 0.46875 0.8265625 0.034375 0.046875
0 0.51328125 0.88125 0.065625 0.021875
0 0.6234375 0.85234375 0.075 0.03125
0 0.77890625 0.86953125 0.053125 0.015625
0 0.7328125 0.8578125 0.0375 0.01875
0 0.7875 0.91171875 0.05 0.0140625
0 0.75703125 0.9 0.0375 0.015625
0 0.2609375 0.753125 0.034375 0.040625
0 0.50859375 0.734375 0.053125 0.040625
0 0.69609375 0.62890625 0.075 0.025
0 0.384375 0.4796875 0.0546875 0.0375
0 0.24375 0.3953125 0.071875 0.01875
0 0.2578125 0.2796875 0.065625 0.021875
0 0.4703125 0.19609375 0.05 0.040625
0 0.778125 0.30625 0.03125 0.0453125
0 0.84296875 0.27109375 0.0359375 0.03125
0 0.803125 0.20078125 0.04375 0.053125