0 0.31328125 0.8484375 0.0703125 0.0265625
0 0.27890625 0.815625 0.053125 0.025
0 0.175 0.7578125 0.075 0.028125
0 0.6546875 0.8203125 0.0625 0.0421875
0 0.8 0.73046875 0.06875 0.0421875
0 0.74453125 0.59296875 0.0640625 0.0453125
0 0.4359375 0.56640625 0.0734375 0.025
0 0.58515625 0.484375 0.034375 0.0484375
0 0.15234375 0.50390625 0.0828125 0.0359375
0 0.16953125 0.4421875 0.0578125 0.0375
0 0.15078125 0.4 0.040625 0.0484375
0 0.25 0.2984375 0.040625 0.046875
0 0.44453125 0.2140625 0.0296875 0.0625
0 0.6109375 0.13125 0.0828125 0.0375
0 0.7078125 0.23046875 0.059375 0.0609375
0 0.9296875 0.2203125 0.0390625 0.06875
0 0.90390625 0.36953125 0.0359375 0.0765625