0 0.803125 0.08671875 0.075 0.03125
0 0.61484375 0.09921875 0.084375 0.025
0 0.5703125 0.14296875 0.03203125 0.05703125
0 0.45234375 0.1296875 0.090625 0.02109375
0 0.49140625 0.20546875 0.08125 0.0328125
0 0.61328125 0.2 0.05 0.0453125
0 0.478125 0.25859375 0.0765625 0.0390625
0 0.6578125 0.31640625 0.05390625 0.04609375
0 0.59140625 0.3296875 0.05 0.0484375
0 0.74453125 0.26875 0.04921875 0.0453125
0 0.64609375 0.36171875 0.05234375 0.025
0 0.7734375 0.396875 0.03984375 0.059375
0 0.8359375 0.44375 0.0359375 0.0484375
0 0.47578125 0.509375 0.05625 0.04765625
0 0.55390625 0.49296875 0.04453125 0.05
0 0.71015625 0.56328125 0.03671875 0.04921875
0 0.7578125 0.58046875 0.03359375 0.04765625
0 0.83359375 0.5875 0.05859375 0.03984375
0 0.7984375 0.19765625 0.0375 0.06796875
0 0.7875 0.86875 0.08125 0.0203125