0 0.72265625 0.865625 0.0703125 0.028125
0 0.8515625 0.803125 0.0609375 0.0359375
0 0.79296875 0.7921875 0.0609375 0.0328125
0 0.90234375 0.70078125 0.0390625 0.05
0 0.77265625 0.66953125 0.06875 0.05
0 0.64375 0.75546875 0.053125 0.04375
0 0.57734375 0.8 0.0515625 0.0484375
0 0.49921875 0.90703125 0.0484375 0.0234375
0 0.45625 0.92734375 0.0484375 0.028125
0 0.4203125 0.94765625 0.04375 0.028125
0 0.45703125 0.75625 0.0359375 0.04375
0 0.34765625 0.6734375 0.065625 0.0390625
0 0.5671875 0.66328125 0.05 0.0484375
0 0.55703125 0.44296875 0.0328125 0.053125
0 0.725 0.3421875 0.0625 0.0328125
0 0.675 0.2390625 0.0609375 0.0328125
0 0.49765625 0.215625 0.05625 0.0421875
0 0.29609375 0.15234375 0.053125 0.0265625
0 0.0578125 0.1953125 0.0734375 0.0328125
0 0.1546875 0.45234375 0.0421875 0.04375