0 0.39453125 0.91484375 0.0703125 0.015625
0 0.25234375 0.8921875 0.059375 0.025
0 0.30546875 0.865625 0.059375 0.021875
0 0.1734375 0.809375 0.03125 0.0453125
0 0.2890625 0.7421875 0.0640625 0.0390625
0 0.4375 0.78671875 0.0484375 0.0359375
0 0.5140625 0.81015625 0.0453125 0.040625
0 0.61953125 0.8890625 0.046875 0.0140625
0 0.6671875 0.89609375 0.046875 0.0203125
0 0.70703125 0.9046875 0.0421875 0.021875
0 0.61640625 0.7328125 0.0296875 0.040625
0 0.69609375 0.62109375 0.0625 0.0296875
0 0.48359375 0.67578125 0.04375 0.040625
0 0.42890625 0.4625 0.0234375 0.0515625
0 0.2390625 0.41484375 0.0609375 0.021875
0 0.25625 0.3015625 0.059375 0.021875
0 0.41953125 0.22734375 0.0515625 0.034375
0 0.59375 0.1078125 0.0515625 0.0171875
0 0.83359375 0.0796875 0.071875 0.01875
0 0.81640625 0.35390625 0.0359375 0.0390625