0 0.828125 0.13359375 0.03671875 0.02421875
0 0.8578125 0.15078125 0.0234375 0.03671875
0 0.7390625 0.11875 0.07265625 0.02421875
0 0.61875 0.1265625 0.0609375 0.0296875
0 0.57578125 0.16640625 0.07578125 0.0234375
0 0.73046875 0.18515625 0.07734375 0.0140625
0 0.8296875 0.24296875 0.0375 0.0375
0 0.46640625 0.18671875 0.0328125 0.03515625
0 0.340625 0.13671875 0.0671875 0.02578125
0 0.33125 0.178125 0.0640625 0.015625
0 0.37734375 0.22734375 0.07421875 0.0171875
0 0.5046875 0.27734375 0.04609375 0.03515625
0 0.6828125 0.384375 0.06640625 0.02109375
0 0.434375 0.43125 0.04609375 0.03125
0 0.7671875 0.59296875 0.04375 0.040625
0 0.24921875 0.6203125 0.05703125 0.0234375
0 0.26015625 0.73125 0.05390625 0.03203125
0 0.4625 0.81171875 0.05 0.03125
0 0.83671875 0.734375 0.06171875 0.021875
0 0.8015625 0.759375 0.02890625 0.02578125