0 0.775 0.2125 0.0375 0.0578125
0 0.55390625 0.27890625 0.053125 0.04375
0 0.63046875 0.40078125 0.05 0.0453125
0 0.46484375 0.3703125 0.046875 0.0328125
0 0.484375 0.3453125 0.0375 0.021875
0 0.534375 0.4953125 0.0640625 0.03125
0 0.75078125 0.5375 0.0328125 0.028125
0 0.77109375 0.51484375 0.0359375 0.0265625
0 0.825 0.5625 0.0359375 0.0515625
0 0.8453125 0.6921875 0.028125 0.040625
0 0.72890625 0.7125 0.065625 0.0328125
0 0.584375 0.70078125 0.0484375 0.0421875
0 0.52734375 0.67421875 0.03125 0.0546875
0 0.3359375 0.734375 0.075 0.034375
0 0.33984375 0.778125 0.075 0.034375
0 0.2515625 0.728125 0.0390625 0.0421875
0 0.50859375 0.903125 0.0625 0.021875
0 0.6609375 0.946875 0.06875 0.0359375
0 0.74140625 0.98984375 0.0640625 0.0203125
0 0.40390625 0.95 0.06875 0.034375