0 0.7609375 0.19296875 0.053125 0.0625
0 0.5390625 0.27421875 0.04609375 0.0578125
0 0.45 0.35 0.07578125 0.01796875
0 0.4484375 0.37265625 0.09140625 0.01953125
0 0.590625 0.41796875 0.0703125 0.034375
0 0.3671875 0.496875 0.06875 0.0421875
0 0.165625 0.6859375 0.03828125 0.04921875
0 0.2375 0.7265625 0.0671875 0.03515625
0 0.321875 0.703125 0.05703125 0.04765625
0 0.5859375 0.759375 0.01953125 0.03515625
0 0.75625 0.69375 0.05625 0.04296875
0 0.77109375 0.62421875 0.03828125 0.05546875
0 0.834375 0.6109375 0.0390625 0.05859375
0 0.8578125 0.75546875 0.03046875 0.053125
0 0.5640625 0.9296875 0.0671875 0.01796875
0 0.62421875 0.95078125 0.08828125 0.01875
0 0.428125 0.953125 0.040625 0.04921875
0 0.384375 0.9265625 0.0390625 0.01953125
0 0.82734375 0.53125 0.03515625 0.0625
0 0.5703125 0.746875 0.01328125 0.03203125