0 0.2171875 0.23671875 0.0375 0.046875
0 0.434375 0.27734375 0.046875 0.0515625
0 0.540625 0.340625 0.0765625 0.028125
0 0.5125 0.45390625 0.059375 0.0421875
0 0.71640625 0.415625 0.065625 0.0578125
0 0.75390625 0.54375 0.0578125 0.034375
0 0.821875 0.59453125 0.0578125 0.0390625
0 0.89921875 0.634375 0.0421875 0.0421875
0 0.86875 0.68125 0.0375 0.05
0 0.49453125 0.78984375 0.0640625 0.0453125
0 0.35234375 0.7265625 0.078125 0.0265625
0 0.2328125 0.6859375 0.05 0.0515625
0 0.1578125 0.6875 0.0328125 0.0234375
0 0.12109375 0.6859375 0.0421875 0.0296875
0 0.19765625 0.890625 0.034375 0.046875
0 0.33046875 0.8390625 0.0890625 0.0265625
0 0.49375 0.959375 0.0359375 0.046875
0 0.5953125 0.94375 0.071875 0.0328125
0 0.70234375 0.9453125 0.0625 0.034375
0 0.7484375 0.8953125 0.075 0.028125