0 0.75390625 0.20859375 0.03359375 0.04296875
0 0.5421875 0.271875 0.0421875 0.04765625
0 0.44296875 0.34609375 0.07421875 0.02109375
0 0.4828125 0.45546875 0.05625 0.03671875
0 0.27578125 0.4390625 0.06015625 0.05234375
0 0.25234375 0.5703125 0.0546875 0.028125
0 0.18984375 0.62734375 0.05390625 0.03359375
0 0.1171875 0.675 0.03828125 0.03828125
0 0.15234375 0.71875 0.03359375 0.04609375
0 0.5359375 0.7875 0.06015625 0.03984375
0 0.6703125 0.71015625 0.07734375 0.01875
0 0.78515625 0.65703125 0.04453125 0.04765625
0 0.86015625 0.65078125 0.03046875 0.02109375
0 0.89609375 0.6453125 0.0390625 0.025
0 0.84140625 0.85703125 0.0296875 0.04375
0 0.70390625 0.81953125 0.08828125 0.01796875
0 0.55390625 0.95625 0.03203125 0.04453125
0 0.4515625 0.9515625 0.06953125 0.025
0 0.3453125 0.9640625 0.06015625 0.02890625
0 0.29453125 0.91875 0.07265625 0.02109375