0 0.32109375 0.85546875 0.04375 0.0609375
0 0.51328125 0.72734375 0.05625 0.0484375
0 0.4046875 0.6328125 0.0546875 0.05
0 0.57109375 0.61328125 0.0484375 0.0375
0 0.56015625 0.64375 0.0390625 0.025
0 0.46875 0.51484375 0.0671875 0.0390625
0 0.24921875 0.5375 0.0359375 0.03125
0 0.23671875 0.56484375 0.0375 0.03125
0 0.17109375 0.53515625 0.040625 0.0546875
0 0.11328125 0.4171875 0.0328125 0.04375
0 0.21875 0.3640625 0.06875 0.0390625
0 0.36015625 0.33203125 0.053125 0.046875
0 0.4234375 0.34140625 0.0375 0.05625
0 0.58828125 0.228125 0.0765625 0.0421875
0 0.571875 0.1875 0.078125 0.0421875
0 0.6703125 0.20859375 0.0421875 0.046875
0 0.37421875 0.1171875 0.0625 0.028125
0 0.215625 0.11953125 0.0703125 0.04375
0 0.12265625 0.09375 0.0671875 0.04375
0 0.46015625 0.0421875 0.0703125 0.0421875