0 0.72421875 0.06484375 0.0609375 0.0375
0 0.7703125 0.025 0.03125 0.05
0 0.7859375 0.0953125 0.0421875 0.046875
0 0.628125 0.13828125 0.0859375 0.0578125
0 0.865625 0.3 0.0453125 0.0390625
0 0.57734375 0.26328125 0.0640625 0.034375
0 0.46015625 0.340625 0.0625 0.0296875
0 0.38671875 0.36484375 0.0609375 0.0265625
0 0.51953125 0.353125 0.0609375 0.0328125
0 0.4609375 0.44140625 0.046875 0.0484375
0 0.5796875 0.47890625 0.0375 0.05625
0 0.675 0.44140625 0.075 0.0515625
0 0.665625 0.5921875 0.05625 0.046875
0 0.56015625 0.61328125 0.0640625 0.06875
0 0.1765625 0.73359375 0.0546875 0.05
0 0.1953125 0.83828125 0.046875 0.059375
0 0.221875 0.7703125 0.078125 0.0453125
0 0.24375 0.8203125 0.0328125 0.0546875
0 0.21328125 0.92734375 0.0625 0.0359375
0 0.20390625 0.8953125 0.0296875 0.0421875