0 0.8265625 0.8671875 0.053125 0.0375
0 0.75859375 0.91171875 0.0734375 0.03125
0 0.59375 0.65546875 0.0609375 0.0171875
0 0.30625 0.65078125 0.05 0.0171875
0 0.25546875 0.3921875 0.0390625 0.03125
0 0.63984375 0.48828125 0.0890625 0.0203125
0 0.715625 0.49765625 0.065625 0.0171875
0 0.81171875 0.46484375 0.034375 0.046875
0 0.83671875 0.56953125 0.025 0.0484375
0 0.77890625 0.5671875 0.0546875 0.0375
0 0.8640625 0.59140625 0.0296875 0.0453125
0 0.11015625 0.21953125 0.034375 0.0390625
0 0.3703125 0.2625 0.0640625 0.034375
0 0.571875 0.265625 0.0671875 0.03125
0 0.240625 0.09609375 0.028125 0.0484375
0 0.28046875 0.059375 0.065625 0.028125
0 0.4421875 0.04375 0.065625 0.025
0 0.7359375 0.08046875 0.0765625 0.0328125
0 0.81328125 0.14765625 0.05 0.0453125
0 0.825 0.0921875 0.0359375 0.0515625