0 0.778125 0.83046875 0.0359375 0.0515625
0 0.73515625 0.78671875 0.05 0.046875
0 0.653125 0.7796875 0.0640625 0.03125
0 0.5359375 0.82890625 0.053125 0.04375
0 0.54921875 0.8546875 0.0296875 0.0421875
0 0.36328125 0.884375 0.0625 0.0375
0 0.30390625 0.85703125 0.0625 0.0375
0 0.3546875 0.7734375 0.046875 0.046875
0 0.434375 0.73828125 0.0453125 0.05625
0 0.509375 0.64609375 0.0421875 0.0421875
0 0.309375 0.68203125 0.0703125 0.025
0 0.69140625 0.52890625 0.0484375 0.0515625
0 0.784375 0.4703125 0.053125 0.0375
0 0.58125 0.41015625 0.0546875 0.04375
0 0.40703125 0.3421875 0.0421875 0.05
0 0.2328125 0.4875 0.05 0.046875
0 0.40859375 0.28671875 0.0640625 0.034375
0 0.525 0.27421875 0.0390625 0.0546875
0 0.634375 0.21328125 0.0453125 0.04375