0 0.63046875 0.965625 0.040625 0.0515625
0 0.6921875 0.92421875 0.0765625 0.03125
0 0.52734375 0.86640625 0.0640625 0.0265625
0 0.89453125 0.57421875 0.059375 0.0328125
0 0.42890625 0.74375 0.0859375 0.0375
0 0.40078125 0.64140625 0.0765625 0.0359375
0 0.415625 0.56328125 0.065625 0.034375
0 0.49765625 0.57421875 0.0453125 0.04375
0 0.3 0.58671875 0.0640625 0.0453125
0 0.36640625 0.4390625 0.0578125 0.0328125
0 0.64765625 0.46015625 0.04375 0.053125
0 0.878125 0.26640625 0.0421875 0.05625
0 0.53828125 0.290625 0.0578125 0.03125
0 0.39921875 0.14140625 0.065625 0.0390625
0 0.29609375 0.11015625 0.0359375 0.04375
0 0.35625 0.0828125 0.0796875 0.0359375
0 0.2765625 0.05625 0.0484375 0.021875
0 0.215625 0.05078125 0.028125 0.0171875
0 0.23359375 0.06875 0.059375 0.0234375
0 0.18203125 0.08046875 0.0375 0.0375