0 0.16015625 0.021875 0.0515625 0.0203125
0 0.1296875 0.0296875 0.034375 0.0171875
0 0.175 0.05390625 0.0453125 0.03125
0 0.14765625 0.0609375 0.03125 0.021875
0 0.26015625 0.13125 0.0375 0.0421875
0 0.9046875 0.21875 0.028125 0.0546875
0 0.41328125 0.278125 0.0609375 0.0390625
0 0.565625 0.5765625 0.04375 0.0484375
0 0.86328125 0.78984375 0.0359375 0.0578125
0 0.2328125 0.54609375 0.05625 0.059375
0 0.2984375 0.70546875 0.0546875 0.0359375
0 0.1203125 0.69375 0.0390625 0.0515625
0 0.325 0.79140625 0.0859375 0.0265625
0 0.83828125 0.8828125 0.0296875 0.0375
0 0.8078125 0.9234375 0.0578125 0.0265625
0 0.83125 0.971875 0.0296875 0.0515625
0 0.740625 0.921875 0.0421875 0.0265625
0 0.78125 0.96953125 0.0390625 0.0375
0 0.64765625 0.93203125 0.0859375 0.0328125
0 0.61328125 0.95 0.0609375 0.034375