0 0.1265625 0.059375 0.075 0.0140625
0 0.10546875 0.0765625 0.06328125 0.01875
0 0.1671875 0.0828125 0.0546875 0.01796875
0 0.18515625 0.1171875 0.06640625 0.04453125
0 0.0921875 0.1203125 0.03515625 0.0515625
0 0.38828125 0.2890625 0.06875 0.040625
0 0.24140625 0.575 0.071875 0.046875
0 0.1359375 0.7640625 0.034375 0.06171875
0 0.22578125 0.803125 0.025 0.04765625
0 0.26484375 0.83125 0.05234375 0.0390625
0 0.415625 0.93359375 0.078125 0.03046875
0 0.54765625 0.89765625 0.09453125 0.0234375
0 0.75625 0.90390625 0.078125 0.02265625
0 0.88515625 0.95078125 0.0375 0.0296875
0 0.83515625 0.95390625 0.05078125 0.03125
0 0.853125 0.89765625 0.0828125 0.02421875
0 0.88515625 0.80703125 0.05390625 0.0421875
0 0.8890625 0.7078125 0.04140625 0.05078125
0 0.871875 0.3890625 0.0359375 0.059375
0 0.784375 0.4078125 0.07109375 0.02734375