0 0.8875 0.0625 0.03828125 0.02109375
0 0.8671875 0.11953125 0.08359375 0.01875
0 0.83671875 0.08046875 0.0671875 0.0265625
0 0.88515625 0.2515625 0.03671875 0.06171875
0 0.875 0.4984375 0.02109375 0.05234375
0 0.90078125 0.5078125 0.0265625 0.05546875
0 0.828125 0.59296875 0.0671875 0.05078125
0 0.8890625 0.6671875 0.0734375 0.028125
0 0.5421875 0.61640625 0.05 0.05078125
0 0.36484375 0.64921875 0.0484375 0.05078125
0 0.40625 0.76875 0.059375 0.06328125
0 0.190625 0.73359375 0.0484375 0.04765625
0 0.16171875 0.8859375 0.065625 0.0359375
0 0.27578125 0.94140625 0.06640625 0.02109375
0 0.33515625 0.93125 0.03515625 0.0578125
0 0.49609375 0.91484375 0.078125 0.04765625
0 0.20390625 0.178125 0.03671875 0.0453125
0 0.171875 0.24296875 0.06484375 0.02890625
0 0.2421875 0.4015625 0.03984375 0.06015625
0 0.18828125 0.4796875 0.07265625 0.03359375