0 0.89296875 0.84296875 0.05625 0.0359375
0 0.96796875 0.83515625 0.0640625 0.0359375
0 0.9375 0.80859375 0.0484375 0.028125
0 0.98203125 0.78984375 0.0359375 0.0265625
0 0.67109375 0.68046875 0.075 0.040625
0 0.1703125 0.5578125 0.0484375 0.0703125
0 0.1109375 0.50546875 0.05 0.0671875
0 0.0875 0.43125 0.04375 0.059375
0 0.06328125 0.27890625 0.078125 0.05625
0 0.06875 0.209375 0.0515625 0.0609375
0 0.159375 0.153125 0.0765625 0.034375
0 0.02890625 0.14140625 0.0578125 0.0359375
0 0.0375 0.11015625 0.059375 0.0359375
0 0.36640625 0.11796875 0.1015625 0.0421875
0 0.509375 0.05234375 0.071875 0.04375
0 0.67421875 0.08125 0.0390625 0.059375
0 0.72421875 0.05078125 0.0546875 0.0578125
0 0.7875 0.0765625 0.0453125 0.0640625
0 0.72890625 0.36796875 0.0875 0.0625