0 0.68984375 0.10546875 0.07734375 0.02734375
0 0.52265625 0.0953125 0.08515625 0.02421875
0 0.37421875 0.1 0.0859375 0.025
0 0.25546875 0.09296875 0.090625 0.0203125
0 0.2109375 0.11953125 0.07890625 0.0265625
0 0.1484375 0.44296875 0.04140625 0.065625
0 0.259375 0.5875 0.06875 0.05078125
0 0.15390625 0.61171875 0.03671875 0.0515625
0 0.2421875 0.6515625 0.0375 0.05078125
0 0.25625 0.72421875 0.02890625 0.06171875
0 0.49921875 0.70625 0.07109375 0.0453125
0 0.71875 0.709375 0.08515625 0.03203125
0 0.60625 0.78828125 0.075 0.04921875
0 0.71171875 0.840625 0.046875 0.07109375
0 0.72890625 0.94921875 0.0734375 0.02265625
0 0.69609375 0.97578125 0.096875 0.0203125
0 0.55859375 0.95234375 0.08515625 0.02890625
0 0.44453125 0.93984375 0.071875 0.0421875
0 0.2953125 0.87421875 0.03671875 0.03671875
0 0.303125 0.92421875 0.03828125 0.0578125