0 0.27109375 0.1265625 0.0515625 0.05
0 0.20859375 0.2046875 0.0578125 0.025
0 0.94140625 0.19453125 0.0515625 0.034375
0 0.91796875 0.15859375 0.046875 0.0203125
0 0.9578125 0.1625 0.0390625 0.03125
0 0.9125 0.46484375 0.0359375 0.0546875
0 0.26640625 0.35859375 0.0421875 0.046875
0 0.20859375 0.440625 0.0734375 0.0390625
0 0.3546875 0.63984375 0.0515625 0.04375
0 0.53984375 0.596875 0.0453125 0.0515625
0 0.89765625 0.6171875 0.046875 0.0421875
0 0.88671875 0.68046875 0.0375 0.05
0 0.828125 0.6625 0.065625 0.0453125
0 0.884375 0.746875 0.046875 0.034375
0 0.3765625 0.75078125 0.040625 0.0515625
0 0.15625 0.68046875 0.0453125 0.0484375
0 0.25078125 0.81796875 0.0421875 0.0453125
0 0.11015625 0.8046875 0.0484375 0.05
0 0.16796875 0.86640625 0.0484375 0.0390625
0 0.43515625 0.92265625 0.05 0.0375