0 0.59140625 0.23125 0.0890625 0.0390625
0 0.346875 0.35234375 0.0875 0.034375
0 0.30390625 0.4578125 0.0515625 0.05625
0 0.1828125 0.4734375 0.0390625 0.059375
0 0.20390625 0.5515625 0.046875 0.0640625
0 0.54140625 0.52578125 0.0296875 0.05625
0 0.51015625 0.5234375 0.0328125 0.059375
0 0.40234375 0.63984375 0.06875 0.059375
0 0.2234375 0.7390625 0.0640625 0.0546875
0 0.6484375 0.7109375 0.0390625 0.05625
0 0.5375 0.8484375 0.065625 0.0359375
0 0.6109375 0.8984375 0.0625 0.05
0 0.6359375 0.9390625 0.0296875 0.03125
0 0.596875 0.9671875 0.0375 0.034375
0 0.5359375 0.96171875 0.065625 0.03125
0 0.49296875 0.95390625 0.0296875 0.0390625
0 0.8640625 0.96171875 0.025 0.0359375
0 0.853125 0.91640625 0.034375 0.0453125
0 0.85234375 0.834375 0.028125 0.0296875
0 0.84296875 0.79453125 0.028125 0.0453125