0 0.5640625 0.2140625 0.075 0.028125
0 0.33203125 0.36796875 0.0875 0.0203125
0 0.1859375 0.55 0.0375 0.05
0 0.18828125 0.59296875 0.0578125 0.0140625
0 0.24140625 0.6109375 0.05625 0.03125
0 0.42578125 0.6484375 0.0421875 0.0421875
0 0.5171875 0.56171875 0.04375 0.0453125
0 0.5796875 0.57890625 0.04375 0.0328125
0 0.2671875 0.7625 0.0515625 0.05
0 0.6796875 0.6828125 0.034375 0.0546875
0 0.8453125 0.7046875 0.0359375 0.059375
0 0.8859375 0.65234375 0.0265625 0.04375
0 0.91171875 0.84921875 0.0328125 0.0421875
0 0.92421875 0.89609375 0.0203125 0.05
0 0.72265625 0.8890625 0.0734375 0.021875
0 0.66875 0.778125 0.05625 0.04375
0 0.71171875 0.8359375 0.046875 0.0515625
0 0.6234375 0.9328125 0.0515625 0.028125
0 0.63125 0.95234375 0.0328125 0.0203125
0 0.6671875 0.95 0.028125 0.034375