0 0.1234375 0.8109375 0.0609375 0.0640625
0 0.13359375 0.6828125 0.0828125 0.0453125
0 0.79609375 0.95859375 0.06875 0.05
0 0.8125 0.840625 0.0515625 0.0671875
0 0.8640625 0.7703125 0.04375 0.065625
0 0.2328125 0.540625 0.05625 0.0734375
0 0.18125 0.4546875 0.0984375 0.0453125
0 0.40390625 0.32265625 0.0609375 0.0640625
0 0.32890625 0.23984375 0.090625 0.040625
0 0.459375 0.19921875 0.071875 0.078125
0 0.378125 0.10078125 0.06875 0.075
0 0.234375 0.090625 0.0453125 0.046875
0 0.271875 0.053125 0.0640625 0.0484375
0 0.58125 0.071875 0.053125 0.046875
0 0.9359375 0.26484375 0.04375 0.0578125
0 0.9171875 0.34375 0.04375 0.0703125
0 0.86484375 0.4609375 0.071875 0.034375
0 0.91015625 0.465625 0.028125 0.053125
0 0.55703125 0.4546875 0.04375 0.059375