0 0.4921875 0.20703125 0.078125 0.0421875
0 0.68984375 0.40234375 0.0890625 0.0359375
0 0.7984375 0.609375 0.046875 0.05625
0 0.78828125 0.65078125 0.0578125 0.025
0 0.73203125 0.6578125 0.0609375 0.040625
0 0.54453125 0.659375 0.05 0.05
0 0.47109375 0.55703125 0.0515625 0.053125
0 0.40703125 0.5625 0.0484375 0.040625
0 0.67890625 0.80234375 0.059375 0.0578125
0 0.28828125 0.6453125 0.04375 0.059375
0 0.121875 0.63515625 0.0453125 0.065625
0 0.09140625 0.57578125 0.034375 0.0484375
0 0.0296875 0.7640625 0.040625 0.0484375
0 0.0109375 0.80703125 0.021875 0.0515625
0 0.20703125 0.83984375 0.075 0.034375
0 0.28125 0.740625 0.0640625 0.053125
0 0.228125 0.78984375 0.05625 0.0578125
0 0.29609375 0.9015625 0.05625 0.0375
0 0.284375 0.91875 0.0359375 0.0265625
0 0.25 0.91015625 0.034375 0.0390625