0 0.77421875 0.034375 0.0453125 0.0578125
0 0.7765625 0.09375 0.0328125 0.034375
0 0.803125 0.1359375 0.0359375 0.0625
0 0.62421875 0.3640625 0.05 0.0421875
0 0.625 0.53125 0.0421875 0.0546875
0 0.79609375 0.53046875 0.04375 0.05625
0 0.85625 0.728125 0.0671875 0.034375
0 0.55078125 0.74765625 0.071875 0.0375
0 0.48828125 0.68828125 0.0359375 0.0578125
0 0.4125 0.81953125 0.059375 0.0484375
0 0.43359375 0.8609375 0.0734375 0.040625
0 0.3859375 0.9 0.0625 0.03125
0 0.30078125 0.89296875 0.046875 0.0578125
0 0.24609375 0.9203125 0.05625 0.025
0 0.23671875 0.8859375 0.0328125 0.05625
0 0.184375 0.85078125 0.0296875 0.0453125
0 0.25859375 0.82265625 0.0359375 0.0546875
0 0.3203125 0.80546875 0.0625 0.05625
0 0.2 0.80390625 0.0640625 0.0515625
0 0.1484375 0.3078125 0.071875 0.0578125