0 0.18828125 0.253125 0.0671875 0.04453125
0 0.85390625 0.134375 0.01953125 0.0578125
0 0.825 0.11640625 0.03125 0.03828125
0 0.7546875 0.23671875 0.0296875 0.05703125
0 0.65234375 0.39375 0.04609375 0.0375
0 0.49140625 0.71875 0.0546875 0.03671875
0 0.6046875 0.7578125 0.065625 0.02109375
0 0.821875 0.771875 0.03515625 0.04140625
0 0.78203125 0.68046875 0.034375 0.04765625
0 0.7234375 0.65078125 0.0578125 0.0359375
0 0.359375 0.84453125 0.0546875 0.03203125
0 0.353125 0.88828125 0.06328125 0.02265625
0 0.2984375 0.84765625 0.046875 0.03984375
0 0.2484375 0.88671875 0.03671875 0.0484375
0 0.22578125 0.80234375 0.0421875 0.05859375
0 0.16796875 0.88125 0.02265625 0.03359375
0 0.1390625 0.90546875 0.02265625 0.03671875
0 0.13984375 0.87109375 0.0171875 0.02421875
0 0.16328125 0.84296875 0.02109375 0.03359375
0 0.13046875 0.83984375 0.0265625 0.0359375