0 0.15859375 0.70546875 0.0703125 0.053125
0 0.78515625 0.75546875 0.0765625 0.0359375
0 0.771875 0.78359375 0.090625 0.0375
0 0.8125 0.715625 0.0390625 0.04375
0 0.7859375 0.634375 0.0453125 0.05
0 0.63125 0.62109375 0.0859375 0.0375
0 0.796875 0.4734375 0.0515625 0.0578125
0 0.62265625 0.459375 0.034375 0.05
0 0.49140625 0.403125 0.0703125 0.0421875
0 0.29921875 0.4046875 0.075 0.0625
0 0.14375 0.34140625 0.0359375 0.0609375
0 0.18984375 0.40234375 0.065625 0.0375
0 0.275 0.265625 0.0546875 0.05
0 0.46171875 0.28671875 0.05625 0.0390625
0 0.41484375 0.278125 0.0359375 0.0203125
0 0.3421875 0.2296875 0.0703125 0.0234375
0 0.25546875 0.17734375 0.034375 0.0484375
0 0.34140625 0.18828125 0.05 0.040625
0 0.5328125 0.25234375 0.0375 0.0421875
0 0.59296875 0.15390625 0.021875 0.040625