0 0.29375 0.85859375 0.040625 0.046875
0 0.2546875 0.88046875 0.0453125 0.0171875
0 0.3734375 0.9046875 0.075 0.0375
0 0.49453125 0.82578125 0.06875 0.03125
0 0.4015625 0.746875 0.0390625 0.05625
0 0.4359375 0.7546875 0.0515625 0.021875
0 0.63046875 0.72265625 0.0921875 0.0296875
0 0.8359375 0.72421875 0.0625 0.040625
0 0.859375 0.81484375 0.0328125 0.046875
0 0.85625 0.76484375 0.046875 0.0390625
0 0.89765625 0.76171875 0.03125 0.05
0 0.87421875 0.8859375 0.0546875 0.046875
0 0.8546875 0.58828125 0.0328125 0.0546875
0 0.2625 0.55 0.0359375 0.0625
0 0.53671875 0.46875 0.0671875 0.025
0 0.5453125 0.409375 0.0375 0.0546875
0 0.41875 0.33046875 0.0390625 0.0546875
0 0.6796875 0.28828125 0.0765625 0.028125
0 0.796875 0.27890625 0.04375 0.053125
0 0.66171875 0.23125 0.0390625 0.05625