0 0.8484375 0.075 0.05625 0.0421875
0 0.8125 0.1453125 0.03515625 0.02578125
0 0.8578125 0.15 0.015625 0.04609375
0 0.18828125 0.2484375 0.06484375 0.0296875
0 0.665625 0.39296875 0.0484375 0.03671875
0 0.61640625 0.55703125 0.0359375 0.05
0 0.778125 0.6296875 0.03046875 0.04765625
0 0.828125 0.7765625 0.0265625 0.03203125
0 0.453125 0.68203125 0.028125 0.05625
0 0.51328125 0.7515625 0.0640625 0.03125
0 0.33984375 0.8125 0.05078125 0.03203125
0 0.36328125 0.8421875 0.05859375 0.01875
0 0.1828125 0.80234375 0.021875 0.05625
0 0.22890625 0.8015625 0.03125 0.0484375
0 0.12578125 0.7546875 0.0265625 0.05
0 0.1296875 0.83671875 0.03046875 0.0421875
0 0.1734375 0.84140625 0.02265625 0.05
0 0.23828125 0.86171875 0.065625 0.03828125
0 0.2921875 0.86953125 0.03984375 0.04140625
0 0.146875 0.890625 0.0421875 0.040625