0 0.925 0.21328125 0.0609375 0.05625
0 0.59609375 0.16875 0.0734375 0.0375
0 0.6 0.2109375 0.0390625 0.053125
0 0.45390625 0.08984375 0.0625 0.034375
0 0.27265625 0.07421875 0.0484375 0.059375
0 0.33203125 0.16171875 0.04375 0.0546875
0 0.28359375 0.1859375 0.0484375 0.046875
0 0.24375 0.140625 0.0265625 0.021875
0 0.2265625 0.175 0.03125 0.053125
0 0.203125 0.1765625 0.0265625 0.0484375
0 0.22421875 0.2578125 0.03125 0.040625
0 0.240625 0.29453125 0.0453125 0.0265625
0 0.240625 0.3265625 0.0734375 0.046875
0 0.353125 0.33671875 0.0625 0.0578125
0 0.18359375 0.4171875 0.0671875 0.0515625
0 0.3203125 0.49296875 0.046875 0.05625
0 0.36484375 0.503125 0.0453125 0.0625
0 0.44140625 0.4546875 0.0421875 0.046875
0 0.4828125 0.41484375 0.084375 0.046875
0 0.19453125 0.56640625 0.065625 0.0671875
0 0.28125 0.60625 0.0734375 0.040625
0 0.35859375 0.671875 0.059375 0.0546875
0 0.10390625 0.709375 0.0421875 0.05
0 0.140625 0.784375 0.046875 0.053125
0 0.0859375 0.803125 0.059375 0.0421875
0 0.1578125 0.8375 0.05625 0.053125
0 0.2453125 0.81953125 0.0421875 0.05
0 0.31171875 0.8421875 0.0609375 0.0390625
0 0.3015625 0.87109375 0.0703125 0.0328125
0 0.328125 0.78671875 0.0515625 0.0484375
0 0.43515625 0.81484375 0.06875 0.04375
0 0.3984375 0.89609375 0.075 0.0390625
0 0.596875 0.84453125 0.059375 0.0578125
0 0.6796875 0.884375 0.05625 0.0578125
0 0.621875 0.96796875 0.075 0.034375
0 0.6828125 0.95234375 0.0578125 0.040625
0 0.72734375 0.95625 0.0390625 0.053125
0 0.7953125 0.91953125 0.0375 0.05625
0 0.55390625 0.71640625 0.06875 0.0375
0 0.5171875 0.67890625 0.04375 0.03125
0 0.509375 0.5515625 0.0484375 0.05625
0 0.53828125 0.59765625 0.0421875 0.028125
0 0.6390625 0.54609375 0.0765625 0.0359375
0 0.72578125 0.59609375 0.071875 0.0421875
0 0.82421875 0.6890625 0.0390625 0.0609375
0 0.771875 0.50703125 0.0546875 0.05625
0 0.6390625 0.4125 0.0359375 0.025
0 0.60625 0.38671875 0.03125 0.021875
0 0.6140625 0.315625 0.06875 0.0578125