0 0.265625 0.88125 0.0796875 0.04375
0 0.65625 0.8390625 0.0734375 0.0296875
0 0.23828125 0.715625 0.05 0.0546875
0 0.3328125 0.7203125 0.059375 0.0375
0 0.43984375 0.63671875 0.0328125 0.046875
0 0.52578125 0.68203125 0.0546875 0.046875
0 0.5109375 0.6296875 0.065625 0.0359375
0 0.74375 0.5671875 0.0625 0.05
0 0.5296875 0.56875 0.071875 0.0375
0 0.3453125 0.60234375 0.0296875 0.05
0 0.225 0.65546875 0.03125 0.0546875
0 0.2203125 0.5890625 0.0546875 0.0359375
0 0.265625 0.565625 0.0484375 0.0453125
0 0.1984375 0.48359375 0.0421875 0.05
0 0.26875 0.46015625 0.0234375 0.0375
0 0.21171875 0.4140625 0.0296875 0.0515625
0 0.396875 0.46953125 0.0578125 0.0296875
0 0.46953125 0.43359375 0.0546875 0.025
0 0.53046875 0.46171875 0.034375 0.0546875
0 0.5671875 0.4953125 0.0609375 0.0328125
0 0.62265625 0.421875 0.0421875 0.053125
0 0.653125 0.51640625 0.0578125 0.0328125
0 0.7703125 0.45234375 0.03125 0.046875
0 0.29609375 0.42578125 0.059375 0.0234375
0 0.28359375 0.4484375 0.015625 0.0234375
0 0.26875 0.3625 0.0453125 0.046875
0 0.3421875 0.4046875 0.0609375 0.03125
0 0.40859375 0.38203125 0.0609375 0.0359375
0 0.36796875 0.31484375 0.0515625 0.05
0 0.25625 0.2984375 0.0328125 0.05
0 0.16640625 0.3109375 0.0578125 0.0421875
0 0.20703125 0.27734375 0.0359375 0.040625
0 0.246875 0.18984375 0.0421875 0.04375
0 0.33046875 0.19609375 0.0484375 0.0390625
0 0.3515625 0.15625 0.0609375 0.04375
0 0.33125 0.2578125 0.071875 0.05
0 0.45 0.2640625 0.0609375 0.0328125
0 0.51796875 0.246875 0.065625 0.025
0 0.56015625 0.25546875 0.0265625 0.05
0 0.5265625 0.2890625 0.025 0.0515625
0 0.51015625 0.36328125 0.0375 0.0390625
0 0.45546875 0.3421875 0.05625 0.0265625
0 0.5984375 0.33984375 0.05625 0.03125
0 0.66796875 0.32734375 0.0671875 0.0296875
0 0.6515625 0.2671875 0.0234375 0.05625
0 0.6765625 0.25 0.0296875 0.05
0 0.73828125 0.26484375 0.053125 0.0359375
0 0.5984375 0.21640625 0.0578125 0.0359375
0 0.6921875 0.17578125 0.0359375 0.0484375
0 0.5671875 0.13671875 0.0734375 0.0421875