0 0.24296875 0.1265625 0.065625 0.03125
0 0.32578125 0.25 0.04921875 0.0296875
0 0.41953125 0.309375 0.0484375 0.0421875
0 0.27109375 0.3203125 0.03984375 0.03203125
0 0.2 0.27890625 0.046875 0.040625
0 0.34453125 0.35390625 0.0421875 0.02109375
0 0.4296875 0.4 0.028125 0.03203125
0 0.47265625 0.28359375 0.0546875 0.028125
0 0.509375 0.2328125 0.075 0.0171875
0 0.56640625 0.2453125 0.0375 0.03125
0 0.6203125 0.19375 0.05859375 0.02265625
0 0.7640625 0.19140625 0.0609375 0.00859375
0 0.75078125 0.1765625 0.0546875 0.0109375
0 0.6171875 0.23125 0.02578125 0.03359375
0 0.6 0.28359375 0.01796875 0.0484375
0 0.71796875 0.290625 0.03671875 0.03984375
0 0.59765625 0.3453125 0.046875 0.0328125
0 0.52265625 0.32421875 0.06015625 0.01171875
0 0.75703125 0.384375 0.04921875 0.01484375
0 0.796875 0.4421875 0.03203125 0.053125
0 0.6765625 0.42265625 0.0296875 0.040625
0 0.5640625 0.41953125 0.040625 0.02734375
0 0.571875 0.45859375 0.03828125 0.03359375
0 0.49453125 0.4890625 0.028125 0.0421875
0 0.45234375 0.49453125 0.040625 0.01640625
0 0.4015625 0.5421875 0.04375 0.0359375
0 0.5984375 0.51015625 0.04140625 0.01484375
0 0.653125 0.484375 0.06328125 0.01640625
0 0.61328125 0.52734375 0.02734375 0.0296875
0 0.5921875 0.5890625 0.03828125 0.028125
0 0.5859375 0.5609375 0.046875 0.01640625
0 0.66484375 0.59296875 0.021875 0.0453125
0 0.68671875 0.5671875 0.02421875 0.0390625
0 0.72109375 0.5859375 0.02265625 0.040625
0 0.79375 0.62734375 0.03359375 0.02109375
0 0.83203125 0.60390625 0.02109375 0.03671875
0 0.8203125 0.5984375 0.01640625 0.02265625
0 0.6953125 0.63828125 0.0546875 0.0140625
0 0.74375 0.67109375 0.04140625 0.02734375
0 0.78359375 0.69375 0.03671875 0.028125
0 0.640625 0.67421875 0.034375 0.0328125
0 0.259375 0.6515625 0.021875 0.04140625
0 0.1796875 0.63359375 0.05234375 0.0234375
0 0.29140625 0.7203125 0.03359375 0.0484375
0 0.384375 0.7734375 0.0578125 0.02265625
0 0.2921875 0.8109375 0.05625 0.0234375
0 0.4765625 0.7859375 0.0609375 0.01796875
0 0.58125 0.778125 0.03515625 0.03671875
0 0.61484375 0.76015625 0.0484375 0.0265625
0 0.64375 0.7796875 0.0421875 0.02734375