0 0.80859375 0.82421875 0.07578125 0.02890625
0 0.41796875 0.8640625 0.07265625 0.01484375
0 0.80078125 0.65625 0.040625 0.04765625
0 0.709375 0.68046875 0.0546875 0.0265625
0 0.5875 0.62109375 0.02421875 0.04296875
0 0.5125 0.68359375 0.04765625 0.03828125
0 0.51640625 0.62890625 0.0625 0.02421875
0 0.27578125 0.61640625 0.0546875 0.03984375
0 0.48515625 0.5734375 0.06875 0.02421875
0 0.67265625 0.56796875 0.01953125 0.04765625
0 0.8015625 0.59453125 0.0203125 0.05234375
0 0.7921875 0.52890625 0.05 0.0265625
0 0.74296875 0.515625 0.04140625 0.03828125
0 0.79140625 0.42109375 0.034375 0.04375
0 0.71796875 0.41328125 0.0171875 0.03515625
0 0.7640625 0.35625 0.01953125 0.04921875
0 0.59453125 0.4484375 0.0546875 0.01875
0 0.51640625 0.42890625 0.05234375 0.0140625
0 0.4625 0.46875 0.025 0.05078125
0 0.43359375 0.509375 0.05703125 0.021875
0 0.3640625 0.44921875 0.03359375 0.046875
0 0.35390625 0.54765625 0.05390625 0.021875
0 0.22578125 0.509375 0.02265625 0.04296875
0 0.684375 0.38515625 0.05859375 0.01171875
0 0.70078125 0.4046875 0.01171875 0.021875
0 0.69765625 0.3171875 0.03828125 0.03984375
0 0.634375 0.37421875 0.05859375 0.01953125
0 0.56484375 0.365625 0.05625 0.025
0 0.590625 0.29140625 0.04296875 0.0421875
0 0.696875 0.25234375 0.0234375 0.04609375
0 0.78671875 0.24609375 0.05234375 0.03125
0 0.73984375 0.22109375 0.0296875 0.03515625
0 0.6828125 0.14375 0.0359375 0.0375
0 0.60234375 0.1671875 0.04296875 0.03125
0 0.5734375 0.1328125 0.0546875 0.03359375
0 0.61484375 0.228125 0.06484375 0.0375
0 0.5 0.25859375 0.0578125 0.021875
0 0.4296875 0.25625 0.06484375 0.01171875
0 0.390625 0.2734375 0.0171875 0.046875
0 0.43046875 0.29921875 0.015625 0.04921875
0 0.46171875 0.36796875 0.03125 0.03359375
0 0.5109375 0.33671875 0.05390625 0.01640625
0 0.3703125 0.3640625 0.053125 0.02109375
0 0.3 0.365625 0.065625 0.0171875
0 0.303125 0.30390625 0.01328125 0.05390625
0 0.275 0.2921875 0.0203125 0.04609375
0 0.21796875 0.31953125 0.0484375 0.02578125
0 0.34453125 0.24296875 0.05390625 0.025
0 0.24453125 0.22265625 0.0265625 0.04453125
0 0.35859375 0.15859375 0.06953125 0.028125