0 0.8125 0.17109375 0.0703125 0.040625
0 0.7109375 0.28046875 0.053125 0.0375
0 0.609375 0.32421875 0.0546875 0.05
0 0.75390625 0.35859375 0.04375 0.0375
0 0.83125 0.32890625 0.053125 0.046875
0 0.6765625 0.3796875 0.0453125 0.028125
0 0.58515625 0.4125 0.0328125 0.0359375
0 0.5609375 0.290625 0.0578125 0.0359375
0 0.5328125 0.234375 0.0765625 0.028125
0 0.47421875 0.23828125 0.0421875 0.0375
0 0.42890625 0.17890625 0.0609375 0.03125
0 0.2875 0.15390625 0.0609375 0.01875
0 0.303125 0.14140625 0.05625 0.01875
0 0.4265625 0.21640625 0.03125 0.0375
0 0.43515625 0.2703125 0.025 0.05
0 0.3171875 0.259375 0.0421875 0.0453125
0 0.428125 0.33203125 0.0515625 0.0390625
0 0.50546875 0.32265625 0.0609375 0.0203125
0 0.2640625 0.3453125 0.0515625 0.021875
0 0.215625 0.39609375 0.040625 0.0578125
0 0.3375 0.39609375 0.0359375 0.0453125
0 0.44921875 0.41015625 0.04375 0.0328125
0 0.43515625 0.44765625 0.04375 0.0390625
0 0.50703125 0.48984375 0.034375 0.0453125
0 0.54765625 0.50234375 0.0421875 0.021875
0 0.590625 0.55703125 0.0484375 0.0421875
0 0.4015625 0.49453125 0.04375 0.021875
0 0.3515625 0.4609375 0.065625 0.0265625
0 0.38359375 0.509375 0.03125 0.034375
0 0.3953125 0.5734375 0.0421875 0.034375
0 0.40546875 0.546875 0.0484375 0.0234375
0 0.32265625 0.56640625 0.028125 0.0484375
0 0.3046875 0.5375 0.0296875 0.0421875
0 0.26796875 0.55 0.028125 0.04375
0 0.18984375 0.5796875 0.0359375 0.0265625
0 0.15546875 0.55078125 0.0265625 0.0390625
0 0.16796875 0.546875 0.0203125 0.025
0 0.28515625 0.60625 0.05625 0.021875
0 0.2328125 0.63046875 0.0453125 0.0328125
0 0.18984375 0.646875 0.040625 0.0328125
0 0.33359375 0.65 0.0390625 0.0375
0 0.7140625 0.6875 0.028125 0.04375
0 0.7953125 0.68203125 0.0546875 0.03125
0 0.671875 0.75 0.040625 0.053125
0 0.57109375 0.78828125 0.0609375 0.03125
0 0.65625 0.83984375 0.059375 0.03125
0 0.478125 0.7859375 0.0625 0.0265625
0 0.3765625 0.76171875 0.040625 0.0421875
0 0.34609375 0.7390625 0.0515625 0.034375
0 0.3140625 0.75390625 0.0453125 0.034375