0 0.2359375 0.9390625 0.0625 0.0578125
0 0.553125 0.840625 0.0734375 0.0390625
0 0.53203125 0.80390625 0.0390625 0.053125
0 0.71484375 0.85234375 0.0625 0.034375
0 0.8859375 0.78984375 0.0484375 0.0609375
0 0.7953125 0.7359375 0.04375 0.0546875
0 0.82890625 0.69375 0.0484375 0.046875
0 0.884375 0.7171875 0.0265625 0.0234375
0 0.88515625 0.67890625 0.0328125 0.053125
0 0.90625 0.66796875 0.0265625 0.0484375
0 0.85234375 0.603125 0.03125 0.040625
0 0.821875 0.5765625 0.0453125 0.0265625
0 0.80859375 0.54765625 0.075 0.046875
0 0.7015625 0.5859375 0.0640625 0.0578125
0 0.821875 0.44140625 0.0671875 0.053125
0 0.665625 0.43046875 0.046875 0.05625
0 0.62109375 0.43984375 0.046875 0.0625
0 0.571875 0.51640625 0.0421875 0.046875
0 0.5515625 0.56953125 0.084375 0.046875
0 0.74921875 0.3109375 0.0671875 0.06875
0 0.65390625 0.31171875 0.0734375 0.0421875
0 0.55546875 0.284375 0.0609375 0.0546875
0 0.7703125 0.1421875 0.0421875 0.05
0 0.70546875 0.08984375 0.0484375 0.053125
0 0.74765625 0.05 0.059375 0.04375
0 0.66796875 0.04921875 0.05625 0.053125
0 0.59609375 0.10234375 0.0421875 0.0515625
0 0.5265625 0.11015625 0.0609375 0.040625
0 0.5234375 0.08046875 0.0703125 0.0328125
0 0.534375 0.1671875 0.0515625 0.05
0 0.42578125 0.1875 0.06875 0.0453125
0 0.425 0.09765625 0.075 0.040625
0 0.26640625 0.228125 0.0609375 0.059375
0 0.175 0.228125 0.05625 0.0578125
0 0.19140625 0.12734375 0.075 0.0359375
0 0.14296875 0.1671875 0.0578125 0.0421875
0 0.10078125 0.18203125 0.0390625 0.053125
0 0.05546875 0.24453125 0.0375 0.05625
0 0.359375 0.3265625 0.06875 0.0375
0 0.409375 0.3453125 0.04375 0.03125
0 0.4703125 0.45703125 0.0484375 0.05625
0 0.42421875 0.428125 0.0421875 0.0296875
0 0.3546875 0.51640625 0.0765625 0.0375
0 0.2546875 0.50859375 0.0734375 0.04375
0 0.1265625 0.465625 0.0390625 0.0625
0 0.25078125 0.60859375 0.0546875 0.0578125
0 0.4109375 0.63828125 0.0359375 0.0265625
0 0.4515625 0.64765625 0.03125 0.021875
0 0.47421875 0.71484375 0.06875 0.059375