0 0.13046875 0.10078125 0.0203125 0.025
0 0.1515625 0.096875 0.02734375 0.02109375
0 0.16875 0.16015625 0.03125 0.0484375
0 0.13515625 0.13828125 0.02421875 0.02265625
0 0.12421875 0.1640625 0.01796875 0.025
0 0.1359375 0.2484375 0.046875 0.040625
0 0.28671875 0.271875 0.0671875 0.0375
0 0.2390625 0.3578125 0.05625 0.02890625
0 0.2625 0.528125 0.0546875 0.028125
0 0.26640625 0.61875 0.05546875 0.02109375
0 0.31796875 0.646875 0.0375 0.0390625
0 0.4453125 0.64609375 0.034375 0.04375
0 0.478125 0.5390625 0.0390625 0.05546875
0 0.55234375 0.53359375 0.05390625 0.03515625
0 0.37578125 0.725 0.0390625 0.05390625
0 0.47265625 0.71875 0.0328125 0.04765625
0 0.40703125 0.84765625 0.06640625 0.021875
0 0.31171875 0.85703125 0.04765625 0.01328125
0 0.271875 0.8828125 0.04453125 0.01796875
0 0.1921875 0.89921875 0.034375 0.05078125
0 0.14375 0.9203125 0.05234375 0.021875
0 0.19140625 0.94453125 0.0671875 0.02265625
0 0.5234375 0.896875 0.059375 0.03359375
0 0.64140625 0.8546875 0.06875 0.0265625
0 0.85546875 0.88515625 0.0203125 0.03671875
0 0.83515625 0.86953125 0.02265625 0.04375
0 0.82890625 0.9125 0.04140625 0.03125
0 0.79453125 0.88515625 0.04765625 0.0390625
0 0.6765625 0.6546875 0.06796875 0.02421875
0 0.74453125 0.59375 0.028125 0.04921875
0 0.70625 0.5640625 0.0296875 0.0515625
0 0.64453125 0.521875 0.0328125 0.03984375
0 0.6109375 0.53203125 0.0328125 0.0484375
0 0.7265625 0.45546875 0.03203125 0.05625
0 0.68984375 0.384375 0.06640625 0.03359375
0 0.78515625 0.3078125 0.0265625 0.04765625
0 0.8203125 0.2875 0.02734375 0.04375
0 0.7375 0.2828125 0.03671875 0.040625
0 0.7671875 0.23359375 0.05390625 0.0296875
0 0.80234375 0.1546875 0.02578125 0.04453125
0 0.7703125 0.10625 0.0484375 0.01875
0 0.72890625 0.11484375 0.03984375 0.0203125
0 0.61328125 0.1046875 0.0625 0.02265625
0 0.8609375 0.10234375 0.02890625 0.03515625
0 0.82109375 0.1203125 0.02421875 0.025