0 0.7 0.059375 0.0203125 0.0265625
0 0.71328125 0.0734375 0.021875 0.0171875
0 0.60703125 0.1578125 0.05625 0.0578125
0 0.55234375 0.16796875 0.0578125 0.0609375
0 0.40234375 0.121875 0.0828125 0.040625
0 0.23828125 0.221875 0.0515625 0.040625
0 0.27890625 0.23359375 0.0296875 0.0296875
0 0.3734375 0.271875 0.065625 0.0390625
0 0.50390625 0.2640625 0.04375 0.0546875
0 0.603125 0.22421875 0.0640625 0.0546875
0 0.6671875 0.2625 0.0609375 0.0578125
0 0.6984375 0.30234375 0.053125 0.05
0 0.796875 0.3234375 0.046875 0.059375
0 0.5 0.31484375 0.0625 0.0375
0 0.4375 0.3046875 0.05 0.05
0 0.44765625 0.34375 0.0734375 0.0421875
0 0.35703125 0.3828125 0.090625 0.04375
0 0.5 0.37265625 0.071875 0.046875
0 0.6515625 0.3984375 0.084375 0.0453125
0 0.6921875 0.4328125 0.0609375 0.053125
0 0.6734375 0.4984375 0.0609375 0.0546875
0 0.52890625 0.509375 0.0546875 0.0578125
0 0.4171875 0.475 0.0765625 0.0484375
0 0.27890625 0.5 0.0734375 0.0375
0 0.2390625 0.5328125 0.0609375 0.053125
0 0.19375 0.4875 0.05625 0.0546875
0 0.15546875 0.4125 0.040625 0.0546875
0 0.20234375 0.5984375 0.0578125 0.0609375
0 0.26796875 0.62265625 0.05 0.0625
0 0.4 0.66484375 0.0765625 0.0453125
0 0.5328125 0.56328125 0.0484375 0.0484375
0 0.603125 0.55859375 0.0328125 0.0296875
0 0.63203125 0.553125 0.0328125 0.0296875
0 0.53359375 0.60859375 0.06875 0.0421875
0 0.56640625 0.64140625 0.0625 0.046875
0 0.65390625 0.6515625 0.0515625 0.0578125
0 0.81328125 0.75390625 0.0578125 0.0359375
0 0.7703125 0.7859375 0.0359375 0.0515625
0 0.58125 0.8296875 0.0421875 0.0515625
0 0.61015625 0.86484375 0.075 0.0421875
0 0.49296875 0.86875 0.0546875 0.0609375
0 0.42421875 0.853125 0.0640625 0.0515625
0 0.3671875 0.8421875 0.0515625 0.0546875
0 0.28515625 0.85546875 0.0609375 0.0640625
0 0.22421875 0.825 0.046875 0.0625
0 0.2765625 0.7515625 0.0578125 0.0578125
0 0.37109375 0.7515625 0.0625 0.0453125
0 0.36953125 0.7921875 0.0328125 0.04375
0 0.43203125 0.73984375 0.0328125 0.0265625