0 0.703125 0.82734375 0.05 0.046875
0 0.58828125 0.81796875 0.0390625 0.0546875
0 0.6984375 0.74453125 0.0359375 0.05625
0 0.4296875 0.74375 0.0734375 0.0390625
0 0.55 0.71015625 0.0734375 0.0203125
0 0.59140625 0.68828125 0.0453125 0.0234375
0 0.7171875 0.6625 0.04375 0.05
0 0.6703125 0.63359375 0.0484375 0.04375
0 0.74453125 0.575 0.0359375 0.0578125
0 0.690625 0.515625 0.071875 0.0328125
0 0.5578125 0.53515625 0.06875 0.021875
0 0.59765625 0.4703125 0.06875 0.0265625
0 0.603125 0.4390625 0.075 0.025
0 0.70234375 0.44140625 0.0515625 0.034375
0 0.58125 0.3734375 0.0703125 0.03125
0 0.54140625 0.30390625 0.040625 0.0546875
0 0.81875 0.3796875 0.034375 0.0671875
0 0.7140625 0.259375 0.059375 0.0421875
0 0.6265625 0.23203125 0.0625 0.028125
0 0.678125 0.22578125 0.0359375 0.0265625
0 0.82421875 0.171875 0.04375 0.05625
0 0.6984375 0.175 0.09375 0.021875
0 0.66796875 0.14453125 0.046875 0.040625
0 0.76328125 0.134375 0.04375 0.0546875
0 0.76875 0.090625 0.05 0.0296875
0 0.59296875 0.13203125 0.08125 0.025
0 0.57265625 0.1828125 0.034375 0.0515625
0 0.4921875 0.22734375 0.06875 0.0453125
0 0.31875 0.1578125 0.08125 0.0265625
0 0.41796875 0.1296875 0.0734375 0.0265625
0 0.18046875 0.22265625 0.040625 0.053125
0 0.1703125 0.29375 0.0359375 0.046875
0 0.209375 0.284375 0.0375 0.0484375
0 0.165625 0.34375 0.0328125 0.05
0 0.16328125 0.3953125 0.0390625 0.0484375
0 0.2390625 0.375 0.0734375 0.021875
0 0.2484375 0.3953125 0.0421875 0.0140625
0 0.3078125 0.3859375 0.05625 0.0390625
0 0.39453125 0.43046875 0.0671875 0.040625
0 0.2140625 0.4609375 0.06875 0.0296875
0 0.12109375 0.4984375 0.0328125 0.0609375
0 0.16484375 0.5046875 0.0453125 0.03125
0 0.17109375 0.5359375 0.0296875 0.03125
0 0.29921875 0.50625 0.071875 0.025
0 0.37890625 0.54921875 0.0390625 0.0484375
0 0.434375 0.50703125 0.053125 0.04375
0 0.24609375 0.59921875 0.075 0.028125
0 0.32265625 0.6296875 0.040625 0.06875
0 0.43984375 0.64453125 0.065625 0.0515625
0 0.359375 0.70859375 0.0453125 0.0578125