0 0.234375 0.81328125 0.0734375 0.0296875
0 0.446875 0.81171875 0.0453125 0.0515625
0 0.5609375 0.8609375 0.0609375 0.053125
0 0.68203125 0.8515625 0.0734375 0.0265625
0 0.79140625 0.8734375 0.0390625 0.05
0 0.7890625 0.81953125 0.0421875 0.05625
0 0.57578125 0.796875 0.0734375 0.0296875
0 0.62265625 0.71875 0.071875 0.0359375
0 0.53203125 0.66328125 0.046875 0.059375
0 0.4453125 0.703125 0.0578125 0.0359375
0 0.434375 0.75234375 0.0609375 0.0375
0 0.29609375 0.74765625 0.0359375 0.0515625
0 0.26953125 0.7015625 0.0671875 0.0375
0 0.33828125 0.65234375 0.0671875 0.034375
0 0.21328125 0.578125 0.06875 0.046875
0 0.22265625 0.49765625 0.040625 0.0546875
0 0.24375 0.4421875 0.05 0.05
0 0.26484375 0.39375 0.0390625 0.0515625
0 0.22734375 0.340625 0.0453125 0.05625
0 0.43125 0.36875 0.071875 0.0359375
0 0.5109375 0.3875 0.0375 0.05
0 0.5484375 0.40546875 0.034375 0.0328125
0 0.5828125 0.3796875 0.06875 0.03125
0 0.66484375 0.35234375 0.046875 0.0484375
0 0.72734375 0.6390625 0.071875 0.0484375
0 0.6171875 0.5796875 0.05625 0.040625
0 0.70234375 0.57578125 0.06875 0.040625
0 0.70546875 0.534375 0.0421875 0.034375
0 0.66171875 0.52734375 0.0390625 0.0359375
0 0.621875 0.51953125 0.0421875 0.0421875
0 0.48515625 0.5578125 0.059375 0.0296875
0 0.40234375 0.4984375 0.0734375 0.025
0 0.33125 0.47890625 0.053125 0.0515625
0 0.8078125 0.26484375 0.0484375 0.05
0 0.734375 0.1703125 0.0703125 0.034375
0 0.84921875 0.1140625 0.0734375 0.034375
0 0.6046875 0.08828125 0.08125 0.0421875
0 0.6 0.178125 0.046875 0.053125
0 0.5046875 0.13125 0.065625 0.0375
0 0.5484375 0.20859375 0.040625 0.05625
0 0.4296875 0.16953125 0.0703125 0.03125
0 0.45625 0.09609375 0.0375 0.0546875
0 0.365625 0.07890625 0.075 0.0375
0 0.38125 0.05 0.0734375 0.034375
0 0.40234375 0.21484375 0.05625 0.0453125
0 0.3375 0.21875 0.0484375 0.0625
0 0.2359375 0.1890625 0.05 0.0484375
0 0.2296875 0.1546875 0.03125 0.021875
0 0.1953125 0.1671875 0.028125 0.0546875