0 0.2859375 0.1796875 0.04921875 0.04453125
0 0.40078125 0.18515625 0.0375 0.053125
0 0.29296875 0.2625 0.03359375 0.05546875
0 0.56171875 0.25390625 0.07265625 0.03671875
0 0.44296875 0.29140625 0.07265625 0.01796875
0 0.40234375 0.31484375 0.04453125 0.02265625
0 0.27734375 0.3453125 0.04140625 0.0484375
0 0.325 0.37265625 0.046875 0.04140625
0 0.253125 0.43359375 0.034375 0.05625
0 0.30859375 0.49140625 0.0703125 0.03046875
0 0.440625 0.4671875 0.06875 0.01875
0 0.403125 0.5328125 0.06875 0.0234375
0 0.39921875 0.56484375 0.075 0.02265625
0 0.3 0.565625 0.05078125 0.03203125
0 0.4234375 0.6296875 0.06875 0.02890625
0 0.465625 0.69765625 0.03828125 0.053125
0 0.1859375 0.63125 0.03203125 0.06640625
0 0.29453125 0.74765625 0.0578125 0.040625
0 0.3828125 0.771875 0.06171875 0.02578125
0 0.33125 0.78046875 0.034375 0.025
0 0.1875 0.8390625 0.0421875 0.0546875
0 0.31328125 0.83203125 0.09296875 0.01796875
0 0.34453125 0.8609375 0.04609375 0.03828125
0 0.25 0.87421875 0.0421875 0.053125
0 0.24609375 0.91875 0.0484375 0.02734375
0 0.4203125 0.87109375 0.08125 0.02265625
0 0.43828125 0.81953125 0.0328125 0.05078125
0 0.5171875 0.771875 0.06796875 0.04296875
0 0.69296875 0.8359375 0.08046875 0.0234375
0 0.59453125 0.8671875 0.071875 0.02421875
0 0.82890625 0.76640625 0.03828125 0.0515625
0 0.83671875 0.69453125 0.034375 0.0453125
0 0.79765625 0.70546875 0.0359375 0.04765625
0 0.83984375 0.64453125 0.03125 0.04921875
0 0.83984375 0.59296875 0.03671875 0.04765625
0 0.76484375 0.615625 0.07265625 0.01875
0 0.7546875 0.59609375 0.0421875 0.0125
0 0.69609375 0.60703125 0.0546875 0.0375
0 0.6078125 0.565625 0.065625 0.0390625
0 0.7875 0.52890625 0.0671875 0.028125
0 0.87890625 0.48828125 0.03046875 0.06015625
0 0.83515625 0.48359375 0.04453125 0.0296875
0 0.82734375 0.45234375 0.02890625 0.0296875
0 0.70078125 0.48671875 0.071875 0.021875
0 0.61953125 0.446875 0.0375 0.04765625
0 0.565625 0.490625 0.05234375 0.0421875
0 0.75 0.3921875 0.07421875 0.02578125
0 0.67265625 0.3640625 0.0375 0.06796875
0 0.5546875 0.353125 0.06328125 0.04921875
0 0.63359375 0.28671875 0.04375 0.05703125