0 0.63359375 0.03671875 0.034375 0.0328125
0 0.6484375 0.075 0.03125 0.053125
0 0.7484375 0.0390625 0.06875 0.04375
0 0.7484375 0.1546875 0.0265625 0.0375
0 0.77265625 0.15 0.0328125 0.04375
0 0.7875 0.18515625 0.05 0.0375
0 0.71953125 0.3328125 0.05625 0.0484375
0 0.675 0.39140625 0.04375 0.05625
0 0.83828125 0.40078125 0.0421875 0.046875
0 0.8421875 0.44921875 0.0328125 0.0390625
0 0.8140625 0.4390625 0.0265625 0.0296875
0 0.796875 0.4734375 0.0359375 0.028125
0 0.84453125 0.48046875 0.0375 0.03125
0 0.81796875 0.49765625 0.0359375 0.03125
0 0.85234375 0.52421875 0.034375 0.04375
0 0.61171875 0.55 0.0453125 0.0484375
0 0.81328125 0.58203125 0.065625 0.046875
0 0.66875 0.8109375 0.0671875 0.05
0 0.69921875 0.8671875 0.071875 0.0390625
0 0.83046875 0.83203125 0.0609375 0.0375
0 0.8953125 0.78828125 0.04375 0.046875
0 0.50390625 0.909375 0.06875 0.046875
0 0.378125 0.9015625 0.0609375 0.0453125
0 0.31328125 0.91875 0.046875 0.0328125
0 0.2921875 0.9484375 0.0359375 0.0265625
0 0.25546875 0.96484375 0.04375 0.040625
0 0.28515625 0.98671875 0.0328125 0.0265625
0 0.21640625 0.86640625 0.0453125 0.034375
0 0.22734375 0.82890625 0.0328125 0.040625
0 0.26875 0.83359375 0.034375 0.0453125
0 0.23828125 0.721875 0.0421875 0.0484375
0 0.34375 0.66953125 0.0625 0.0359375
0 0.459375 0.6296875 0.0421875 0.0421875
0 0.49921875 0.653125 0.040625 0.0546875
0 0.40078125 0.51328125 0.0609375 0.0390625
0 0.17734375 0.60234375 0.06875 0.0453125
0 0.15234375 0.41171875 0.053125 0.065625
0 0.1015625 0.39609375 0.0375 0.0515625
0 0.30234375 0.34296875 0.0609375 0.0484375
0 0.35 0.29375 0.0484375 0.05
0 0.09140625 0.321875 0.0546875 0.0421875
0 0.16015625 0.26640625 0.0640625 0.0375
0 0.0859375 0.265625 0.040625 0.0546875
0 0.24765625 0.209375 0.053125 0.0328125
0 0.12890625 0.19921875 0.0578125 0.03125
0 0.0921875 0.2125 0.028125 0.04375
0 0.06796875 0.2 0.03125 0.046875