0 0.12890625 0.1015625 0.0375 0.01640625
0 0.128125 0.11875 0.0359375 0.01171875
0 0.14375 0.16484375 0.02109375 0.0359375
0 0.1609375 0.13984375 0.01328125 0.02578125
0 0.1765625 0.13984375 0.01328125 0.02578125
0 0.19296875 0.19140625 0.04140625 0.03671875
0 0.2546875 0.11875 0.075 0.01484375
0 0.26953125 0.096875 0.0515625 0.01796875
0 0.3578125 0.09296875 0.05625 0.0203125
0 0.4984375 0.09375 0.06171875 0.02890625
0 0.6078125 0.11171875 0.03984375 0.03984375
0 0.48125 0.171875 0.0609375 0.021875
0 0.78515625 0.1140625 0.04296875 0.0328125
0 0.79296875 0.159375 0.04140625 0.0515625
0 0.8 0.20078125 0.06171875 0.01875
0 0.690625 0.25859375 0.0375 0.04609375
0 0.60703125 0.27265625 0.05 0.03125
0 0.76015625 0.25078125 0.0359375 0.04296875
0 0.784375 0.27421875 0.021875 0.03984375
0 0.60703125 0.33515625 0.02890625 0.05
0 0.75546875 0.38359375 0.0203125 0.05390625
0 0.4390625 0.3546875 0.0390625 0.053125
0 0.16875 0.3171875 0.0328125 0.05234375
0 0.17578125 0.3859375 0.0359375 0.046875
0 0.15390625 0.428125 0.05703125 0.040625
0 0.1796875 0.4765625 0.025 0.05234375
0 0.23671875 0.50546875 0.02265625 0.0453125
0 0.26953125 0.54375 0.02734375 0.04453125
0 0.51015625 0.4515625 0.034375 0.04609375
0 0.4953125 0.56328125 0.0453125 0.04453125
0 0.509375 0.61875 0.025 0.02421875
0 0.52578125 0.63203125 0.03203125 0.02421875
0 0.21484375 0.64765625 0.021875 0.05
0 0.2453125 0.696875 0.06953125 0.0140625
0 0.18125 0.7703125 0.0734375 0.01171875
0 0.22109375 0.8234375 0.02421875 0.046875
0 0.4671875 0.86875 0.0671875 0.021875
0 0.621875 0.8 0.06875 0.02734375
0 0.6734375 0.8265625 0.04296875 0.0203125
0 0.74296875 0.81484375 0.0484375 0.03359375
0 0.77890625 0.82421875 0.03046875 0.0265625
0 0.7984375 0.76015625 0.02578125 0.04765625
0 0.8171875 0.70625 0.02890625 0.040625
0 0.68046875 0.678125 0.025 0.05
0 0.76171875 0.58828125 0.03671875 0.0359375
0 0.6421875 0.503125 0.03125 0.05
0 0.540625 0.91484375 0.0421875 0.0265625
0 0.771875 0.91171875 0.05703125 0.0171875
0 0.70859375 0.91484375 0.03125 0.01953125
0 0.71875 0.89609375 0.03515625 0.021875