0 0.6953125 0.159375 0.0859375 0.0421875
0 0.57421875 0.20625 0.084375 0.0453125
0 0.640625 0.24609375 0.0765625 0.04375
0 0.678125 0.290625 0.0484375 0.0578125
0 0.5015625 0.20703125 0.0546875 0.0609375
0 0.33671875 0.21328125 0.053125 0.0625
0 0.23515625 0.20703125 0.0734375 0.0453125
0 0.25078125 0.259375 0.053125 0.0546875
0 0.28671875 0.3078125 0.040625 0.053125
0 0.196875 0.31328125 0.0640625 0.053125
0 0.225 0.3734375 0.053125 0.0625
0 0.390625 0.2890625 0.05 0.0546875
0 0.446875 0.3171875 0.0453125 0.0625
0 0.46328125 0.37265625 0.0390625 0.053125
0 0.3875 0.38125 0.059375 0.05625
0 0.38515625 0.44296875 0.0421875 0.05625
0 0.434375 0.43046875 0.059375 0.04375
0 0.5 0.42265625 0.0390625 0.0484375
0 0.54140625 0.44921875 0.053125 0.0453125
0 0.56640625 0.3703125 0.04375 0.0515625
0 0.59296875 0.4140625 0.0515625 0.053125
0 0.66640625 0.425 0.0734375 0.040625
0 0.7734375 0.36875 0.059375 0.0515625
0 0.6890625 0.47265625 0.0578125 0.053125
0 0.59375 0.5 0.0609375 0.0296875
0 0.5609375 0.5328125 0.0609375 0.034375
0 0.57734375 0.5640625 0.0359375 0.0515625
0 0.61953125 0.60390625 0.05 0.0265625
0 0.6734375 0.61953125 0.053125 0.040625
0 0.7546875 0.58671875 0.0484375 0.0640625
0 0.47421875 0.534375 0.0484375 0.0640625
0 0.43125 0.49453125 0.0484375 0.0515625
0 0.30546875 0.53984375 0.0515625 0.0625
0 0.25625 0.46953125 0.0625 0.0515625
0 0.1796875 0.571875 0.0328125 0.053125
0 0.20859375 0.5875 0.03125 0.0515625
0 0.19921875 0.63984375 0.078125 0.0421875
0 0.23203125 0.68203125 0.0640625 0.0359375
0 0.290625 0.66875 0.059375 0.05
0 0.26328125 0.72890625 0.0640625 0.034375
0 0.44765625 0.62421875 0.0609375 0.0515625
0 0.5109375 0.64765625 0.046875 0.05625
0 0.6484375 0.7234375 0.053125 0.05
0 0.7421875 0.71640625 0.05 0.05
0 0.79375 0.72734375 0.046875 0.053125
0 0.5734375 0.80625 0.0515625 0.0546875
0 0.49765625 0.7765625 0.0859375 0.0359375
0 0.384375 0.7640625 0.05625 0.0578125
0 0.43125 0.86328125 0.0609375 0.053125