0 0.70078125 0.8578125 0.0734375 0.028125
0 0.49296875 0.81640625 0.0453125 0.05
0 0.37109375 0.8421875 0.0609375 0.053125
0 0.25390625 0.81015625 0.071875 0.025
0 0.14296875 0.8109375 0.0390625 0.0484375
0 0.1546875 0.75859375 0.040625 0.0546875
0 0.36875 0.77734375 0.0734375 0.028125
0 0.33828125 0.69140625 0.0703125 0.034375
0 0.43671875 0.6546875 0.0453125 0.059375
0 0.51484375 0.71015625 0.0578125 0.034375
0 0.51640625 0.76015625 0.0609375 0.0359375
0 0.65234375 0.78125 0.0359375 0.0515625
0 0.6875 0.74140625 0.0671875 0.0359375
0 0.62890625 0.68046875 0.0671875 0.034375
0 0.7671875 0.63125 0.06875 0.0453125
0 0.77265625 0.55078125 0.040625 0.0546875
0 0.7625 0.4921875 0.05 0.0484375
0 0.7515625 0.440625 0.0390625 0.05
0 0.79765625 0.39609375 0.0453125 0.0546875
0 0.5921875 0.384375 0.0703125 0.034375
0 0.5109375 0.3875 0.0359375 0.05
0 0.4703125 0.39765625 0.034375 0.03125
0 0.4421875 0.36640625 0.06875 0.03125
0 0.36640625 0.3234375 0.0453125 0.0484375
0 0.25 0.59375 0.071875 0.046875
0 0.36953125 0.55625 0.0546875 0.0390625
0 0.28671875 0.53515625 0.0671875 0.0390625
0 0.2921875 0.49453125 0.0421875 0.034375
0 0.3359375 0.49609375 0.0375 0.0359375
0 0.3765625 0.49609375 0.0421875 0.0421875
0 0.503125 0.56015625 0.059375 0.0296875
0 0.596875 0.5171875 0.0734375 0.0234375
0 0.6703125 0.51171875 0.0515625 0.0515625
0 0.24296875 0.2109375 0.0484375 0.0484375
0 0.3328125 0.13203125 0.0703125 0.0328125
0 0.23046875 0.0546875 0.071875 0.0328125
0 0.47578125 0.07578125 0.08125 0.040625
0 0.46328125 0.16484375 0.0453125 0.0515625
0 0.565625 0.1375 0.065625 0.0359375
0 0.5078125 0.2046875 0.0390625 0.0546875
0 0.63203125 0.1890625 0.0703125 0.0296875
0 0.6203125 0.1125 0.0359375 0.0546875
0 0.71171875 0.1125 0.075 0.0359375
0 0.70234375 0.08125 0.0734375 0.0328125
0 0.65 0.23828125 0.05625 0.0453125
0 0.7125 0.25546875 0.0484375 0.0609375
0 0.81875 0.2453125 0.05 0.0484375
0 0.83125 0.21328125 0.03125 0.021875
0 0.8625 0.23125 0.0265625 0.0546875