0 0.89609375 0.84296875 0.040625 0.028125
0 0.8671875 0.84921875 0.0234375 0.0296875
0 0.84609375 0.8453125 0.01875 0.028125
0 0.6703125 0.78828125 0.05625 0.021875
0 0.55 0.8015625 0.021875 0.040625
0 0.8609375 0.73671875 0.0171875 0.0265625
0 0.88046875 0.74609375 0.0265625 0.025
0 0.875 0.6984375 0.025 0.0328125
0 0.8609375 0.65078125 0.025 0.034375
0 0.87734375 0.6078125 0.0328125 0.0359375
0 0.821875 0.58828125 0.03125 0.05
0 0.71875 0.63359375 0.0671875 0.0234375
0 0.73203125 0.58515625 0.0375 0.0390625
0 0.84609375 0.53203125 0.04375 0.01875
0 0.85703125 0.4828125 0.03125 0.0359375
0 0.79609375 0.509375 0.0625 0.0265625
0 0.66484375 0.4625 0.0515625 0.01875
0 0.75546875 0.3109375 0.0328125 0.0359375
0 0.7953125 0.28984375 0.03125 0.040625
0 0.46328125 0.35234375 0.028125 0.0328125
0 0.46328125 0.37421875 0.0359375 0.0265625
0 0.26171875 0.2890625 0.0484375 0.0296875
0 0.2140625 0.2890625 0.0296875 0.04375
0 0.1828125 0.33203125 0.0515625 0.0234375
0 0.14140625 0.2703125 0.021875 0.028125
0 0.11640625 0.2453125 0.015625 0.034375
0 0.253125 0.446875 0.0484375 0.025
0 0.22109375 0.50234375 0.0296875 0.0375
0 0.19765625 0.5234375 0.0359375 0.0359375
0 0.12265625 0.2046875 0.021875 0.0375
0 0.1953125 0.175 0.028125 0.0359375
0 0.14375 0.13203125 0.040625 0.01875
0 0.13828125 0.10859375 0.040625 0.01875
0 0.10703125 0.11484375 0.03125 0.0375
0 0.65859375 0.12734375 0.0453125 0.0265625
0 0.75078125 0.08125 0.0390625 0.040625
0 0.73671875 0.0421875 0.071875 0.0203125
0 0.68203125 0.04296875 0.025 0.04375
0 0.19375 0.67109375 0.0296875 0.0375
0 0.3671875 0.7015625 0.0578125 0.0359375
0 0.434375 0.7296875 0.0671875 0.0234375
0 0.47890625 0.70078125 0.034375 0.0453125
0 0.1703125 0.82890625 0.0515625 0.0390625
0 0.26875 0.90546875 0.0234375 0.034375
0 0.215625 0.9109375 0.0171875 0.0359375
0 0.22578125 0.8875 0.015625 0.021875
0 0.17578125 0.9015625 0.04375 0.0203125
0 0.1828125 0.91328125 0.0203125 0.0171875