0 0.91796875 0.2234375 0.0390625 0.05625
0 0.878125 0.26171875 0.05 0.0515625
0 0.85546875 0.2328125 0.0375 0.0578125
0 0.796875 0.26015625 0.065625 0.0328125
0 0.91484375 0.31953125 0.0234375 0.034375
0 0.91796875 0.28671875 0.04375 0.0296875
0 0.89296875 0.353125 0.0359375 0.0453125
0 0.78515625 0.3140625 0.0625 0.0328125
0 0.68515625 0.31796875 0.0453125 0.0390625
0 0.63125 0.33671875 0.0609375 0.0375
0 0.78125 0.38515625 0.0515625 0.05
0 0.70078125 0.37109375 0.05625 0.0484375
0 0.5375 0.16796875 0.0234375 0.0453125
0 0.55 0.1421875 0.0140625 0.0140625
0 0.415625 0.16875 0.0359375 0.0359375
0 0.3828125 0.1734375 0.040625 0.0296875
0 0.53359375 0.23671875 0.040625 0.0546875
0 0.33984375 0.2421875 0.0625 0.0265625
0 0.36328125 0.2640625 0.0203125 0.0390625
0 0.44453125 0.40546875 0.0734375 0.0390625
0 0.61875 0.42109375 0.0484375 0.028125
0 0.5734375 0.4296875 0.0546875 0.025
0 0.64140625 0.47734375 0.0421875 0.0375
0 0.69375 0.50234375 0.03125 0.05
0 0.61953125 0.5140625 0.0484375 0.0421875
0 0.490625 0.471875 0.0515625 0.0390625
0 0.490625 0.55546875 0.04375 0.059375
0 0.4109375 0.55078125 0.0234375 0.034375
0 0.3859375 0.55078125 0.0296875 0.0421875
0 0.18203125 0.51171875 0.0390625 0.0421875
0 0.34765625 0.63359375 0.0328125 0.040625
0 0.15 0.6015625 0.0359375 0.053125
0 0.109375 0.67734375 0.0515625 0.0515625
0 0.19140625 0.68515625 0.03125 0.0515625
0 0.1171875 0.74453125 0.0703125 0.0328125
0 0.234375 0.81953125 0.0515625 0.0515625
0 0.38046875 0.7859375 0.0640625 0.028125
0 0.48125 0.81484375 0.06875 0.0359375
0 0.56328125 0.81953125 0.0453125 0.0640625
0 0.4515625 0.70625 0.0609375 0.040625
0 0.51796875 0.6640625 0.0375 0.05
0 0.68046875 0.67109375 0.071875 0.0421875
0 0.7578125 0.69921875 0.0421875 0.0296875
0 0.8046875 0.7234375 0.0375 0.03125
0 0.840625 0.70625 0.03125 0.0421875
0 0.73125 0.8140625 0.0546875 0.05
0 0.68203125 0.90234375 0.0765625 0.0359375
0 0.778125 0.90390625 0.0359375 0.0453125
0 0.69765625 0.9546875 0.034375 0.0453125
0 0.71875 0.94921875 0.025 0.0359375