0 0.78046875 0.0125 0.0453125 0.025
0 0.75078125 0.03984375 0.0359375 0.05
0 0.63984375 0.04296875 0.0796875 0.0359375
0 0.6671875 0.0703125 0.0375 0.0421875
0 0.71796875 0.084375 0.0390625 0.053125
0 0.6203125 0.1234375 0.046875 0.0484375
0 0.5828125 0.146875 0.0359375 0.0375
0 0.565625 0.08671875 0.040625 0.0453125
0 0.54296875 0.12265625 0.03125 0.046875
0 0.39765625 0.1 0.0671875 0.040625
0 0.453125 0.14921875 0.0671875 0.0421875
0 0.2625 0.14453125 0.0640625 0.0359375
0 0.271875 0.1765625 0.0609375 0.0328125
0 0.43359375 0.2265625 0.03125 0.0546875
0 0.16484375 0.3328125 0.0640625 0.0390625
0 0.2359375 0.3265625 0.0453125 0.0421875
0 0.23515625 0.36796875 0.034375 0.0421875
0 0.41796875 0.33359375 0.0265625 0.046875
0 0.3984375 0.3625 0.0296875 0.046875
0 0.6 0.359375 0.0359375 0.0328125
0 0.59375 0.38359375 0.075 0.0328125
0 0.5484375 0.42421875 0.0375 0.0390625
0 0.79140625 0.20859375 0.0359375 0.05625
0 0.7578125 0.2828125 0.0359375 0.0375
0 0.78515625 0.290625 0.028125 0.040625
0 0.828125 0.28671875 0.0390625 0.05
0 0.8515625 0.38125 0.046875 0.04375
0 0.79140625 0.41015625 0.0375 0.0515625
0 0.7484375 0.4359375 0.046875 0.0578125
0 0.71484375 0.4265625 0.0359375 0.0515625
0 0.58671875 0.465625 0.0359375 0.0578125
0 0.15703125 0.4234375 0.0390625 0.015625
0 0.175 0.4359375 0.028125 0.021875
0 0.19453125 0.496875 0.028125 0.0515625
0 0.1609375 0.5046875 0.034375 0.0484375
0 0.165625 0.65078125 0.0375 0.053125
0 0.18828125 0.7078125 0.0328125 0.0453125
0 0.4046875 0.6078125 0.0375 0.0421875
0 0.3875 0.590625 0.05625 0.028125
0 0.5453125 0.625 0.059375 0.034375
0 0.59375 0.54375 0.04375 0.0390625
0 0.68359375 0.571875 0.034375 0.0390625
0 0.7078125 0.703125 0.0375 0.0515625
0 0.77421875 0.76875 0.05625 0.0484375
0 0.6328125 0.82109375 0.0625 0.04375
0 0.69296875 0.86015625 0.075 0.0375
0 0.47421875 0.85859375 0.053125 0.0421875
0 0.4484375 0.89609375 0.0515625 0.0265625
0 0.3625 0.8953125 0.040625 0.04375