0 0.44453125 0.16796875 0.0265625 0.05
0 0.5875 0.2625 0.06875 0.0421875
0 0.46328125 0.28515625 0.0484375 0.0203125
0 0.459375 0.265625 0.0578125 0.025
0 0.65859375 0.30859375 0.0515625 0.0515625
0 0.77421875 0.3125 0.05625 0.0671875
0 0.83984375 0.47265625 0.0296875 0.065625
0 0.61015625 0.38359375 0.075 0.0421875
0 0.5078125 0.365625 0.0546875 0.053125
0 0.40546875 0.32265625 0.0703125 0.0359375
0 0.29375 0.30703125 0.046875 0.0515625
0 0.34921875 0.37265625 0.0421875 0.065625
0 0.6875 0.45390625 0.0515625 0.0609375
0 0.7453125 0.503125 0.0640625 0.0453125
0 0.575 0.4515625 0.059375 0.0421875
0 0.484375 0.459375 0.0796875 0.0265625
0 0.38984375 0.46171875 0.0453125 0.053125
0 0.625 0.5109375 0.0421875 0.05625
0 0.8359375 0.571875 0.0328125 0.0375
0 0.859375 0.54140625 0.0828125 0.0390625
0 0.27578125 0.49140625 0.0484375 0.046875
0 0.32578125 0.53828125 0.0421875 0.0515625
0 0.36875 0.59453125 0.0421875 0.0296875
0 0.4609375 0.58671875 0.0734375 0.0515625
0 0.16328125 0.58359375 0.0484375 0.053125
0 0.47578125 0.63046875 0.0515625 0.03125
0 0.61796875 0.6171875 0.0765625 0.046875
0 0.8359375 0.61171875 0.040625 0.0265625
0 0.86953125 0.65 0.034375 0.021875
0 0.8421875 0.6453125 0.0296875 0.046875
0 0.78828125 0.63125 0.0390625 0.0390625
0 0.7796875 0.66875 0.040625 0.0421875
0 0.83984375 0.68125 0.065625 0.021875
0 0.7171875 0.70625 0.0609375 0.040625
0 0.75625 0.76796875 0.03125 0.053125
0 0.821875 0.77890625 0.0390625 0.05
0 0.5015625 0.7484375 0.0609375 0.0453125
0 0.5734375 0.79921875 0.0703125 0.0265625
0 0.68046875 0.8515625 0.071875 0.03125
0 0.4015625 0.81953125 0.0578125 0.0296875
0 0.2984375 0.753125 0.053125 0.034375
0 0.25390625 0.796875 0.0375 0.053125
0 0.271875 0.82578125 0.025 0.04375
0 0.3140625 0.87890625 0.075 0.0375
0 0.425 0.88203125 0.05625 0.0546875
0 0.5390625 0.8734375 0.0625 0.034375
0 0.15703125 0.8296875 0.0828125 0.025
0 0.1390625 0.80625 0.0296875 0.028125
0 0.20546875 0.86171875 0.0625 0.0453125