0 0.1140625 0.07890625 0.0375 0.03671875
0 0.15234375 0.1078125 0.0265625 0.0453125
0 0.2609375 0.0859375 0.07734375 0.01953125
0 0.240625 0.11875 0.03046875 0.0359375
0 0.19375 0.14375 0.02890625 0.0484375
0 0.2984375 0.16015625 0.03828125 0.04140625
0 0.33984375 0.17421875 0.02890625 0.03125
0 0.34296875 0.11171875 0.0328125 0.03828125
0 0.3734375 0.1421875 0.02265625 0.0421875
0 0.51015625 0.0875 0.06328125 0.02734375
0 0.46640625 0.14765625 0.0625 0.02890625
0 0.6515625 0.1 0.06015625 0.0234375
0 0.64921875 0.13359375 0.0578125 0.02109375
0 0.503125 0.21875 0.02109375 0.05078125
0 0.7890625 0.26171875 0.06015625 0.02578125
0 0.71796875 0.271875 0.0390625 0.034375
0 0.728125 0.31171875 0.0265625 0.0375
0 0.5421875 0.31953125 0.0171875 0.04453125
0 0.56796875 0.34296875 0.0203125 0.04296875
0 0.37109375 0.38515625 0.03125 0.02578125
0 0.3828125 0.4078125 0.07265625 0.01640625
0 0.4359375 0.43671875 0.03046875 0.0328125
0 0.15078125 0.28125 0.02421875 0.0515625
0 0.2 0.34609375 0.03046875 0.03125
0 0.175 0.36015625 0.0203125 0.0375
0 0.13203125 0.36640625 0.02890625 0.0453125
0 0.13046875 0.46328125 0.03984375 0.0359375
0 0.19609375 0.478125 0.028125 0.04609375
0 0.24375 0.49375 0.03671875 0.05078125
0 0.27421875 0.4765625 0.0265625 0.046875
0 0.4078125 0.4859375 0.025 0.053125
0 0.8171875 0.3484375 0.0390625 0.00703125
0 0.80234375 0.36484375 0.02578125 0.01640625
0 0.796875 0.428125 0.01796875 0.04921875
0 0.83125 0.428125 0.02578125 0.04375
0 0.86015625 0.571875 0.02734375 0.04765625
0 0.85078125 0.63203125 0.02421875 0.04140625
0 0.6171875 0.58359375 0.03046875 0.0359375
0 0.6296875 0.56328125 0.05390625 0.0171875
0 0.484375 0.63203125 0.05546875 0.02265625
0 0.41875 0.56328125 0.0375 0.03125
0 0.3375 0.6109375 0.028125 0.034375
0 0.34296875 0.74453125 0.028125 0.04609375
0 0.29296875 0.8234375 0.0484375 0.0390625
0 0.44296875 0.84296875 0.05703125 0.03125
0 0.39296875 0.89453125 0.07109375 0.02265625
0 0.60546875 0.84375 0.046875 0.03203125
0 0.6390625 0.87421875 0.04921875 0.015625
0 0.72265625 0.85390625 0.03359375 0.03671875