0 0.06171875 0.16171875 0.0359375 0.0359375
0 0.09296875 0.15703125 0.028125 0.0296875
0 0.13046875 0.16328125 0.021875 0.034375
0 0.1578125 0.18203125 0.034375 0.05
0 0.09921875 0.20078125 0.0359375 0.04375
0 0.18828125 0.1421875 0.0671875 0.028125
0 0.2078125 0.103125 0.05625 0.0234375
0 0.51171875 0.128125 0.0484375 0.0578125
0 0.584375 0.11015625 0.06875 0.03125
0 0.5890625 0.07265625 0.0609375 0.025
0 0.67421875 0.1765625 0.034375 0.0484375
0 0.6609375 0.2109375 0.03125 0.0484375
0 0.7328125 0.215625 0.0625 0.0328125
0 0.45078125 0.20546875 0.0625 0.0359375
0 0.4578125 0.234375 0.0328125 0.0359375
0 0.28984375 0.25078125 0.0328125 0.05
0 0.25 0.24921875 0.040625 0.0359375
0 0.16484375 0.29609375 0.0359375 0.0453125
0 0.1046875 0.35546875 0.0390625 0.046875
0 0.2703125 0.44140625 0.0421875 0.0453125
0 0.13828125 0.48046875 0.05 0.05625
0 0.38125 0.43984375 0.0328125 0.040625
0 0.39296875 0.4171875 0.0484375 0.0234375
0 0.51484375 0.425 0.0328125 0.04375
0 0.653125 0.36796875 0.0421875 0.0546875
0 0.65546875 0.428125 0.021875 0.03125
0 0.85078125 0.48515625 0.0265625 0.0515625
0 0.521875 0.48984375 0.034375 0.05
0 0.4171875 0.51015625 0.0265625 0.0453125
0 0.37734375 0.49296875 0.034375 0.046875
0 0.3828125 0.5390625 0.0453125 0.034375
0 0.2765625 0.503125 0.0734375 0.0453125
0 0.2015625 0.55703125 0.0375 0.0546875
0 0.16015625 0.63046875 0.034375 0.040625
0 0.215625 0.71953125 0.0421875 0.05
0 0.2953125 0.6796875 0.034375 0.05625
0 0.40859375 0.66640625 0.0796875 0.04375
0 0.57109375 0.53203125 0.053125 0.04375
0 0.6015625 0.54296875 0.0359375 0.0390625
0 0.85 0.5734375 0.028125 0.0484375
0 0.87734375 0.56953125 0.0359375 0.028125
0 0.9015625 0.6828125 0.034375 0.05625
0 0.68828125 0.79609375 0.0359375 0.0203125
0 0.69765625 0.778125 0.025 0.025
0 0.5828125 0.796875 0.0734375 0.0265625
0 0.384375 0.76171875 0.034375 0.0421875
0 0.31953125 0.79296875 0.0484375 0.0484375
0 0.3828125 0.8296875 0.075 0.028125
0 0.48046875 0.89296875 0.0515625 0.0265625
0 0.39296875 0.92578125 0.078125 0.0390625