0 0.17265625 0.13671875 0.02890625 0.02890625
0 0.18203125 0.171875 0.01875 0.02265625
0 0.296875 0.14296875 0.046875 0.0171875
0 0.2859375 0.115625 0.05703125 0.01875
0 0.4359375 0.15703125 0.0296875 0.028125
0 0.3328125 0.19921875 0.059375 0.01640625
0 0.5625 0.1640625 0.04765625 0.03046875
0 0.625 0.20390625 0.04296875 0.03515625
0 0.86953125 0.10703125 0.03125 0.0328125
0 0.72890625 0.159375 0.04609375 0.034375
0 0.7546875 0.184375 0.03984375 0.0328125
0 0.78046875 0.25390625 0.025 0.03671875
0 0.6359375 0.25859375 0.03671875 0.03671875
0 0.68359375 0.31484375 0.06640625 0.0234375
0 0.77890625 0.29609375 0.02890625 0.034375
0 0.8375 0.33359375 0.046875 0.03203125
0 0.596875 0.31953125 0.021875 0.0453125
0 0.51015625 0.29765625 0.0328125 0.0453125
0 0.45 0.321875 0.03515625 0.034375
0 0.415625 0.2953125 0.0484375 0.0359375
0 0.22734375 0.26796875 0.0515625 0.03828125
0 0.2296875 0.19921875 0.03828125 0.04453125
0 0.22265625 0.325 0.04921875 0.025
0 0.271875 0.3484375 0.03125 0.0390625
0 0.328125 0.33125 0.0453125 0.0296875
0 0.221875 0.43828125 0.06484375 0.0171875
0 0.22734375 0.46015625 0.0703125 0.0171875
0 0.3140625 0.4671875 0.078125 0.0234375
0 0.390625 0.43984375 0.0390625 0.02734375
0 0.45703125 0.46015625 0.02734375 0.04765625
0 0.5078125 0.44765625 0.01953125 0.040625
0 0.30703125 0.53984375 0.025 0.03359375
0 0.56328125 0.56328125 0.0265625 0.04609375
0 0.4140625 0.53125 0.03515625 0.0375
0 0.42421875 0.55390625 0.03359375 0.02421875
0 0.60078125 0.6015625 0.03515625 0.02578125
0 0.4703125 0.61875 0.025 0.03984375
0 0.35625 0.640625 0.05 0.02578125
0 0.271875 0.671875 0.0296875 0.03359375
0 0.29375 0.6609375 0.01640625 0.03828125
0 0.16171875 0.66484375 0.0375 0.03671875
0 0.47890625 0.703125 0.05703125 0.02421875
0 0.35390625 0.75078125 0.0625 0.02578125
0 0.40546875 0.77421875 0.03359375 0.034375
0 0.5296875 0.73515625 0.0265625 0.03359375
0 0.55625 0.76796875 0.0515625 0.02734375
0 0.6359375 0.8359375 0.02578125 0.040625
0 0.7359375 0.84140625 0.03828125 0.02734375
0 0.5625 0.88359375 0.06015625 0.02734375
0 0.5328125 0.3671875 0.03515625 0.03984375