0 0.571875 0.18203125 0.0828125 0.0375
0 0.6703125 0.21171875 0.0484375 0.0484375
0 0.7828125 0.2703125 0.0671875 0.03125
0 0.6796875 0.28984375 0.0640625 0.0296875
0 0.65703125 0.2578125 0.0390625 0.040625
0 0.74453125 0.3359375 0.053125 0.0546875
0 0.5515625 0.29765625 0.034375 0.0453125
0 0.484375 0.3359375 0.053125 0.053125
0 0.4296875 0.33046875 0.0515625 0.0484375
0 0.6171875 0.371875 0.053125 0.040625
0 0.67421875 0.4109375 0.0640625 0.03125
0 0.7875 0.453125 0.0609375 0.0453125
0 0.61796875 0.43125 0.040625 0.046875
0 0.553125 0.44296875 0.053125 0.03125
0 0.59140625 0.4703125 0.0375 0.040625
0 0.5 0.4109375 0.0578125 0.0515625
0 0.353125 0.3828125 0.053125 0.053125
0 0.3203125 0.490625 0.0484375 0.0484375
0 0.38671875 0.5125 0.046875 0.05625
0 0.42734375 0.553125 0.0484375 0.059375
0 0.36328125 0.56171875 0.0421875 0.0515625
0 0.5390625 0.48515625 0.0578125 0.0390625
0 0.584375 0.5140625 0.046875 0.0484375
0 0.5875 0.5875 0.0578125 0.0390625
0 0.6703125 0.590625 0.075 0.046875
0 0.50234375 0.5671875 0.0578125 0.0484375
0 0.5125 0.528125 0.075 0.034375
0 0.421875 0.60859375 0.0703125 0.0453125
0 0.3234375 0.621875 0.053125 0.053125
0 0.2515625 0.59921875 0.0375 0.0609375
0 0.3453125 0.69296875 0.0453125 0.0578125
0 0.44296875 0.65625 0.05 0.04375
0 0.53984375 0.675 0.059375 0.040625
0 0.6015625 0.696875 0.0484375 0.0484375
0 0.6640625 0.74609375 0.05 0.05625
0 0.5359375 0.753125 0.0453125 0.0515625
0 0.48046875 0.71171875 0.0671875 0.0375
0 0.5328125 0.80546875 0.0578125 0.0359375
0 0.640625 0.80078125 0.0640625 0.0421875
0 0.68046875 0.846875 0.0609375 0.04375
0 0.4609375 0.79921875 0.0765625 0.034375
0 0.3578125 0.771875 0.04375 0.040625
0 0.3 0.76171875 0.05 0.034375
0 0.2609375 0.71796875 0.071875 0.0328125
0 0.5546875 0.88125 0.0703125 0.034375
0 0.37734375 0.85546875 0.06875 0.04375
0 0.28671875 0.82265625 0.078125 0.0390625
0 0.2609375 0.7703125 0.0328125 0.0234375
0 0.115625 0.77109375 0.0640625 0.046875