0 0.68125 0.10546875 0.0546875 0.021875
0 0.5640625 0.11171875 0.04375 0.0390625
0 0.52109375 0.16640625 0.0390625 0.0421875
0 0.47109375 0.1578125 0.04375 0.034375
0 0.41796875 0.14765625 0.0453125 0.028125
0 0.35546875 0.1671875 0.0421875 0.0390625
0 0.23125 0.19765625 0.046875 0.0375
0 0.1484375 0.11640625 0.0546875 0.0390625
0 0.46875 0.2390625 0.0578125 0.04375
0 0.57890625 0.2109375 0.0296875 0.0296875
0 0.62109375 0.2203125 0.0359375 0.034375
0 0.63046875 0.16640625 0.05 0.0296875
0 0.75234375 0.153125 0.0515625 0.021875
0 0.73984375 0.17890625 0.0578125 0.021875
0 0.81328125 0.17578125 0.0484375 0.0328125
0 0.71796875 0.2359375 0.0421875 0.025
0 0.67734375 0.25234375 0.0359375 0.025
0 0.7046875 0.27265625 0.0515625 0.0203125
0 0.6703125 0.290625 0.0578125 0.0265625
0 0.553125 0.30703125 0.0375 0.05
0 0.846875 0.36015625 0.0421875 0.0359375
0 0.67109375 0.3828125 0.0609375 0.0328125
0 0.78515625 0.434375 0.0328125 0.04375
0 0.6328125 0.4484375 0.0703125 0.0234375
0 0.48671875 0.38984375 0.0578125 0.0296875
0 0.45390625 0.3359375 0.040625 0.0578125
0 0.40859375 0.40234375 0.0546875 0.046875
0 0.1734375 0.390625 0.040625 0.046875
0 0.2046875 0.48359375 0.0546875 0.046875
0 0.25625 0.52421875 0.03125 0.0375
0 0.32265625 0.55390625 0.04375 0.0359375
0 0.3671875 0.515625 0.05625 0.0375
0 0.465625 0.59453125 0.034375 0.053125
0 0.48828125 0.53828125 0.03125 0.0484375
0 0.5640625 0.584375 0.0703125 0.028125
0 0.58203125 0.64609375 0.0640625 0.028125
0 0.58046875 0.6984375 0.0609375 0.028125
0 0.42578125 0.66484375 0.0515625 0.0296875
0 0.44609375 0.71953125 0.0515625 0.040625
0 0.3578125 0.746875 0.040625 0.0390625
0 0.425 0.76328125 0.0703125 0.021875
0 0.4265625 0.80078125 0.040625 0.0421875
0 0.48125 0.790625 0.0625 0.028125
0 0.5796875 0.84375 0.0296875 0.01875
0 0.61796875 0.8375 0.053125 0.0296875
0 0.78828125 0.8234375 0.0546875 0.034375
0 0.8 0.7546875 0.0390625 0.05
0 0.74765625 0.5703125 0.0359375 0.0484375
0 0.15234375 0.66875 0.0484375 0.0546875