0 0.3609375 0.0890625 0.053125 0.01640625
0 0.4765625 0.10703125 0.03984375 0.03515625
0 0.5140625 0.16640625 0.03515625 0.0390625
0 0.56484375 0.1625 0.040625 0.03046875
0 0.61875 0.1578125 0.04296875 0.02421875
0 0.678125 0.184375 0.03828125 0.0359375
0 0.79921875 0.22734375 0.04296875 0.03359375
0 0.88984375 0.15546875 0.0515625 0.03359375
0 0.55859375 0.24375 0.05390625 0.0390625
0 0.4515625 0.20390625 0.0265625 0.02734375
0 0.40859375 0.209375 0.03359375 0.03046875
0 0.40546875 0.1546875 0.0484375 0.02421875
0 0.28515625 0.12890625 0.05 0.0171875
0 0.2953125 0.15546875 0.05625 0.015625
0 0.22265625 0.14453125 0.04609375 0.02890625
0 0.3109375 0.21484375 0.040625 0.02109375
0 0.34921875 0.23515625 0.03359375 0.021875
0 0.3203125 0.25234375 0.05 0.015625
0 0.35234375 0.27421875 0.05546875 0.02109375
0 0.4671875 0.30234375 0.03203125 0.04765625
0 0.16953125 0.325 0.03828125 0.0328125
0 0.3421875 0.365625 0.0578125 0.02734375
0 0.2234375 0.4046875 0.028125 0.04140625
0 0.3734375 0.43515625 0.06875 0.01640625
0 0.525 0.3921875 0.05625 0.0234375
0 0.56328125 0.34140625 0.0359375 0.05390625
0 0.60078125 0.4125 0.05 0.04140625
0 0.8359375 0.425 0.03671875 0.04296875
0 0.7953125 0.51484375 0.05078125 0.04140625
0 0.73984375 0.54921875 0.028125 0.034375
0 0.67109375 0.571875 0.04140625 0.03203125
0 0.63046875 0.5296875 0.053125 0.03203125
0 0.52421875 0.59765625 0.02890625 0.05078125
0 0.5078125 0.5390625 0.0265625 0.04609375
0 0.42734375 0.57734375 0.06796875 0.02109375
0 0.403125 0.63671875 0.06171875 0.021875
0 0.39921875 0.6890625 0.05859375 0.02265625
0 0.55625 0.671875 0.0484375 0.025
0 0.53046875 0.72421875 0.04765625 0.0359375
0 0.615625 0.76015625 0.03671875 0.03515625
0 0.546875 0.76953125 0.06875 0.01484375
0 0.54140625 0.80703125 0.0375 0.03828125
0 0.48828125 0.790625 0.0609375 0.02109375
0 0.38515625 0.83359375 0.02890625 0.01640625
0 0.34765625 0.8234375 0.05078125 0.02421875
0 0.1796875 0.79140625 0.05234375 0.02890625
0 0.175 0.721875 0.034375 0.04609375
0 0.24609375 0.54375 0.03125 0.04609375
0 0.828125 0.70390625 0.04375 0.05078125