0 0.30390625 0.16953125 0.04453125 0.0484375
0 0.42578125 0.21640625 0.05078125 0.03203125
0 0.4703125 0.18828125 0.03984375 0.03359375
0 0.57265625 0.171875 0.04140625 0.034375
0 0.62578125 0.18046875 0.0546875 0.02265625
0 0.83671875 0.14140625 0.04140625 0.053125
0 0.75546875 0.2171875 0.04140625 0.046875
0 0.69453125 0.2 0.0515625 0.03359375
0 0.8046875 0.2796875 0.05078125 0.0375
0 0.8671875 0.2875 0.06171875 0.025
0 0.88125 0.33359375 0.04609375 0.046875
0 0.7578125 0.3140625 0.03984375 0.046875
0 0.5359375 0.30078125 0.0515625 0.0234375
0 0.5328125 0.325 0.0625 0.0171875
0 0.5609375 0.384375 0.03671875 0.04375
0 0.49453125 0.371875 0.0421875 0.03984375
0 0.35234375 0.35 0.0234375 0.04453125
0 0.328125 0.26640625 0.05625 0.0140625
0 0.31953125 0.29296875 0.0234375 0.03046875
0 0.46796875 0.46015625 0.05625 0.02265625
0 0.38515625 0.4765625 0.05546875 0.0171875
0 0.31171875 0.46796875 0.05390625 0.0171875
0 0.62109375 0.5046875 0.05078125 0.025
0 0.6640625 0.5171875 0.0265625 0.0328125
0 0.84921875 0.4484375 0.03046875 0.04453125
0 0.83984375 0.503125 0.02890625 0.04921875
0 0.45703125 0.5421875 0.046875 0.04609375
0 0.4203125 0.59765625 0.02578125 0.03515625
0 0.39609375 0.64453125 0.03203125 0.04140625
0 0.365625 0.66171875 0.02734375 0.0375
0 0.2484375 0.6453125 0.05859375 0.03125
0 0.18125 0.67109375 0.02578125 0.04453125
0 0.19140625 0.7109375 0.0296875 0.02890625
0 0.2796875 0.78359375 0.07265625 0.0390625
0 0.409375 0.76015625 0.0453125 0.0328125
0 0.59453125 0.72734375 0.06171875 0.02578125
0 0.60234375 0.63671875 0.0421875 0.04921875
0 0.68828125 0.63828125 0.05234375 0.0296875
0 0.6703125 0.69609375 0.06328125 0.02265625
0 0.6875 0.7203125 0.0546875 0.025
0 0.68515625 0.7984375 0.0640625 0.0171875
0 0.77109375 0.8296875 0.0640625 0.01953125
0 0.85546875 0.7203125 0.02109375 0.040625
0 0.8546875 0.82109375 0.0375 0.0453125
0 0.51640625 0.82734375 0.06796875 0.02734375
0 0.4015625 0.84609375 0.06015625 0.03046875
0 0.2765625 0.890625 0.0625 0.021875
0 0.19375 0.89140625 0.02265625 0.03125
0 0.1921875 0.8546875 0.03671875 0.0390625