0 0.72578125 0.13671875 0.0578125 0.03046875
0 0.8625 0.21015625 0.0234375 0.040625
0 0.646875 0.18359375 0.0546875 0.04140625
0 0.69140625 0.24140625 0.03125 0.046875
0 0.7359375 0.2921875 0.03125 0.04609375
0 0.8 0.375 0.05390625 0.0203125
0 0.80546875 0.40234375 0.02109375 0.02890625
0 0.81953125 0.4046875 0.015625 0.0140625
0 0.6265625 0.35078125 0.02421875 0.05390625
0 0.66328125 0.4203125 0.03203125 0.0359375
0 0.58125 0.40859375 0.0203125 0.040625
0 0.50703125 0.36171875 0.03984375 0.03828125
0 0.44453125 0.37109375 0.03828125 0.025
0 0.4140625 0.35390625 0.03125 0.02890625
0 0.36796875 0.42734375 0.0328125 0.03046875
0 0.3828125 0.4890625 0.0484375 0.02890625
0 0.465625 0.49296875 0.04765625 0.028125
0 0.525 0.5171875 0.05 0.01953125
0 0.6953125 0.5015625 0.04375 0.0171875
0 0.73984375 0.4828125 0.04140625 0.021875
0 0.784375 0.55625 0.03046875 0.0359375
0 0.72734375 0.57578125 0.02734375 0.028125
0 0.6421875 0.60234375 0.0390625 0.03671875
0 0.49609375 0.571875 0.06875 0.01640625
0 0.42578125 0.621875 0.05 0.0265625
0 0.48203125 0.66796875 0.03828125 0.0296875
0 0.5421875 0.684375 0.046875 0.03203125
0 0.37421875 0.73515625 0.025 0.04140625
0 0.4203125 0.76171875 0.04921875 0.03203125
0 0.584375 0.75546875 0.025 0.0390625
0 0.61328125 0.709375 0.05 0.01640625
0 0.646875 0.721875 0.0375 0.0265625
0 0.628125 0.75390625 0.03046875 0.02265625
0 0.65703125 0.75625 0.03125 0.0265625
0 0.6875 0.73984375 0.053125 0.02265625
0 0.7375 0.7234375 0.0375 0.02734375
0 0.69296875 0.68203125 0.02734375 0.03125
0 0.74609375 0.76015625 0.0203125 0.028125
0 0.7625 0.753125 0.028125 0.0265625
0 0.73046875 0.79375 0.02734375 0.03515625
0 0.77421875 0.8109375 0.034375 0.03046875
0 0.790625 0.84375 0.03046875 0.02734375
0 0.7375 0.83671875 0.040625 0.0296875
0 0.5875 0.86171875 0.05625 0.0234375
0 0.54921875 0.85546875 0.03984375 0.02734375
0 0.4640625 0.81875 0.059375 0.01875
0 0.490625 0.878125 0.03203125 0.03828125
0 0.22734375 0.8421875 0.046875 0.02109375
0 0.78828125 0.67109375 0.03359375 0.021875
0 0.8015625 0.6609375 0.02734375 0.02421875