0 0.725 0.13046875 0.0609375 0.0328125
0 0.60625 0.12421875 0.05 0.0421875
0 0.66796875 0.18359375 0.0671875 0.0375
0 0.65 0.221875 0.06875 0.040625
0 0.75078125 0.25859375 0.0640625 0.04375
0 0.7859375 0.2125 0.06875 0.040625
0 0.7921875 0.1828125 0.0734375 0.034375
0 0.8515625 0.209375 0.0640625 0.046875
0 0.51484375 0.15546875 0.0515625 0.0515625
0 0.453125 0.1421875 0.0640625 0.0390625
0 0.39453125 0.1546875 0.0515625 0.0546875
0 0.26640625 0.17890625 0.059375 0.046875
0 0.19609375 0.20625 0.046875 0.0515625
0 0.215625 0.31796875 0.0484375 0.046875
0 0.18515625 0.346875 0.0578125 0.0375
0 0.36484375 0.34375 0.0640625 0.0453125
0 0.4921875 0.3421875 0.0390625 0.0578125
0 0.4828125 0.40859375 0.0578125 0.040625
0 0.63828125 0.4625 0.075 0.040625
0 0.69140625 0.3984375 0.0765625 0.046875
0 0.79765625 0.4578125 0.05 0.0609375
0 0.8546875 0.40546875 0.053125 0.0515625
0 0.75 0.559375 0.046875 0.0609375
0 0.55078125 0.5203125 0.059375 0.040625
0 0.446875 0.49921875 0.0671875 0.0390625
0 0.34453125 0.5140625 0.0734375 0.0390625
0 0.37109375 0.54296875 0.0765625 0.034375
0 0.36875 0.58359375 0.0828125 0.040625
0 0.4984375 0.60625 0.0828125 0.04375
0 0.5203125 0.6609375 0.05 0.046875
0 0.5609375 0.64765625 0.0484375 0.040625
0 0.56171875 0.7046875 0.0625 0.0328125
0 0.4640625 0.709375 0.0328125 0.034375
0 0.4265625 0.71875 0.046875 0.0390625
0 0.33515625 0.7296875 0.0390625 0.040625
0 0.34375 0.76328125 0.0515625 0.0421875
0 0.42734375 0.771875 0.0734375 0.04375
0 0.57890625 0.7953125 0.071875 0.0328125
0 0.57265625 0.821875 0.0390625 0.04375
0 0.55078125 0.8546875 0.0484375 0.0390625
0 0.40703125 0.85390625 0.0375 0.05
0 0.1390625 0.6265625 0.0375 0.0546875
0 0.590625 0.284375 0.0359375 0.059375
0 0.5671875 0.253125 0.0421875 0.059375
0 0.70234375 0.27421875 0.0328125 0.0265625
0 0.740625 0.2984375 0.0671875 0.0296875
0 0.71015625 0.31953125 0.0890625 0.0484375
0 0.76484375 0.8421875 0.040625 0.0546875
0 0.79375 0.79375 0.0375 0.053125