0 0.5953125 0.15859375 0.046875 0.0421875
0 0.52734375 0.1671875 0.075 0.0328125
0 0.4140625 0.1640625 0.034375 0.046875
0 0.34375 0.1765625 0.0671875 0.03125
0 0.31171875 0.27109375 0.0453125 0.04375
0 0.37578125 0.25234375 0.0484375 0.0390625
0 0.41640625 0.2734375 0.040625 0.0515625
0 0.5 0.296875 0.0578125 0.0359375
0 0.56015625 0.325 0.0359375 0.0359375
0 0.609375 0.33125 0.0328125 0.0390625
0 0.425 0.33359375 0.0671875 0.025
0 0.35234375 0.35546875 0.059375 0.01875
0 0.24140625 0.37421875 0.0484375 0.03125
0 0.39765625 0.390625 0.0375 0.0328125
0 0.41796875 0.4265625 0.021875 0.0421875
0 0.45078125 0.43359375 0.03125 0.040625
0 0.50625 0.42109375 0.0328125 0.0375
0 0.58359375 0.3765625 0.053125 0.025
0 0.6375 0.40234375 0.0578125 0.01875
0 0.671875 0.421875 0.065625 0.0171875
0 0.59140625 0.45546875 0.021875 0.040625
0 0.5484375 0.49765625 0.0375 0.0515625
0 0.57109375 0.54375 0.0265625 0.0421875
0 0.63046875 0.5328125 0.03125 0.0375
0 0.65078125 0.48046875 0.0546875 0.028125
0 0.675 0.51328125 0.05 0.0328125
0 0.67890625 0.571875 0.040625 0.0421875
0 0.49765625 0.55546875 0.0421875 0.0265625
0 0.45625 0.571875 0.034375 0.0109375
0 0.42421875 0.56328125 0.0359375 0.0109375
0 0.4015625 0.5140625 0.0296875 0.0359375
0 0.46171875 0.48125 0.025 0.046875
0 0.390625 0.4609375 0.040625 0.0328125
0 0.35859375 0.5 0.053125 0.0265625
0 0.296875 0.47578125 0.0328125 0.0453125
0 0.34140625 0.553125 0.040625 0.04375
0 0.3140625 0.634375 0.0703125 0.0265625
0 0.26484375 0.66484375 0.0609375 0.0328125
0 0.44765625 0.63828125 0.025 0.0515625
0 0.48828125 0.6765625 0.0265625 0.04375
0 0.56796875 0.63984375 0.059375 0.028125
0 0.55 0.71640625 0.028125 0.053125
0 0.625 0.76328125 0.0328125 0.0375
0 0.44453125 0.703125 0.028125 0.0453125
0 0.4 0.70390625 0.0421875 0.04375
0 0.32109375 0.70859375 0.0234375 0.0234375
0 0.29140625 0.73359375 0.059375 0.025
0 0.25 0.76796875 0.0578125 0.0296875
0 0.6609375 0.8359375 0.0640625 0.0328125
0 0.796875 0.8296875 0.05 0.046875