0 0.2765625 0.93203125 0.0625 0.0390625
0 0.3375 0.90078125 0.046875 0.0296875
0 0.42734375 0.73046875 0.040625 0.040625
0 0.5703125 0.87421875 0.071875 0.04375
0 0.64765625 0.8375 0.0609375 0.0328125
0 0.7546875 0.82734375 0.0578125 0.034375
0 0.81171875 0.7921875 0.046875 0.040625
0 0.809375 0.7609375 0.0515625 0.034375
0 0.79296875 0.734375 0.0375 0.025
0 0.74921875 0.7796875 0.0296875 0.0390625
0 0.715625 0.75234375 0.0546875 0.0390625
0 0.725 0.67734375 0.046875 0.0390625
0 0.87265625 0.659375 0.0453125 0.0265625
0 0.83359375 0.62265625 0.0546875 0.04375
0 0.79375 0.60078125 0.0359375 0.0359375
0 0.82109375 0.59375 0.025 0.05625
0 0.85546875 0.56796875 0.03125 0.0375
0 0.84765625 0.53046875 0.034375 0.0453125
0 0.7421875 0.565625 0.0296875 0.0421875
0 0.7734375 0.5375 0.0375 0.0390625
0 0.6640625 0.6765625 0.0515625 0.03125
0 0.63671875 0.65625 0.046875 0.0375
0 0.6875 0.60703125 0.034375 0.034375
0 0.66171875 0.565625 0.040625 0.0265625
0 0.68359375 0.5390625 0.0265625 0.0359375
0 0.61640625 0.54609375 0.03125 0.03125
0 0.4875 0.56875 0.0296875 0.0375
0 0.4234375 0.66015625 0.0453125 0.0265625
0 0.384375 0.68671875 0.0421875 0.040625
0 0.39140625 0.565625 0.040625 0.0421875
0 0.3734375 0.53515625 0.03125 0.034375
0 0.38125 0.515625 0.0234375 0.0296875
0 0.3921875 0.48828125 0.0421875 0.0453125
0 0.45234375 0.4828125 0.0328125 0.034375
0 0.34609375 0.453125 0.0578125 0.06875
0 0.49609375 0.453125 0.0390625 0.0578125
0 0.54375 0.44765625 0.034375 0.0328125
0 0.5546875 0.5078125 0.0296875 0.046875
0 0.578125 0.43671875 0.04375 0.03125
0 0.6078125 0.42734375 0.0609375 0.0296875
0 0.703125 0.44296875 0.0515625 0.0375
0 0.73515625 0.484375 0.0515625 0.0359375
0 0.79453125 0.4671875 0.0328125 0.0359375
0 0.7921875 0.428125 0.0421875 0.0328125
0 0.77265625 0.31953125 0.0484375 0.0328125
0 0.72734375 0.290625 0.028125 0.0390625
0 0.6328125 0.30234375 0.04375 0.040625
0 0.69609375 0.23828125 0.0421875 0.0296875
0 0.69765625 0.18828125 0.0453125 0.0296875
0 0.18671875 0.18359375 0.0578125 0.0453125