0 0.18203125 0.13046875 0.0546875 0.01171875
0 0.13203125 0.1515625 0.04296875 0.0140625
0 0.15546875 0.1703125 0.03515625 0.01953125
0 0.2453125 0.16640625 0.028125 0.0265625
0 0.36171875 0.15078125 0.034375 0.02734375
0 0.38125 0.17421875 0.06171875 0.01640625
0 0.4390625 0.146875 0.05390625 0.01484375
0 0.49921875 0.18984375 0.02578125 0.03671875
0 0.5953125 0.17734375 0.02421875 0.0109375
0 0.6234375 0.1890625 0.0390625 0.03046875
0 0.628125 0.15 0.0171875 0.03203125
0 0.69453125 0.16171875 0.03828125 0.01171875
0 0.77109375 0.159375 0.04453125 0.01328125
0 0.74375 0.17890625 0.03671875 0.0234375
0 0.71171875 0.17421875 0.03828125 0.009375
0 0.66796875 0.171875 0.034375 0.01796875
0 0.6625 0.2109375 0.01953125 0.03515625
0 0.759375 0.24921875 0.02265625 0.03359375
0 0.7734375 0.28203125 0.015625 0.028125
0 0.7625 0.31328125 0.025 0.02890625
0 0.70859375 0.33203125 0.0671875 0.01328125
0 0.24375 0.2125 0.03515625 0.03359375
0 0.3015625 0.2109375 0.034375 0.02421875
0 0.3234375 0.215625 0.02734375 0.02265625
0 0.17109375 0.2390625 0.025 0.0375
0 0.19765625 0.29609375 0.021875 0.03828125
0 0.1640625 0.334375 0.0203125 0.0375
0 0.25546875 0.42421875 0.02421875 0.03515625
0 0.5046875 0.459375 0.03359375 0.03203125
0 0.31484375 0.52578125 0.021875 0.03828125
0 0.540625 0.5328125 0.0328125 0.0359375
0 0.609375 0.575 0.03515625 0.03203125
0 0.76328125 0.421875 0.02890625 0.034375
0 0.77734375 0.50078125 0.02890625 0.0375
0 0.75546875 0.5890625 0.0203125 0.03984375
0 0.40859375 0.6921875 0.04765625 0.01640625
0 0.13515625 0.67890625 0.03046875 0.0375
0 0.1765625 0.83203125 0.02109375 0.040625
0 0.221875 0.8578125 0.040625 0.01640625
0 0.17734375 0.89375 0.02890625 0.02265625
0 0.171875 0.8734375 0.0296875 0.01875
0 0.18046875 0.85859375 0.03359375 0.0125
0 0.26640625 0.90703125 0.05859375 0.0125
0 0.1625 0.9265625 0.05625 0.0109375
0 0.31015625 0.8375 0.02890625 0.03359375
0 0.59296875 0.7515625 0.0359375 0.025
0 0.6625 0.74609375 0.02890625 0.03203125
0 0.67578125 0.771875 0.01484375 0.040625
0 0.7890625 0.7390625 0.0578125 0.01484375