0 0.52890625 0.2421875 0.046875 0.05078125
0 0.5796875 0.31953125 0.04296875 0.0515625
0 0.37734375 0.23984375 0.07421875 0.02578125
0 0.33984375 0.2921875 0.08125 0.025
0 0.3484375 0.1375 0.05390625 0.0453125
0 0.165625 0.1359375 0.06015625 0.03203125
0 0.18203125 0.1765625 0.05390625 0.03671875
0 0.71171875 0.24765625 0.053125 0.0359375
0 0.67109375 0.20703125 0.0375 0.04453125
0 0.640625 0.1609375 0.04765625 0.0203125
0 0.68515625 0.1703125 0.0390625 0.0203125
0 0.728125 0.15703125 0.03828125 0.0359375
0 0.79765625 0.24765625 0.01953125 0.0171875
0 0.81640625 0.24765625 0.01875 0.01796875
0 0.81171875 0.2234375 0.02109375 0.02734375
0 0.7875 0.20078125 0.0265625 0.015625
0 0.78359375 0.21796875 0.01875 0.015625
0 0.79921875 0.184375 0.01796875 0.01640625
0 0.775 0.15 0.0171875 0.04296875
0 0.796875 0.1453125 0.0203125 0.02890625
0 0.61171875 0.36796875 0.05078125 0.02734375
0 0.6921875 0.390625 0.053125 0.01953125
0 0.76953125 0.41796875 0.0234375 0.03984375
0 0.79375 0.4140625 0.02265625 0.0375
0 0.73203125 0.4453125 0.03046875 0.04453125
0 0.70078125 0.49140625 0.06015625 0.025
0 0.5171875 0.50859375 0.0546875 0.05625
0 0.50546875 0.40625 0.053125 0.04453125
0 0.4078125 0.425 0.07578125 0.04140625
0 0.34296875 0.5046875 0.046875 0.046875
0 0.40625 0.53515625 0.05390625 0.028125
0 0.37578125 0.559375 0.065625 0.01953125
0 0.35546875 0.59453125 0.05234375 0.0375
0 0.5140625 0.5984375 0.02890625 0.04609375
0 0.70390625 0.58046875 0.07421875 0.0234375
0 0.7265625 0.67109375 0.04140625 0.0390625
0 0.8171875 0.678125 0.0421875 0.0421875
0 0.684375 0.71875 0.06484375 0.025
0 0.7328125 0.78203125 0.0375 0.0421875
0 0.65546875 0.78828125 0.0453125 0.0453125
0 0.5875 0.78515625 0.03203125 0.04375
0 0.60625 0.7234375 0.0421875 0.0375
0 0.52890625 0.703125 0.0296875 0.04296875
0 0.496875 0.690625 0.0328125 0.05234375
0 0.33515625 0.70234375 0.06953125 0.03203125
0 0.23984375 0.896875 0.0578125 0.04140625
0 0.175 0.428125 0.02421875 0.0546875