0 0.83671875 0.14765625 0.0546875 0.0140625
0 0.8859375 0.17109375 0.04375 0.015625
0 0.8609375 0.1890625 0.0359375 0.021875
0 0.771875 0.18046875 0.0296875 0.028125
0 0.65625 0.15859375 0.0359375 0.0296875
0 0.6359375 0.18125 0.0625 0.0203125
0 0.5796875 0.15078125 0.0546875 0.0171875
0 0.5171875 0.190625 0.028125 0.0375
0 0.421875 0.17265625 0.025 0.0125
0 0.39296875 0.1828125 0.040625 0.0328125
0 0.390625 0.14375 0.01875 0.0328125
0 0.3234375 0.15234375 0.0390625 0.0140625
0 0.246875 0.1453125 0.0453125 0.015625
0 0.2734375 0.16640625 0.0375 0.025
0 0.30546875 0.16328125 0.0390625 0.0109375
0 0.34921875 0.16328125 0.0359375 0.0203125
0 0.353125 0.203125 0.021875 0.0359375
0 0.25390625 0.2359375 0.025 0.034375
0 0.23828125 0.26796875 0.0171875 0.028125
0 0.24765625 0.3 0.0265625 0.0296875
0 0.30078125 0.32109375 0.0671875 0.0171875
0 0.77109375 0.2265625 0.0375 0.0359375
0 0.71328125 0.221875 0.0359375 0.0265625
0 0.69140625 0.225 0.028125 0.0234375
0 0.8421875 0.25625 0.0265625 0.0390625
0 0.8125 0.3125 0.0234375 0.0390625
0 0.84453125 0.35234375 0.021875 0.0390625
0 0.7484375 0.4375 0.0265625 0.0359375
0 0.49765625 0.459375 0.0359375 0.034375
0 0.68359375 0.53515625 0.0234375 0.0390625
0 0.4578125 0.53046875 0.034375 0.0375
0 0.38671875 0.56953125 0.0375 0.034375
0 0.24140625 0.4078125 0.03125 0.0359375
0 0.22265625 0.4859375 0.03125 0.0390625
0 0.23984375 0.57578125 0.021875 0.040625
0 0.58125 0.696875 0.0484375 0.01875
0 0.8546875 0.69765625 0.0328125 0.0390625
0 0.80546875 0.8484375 0.0234375 0.0421875
0 0.759375 0.871875 0.0421875 0.01875
0 0.8015625 0.91015625 0.0296875 0.0234375
0 0.8078125 0.88984375 0.03125 0.0203125
0 0.8 0.875 0.034375 0.0140625
0 0.71171875 0.91875 0.059375 0.015625
0 0.81484375 0.94375 0.05625 0.0140625
0 0.671875 0.846875 0.03125 0.034375
0 0.39375 0.74609375 0.0375 0.0265625
0 0.325 0.7375 0.03125 0.0328125
0 0.31015625 0.7625 0.0171875 0.040625
0 0.1984375 0.7234375 0.0578125 0.0171875