0 0.7203125 0.0859375 0.040625 0.0359375
0 0.60546875 0.11484375 0.046875 0.0296875
0 0.553125 0.1 0.0421875 0.034375
0 0.37890625 0.13828125 0.0515625 0.03125
0 0.3078125 0.18203125 0.0515625 0.021875
0 0.271875 0.21640625 0.028125 0.0359375
0 0.21171875 0.209375 0.05 0.0359375
0 0.16171875 0.2140625 0.05 0.03125
0 0.18125 0.25 0.0296875 0.028125
0 0.16953125 0.27734375 0.0265625 0.0375
0 0.14296875 0.25 0.01875 0.034375
0 0.15 0.30078125 0.0234375 0.034375
0 0.20546875 0.2890625 0.0421875 0.0359375
0 0.61015625 0.25625 0.0453125 0.034375
0 0.48671875 0.31640625 0.0390625 0.0265625
0 0.428125 0.31015625 0.040625 0.0421875
0 0.28203125 0.3171875 0.05625 0.0234375
0 0.31953125 0.3609375 0.0296875 0.0265625
0 0.3109375 0.3375 0.053125 0.01875
0 0.26171875 0.3578125 0.0234375 0.03125
0 0.21328125 0.35234375 0.03125 0.034375
0 0.2625 0.3890625 0.03125 0.0328125
0 0.1890625 0.40390625 0.0359375 0.04375
0 0.21171875 0.44140625 0.0328125 0.034375
0 0.36796875 0.4296875 0.0421875 0.028125
0 0.4140625 0.45390625 0.0375 0.0421875
0 0.534375 0.4453125 0.0671875 0.040625
0 0.52890625 0.43515625 0.0296875 0.0296875
0 0.45625 0.49375 0.034375 0.0375
0 0.57734375 0.47265625 0.0453125 0.028125
0 0.63515625 0.47265625 0.0453125 0.0484375
0 0.56015625 0.5296875 0.0421875 0.0171875
0 0.65859375 0.5609375 0.0375 0.040625
0 0.63828125 0.534375 0.0296875 0.028125
0 0.6171875 0.5234375 0.021875 0.0265625
0 0.490625 0.56328125 0.05 0.0359375
0 0.290625 0.51171875 0.0453125 0.0296875
0 0.2109375 0.50390625 0.0359375 0.0296875
0 0.20078125 0.54453125 0.05 0.0546875
0 0.30546875 0.54921875 0.040625 0.0296875
0 0.1859375 0.6046875 0.0421875 0.053125
0 0.36875 0.5765625 0.0609375 0.025
0 0.3921875 0.6046875 0.0421875 0.0328125
0 0.22578125 0.66796875 0.05625 0.0359375
0 0.27578125 0.703125 0.0234375 0.034375
0 0.36953125 0.69296875 0.0421875 0.0375
0 0.2984375 0.75390625 0.0328125 0.0390625
0 0.29375 0.80703125 0.0421875 0.040625
0 0.8078125 0.83984375 0.0625 0.0390625