0 0.65390625 0.1609375 0.0671875 0.03203125
0 0.58125 0.14765625 0.028125 0.05234375
0 0.46953125 0.1484375 0.071875 0.02421875
0 0.4578125 0.18671875 0.06015625 0.0203125
0 0.6171875 0.23359375 0.040625 0.04453125
0 0.68359375 0.25390625 0.05546875 0.0421875
0 0.57421875 0.25703125 0.03515625 0.05390625
0 0.64140625 0.33984375 0.0578125 0.02421875
0 0.75 0.3625 0.05859375 0.0328125
0 0.54375 0.31171875 0.03515625 0.0296875
0 0.43046875 0.3109375 0.03984375 0.04609375
0 0.384375 0.31484375 0.03203125 0.04453125
0 0.5921875 0.3765625 0.0453125 0.040625
0 0.56953125 0.41796875 0.03671875 0.03828125
0 0.5890625 0.4578125 0.046875 0.03828125
0 0.690625 0.4640625 0.03359375 0.0453125
0 0.4671875 0.378125 0.0453125 0.0421875
0 0.4203125 0.403125 0.05078125 0.03828125
0 0.39765625 0.4421875 0.03046875 0.04765625
0 0.32421875 0.38828125 0.0453125 0.0453125
0 0.36640625 0.478125 0.06015625 0.02421875
0 0.31640625 0.49765625 0.04921875 0.03828125
0 0.30859375 0.55390625 0.05859375 0.0453125
0 0.38046875 0.5890625 0.05 0.034375
0 0.4171875 0.528125 0.03828125 0.04453125
0 0.4375 0.48046875 0.02734375 0.04375
0 0.46640625 0.515625 0.0328125 0.0484375
0 0.5140625 0.45625 0.01796875 0.0328125
0 0.53125 0.46640625 0.0203125 0.0421875
0 0.565625 0.51171875 0.03671875 0.04140625
0 0.6140625 0.5015625 0.0296875 0.04765625
0 0.64765625 0.5421875 0.03125 0.046875
0 0.67734375 0.61171875 0.03046875 0.04921875
0 0.71953125 0.6546875 0.059375 0.034375
0 0.5546875 0.55625 0.04453125 0.03046875
0 0.49375 0.54140625 0.0328125 0.02578125
0 0.4921875 0.56328125 0.025 0.0203125
0 0.540625 0.62421875 0.028125 0.046875
0 0.58359375 0.69140625 0.03671875 0.04609375
0 0.54375 0.6921875 0.021875 0.05
0 0.4984375 0.6609375 0.02578125 0.0453125
0 0.66796875 0.69609375 0.021875 0.0265625
0 0.6984375 0.72109375 0.0515625 0.02734375
0 0.73984375 0.7578125 0.04921875 0.0296875
0 0.4375 0.7015625 0.025 0.04765625
0 0.38515625 0.6484375 0.04453125 0.04375
0 0.3640625 0.74765625 0.0390625 0.0453125
0 0.33515625 0.81796875 0.0828125 0.0265625
0 0.18828125 0.81171875 0.05390625 0.05