0 0.40703125 0.82734375 0.040625 0.0625
0 0.53984375 0.82421875 0.059375 0.053125
0 0.76640625 0.82109375 0.0375 0.065625
0 0.25625 0.653125 0.028125 0.0625
0 0.309375 0.6453125 0.0453125 0.05625
0 0.40703125 0.684375 0.0625 0.0546875
0 0.48984375 0.6640625 0.06875 0.01875
0 0.621875 0.68046875 0.096875 0.0359375
0 0.57890625 0.61484375 0.0671875 0.046875
0 0.52890625 0.56953125 0.075 0.04375
0 0.39140625 0.540625 0.0828125 0.028125
0 0.75078125 0.66171875 0.0375 0.0421875
0 0.7234375 0.58125 0.059375 0.025
0 0.6515625 0.56796875 0.04375 0.040625
0 0.865625 0.60625 0.046875 0.040625
0 0.88984375 0.69453125 0.034375 0.021875
0 0.85625 0.6890625 0.0203125 0.0140625
0 0.85234375 0.6703125 0.05 0.0125
0 0.81484375 0.66953125 0.04375 0.021875
0 0.840625 0.425 0.028125 0.059375
0 0.88515625 0.39453125 0.034375 0.0609375
0 0.828125 0.32265625 0.046875 0.034375
0 0.85703125 0.28125 0.0296875 0.034375
0 0.8671875 0.19765625 0.025 0.04375
0 0.840625 0.09765625 0.03125 0.0484375
0 0.87421875 0.09296875 0.046875 0.025
0 0.7375 0.10625 0.0375 0.0296875
0 0.76796875 0.11796875 0.053125 0.0203125
0 0.73125 0.17421875 0.05625 0.0296875
0 0.64375 0.2765625 0.034375 0.04375
0 0.725 0.31484375 0.03125 0.046875
0 0.65234375 0.33828125 0.025 0.0375
0 0.57421875 0.35390625 0.0546875 0.03125
0 0.45625 0.3375 0.0484375 0.05
0 0.38671875 0.3046875 0.021875 0.0484375
0 0.27578125 0.303125 0.046875 0.05625
0 0.1828125 0.31640625 0.025 0.05625
0 0.35234375 0.18046875 0.0453125 0.021875
0 0.33671875 0.2078125 0.0375 0.03125
0 0.36953125 0.23203125 0.034375 0.0421875
0 0.371875 0.146875 0.040625 0.046875
0 0.4734375 0.1421875 0.040625 0.028125
0 0.528125 0.125 0.03125 0.034375
0 0.6296875 0.1390625 0.05 0.0390625
0 0.50078125 0.08671875 0.0546875 0.0265625
0 0.56015625 0.06640625 0.053125 0.028125
0 0.29921875 0.11640625 0.0703125 0.0359375
0 0.1953125 0.14140625 0.040625 0.040625
0 0.1625 0.1015625 0.053125 0.028125
0 0.06484375 0.09609375 0.01875 0.059375