0 0.23828125 0.06171875 0.0703125 0.02578125
0 0.3578125 0.121875 0.0640625 0.034375
0 0.471875 0.1015625 0.071875 0.02421875
0 0.42734375 0.140625 0.05234375 0.03984375
0 0.68046875 0.10234375 0.0734375 0.03203125
0 0.71953125 0.16328125 0.028125 0.05234375
0 0.7828125 0.15703125 0.0421875 0.05234375
0 0.88671875 0.0828125 0.0375 0.046875
0 0.915625 0.13125 0.02890625 0.03515625
0 0.89140625 0.1515625 0.0234375 0.0515625
0 0.68125 0.20703125 0.03125 0.0203125
0 0.71015625 0.2234375 0.028125 0.03671875
0 0.81484375 0.259375 0.04609375 0.04296875
0 0.82109375 0.334375 0.03046875 0.04921875
0 0.7046875 0.38984375 0.07578125 0.01796875
0 0.63515625 0.37109375 0.0609375 0.028125
0 0.5609375 0.39375 0.0484375 0.04140625
0 0.47734375 0.34296875 0.0609375 0.02265625
0 0.42109375 0.36015625 0.04296875 0.040625
0 0.309375 0.18515625 0.0640625 0.0375
0 0.4140625 0.203125 0.05 0.04375
0 0.34609375 0.23125 0.08046875 0.0234375
0 0.31328125 0.2640625 0.053125 0.034375
0 0.14609375 0.2609375 0.0375 0.0515625
0 0.1984375 0.31015625 0.02421875 0.0484375
0 0.265625 0.34453125 0.059375 0.04140625
0 0.40546875 0.2953125 0.06171875 0.03515625
0 0.52265625 0.4578125 0.05703125 0.0359375
0 0.46640625 0.4734375 0.0234375 0.04296875
0 0.43046875 0.4703125 0.0515625 0.0421875
0 0.3515625 0.46328125 0.03203125 0.05078125
0 0.37734375 0.51328125 0.071875 0.02734375
0 0.7296875 0.446875 0.0359375 0.059375
0 0.82109375 0.4546875 0.09140625 0.02890625
0 0.778125 0.5171875 0.0828125 0.03359375
0 0.69453125 0.5328125 0.046875 0.046875
0 0.65859375 0.49921875 0.02890625 0.0421875
0 0.7578125 0.56796875 0.0640625 0.028125
0 0.825 0.60703125 0.04453125 0.0515625
0 0.76015625 0.6375 0.0546875 0.053125
0 0.69140625 0.63046875 0.0515625 0.04921875
0 0.4078125 0.62421875 0.03828125 0.0515625
0 0.3203125 0.6328125 0.03046875 0.0578125
0 0.35390625 0.6765625 0.04140625 0.040625
0 0.40390625 0.6984375 0.05078125 0.04453125
0 0.5109375 0.7109375 0.0671875 0.02578125
0 0.57890625 0.73828125 0.08125 0.025
0 0.4734375 0.8265625 0.04921875 0.05234375
0 0.87109375 0.70546875 0.0359375 0.05546875
0 0.23125 0.61640625 0.040625 0.05546875