0 0.09375 0.15 0.0671875 0.0265625
0 0.0734375 0.19140625 0.053125 0.0265625
0 0.209375 0.125 0.0671875 0.028125
0 0.32109375 0.12265625 0.053125 0.0328125
0 0.19453125 0.22578125 0.040625 0.0390625
0 0.034375 0.2671875 0.04375 0.04375
0 0.28125 0.30078125 0.046875 0.0546875
0 0.40078125 0.12109375 0.0640625 0.0296875
0 0.46171875 0.18515625 0.059375 0.0328125
0 0.53515625 0.07109375 0.0375 0.0515625
0 0.68359375 0.03515625 0.046875 0.040625
0 0.66328125 0.0796875 0.04375 0.0234375
0 0.62265625 0.1296875 0.0328125 0.053125
0 0.609375 0.19765625 0.053125 0.0390625
0 0.53984375 0.22109375 0.053125 0.0375
0 0.72109375 0.1796875 0.0265625 0.0390625
0 0.68984375 0.146875 0.04375 0.03125
0 0.740625 0.23046875 0.0390625 0.03125
0 0.62265625 0.2875 0.040625 0.0453125
0 0.57734375 0.28125 0.0515625 0.021875
0 0.75703125 0.3140625 0.0328125 0.046875
0 0.29375 0.38515625 0.0515625 0.0390625
0 0.48984375 0.3625 0.0484375 0.0390625
0 0.534375 0.37734375 0.0859375 0.0265625
0 0.759375 0.35625 0.025 0.0359375
0 0.6796875 0.44140625 0.0421875 0.034375
0 0.703125 0.45390625 0.01875 0.0390625
0 0.7484375 0.51328125 0.0484375 0.05
0 0.4828125 0.54765625 0.0328125 0.0359375
0 0.42734375 0.50390625 0.053125 0.028125
0 0.3875 0.55234375 0.0328125 0.0375
0 0.10390625 0.41953125 0.040625 0.04375
0 0.2078125 0.5171875 0.0375 0.040625
0 0.1859375 0.52890625 0.0421875 0.0390625
0 0.19921875 0.7015625 0.04375 0.0390625
0 0.31640625 0.70546875 0.028125 0.046875
0 0.33515625 0.69296875 0.028125 0.034375
0 0.43828125 0.66640625 0.0390625 0.0375
0 0.37734375 0.73203125 0.04375 0.0375
0 0.5875 0.725 0.0484375 0.0359375
0 0.56484375 0.79453125 0.0421875 0.0421875
0 0.6546875 0.6203125 0.03125 0.0375
0 0.65703125 0.659375 0.0265625 0.0453125
0 0.6734375 0.66015625 0.0171875 0.034375
0 0.815625 0.62578125 0.0578125 0.0359375
0 0.80234375 0.690625 0.0484375 0.04375
0 0.8515625 0.78984375 0.0421875 0.034375
0 0.84375 0.8140625 0.046875 0.0328125
0 0.709375 0.825 0.059375 0.034375
0 0.5234375 0.8765625 0.0578125 0.03125