0 0.7625 0.053125 0.0234375 0.03984375
0 0.82421875 0.109375 0.053125 0.025
0 0.71328125 0.08828125 0.05703125 0.03046875
0 0.60390625 0.078125 0.05703125 0.0171875
0 0.615625 0.09140625 0.04609375 0.01484375
0 0.49765625 0.10234375 0.0328125 0.0296875
0 0.4640625 0.08125 0.03671875 0.028125
0 0.3296875 0.1 0.04375 0.05
0 0.3875 0.15390625 0.03359375 0.0359375
0 0.71171875 0.14140625 0.028125 0.03203125
0 0.81015625 0.171875 0.03125 0.04453125
0 0.68046875 0.23046875 0.02890625 0.04375
0 0.61796875 0.22109375 0.053125 0.0296875
0 0.72109375 0.2609375 0.034375 0.04296875
0 0.79921875 0.259375 0.04140625 0.02578125
0 0.825 0.25390625 0.0328125 0.0328125
0 0.790625 0.31328125 0.040625 0.04140625
0 0.53359375 0.2671875 0.046875 0.01640625
0 0.39140625 0.28984375 0.0375 0.0359375
0 0.56875 0.3296875 0.02421875 0.03125
0 0.46953125 0.35234375 0.05078125 0.015625
0 0.63125 0.375 0.0234375 0.0328125
0 0.503125 0.39140625 0.0609375 0.0390625
0 0.15703125 0.3703125 0.046875 0.0234375
0 0.3515625 0.5109375 0.053125 0.02578125
0 0.4484375 0.5375 0.0453125 0.02109375
0 0.58828125 0.55390625 0.04609375 0.02421875
0 0.60859375 0.459375 0.01953125 0.04453125
0 0.73203125 0.47890625 0.034375 0.034375
0 0.76484375 0.540625 0.05 0.040625
0 0.87578125 0.5234375 0.0328125 0.02578125
0 0.8578125 0.609375 0.0359375 0.03828125
0 0.62265625 0.596875 0.0390625 0.0265625
0 0.67421875 0.62109375 0.05234375 0.0203125
0 0.65625 0.63671875 0.04453125 0.0125
0 0.72109375 0.6390625 0.04609375 0.015625
0 0.56171875 0.69296875 0.03046875 0.03203125
0 0.44609375 0.63203125 0.02734375 0.04453125
0 0.4015625 0.59609375 0.03515625 0.04296875
0 0.325 0.61328125 0.034375 0.04375
0 0.27421875 0.66171875 0.034375 0.03359375
0 0.35625 0.68203125 0.0296875 0.0390625
0 0.6453125 0.7296875 0.0265625 0.0390625
0 0.7125 0.76328125 0.021875 0.03984375
0 0.35234375 0.75390625 0.04140625 0.0359375
0 0.6609375 0.8328125 0.04765625 0.02265625
0 0.8046875 0.86640625 0.03125 0.03671875
0 0.78984375 0.39453125 0.04140625 0.0421875