0 0.8 0.08359375 0.0265625 0.01875
0 0.7625 0.09765625 0.0671875 0.0234375
0 0.74453125 0.13203125 0.0296875 0.0578125
0 0.62890625 0.15234375 0.0296875 0.0546875
0 0.7046875 0.20703125 0.0296875 0.05625
0 0.834375 0.26171875 0.0734375 0.025
0 0.6859375 0.296875 0.034375 0.05625
0 0.74375 0.3265625 0.0703125 0.021875
0 0.63046875 0.284375 0.071875 0.034375
0 0.4796875 0.27265625 0.0796875 0.034375
0 0.25703125 0.27265625 0.0734375 0.028125
0 0.19296875 0.2296875 0.0390625 0.0421875
0 0.15546875 0.2640625 0.0609375 0.0296875
0 0.15703125 0.18203125 0.0390625 0.053125
0 0.18671875 0.12890625 0.08125 0.0390625
0 0.15 0.30390625 0.028125 0.0453125
0 0.12734375 0.32109375 0.025 0.0484375
0 0.11953125 0.36875 0.0203125 0.040625
0 0.1640625 0.37734375 0.0609375 0.0328125
0 0.19375 0.3484375 0.0484375 0.0328125
0 0.31953125 0.3484375 0.08125 0.028125
0 0.290625 0.3984375 0.0546875 0.0453125
0 0.1515625 0.421875 0.0421875 0.0484375
0 0.15 0.50234375 0.0625 0.0421875
0 0.4421875 0.41171875 0.075 0.040625
0 0.4265625 0.49453125 0.0765625 0.0453125
0 0.54765625 0.53828125 0.05625 0.046875
0 0.43515625 0.61171875 0.053125 0.0578125
0 0.2609375 0.62421875 0.028125 0.059375
0 0.22421875 0.5890625 0.040625 0.0609375
0 0.275 0.6703125 0.053125 0.0453125
0 0.18671875 0.68671875 0.05 0.05625
0 0.15859375 0.74609375 0.040625 0.05
0 0.3828125 0.69140625 0.0515625 0.0390625
0 0.334375 0.7578125 0.0546875 0.059375
0 0.60546875 0.67890625 0.084375 0.0390625
0 0.2109375 0.80625 0.0359375 0.0546875
0 0.20703125 0.87578125 0.05 0.0546875
0 0.31953125 0.875 0.0640625 0.0359375
0 0.6015625 0.80703125 0.040625 0.0515625
0 0.7 0.80390625 0.053125 0.0609375
0 0.7765625 0.7390625 0.078125 0.0359375
0 0.71328125 0.68984375 0.046875 0.0625
0 0.878125 0.6484375 0.0421875 0.0578125
0 0.8515625 0.815625 0.0328125 0.0546875
0 0.80703125 0.85234375 0.0390625 0.059375
0 0.87265625 0.8890625 0.040625 0.046875
0 0.76484375 0.890625 0.0625 0.0328125
0 0.69375 0.8875 0.0625 0.0296875
0 0.6828125 0.9078125 0.06875 0.0203125