0 0.1109375 0.76484375 0.0421875 0.059375
0 0.17265625 0.78515625 0.0453125 0.0609375
0 0.27421875 0.83515625 0.075 0.05625
0 0.4359375 0.81953125 0.04375 0.0578125
0 0.48828125 0.85234375 0.0734375 0.05625
0 0.31328125 0.7453125 0.0515625 0.053125
0 0.4015625 0.7625 0.0421875 0.040625
0 0.28046875 0.66796875 0.0421875 0.0546875
0 0.190625 0.62734375 0.059375 0.0640625
0 0.22578125 0.55546875 0.0796875 0.040625
0 0.36953125 0.65 0.06875 0.0421875
0 0.40390625 0.6046875 0.0734375 0.040625
0 0.44765625 0.64765625 0.05625 0.0546875
0 0.578125 0.78046875 0.0765625 0.040625
0 0.67109375 0.7390625 0.06875 0.046875
0 0.6703125 0.621875 0.0828125 0.04375
0 0.4953125 0.5546875 0.0875 0.05
0 0.4203125 0.50234375 0.0578125 0.065625
0 0.2328125 0.4546875 0.0640625 0.0578125
0 0.17890625 0.49140625 0.05 0.0625
0 0.33203125 0.36171875 0.065625 0.0546875
0 0.51171875 0.4234375 0.0578125 0.059375
0 0.60703125 0.4140625 0.0578125 0.05625
0 0.65703125 0.4765625 0.0828125 0.04375
0 0.8375 0.54765625 0.0671875 0.065625
0 0.7671875 0.4390625 0.0828125 0.046875
0 0.80546875 0.396875 0.05625 0.04375
0 0.78203125 0.3578125 0.05625 0.0359375
0 0.83828125 0.3609375 0.046875 0.05
0 0.8375 0.31484375 0.0640625 0.040625
0 0.83828125 0.2765625 0.06875 0.0484375
0 0.72265625 0.334375 0.0609375 0.04375
0 0.66875 0.26640625 0.0484375 0.0546875
0 0.6046875 0.309375 0.06875 0.046875
0 0.5109375 0.315625 0.065625 0.04375
0 0.53984375 0.28125 0.0546875 0.053125
0 0.46328125 0.27578125 0.0484375 0.0578125
0 0.38046875 0.25859375 0.04375 0.0484375
0 0.35 0.2953125 0.05 0.028125
0 0.31640625 0.27578125 0.0359375 0.046875
0 0.35078125 0.2 0.06875 0.0515625
0 0.2796875 0.14609375 0.0625 0.046875
0 0.3609375 0.159375 0.0515625 0.05625
0 0.4078125 0.15859375 0.04375 0.05625
0 0.4921875 0.17890625 0.0546875 0.053125
0 0.39296875 0.109375 0.05625 0.0375
0 0.3296875 0.0859375 0.0515625 0.0390625
0 0.28671875 0.075 0.0296875 0.0328125
0 0.2609375 0.06640625 0.03125 0.034375
0 0.8828125 0.19296875 0.06875 0.059375