0 0.7546875 0.9453125 0.028125 0.021875
0 0.71953125 0.92734375 0.06875 0.0296875
0 0.7046875 0.89140625 0.034375 0.0609375
0 0.59140625 0.859375 0.034375 0.0578125
0 0.67265625 0.81328125 0.0359375 0.0578125
0 0.80703125 0.771875 0.075 0.03125
0 0.6640625 0.721875 0.0390625 0.059375
0 0.725 0.69765625 0.071875 0.028125
0 0.6078125 0.728125 0.0734375 0.040625
0 0.45625 0.72421875 0.0828125 0.0421875
0 0.234375 0.70078125 0.075 0.034375
0 0.16640625 0.73671875 0.04375 0.0453125
0 0.1328125 0.6984375 0.0625 0.0359375
0 0.125 0.78046875 0.04375 0.05625
0 0.15 0.83671875 0.084375 0.046875
0 0.13125 0.6578125 0.0328125 0.0484375
0 0.11015625 0.6390625 0.0296875 0.05
0 0.1078125 0.590625 0.025 0.0421875
0 0.153125 0.58671875 0.0625 0.0390625
0 0.1796875 0.61875 0.0515625 0.0375
0 0.3046875 0.63203125 0.0828125 0.0375
0 0.28125 0.57890625 0.0578125 0.05
0 0.1453125 0.540625 0.0453125 0.0515625
0 0.15234375 0.46171875 0.065625 0.0484375
0 0.43359375 0.58203125 0.078125 0.0484375
0 0.4265625 0.49765625 0.08125 0.0515625
0 0.5515625 0.4671875 0.0609375 0.0515625
0 0.446875 0.38203125 0.059375 0.0625
0 0.27578125 0.3515625 0.034375 0.0609375
0 0.23515625 0.38203125 0.046875 0.0640625
0 0.29453125 0.30703125 0.0578125 0.05
0 0.2078125 0.28125 0.0546875 0.0609375
0 0.1859375 0.21953125 0.0453125 0.053125
0 0.40390625 0.296875 0.0546875 0.04375
0 0.3625 0.2265625 0.059375 0.0640625
0 0.6234375 0.3328125 0.0875 0.046875
0 0.24453125 0.16484375 0.0421875 0.0578125
0 0.24765625 0.0953125 0.0546875 0.059375
0 0.359375 0.1078125 0.0671875 0.0421875
0 0.6328125 0.20546875 0.0453125 0.0546875
0 0.73046875 0.21875 0.0578125 0.065625
0 0.8 0.29140625 0.0796875 0.04375
0 0.73203125 0.33359375 0.053125 0.0671875
0 0.89140625 0.39140625 0.0484375 0.0625
0 0.8828125 0.2234375 0.0375 0.0578125
0 0.8421875 0.18203125 0.0453125 0.0625
0 0.9109375 0.15234375 0.0453125 0.0515625
0 0.80390625 0.1390625 0.0640625 0.0390625
0 0.73359375 0.13515625 0.065625 0.0359375
0 0.725 0.11328125 0.0703125 0.0265625