0 0.29296875 0.93828125 0.065625 0.025
0 0.3484375 0.90625 0.0671875 0.0328125
0 0.253125 0.92265625 0.0453125 0.0203125
0 0.54765625 0.90390625 0.075 0.01875
0 0.5359375 0.87265625 0.04375 0.053125
0 0.475 0.88046875 0.05625 0.0375
0 0.46953125 0.81328125 0.0828125 0.0359375
0 0.571875 0.8046875 0.0484375 0.0515625
0 0.83515625 0.74609375 0.065625 0.046875
0 0.771875 0.72890625 0.05 0.0578125
0 0.77109375 0.68359375 0.078125 0.034375
0 0.43203125 0.73984375 0.08125 0.0375
0 0.546875 0.68515625 0.034375 0.0546875
0 0.5609375 0.6421875 0.0453125 0.0390625
0 0.640625 0.6265625 0.0671875 0.0453125
0 0.71328125 0.60390625 0.0765625 0.0234375
0 0.7578125 0.56640625 0.0515625 0.059375
0 0.81875 0.5671875 0.065625 0.04375
0 0.865625 0.53046875 0.05625 0.0578125
0 0.71328125 0.51875 0.0625 0.053125
0 0.684375 0.48359375 0.0546875 0.028125
0 0.65859375 0.46328125 0.03125 0.0265625
0 0.56953125 0.56640625 0.04375 0.0578125
0 0.43671875 0.6375 0.071875 0.04375
0 0.41484375 0.54921875 0.0734375 0.0421875
0 0.2875 0.63671875 0.065625 0.040625
0 0.3453125 0.565625 0.065625 0.0328125
0 0.2875 0.5 0.04375 0.0453125
0 0.2546875 0.4671875 0.0359375 0.03125
0 0.50859375 0.50625 0.0765625 0.0265625
0 0.5578125 0.46171875 0.065625 0.03125
0 0.4796875 0.465625 0.05 0.0453125
0 0.4828125 0.40390625 0.0453125 0.0609375
0 0.57734375 0.36171875 0.053125 0.05625
0 0.49453125 0.33828125 0.0625 0.028125
0 0.43125 0.35546875 0.0421875 0.0484375
0 0.38125 0.3875 0.0546875 0.0453125
0 0.30625 0.44140625 0.053125 0.0484375
0 0.221875 0.3671875 0.0234375 0.025
0 0.25546875 0.3578125 0.05625 0.0265625
0 0.5453125 0.28046875 0.046875 0.0546875
0 0.4765625 0.25390625 0.040625 0.05
0 0.53828125 0.175 0.0765625 0.040625
0 0.7109375 0.2859375 0.0484375 0.05
0 0.85 0.2234375 0.05 0.0453125
0 0.79453125 0.33828125 0.0734375 0.025
0 0.753125 0.328125 0.028125 0.03125
0 0.72734375 0.34453125 0.0296875 0.028125
0 0.7140625 0.3203125 0.05625 0.025
0 0.2734375 0.24453125 0.040625 0.0453125