0 0.346875 0.1625 0.071875 0.0328125
0 0.60078125 0.13984375 0.07421875 0.021875
0 0.43984375 0.209375 0.06328125 0.0234375
0 0.5328125 0.20859375 0.07265625 0.015625
0 0.709375 0.2578125 0.0671875 0.0171875
0 0.640625 0.27578125 0.06171875 0.0203125
0 0.55703125 0.26796875 0.07265625 0.0203125
0 0.4640625 0.3125 0.01875 0.04765625
0 0.5484375 0.30625 0.05390625 0.03671875
0 0.4171875 0.265625 0.0390625 0.028125
0 0.38046875 0.2890625 0.03515625 0.04375
0 0.3390625 0.31171875 0.03515625 0.0375
0 0.340625 0.3734375 0.03828125 0.04140625
0 0.23359375 0.4140625 0.03125 0.04140625
0 0.3265625 0.4453125 0.0328125 0.05234375
0 0.4296875 0.41328125 0.03671875 0.05078125
0 0.4984375 0.390625 0.04921875 0.025
0 0.54921875 0.36875 0.06953125 0.02109375
0 0.63125 0.33671875 0.04140625 0.03046875
0 0.721875 0.31171875 0.06953125 0.028125
0 0.7578125 0.334375 0.06328125 0.0234375
0 0.80625 0.365625 0.03359375 0.0328125
0 0.6671875 0.3953125 0.0546875 0.02890625
0 0.70859375 0.37734375 0.0359375 0.0265625
0 0.74375 0.40234375 0.0546875 0.01484375
0 0.77265625 0.4171875 0.03671875 0.015625
0 0.80078125 0.42890625 0.0234375 0.034375
0 0.7359375 0.465625 0.03046875 0.04609375
0 0.6921875 0.46171875 0.03984375 0.034375
0 0.6609375 0.48828125 0.04375 0.03828125
0 0.6109375 0.45234375 0.034375 0.03671875
0 0.62265625 0.5078125 0.0265625 0.04375
0 0.5390625 0.490625 0.05625 0.01875
0 0.4 0.4765625 0.05 0.01875
0 0.44375 0.53359375 0.05703125 0.01640625
0 0.44921875 0.571875 0.04921875 0.02265625
0 0.534375 0.54453125 0.03046875 0.0296875
0 0.72890625 0.54140625 0.046875 0.03125
0 0.8046875 0.5375 0.01796875 0.0421875
0 0.7375 0.57578125 0.028125 0.04296875
0 0.75234375 0.6265625 0.04296875 0.03984375
0 0.66171875 0.61640625 0.06015625 0.021875
0 0.58125 0.6078125 0.0375 0.03359375
0 0.54921875 0.60859375 0.040625 0.025
0 0.515625 0.6140625 0.05 0.02734375
0 0.4125 0.6546875 0.075 0.01875
0 0.6625 0.75234375 0.03203125 0.02421875
0 0.78359375 0.6953125 0.0296875 0.03359375
0 0.83515625 0.73203125 0.04140625 0.03984375
0 0.57890625 0.8015625 0.05546875 0.03515625