0 0.59609375 0.8953125 0.065625 0.0390625
0 0.703125 0.8734375 0.053125 0.046875
0 0.76796875 0.8828125 0.0421875 0.040625
0 0.72421875 0.8125 0.0421875 0.05625
0 0.58203125 0.7515625 0.04375 0.04375
0 0.453125 0.81015625 0.028125 0.046875
0 0.478125 0.81484375 0.0328125 0.046875
0 0.39296875 0.8203125 0.0453125 0.03125
0 0.334375 0.721875 0.0703125 0.0375
0 0.37578125 0.6640625 0.0453125 0.0421875
0 0.26328125 0.65 0.071875 0.04375
0 0.58515625 0.68359375 0.0640625 0.0390625
0 0.8 0.7125 0.0546875 0.040625
0 0.73828125 0.6484375 0.0625 0.021875
0 0.56171875 0.62890625 0.05625 0.0390625
0 0.3125 0.54140625 0.059375 0.0234375
0 0.50234375 0.54609375 0.053125 0.0234375
0 0.55859375 0.56328125 0.05 0.025
0 0.77109375 0.55390625 0.0375 0.0421875
0 0.665625 0.4859375 0.0796875 0.0328125
0 0.5921875 0.465625 0.0640625 0.0328125
0 0.43515625 0.45703125 0.078125 0.0296875
0 0.37734375 0.4125 0.0765625 0.028125
0 0.234375 0.3828125 0.05625 0.03125
0 0.45390625 0.3828125 0.0328125 0.046875
0 0.3125 0.34296875 0.053125 0.0328125
0 0.61875 0.42109375 0.0328125 0.0375
0 0.7265625 0.42421875 0.05625 0.0484375
0 0.70234375 0.35390625 0.0515625 0.040625
0 0.72265625 0.325 0.0546875 0.034375
0 0.63046875 0.30546875 0.0328125 0.0453125
0 0.390625 0.28515625 0.04375 0.0421875
0 0.27734375 0.2875 0.053125 0.0375
0 0.31015625 0.25703125 0.0546875 0.0375
0 0.44765625 0.22265625 0.040625 0.0390625
0 0.2671875 0.16640625 0.034375 0.0515625
0 0.296875 0.1671875 0.0375 0.025
0 0.5796875 0.215625 0.0390625 0.0421875
0 0.6703125 0.24765625 0.06875 0.0296875
0 0.64453125 0.19375 0.04375 0.040625
0 0.7234375 0.21171875 0.0640625 0.05
0 0.7671875 0.24453125 0.0328125 0.04375
0 0.75703125 0.2828125 0.05 0.0390625
0 0.83203125 0.259375 0.0484375 0.040625
0 0.82890625 0.1828125 0.04375 0.0265625
0 0.87265625 0.18984375 0.03125 0.034375
0 0.75390625 0.1796875 0.0453125 0.0234375
0 0.28046875 0.09140625 0.0390625 0.0390625
0 0.3 0.06953125 0.040625 0.0265625