0 0.70390625 0.1078125 0.0703125 0.059375
0 0.6671875 0.19921875 0.0703125 0.05
0 0.5796875 0.2 0.08125 0.0484375
0 0.47734375 0.18125 0.065625 0.046875
0 0.390625 0.13515625 0.075 0.0453125
0 0.328125 0.20546875 0.06875 0.028125
0 0.34296875 0.26953125 0.05625 0.05625
0 0.70390625 0.2515625 0.0765625 0.034375
0 0.628125 0.28203125 0.0484375 0.05
0 0.703125 0.3140625 0.0578125 0.059375
0 0.678125 0.36875 0.0765625 0.0328125
0 0.6953125 0.40859375 0.065625 0.040625
0 0.78671875 0.4265625 0.06875 0.0421875
0 0.56953125 0.38828125 0.0671875 0.034375
0 0.49609375 0.36328125 0.0515625 0.0546875
0 0.39765625 0.3734375 0.0453125 0.0609375
0 0.334375 0.3515625 0.053125 0.053125
0 0.42109375 0.41796875 0.0671875 0.028125
0 0.515625 0.4484375 0.0375 0.05
0 0.56953125 0.446875 0.05 0.046875
0 0.6625 0.45 0.071875 0.028125
0 0.68359375 0.49921875 0.05 0.040625
0 0.71953125 0.5203125 0.0265625 0.04375
0 0.7890625 0.59296875 0.040625 0.0421875
0 0.634375 0.5765625 0.0328125 0.040625
0 0.66015625 0.57421875 0.021875 0.028125
0 0.5765625 0.5453125 0.034375 0.0484375
0 0.49765625 0.49453125 0.0734375 0.0265625
0 0.38359375 0.46640625 0.0421875 0.046875
0 0.33359375 0.475 0.0359375 0.0453125
0 0.3890625 0.55390625 0.0484375 0.04375
0 0.43359375 0.56953125 0.046875 0.0484375
0 0.52890625 0.56171875 0.0515625 0.0328125
0 0.471875 0.5953125 0.0296875 0.046875
0 0.3859375 0.59921875 0.0609375 0.0265625
0 0.31171875 0.5515625 0.0578125 0.046875
0 0.2265625 0.553125 0.040625 0.053125
0 0.28984375 0.625 0.0765625 0.0359375
0 0.18671875 0.63671875 0.0484375 0.0515625
0 0.39609375 0.671875 0.065625 0.05
0 0.47890625 0.6984375 0.0640625 0.0375
0 0.54765625 0.64140625 0.0546875 0.0390625
0 0.60234375 0.6140625 0.0296875 0.0453125
0 0.62421875 0.66484375 0.034375 0.0484375
0 0.6984375 0.64921875 0.0484375 0.0515625
0 0.7828125 0.68671875 0.059375 0.0390625
0 0.81875 0.75625 0.04375 0.05
0 0.575 0.80078125 0.0453125 0.0484375
0 0.3359375 0.728125 0.090625 0.0421875
0 0.425 0.890625 0.065625 0.0359375