0 0.25703125 0.8578125 0.0515625 0.0640625
0 0.25078125 0.76484375 0.071875 0.0640625
0 0.36015625 0.7953125 0.06875 0.065625
0 0.51328125 0.89453125 0.0734375 0.0609375
0 0.54765625 0.8515625 0.071875 0.0515625
0 0.6296875 0.80625 0.065625 0.0640625
0 0.6859375 0.7859375 0.0546875 0.0609375
0 0.7265625 0.74296875 0.053125 0.0671875
0 0.5578125 0.77734375 0.0515625 0.0671875
0 0.4359375 0.75 0.0796875 0.059375
0 0.50390625 0.72890625 0.075 0.0578125
0 0.3765625 0.7265625 0.0484375 0.0609375
0 0.33359375 0.69375 0.071875 0.0546875
0 0.29140625 0.71484375 0.08125 0.046875
0 0.21640625 0.6953125 0.075 0.0421875
0 0.40703125 0.65078125 0.065625 0.0609375
0 0.3078125 0.603125 0.0703125 0.0375
0 0.25 0.60390625 0.059375 0.0640625
0 0.20390625 0.54140625 0.05625 0.0453125
0 0.35390625 0.5578125 0.046875 0.0625
0 0.47109375 0.5859375 0.0375 0.0546875
0 0.471875 0.63515625 0.05 0.0546875
0 0.52734375 0.65625 0.065625 0.0546875
0 0.5296875 0.58515625 0.078125 0.0515625
0 0.59375 0.6171875 0.0578125 0.0609375
0 0.60546875 0.678125 0.0734375 0.0453125
0 0.66953125 0.6953125 0.0734375 0.0625
0 0.66875 0.6265625 0.06875 0.0546875
0 0.6359375 0.56484375 0.075 0.0546875
0 0.56796875 0.515625 0.06875 0.034375
0 0.465625 0.525 0.0546875 0.0578125
0 0.3546875 0.49140625 0.071875 0.0359375
0 0.30390625 0.434375 0.0453125 0.0625
0 0.2375 0.43671875 0.053125 0.0625
0 0.446875 0.4375 0.04375 0.0515625
0 0.63046875 0.50390625 0.0578125 0.0578125
0 0.790625 0.578125 0.0453125 0.0625
0 0.7671875 0.50390625 0.0796875 0.0640625
0 0.71171875 0.45 0.0765625 0.04375
0 0.6078125 0.4578125 0.0703125 0.0390625
0 0.6171875 0.42109375 0.078125 0.05
0 0.46328125 0.39765625 0.065625 0.0515625
0 0.3375 0.36796875 0.075 0.0625
0 0.26328125 0.3453125 0.05625 0.0703125
0 0.2828125 0.28515625 0.0609375 0.0375
0 0.3453125 0.2953125 0.08125 0.0453125
0 0.2421875 0.2171875 0.046875 0.0640625
0 0.5984375 0.25078125 0.0546875 0.065625
0 0.65859375 0.32421875 0.0671875 0.0546875