0 0.66875 0.09140625 0.06640625 0.053125
0 0.640625 0.1859375 0.0671875 0.04453125
0 0.553125 0.19453125 0.078125 0.0421875
0 0.45 0.184375 0.0625 0.0421875
0 0.359375 0.14609375 0.071875 0.0390625
0 0.303125 0.221875 0.0671875 0.021875
0 0.3234375 0.284375 0.05234375 0.05234375
0 0.68125 0.234375 0.07421875 0.02734375
0 0.60859375 0.271875 0.04453125 0.046875
0 0.6859375 0.296875 0.05390625 0.05546875
0 0.66640625 0.35390625 0.07421875 0.02578125
0 0.68671875 0.3921875 0.06328125 0.03515625
0 0.77890625 0.4015625 0.065625 0.0359375
0 0.559375 0.3828125 0.06484375 0.028125
0 0.484375 0.3640625 0.046875 0.05078125
0 0.38671875 0.3828125 0.040625 0.0578125
0 0.321875 0.36640625 0.0484375 0.04921875
0 0.4140625 0.425 0.06484375 0.02265625
0 0.5109375 0.44765625 0.03359375 0.04765625
0 0.56484375 0.440625 0.04609375 0.04375
0 0.6578125 0.4359375 0.06953125 0.021875
0 0.6828125 0.48359375 0.046875 0.03671875
0 0.7203125 0.50078125 0.0234375 0.04140625
0 0.79609375 0.5671875 0.0375 0.0390625
0 0.640625 0.56484375 0.02890625 0.0375
0 0.66640625 0.56015625 0.01953125 0.02578125
0 0.58046875 0.53828125 0.03125 0.04609375
0 0.496875 0.49453125 0.07109375 0.02109375
0 0.38125 0.4765625 0.0390625 0.04375
0 0.33203125 0.48984375 0.0328125 0.0421875
0 0.39453125 0.56328125 0.0453125 0.03984375
0 0.43984375 0.575 0.04296875 0.04453125
0 0.534375 0.55859375 0.04921875 0.028125
0 0.48046875 0.59765625 0.02578125 0.04453125
0 0.3953125 0.60859375 0.05859375 0.02109375
0 0.3171875 0.56796875 0.05390625 0.0421875
0 0.23203125 0.5765625 0.03671875 0.05
0 0.3015625 0.64296875 0.075 0.0296875
0 0.2 0.66328125 0.04375 0.04765625
0 0.41171875 0.68046875 0.06171875 0.04453125
0 0.49609375 0.69921875 0.06171875 0.03203125
0 0.56015625 0.63671875 0.0515625 0.034375
0 0.61171875 0.6046875 0.02578125 0.04375
0 0.63828125 0.653125 0.03125 0.0453125
0 0.7109375 0.63125 0.04375 0.0484375
0 0.79765625 0.66171875 0.05625 0.034375
0 0.83984375 0.72734375 0.040625 0.04609375
0 0.60078125 0.79296875 0.04140625 0.0453125
0 0.35625 0.74140625 0.0875 0.034375
0 0.459375 0.8953125 0.0640625 0.0296875