0 0.10390625 0.14765625 0.090625 0.053125
0 0.4796875 0.0921875 0.084375 0.0390625
0 0.47265625 0.128125 0.075 0.046875
0 0.58515625 0.08984375 0.0765625 0.046875
0 0.64375 0.09140625 0.05 0.053125
0 0.70078125 0.071875 0.071875 0.046875
0 0.64921875 0.29140625 0.084375 0.0484375
0 0.56640625 0.33046875 0.0515625 0.0609375
0 0.4828125 0.328125 0.0578125 0.0484375
0 0.61640625 0.34921875 0.0375 0.028125
0 0.6640625 0.35078125 0.06875 0.034375
0 0.76015625 0.3421875 0.0796875 0.053125
0 0.6796875 0.43671875 0.071875 0.053125
0 0.5 0.4484375 0.0375 0.05
0 0.50859375 0.48203125 0.0265625 0.0234375
0 0.44765625 0.50078125 0.04375 0.0515625
0 0.40390625 0.440625 0.0421875 0.053125
0 0.3578125 0.39296875 0.028125 0.0609375
0 0.3140625 0.4890625 0.0578125 0.0421875
0 0.33515625 0.51484375 0.06875 0.0328125
0 0.246875 0.5625 0.0828125 0.0359375
0 0.2125 0.61953125 0.0515625 0.0484375
0 0.17265625 0.64921875 0.040625 0.059375
0 0.2625 0.6375 0.0625 0.0421875
0 0.43515625 0.64140625 0.0734375 0.0421875
0 0.4984375 0.59453125 0.05 0.0390625
0 0.5390625 0.55625 0.046875 0.05625
0 0.59765625 0.621875 0.034375 0.0515625
0 0.5703125 0.63046875 0.034375 0.0234375
0 0.6703125 0.590625 0.065625 0.034375
0 0.678125 0.51796875 0.04375 0.053125
0 0.7265625 0.5109375 0.0484375 0.05
0 0.765625 0.521875 0.03125 0.0390625
0 0.815625 0.515625 0.0359375 0.053125
0 0.77734375 0.56328125 0.0671875 0.034375
0 0.55078125 0.7015625 0.059375 0.05625
0 0.48203125 0.73984375 0.0421875 0.046875
0 0.4875 0.78359375 0.0390625 0.0515625
0 0.45546875 0.7953125 0.040625 0.0625
0 0.28359375 0.73125 0.0734375 0.05
0 0.315625 0.78203125 0.0609375 0.0515625
0 0.25234375 0.7921875 0.053125 0.05
0 0.2390625 0.878125 0.0640625 0.0578125
0 0.40546875 0.9171875 0.0546875 0.0640625
0 0.30859375 0.97109375 0.075 0.0390625
0 0.3578125 0.98046875 0.075 0.0390625
0 0.5671875 0.8078125 0.05 0.0484375
0 0.62265625 0.8125 0.078125 0.040625
0 0.89296875 0.65546875 0.0546875 0.0578125