0 0.675 0.8984375 0.046875 0.059375
0 0.41796875 0.875 0.065625 0.0453125
0 0.38671875 0.828125 0.0625 0.046875
0 0.4921875 0.7703125 0.06875 0.053125
0 0.58984375 0.79609375 0.059375 0.053125
0 0.70703125 0.8015625 0.071875 0.021875
0 0.69140625 0.82421875 0.06875 0.01875
0 0.67109375 0.7484375 0.071875 0.0265625
0 0.74921875 0.74453125 0.06875 0.028125
0 0.57890625 0.73203125 0.046875 0.053125
0 0.64765625 0.6875 0.0421875 0.059375
0 0.73125 0.65 0.059375 0.059375
0 0.784375 0.6125 0.05 0.05625
0 0.61015625 0.64609375 0.06875 0.0375
0 0.5265625 0.69140625 0.05625 0.040625
0 0.50625 0.7265625 0.071875 0.025
0 0.45546875 0.6953125 0.0375 0.05625
0 0.37734375 0.73203125 0.0625 0.04375
0 0.40625 0.6765625 0.034375 0.053125
0 0.31875 0.76328125 0.046875 0.053125
0 0.26796875 0.72734375 0.0375 0.046875
0 0.2328125 0.68046875 0.040625 0.059375
0 0.29453125 0.64609375 0.071875 0.0453125
0 0.36015625 0.64375 0.0671875 0.0328125
0 0.50234375 0.628125 0.046875 0.05625
0 0.64296875 0.57578125 0.0328125 0.059375
0 0.590625 0.5453125 0.0765625 0.034375
0 0.5140625 0.54453125 0.046875 0.05625
0 0.48671875 0.56328125 0.021875 0.046875
0 0.4453125 0.5703125 0.046875 0.040625
0 0.39296875 0.54140625 0.0375 0.053125
0 0.32109375 0.56171875 0.05 0.04375
0 0.31484375 0.51171875 0.075 0.0375
0 0.35703125 0.4796875 0.078125 0.0390625
0 0.20390625 0.509375 0.04375 0.0515625
0 0.2234375 0.43671875 0.0828125 0.040625
0 0.31796875 0.42890625 0.078125 0.034375
0 0.44609375 0.42734375 0.065625 0.0296875
0 0.4859375 0.4421875 0.021875 0.059375
0 0.57734375 0.40859375 0.0796875 0.03125
0 0.5765625 0.4921875 0.0484375 0.05
0 0.7125 0.46953125 0.04375 0.05625
0 0.78125 0.4890625 0.059375 0.046875
0 0.78515625 0.42578125 0.05 0.053125
0 0.7796875 0.3671875 0.0328125 0.0671875
0 0.703125 0.3171875 0.03125 0.0671875
0 0.61796875 0.35859375 0.06875 0.0296875
0 0.303125 0.32109375 0.04375 0.05625
0 0.37578125 0.2515625 0.05625 0.059375
0 0.459375 0.21875 0.05625 0.0546875