0 0.45026041666666666 0.4165865384615385 0.043229166666666666 0.017788461538461538
0 0.5682291666666667 0.35192307692307695 0.04375 0.01875
0 0.2708333333333333 0.628125 0.053125 0.021153846153846155
0 0.23020833333333332 0.3841346153846154 0.028125 0.021153846153846155
0 0.5497395833333333 0.37295673076923075 0.0484375 0.007451923076923077
0 0.7713541666666667 0.5058894230769231 0.025 0.02235576923076923
0 0.6955729166666667 0.3262019230769231 0.027604166666666666 0.01826923076923077
0 0.6497395833333334 0.5647836538461538 0.0421875 0.014182692307692308
0 0.6604166666666667 0.3219951923076923 0.021875 0.019471153846153846
0 0.28880208333333335 0.36646634615384616 0.04010416666666667 0.02235576923076923
0 0.21953125 0.4299278846153846 0.05260416666666667 0.013701923076923077
0 0.33697916666666666 0.5770432692307692 0.041666666666666664 0.007932692307692307
0 0.11822916666666666 0.6001201923076923 0.0375 0.01514423076923077
0 0.52734375 0.5078125 0.03802083333333333 0.01610576923076923
0 0.6065104166666667 0.3920673076923077 0.028645833333333332 0.015865384615384615
0 0.5763020833333333 0.2828125 0.0359375 0.019951923076923075
0 0.6265625 0.5158653846153847 0.03229166666666667 0.013461538461538462
0 0.6856770833333333 0.4112980769230769 0.04635416666666667 0.015384615384615385
0 0.8359375 0.4907451923076923 0.027083333333333334 0.021875
0 0.20885416666666667 0.5953125 0.04479166666666667 0.009375
0 0.8333333333333334 0.36334134615384617 0.036458333333333336 0.020913461538461537
0 0.7260416666666667 0.29459134615384613 0.025 0.018028846153846152
0 0.8375 0.3030048076923077 0.03125 0.01610576923076923
0 0.20859375 0.5497596153846154 0.04010416666666667 0.01201923076923077
0 0.4122395833333333 0.627764423076923 0.049479166666666664 0.0069711538461538465
0 0.7161458333333334 0.42596153846153845 0.04895833333333333 0.015865384615384615
0 0.26848958333333334 0.48449519230769234 0.04114583333333333 0.014182692307692308
0 0.11067708333333333 0.4651442307692308 0.022395833333333334 0.01875
0 0.6671875 0.5919471153846154 0.03229166666666667 0.011778846153846154
0 0.21614583333333334 0.26009615384615387 0.026041666666666668 0.019230769230769232
0 0.403125 0.2859375 0.053125 0.0069711538461538465
0 0.46041666666666664 0.5299278846153846 0.05520833333333333 0.007451923076923077
0 0.2234375 0.3235576923076923 0.04479166666666667 0.013942307692307693
0 0.83984375 0.65625 0.04114583333333333 0.009615384615384616
0 0.51328125 0.6381009615384615 0.015104166666666667 0.019951923076923075
0 0.11822916666666666 0.5009615384615385 0.022916666666666665 0.02403846153846154
0 0.7171875 0.5231971153846153 0.016666666666666666 0.020432692307692308
0 0.09348958333333333 0.43810096153846156 0.04635416666666667 0.013701923076923077
0 0.5640625 0.6276442307692308 0.01875 0.025
0 0.28671875 0.6629807692307692 0.04010416666666667 0.007692307692307693
0 0.6145833333333334 0.46021634615384616 0.01875 0.01658653846153846
0 0.31640625 0.6504807692307693 0.04114583333333333 0.014903846153846155
0 0.79140625 0.27608173076923076 0.04635416666666667 0.008894230769230769
0 0.17239583333333333 0.5299278846153846 0.042708333333333334 0.007451923076923077
0 0.10364583333333334 0.41454326923076923 0.019791666666666666 0.018990384615384614
0 0.6682291666666667 0.26622596153846156 0.026041666666666668 0.02139423076923077
0 0.32447916666666665 0.4186298076923077 0.017708333333333333 0.020432692307692308
0 0.3028645833333333 0.5310096153846153 0.0140625 0.020673076923076922
0 0.6875 0.5609375 0.019791666666666666 0.021875
0 0.19479166666666667 0.6682692307692307 0.046875 0.007692307692307693
0 0.8369791666666667 0.3376201923076923 0.016666666666666666 0.017548076923076923
0 0.7783854166666667 0.6550480769230769 0.0328125 0.0125
0 0.18177083333333333 0.6419471153846154 0.06145833333333333 0.008894230769230769
0 0.9 0.3138221153846154 0.04479166666666667 0.007451923076923077
0 0.7059895833333333 0.39627403846153847 0.0265625 0.011298076923076923
0 0.7513020833333334 0.27163461538461536 0.0265625 0.008653846153846154
0 0.37942708333333336 0.6638221153846153 0.03177083333333333 0.010817307692307692
0 0.903125 0.6441105769230769 0.053125 0.018509615384615385
0 0.053385416666666664 0.6734375 0.04635416666666667 0.02139423076923077
0 0.14739583333333334 0.6700721153846154 0.027083333333333334 0.019471153846153846
0 0.78515625 0.26129807692307694 0.0359375 0.010576923076923078
0 0.7890625 0.6393028846153846 0.04375 0.008894230769230769
0 0.9119791666666667 0.46935096153846156 0.026041666666666668 0.018028846153846152
0 0.10130208333333333 0.6721153846153847 0.013020833333333334 0.020673076923076922
0 0.5611979166666666 0.25516826923076924 0.04114583333333333 0.006009615384615385
0 0.80703125 0.6305288461538462 0.0484375 0.011057692307692308
0 0.25833333333333336 0.2532451923076923 0.040625 0.006009615384615385
0 0.17578125 0.6754807692307693 0.0296875 0.007211538461538462
0 0.4171875 0.6674278846153846 0.035416666666666666 0.006490384615384616
0 0.89765625 0.3859375 0.019270833333333334 0.023317307692307693
0 0.8302083333333333 0.4123798076923077 0.021875 0.019951923076923075
0 0.8755208333333333 0.34939903846153847 0.021875 0.019471153846153846
0 0.7708333333333334 0.2658653846153846 0.06458333333333334 0.019230769230769232
0 0.9200520833333333 0.3859375 0.016145833333333335 0.02235576923076923
0 0.9270833333333334 0.5182692307692308 0.017708333333333333 0.016346153846153847
0 0.25833333333333336 0.2498798076923077 0.042708333333333334 0.011778846153846154
0 0.9190104166666667 0.43125 0.0140625 0.016826923076923076
0 0.8484375 0.28329326923076925 0.0125 0.018509615384615385
0 0.89375 0.32800480769230766 0.01875 0.02235576923076923
0 0.18333333333333332 0.6745192307692308 0.042708333333333334 0.009615384615384616
0 0.7903645833333334 0.2454326923076923 0.021354166666666667 0.007692307692307693
0 0.2578125 0.24615384615384617 0.040625 0.005288461538461539
0 0.8393229166666667 0.2610576923076923 0.0359375 0.012980769230769231
0 0.13567708333333334 0.6669471153846154 0.0453125 0.011298076923076923
0 0.46822916666666664 0.6445913461538462 0.0125 0.013701923076923077
0 0.39921875 0.6645432692307692 0.07135416666666666 0.012740384615384615
0 0.6317708333333333 0.2544471153846154 0.041666666666666664 0.006490384615384616
0 0.036458333333333336 0.6655048076923077 0.042708333333333334 0.021875
0 0.022395833333333334 0.6056490384615385 0.014583333333333334 0.017548076923076923
0 0.9174479166666667 0.33689903846153846 0.016145833333333335 0.031009615384615385
0 0.8390625 0.2575721153846154 0.03333333333333333 0.008413461538461538
0 0.8731770833333333 0.2667067307692308 0.04114583333333333 0.015625
0 0.8578125 0.24519230769230768 0.034375 0.008653846153846154
0 0.027864583333333335 0.6730769230769231 0.027604166666666666 0.010096153846153847
0 0.9171875 0.6445913461538462 0.026041666666666668 0.017548076923076923
0 0.24661458333333333 0.5765625 0.024479166666666666 0.023317307692307693
0 0.7963541666666667 0.6289663461538462 0.026041666666666668 0.007451923076923077
0 0.8078125 0.4129807692307692 0.023958333333333335 0.007692307692307693
0 0.02734375 0.6227163461538462 0.015104166666666667 0.019471153846153846