0 0.28671875 0.45300480769230766 0.033854166666666664 0.013221153846153846
0 0.25442708333333336 0.3293269230769231 0.04635416666666667 0.01730769230769231
0 0.796875 0.46057692307692305 0.036458333333333336 0.016826923076923076
0 0.11744791666666667 0.5109375 0.021354166666666667 0.020913461538461537
0 0.36041666666666666 0.614423076923077 0.04375 0.007692307692307693
0 0.26979166666666665 0.6063701923076923 0.040625 0.01658653846153846
0 0.5625 0.28701923076923075 0.05416666666666667 0.012980769230769231
0 0.24609375 0.6364182692307693 0.0546875 0.006490384615384616
0 0.6682291666666667 0.44326923076923075 0.03854166666666667 0.023557692307692307
0 0.11822916666666666 0.5719951923076924 0.029166666666666667 0.023317307692307693
0 0.7153645833333333 0.2782451923076923 0.044270833333333336 0.014663461538461538
0 0.29453125 0.40024038461538464 0.0296875 0.02403846153846154
0 0.2671875 0.4207932692307692 0.042708333333333334 0.011778846153846154
0 0.5104166666666666 0.40384615384615385 0.05520833333333333 0.009134615384615385
0 0.22369791666666666 0.34603365384615387 0.05260416666666667 0.008413461538461538
0 0.39791666666666664 0.2751201923076923 0.04375 0.006490384615384616
0 0.471875 0.5967548076923077 0.04791666666666667 0.007451923076923077
0 0.8859375 0.44302884615384613 0.03333333333333333 0.014423076923076924
0 0.640625 0.5879807692307693 0.04479166666666667 0.0125
0 0.31328125 0.5102163461538461 0.0234375 0.019471153846153846
0 0.6549479166666666 0.4736778846153846 0.021354166666666667 0.013701923076923077
0 0.6265625 0.5527644230769231 0.015625 0.024759615384615383
0 0.14817708333333332 0.5540865384615384 0.016145833333333335 0.019230769230769232
0 0.609375 0.6067307692307692 0.03958333333333333 0.014903846153846155
0 0.5669270833333333 0.6594951923076923 0.0296875 0.019471153846153846
0 0.15520833333333334 0.6352163461538461 0.034375 0.018028846153846152
0 0.5872395833333334 0.4621394230769231 0.019270833333333334 0.018028846153846152
0 0.353125 0.6651442307692308 0.05 0.01201923076923077
0 0.35911458333333335 0.5044471153846154 0.0140625 0.021875
0 0.8239583333333333 0.38064903846153847 0.04375 0.006490384615384616
0 0.23333333333333334 0.6540865384615384 0.051041666666666666 0.009615384615384616
0 0.0765625 0.5153846153846153 0.017708333333333333 0.021634615384615384
0 0.8697916666666666 0.4818509615384615 0.019791666666666666 0.025721153846153845
0 0.07135416666666666 0.5375 0.041666666666666664 0.014903846153846155
0 0.71328125 0.5371394230769231 0.03177083333333333 0.020432692307692308
0 0.7971354166666667 0.2605769230769231 0.025520833333333333 0.012980769230769231
0 0.590625 0.6026442307692308 0.025 0.022115384615384617
0 0.8473958333333333 0.5747596153846154 0.020833333333333332 0.020192307692307693
0 0.22682291666666668 0.45216346153846154 0.0390625 0.00625
0 0.3729166666666667 0.6425480769230769 0.03958333333333333 0.01826923076923077
0 0.56484375 0.6368990384615385 0.044270833333333336 0.009375
0 0.48203125 0.2780048076923077 0.0296875 0.019951923076923075
0 0.03411458333333333 0.2725961538461538 0.04114583333333333 0.013461538461538462
0 0.5578125 0.6207932692307693 0.03854166666666667 0.015625
0 0.8677083333333333 0.39939903846153846 0.013541666666666667 0.024759615384615383
0 0.8130208333333333 0.5673076923076923 0.035416666666666666 0.016346153846153847
0 0.925 0.5671875 0.05 0.013701923076923077
0 0.5598958333333334 0.4563701923076923 0.03125 0.009375
0 0.290625 0.6722355769230769 0.03958333333333333 0.011778846153846154
0 0.88984375 0.5246394230769231 0.0140625 0.024759615384615383
0 0.51875 0.6620192307692307 0.017708333333333333 0.01875
0 0.16692708333333334 0.2705528846153846 0.04739583333333333 0.006490384615384616
0 0.30520833333333336 0.2591346153846154 0.03854166666666667 0.0057692307692307696
0 0.8046875 0.6334134615384616 0.041666666666666664 0.00625
0 0.43515625 0.2611778846153846 0.0328125 0.005528846153846154
0 0.09635416666666667 0.6527644230769231 0.022916666666666665 0.019471153846153846
0 0.7674479166666667 0.5331730769230769 0.0234375 0.017788461538461538
0 0.7635416666666667 0.6427884615384616 0.020833333333333332 0.02403846153846154
0 0.1640625 0.26322115384615385 0.04895833333333333 0.007692307692307693
0 0.9296875 0.5331730769230769 0.025 0.015865384615384615
0 0.7614583333333333 0.5575721153846154 0.027083333333333334 0.014182692307692308
0 0.5291666666666667 0.6229567307692307 0.0375 0.015625
0 0.3578125 0.6319711538461539 0.051041666666666666 0.00625
0 0.21197916666666666 0.6688701923076923 0.057291666666666664 0.01658653846153846
0 0.055989583333333336 0.4307692307692308 0.0453125 0.010096153846153847
0 0.32447916666666665 0.5176682692307693 0.013541666666666667 0.018509615384615385
0 0.9505208333333334 0.5222355769230769 0.017708333333333333 0.01706730769230769
0 0.94453125 0.6298076923076923 0.033854166666666664 0.00625
0 0.2596354166666667 0.6640625 0.0421875 0.010336538461538461
0 0.06536458333333334 0.3935096153846154 0.0265625 0.012980769230769231
0 0.9119791666666667 0.653125 0.042708333333333334 0.008653846153846154
0 0.10833333333333334 0.674639423076923 0.036458333333333336 0.015625
0 0.9580729166666667 0.5751201923076923 0.0203125 0.01658653846153846
0 0.04088541666666667 0.39534375000000005 0.022395833333333334 0.015209134615384616
0 0.03619791666666667 0.3700721153846154 0.011979166666666667 0.020432692307692308
0 0.91953125 0.6373798076923077 0.033854166666666664 0.011298076923076923
0 0.06724479166666668 0.6250528846153846 0.01678125 0.013564903846153846
0 0.8984375 0.29002403846153846 0.03125 0.015625
0 0.8372395833333334 0.25600961538461536 0.03697916666666667 0.006730769230769231
0 0.9083333333333333 0.35420673076923076 0.016666666666666666 0.023317307692307693
0 0.039322916666666666 0.34915865384615385 0.013020833333333334 0.019951923076923075
0 0.053385416666666664 0.5933894230769231 0.015104166666666667 0.02139423076923077
0 0.23098958333333333 0.6723557692307692 0.021354166666666667 0.011057692307692308
0 0.9317708333333333 0.35552884615384617 0.015625 0.021153846153846155
0 0.8471354166666667 0.24915865384615385 0.028645833333333332 0.008413461538461538
0 0.9052083333333333 0.5318509615384616 0.017708333333333333 0.01706730769230769
0 0.5208333333333334 0.6811298076923077 0.021875 0.014663461538461538
0 0.8934895833333333 0.5631009615384616 0.030729166666666665 0.01658653846153846
0 0.09895833333333333 0.6799278846153847 0.026041666666666668 0.010336538461538461
0 0.8986979166666667 0.25072115384615384 0.027604166666666666 0.012980769230769231
0 0.9197916666666667 0.3544471153846154 0.03958333333333333 0.024759615384615383
0 0.06171875 0.6014423076923077 0.0234375 0.017788461538461538
0 0.8575520833333333 0.24939903846153846 0.04635416666666667 0.010817307692307692
0 0.046875 0.44122596153846155 0.015625 0.014663461538461538
0 0.8692708333333333 0.5584134615384615 0.03125 0.020192307692307693
0 0.049052083333333336 0.41147115384615385 0.025869791666666666 0.011346153846153846
0 0.06689062500000001 0.6417764423076923 0.010807291666666666 0.01610096153846154
0 0.06879166666666667 0.6658629807692307 0.03104166666666667 0.015971153846153847