0 0.38125 0.5072916666666667 0.023076923076923078 0.046875
0 0.3736778846153846 0.290625 0.019951923076923075 0.042708333333333334
0 0.3334134615384615 0.5161458333333333 0.02403846153846154 0.065625
0 0.44014423076923076 0.9276041666666667 0.017788461538461538 0.03333333333333333
0 0.40588942307692305 0.54375 0.023798076923076922 0.03854166666666667
0 0.4054086538461538 0.3067708333333333 0.01658653846153846 0.051041666666666666
0 0.39603365384615385 0.8515625 0.020432692307692308 0.03333333333333333
0 0.38665865384615383 0.7075520833333333 0.010336538461538461 0.050520833333333334
0 0.33858173076923076 0.8625 0.020432692307692308 0.03958333333333333
0 0.47115384615384615 0.5161458333333333 0.03365384615384615 0.0375
0 0.4174278846153846 0.14947916666666666 0.020432692307692308 0.026041666666666668
0 0.4388221153846154 0.5734375 0.026682692307692307 0.025
0 0.505048076923077 0.8627604166666667 0.0125 0.0484375
0 0.6341346153846154 0.26901041666666664 0.023557692307692307 0.0484375
0 0.47259615384615383 0.9005208333333333 0.013942307692307693 0.03958333333333333
0 0.6443509615384615 0.49635416666666665 0.026682692307692307 0.022916666666666665
0 0.2875 0.6552083333333333 0.021634615384615384 0.036458333333333336
0 0.38016826923076924 0.22083333333333333 0.030528846153846153 0.030208333333333334
0 0.3973557692307692 0.625 0.023557692307692307 0.051041666666666666
0 0.34411057692307695 0.8015625 0.02139423076923077 0.029166666666666667
0 0.41189903846153847 0.7713541666666667 0.024759615384615383 0.027083333333333334
0 0.3268028846153846 0.71796875 0.012740384615384615 0.05364583333333333
0 0.35192307692307695 0.7268229166666667 0.022115384615384617 0.043229166666666666
0 0.540625 0.11692708333333333 0.02548076923076923 0.024479166666666666
0 0.44567307692307695 0.8171875 0.011538461538461539 0.046875
0 0.2685096153846154 0.6768229166666667 0.008653846153846154 0.05364583333333333
0 0.3167067307692308 0.46041666666666664 0.015625 0.03125
0 0.5506009615384615 0.5203125 0.013701923076923077 0.04895833333333333
0 0.33665865384615384 0.23020833333333332 0.019951923076923075 0.015625
0 0.3638221153846154 0.6143229166666667 0.02716346153846154 0.034895833333333334
0 0.32992788461538464 0.7768229166666667 0.020432692307692308 0.0421875
0 0.41418269230769234 0.20338541666666668 0.019230769230769232 0.016145833333333335
0 0.5828125 0.3578125 0.024278846153846154 0.041666666666666664
0 0.26790865384615387 0.48723958333333334 0.025240384615384616 0.018229166666666668
0 0.4230769230769231 0.8583333333333333 0.021634615384615384 0.04375
0 0.36117788461538464 0.39088541666666665 0.007451923076923077 0.059895833333333336
0 0.6365384615384615 0.60546875 0.011057692307692308 0.0484375
0 0.29903846153846153 0.88984375 0.023076923076923078 0.0234375
0 0.2542067307692308 0.8502604166666666 0.026682692307692307 0.0234375
0 0.5834134615384615 0.6044270833333333 0.0125 0.03697916666666667
0 0.34314903846153844 0.27317708333333335 0.008413461538461538 0.043229166666666666
0 0.41622596153846153 0.35703125 0.008413461538461538 0.0421875
0 0.39302884615384615 0.19114583333333332 0.026923076923076925 0.016666666666666666
0 0.5825721153846154 0.21223958333333334 0.02283653846153846 0.03802083333333333
0 0.38185096153846154 0.1390625 0.025721153846153845 0.016666666666666666
0 0.5289663461538462 0.40208333333333335 0.03485576923076923 0.053125
0 0.4307692307692308 0.5052083333333334 0.015865384615384615 0.040625
0 0.4389423076923077 0.7010416666666667 0.022115384615384617 0.04791666666666667
0 0.4515625 0.35989583333333336 0.006490384615384616 0.05
0 0.4210336538461538 0.3138020833333333 0.006009615384615385 0.0421875
0 0.4765625 0.20208333333333334 0.02235576923076923 0.023958333333333335
0 0.5727163461538461 0.3221354166666667 0.02283653846153846 0.050520833333333334
0 0.3060096153846154 0.6255208333333333 0.03221153846153846 0.03125
0 0.4387019230769231 0.6359375 0.02451923076923077 0.027083333333333334
0 0.32235576923076925 0.42526041666666664 0.02403846153846154 0.025520833333333333
0 0.4790865384615385 0.47421875 0.036057692307692304 0.0265625
0 0.5835336538461539 0.2591145833333333 0.04350961538461538 0.0421875
0 0.3578125 0.21354166666666666 0.011298076923076923 0.04895833333333333
0 0.428125 0.25286458333333334 0.01971153846153846 0.013020833333333334
0 0.3808894230769231 0.8294270833333334 0.04447115384615385 0.03802083333333333
0 0.5112980769230769 0.5955729166666667 0.01875 0.0296875
0 0.4985576923076923 0.21927083333333333 0.023557692307692307 0.053125
0 0.6042067307692308 0.8953125 0.013221153846153846 0.042708333333333334
0 0.6007211538461539 0.44557291666666665 0.022596153846153846 0.07552083333333333
0 0.3530048076923077 0.18046875 0.023317307692307693 0.015104166666666667
0 0.5180288461538461 0.7510416666666667 0.026923076923076925 0.04479166666666667
0 0.3027644230769231 0.4317708333333333 0.012740384615384615 0.035416666666666666
0 0.32091346153846156 0.30520833333333336 0.014903846153846155 0.046875
0 0.4060096153846154 0.38697916666666665 0.023557692307692307 0.013541666666666667
0 0.4387019230769231 0.14947916666666666 0.009615384615384616 0.042708333333333334
0 0.48365384615384616 0.7453125 0.01730769230769231 0.03854166666666667
0 0.47271634615384617 0.7197916666666667 0.023317307692307693 0.015625
0 0.6282451923076923 0.46328125 0.013701923076923077 0.04114583333333333
0 0.5216346153846154 0.5182291666666666 0.023076923076923078 0.016666666666666666
0 0.6645432692307692 0.8513020833333333 0.025240384615384616 0.0359375
0 0.290625 0.5666666666666667 0.02451923076923077 0.052083333333333336
0 0.3760817307692308 0.7674479166666667 0.018990384615384614 0.0140625
0 0.31935096153846154 0.28489583333333335 0.018028846153846152 0.046875
0 0.622235576923077 0.74765625 0.007451923076923077 0.0390625
0 0.2611778846153846 0.7479166666666667 0.014663461538461538 0.04375
0 0.37560096153846156 0.5760416666666667 0.019951923076923075 0.013541666666666667
0 0.5548076923076923 0.221875 0.023557692307692307 0.027083333333333334
0 0.6372596153846154 0.16822916666666668 0.016826923076923076 0.06041666666666667
0 0.4716346153846154 0.4192708333333333 0.01971153846153846 0.058333333333333334
0 0.5332932692307693 0.7638020833333333 0.019471153846153846 0.024479166666666666
0 0.6352163461538461 0.22213541666666667 0.02235576923076923 0.030729166666666665
0 0.6131009615384615 0.3450520833333333 0.025721153846153845 0.013020833333333334
0 0.6441105769230769 0.90078125 0.01658653846153846 0.033854166666666664
0 0.4280048076923077 0.6630208333333333 0.021875 0.01875
0 0.46911057692307695 0.121875 0.01658653846153846 0.028125
0 0.5902644230769231 0.5416666666666666 0.02716346153846154 0.040625
0 0.5989182692307692 0.7658854166666667 0.014182692307692308 0.044270833333333336
0 0.4600961538461538 0.6856770833333333 0.027884615384615386 0.04739583333333333
0 0.6502403846153846 0.7372395833333333 0.021634615384615384 0.0328125
0 0.5567307692307693 0.4518229166666667 0.022115384615384617 0.0265625
0 0.5842548076923076 0.11953125 0.02235576923076923 0.021354166666666667
0 0.6441105769230769 0.7747395833333334 0.01658653846153846 0.0203125
0 0.4463942307692308 0.10625 0.01826923076923077 0.028125
0 0.5490384615384616 0.6684895833333333 0.010576923076923078 0.05364583333333333
0 0.3540865384615385 0.7565104166666666 0.01201923076923077 0.034895833333333334
0 0.5026442307692308 0.4395833333333333 0.01201923076923077 0.041666666666666664
0 0.4699519230769231 0.76796875 0.020673076923076922 0.0453125
0 0.41802884615384617 0.4828125 0.022596153846153846 0.04479166666666667
0 0.4852163461538462 0.40703125 0.014663461538461538 0.043229166666666666
0 0.2983173076923077 0.28541666666666665 0.027884615384615386 0.059375
0 0.5585336538461538 0.6026041666666667 0.00985576923076923 0.035416666666666666
0 0.41959134615384613 0.8919270833333334 0.013221153846153846 0.024479166666666666
0 0.6271634615384616 0.93671875 0.022596153846153846 0.049479166666666664
0 0.5337740384615385 0.8861979166666667 0.018990384615384614 0.021354166666666667
0 0.4828125 0.6466145833333333 0.013701923076923077 0.0328125
0 0.6258413461538461 0.6463541666666667 0.008894230769230769 0.052083333333333336
0 0.26802884615384615 0.45234375 0.020192307692307693 0.0296875
0 0.42451923076923076 0.228125 0.0125 0.041666666666666664
0 0.2915865384615385 0.340625 0.022115384615384617 0.013541666666666667
0 0.5265625 0.19895833333333332 0.018990384615384614 0.0125
0 0.6230769230769231 0.52578125 0.026923076923076925 0.018229166666666668
0 0.4638221153846154 0.23489583333333333 0.028125 0.03958333333333333
0 0.49447115384615387 0.27317708333333335 0.0057692307692307696 0.044270833333333336
0 0.27860576923076924 0.3229166666666667 0.008653846153846154 0.046875
0 0.3076923076923077 0.12942708333333333 0.016346153846153847 0.0296875
0 0.5387019230769231 0.4669270833333333 0.027403846153846154 0.0234375
0 0.43485576923076924 0.17760416666666667 0.035096153846153846 0.030208333333333334
0 0.4776442307692308 0.3138020833333333 0.016826923076923076 0.0765625
0 0.5350961538461538 0.6638020833333333 0.010576923076923078 0.049479166666666664
0 0.3481971153846154 0.9518229166666666 0.02139423076923077 0.0140625
0 0.6008413461538461 0.6565104166666667 0.019471153846153846 0.019270833333333334
0 0.35973557692307695 0.6393229166666666 0.019951923076923075 0.016145833333333335
0 0.4794471153846154 0.29739583333333336 0.013701923076923077 0.042708333333333334
0 0.5188701923076923 0.25677083333333334 0.037259615384615384 0.052083333333333336
0 0.5425480769230769 0.08932291666666667 0.01875 0.025520833333333333
0 0.49987980769230766 0.6302083333333334 0.020913461538461537 0.014583333333333334
0 0.590985576923077 0.29583333333333334 0.02235576923076923 0.011458333333333333
0 0.5655048076923077 0.38828125 0.005528846153846154 0.04010416666666667
0 0.5378605769230769 0.9283854166666666 0.014182692307692308 0.04010416666666667
0 0.48028846153846155 0.9463541666666667 0.020673076923076922 0.015625
0 0.3328125 0.08359375 0.021875 0.0203125
0 0.3466346153846154 0.14479166666666668 0.03028846153846154 0.029166666666666667
0 0.3347355769230769 0.9380208333333333 0.023798076923076922 0.027083333333333334
0 0.2875 0.22890625 0.021153846153846155 0.0265625
0 0.46021634615384616 0.6052083333333333 0.02283653846153846 0.017708333333333333
0 0.30901442307692306 0.77578125 0.019471153846153846 0.016145833333333335
0 0.33161057692307694 0.6244791666666667 0.024278846153846154 0.028125
0 0.6381009615384615 0.6908854166666667 0.011298076923076923 0.04739583333333333
0 0.5969951923076923 0.82109375 0.010817307692307692 0.022395833333333334
0 0.48978365384615385 0.13828125 0.020432692307692308 0.015104166666666667
0 0.5830528846153846 0.15026041666666667 0.013221153846153846 0.0421875
0 0.5361778846153846 0.3111979166666667 0.021875 0.06614583333333333
0 0.35 0.6864583333333333 0.022115384615384617 0.036458333333333336
0 0.5902644230769231 0.53046875 0.026201923076923078 0.016145833333333335
0 0.5751201923076923 0.08932291666666667 0.02283653846153846 0.0140625
0 0.6554086538461539 0.26171875 0.014182692307692308 0.03697916666666667
0 0.28112980769230766 0.8161458333333333 0.005528846153846154 0.04895833333333333
0 0.33221153846153845 0.6580729166666667 0.01875 0.0203125
0 0.4308894230769231 0.434375 0.02283653846153846 0.016666666666666666
0 0.4598557692307692 0.1796875 0.022115384615384617 0.013541666666666667
0 0.48052884615384617 0.12708333333333333 0.03894230769230769 0.0375
0 0.46033653846153844 0.6703125 0.027884615384615386 0.015625
0 0.6370192307692307 0.13177083333333334 0.014903846153846155 0.034375
0 0.5393028846153847 0.80859375 0.015625 0.030729166666666665
0 0.5598557692307692 0.26223958333333336 0.01730769230769231 0.030729166666666665
0 0.5581730769230769 0.16692708333333334 0.01201923076923077 0.0546875
0 0.5169471153846154 0.09088541666666666 0.020913461538461537 0.022395833333333334
0 0.6126201923076923 0.678125 0.007932692307692307 0.058333333333333334
0 0.6515625 0.40130208333333334 0.014663461538461538 0.03802083333333333
0 0.5177884615384616 0.45078125 0.01971153846153846 0.018229166666666668
0 0.37451923076923077 0.08854166666666667 0.012980769230769231 0.052083333333333336
0 0.39903846153846156 0.921875 0.026442307692307692 0.06145833333333333
0 0.353125 0.5809895833333333 0.015384615384615385 0.018229166666666668
0 0.6454326923076923 0.3770833333333333 0.021153846153846155 0.019791666666666666
0 0.5477163461538461 0.8401041666666667 0.013701923076923077 0.04479166666666667
0 0.6522836538461538 0.69140625 0.007451923076923077 0.05364583333333333
0 0.47439903846153847 0.33515625 0.010336538461538461 0.034895833333333334
0 0.28185096153846156 0.21354166666666666 0.018509615384615385 0.06458333333333334
0 0.5199519230769231 0.3458333333333333 0.0125 0.06770833333333333
0 0.41346153846153844 0.7315104166666667 0.008173076923076924 0.05572916666666667
0 0.5592548076923077 0.6515625 0.006009615384615385 0.05
0 0.5173076923076924 0.33541666666666664 0.007211538461538462 0.04479166666666667
0 0.6676682692307693 0.9020833333333333 0.007451923076923077 0.05520833333333333
0 0.3418269230769231 0.6765625 0.038461538461538464 0.057291666666666664
0 0.6188701923076924 0.09583333333333334 0.01514423076923077 0.040625
0 0.3737980769230769 0.16354166666666667 0.021153846153846155 0.017708333333333333
0 0.6348557692307693 0.33671875 0.009134615384615385 0.059895833333333336
0 0.6391826923076923 0.3390625 0.01730769230769231 0.06458333333333334
0 0.6342548076923077 0.42942708333333335 0.007451923076923077 0.0515625
0 0.5296875 0.71484375 0.006490384615384616 0.033854166666666664
0 0.2814903846153846 0.9059895833333333 0.04519230769230769 0.06510416666666667
0 0.5332932692307693 0.29635416666666664 0.015625 0.035416666666666666
0 0.5801682692307693 0.54921875 0.006490384615384616 0.0265625
0 0.6012019230769231 0.1453125 0.007692307692307693 0.03958333333333333
0 0.3063701923076923 0.10416666666666667 0.021875 0.028125
0 0.40841346153846153 0.43203125 0.06778846153846153 0.024479166666666666
0 0.46033653846153844 0.6197916666666666 0.023076923076923078 0.046875
0 0.4639423076923077 0.1640625 0.03028846153846154 0.04375
0 0.40360576923076924 0.43333333333333335 0.021634615384615384 0.017708333333333333
0 0.26466346153846154 0.3380208333333333 0.01730769230769231 0.028125
0 0.6478365384615384 0.9421875 0.012980769230769231 0.025
0 0.5837740384615384 0.6447916666666667 0.010817307692307692 0.019791666666666666
0 0.5927884615384615 0.68515625 0.008173076923076924 0.04635416666666667
0 0.5693509615384615 0.15833333333333333 0.007451923076923077 0.04479166666666667
0 0.24807692307692308 0.3346354166666667 0.008653846153846154 0.024479166666666666
0 0.24735576923076924 0.45208333333333334 0.009615384615384616 0.028125
0 0.3895432692307692 0.8221354166666667 0.026682692307692307 0.022395833333333334
0 0.3205528846153846 0.3484375 0.0069711538461538465 0.014583333333333334
0 0.27379807692307695 0.8674479166666667 0.011538461538461539 0.0328125
0 0.3389423076923077 0.14453125 0.015384615384615385 0.028645833333333332
0 0.6635817307692308 0.9442708333333333 0.01706730769230769 0.022916666666666665
0 0.3540865384615385 0.14427083333333332 0.015384615384615385 0.019791666666666666
0 0.5966346153846154 0.46432291666666664 0.007211538461538462 0.03802083333333333
0 0.2924278846153846 0.9200520833333333 0.023317307692307693 0.0359375
0 0.25216346153846153 0.28515625 0.00625 0.0515625
0 0.3217548076923077 0.38645833333333335 0.011298076923076923 0.011458333333333333
0 0.5858173076923077 0.66015625 0.015384615384615385 0.05364583333333333
0 0.3992788461538462 0.09817708333333333 0.023557692307692307 0.015104166666666667
0 0.6561298076923077 0.5903645833333333 0.01610576923076923 0.0765625
0 0.38353365384615384 0.08046875 0.014663461538461538 0.0234375
0 0.24735576923076924 0.4666666666666667 0.01201923076923077 0.057291666666666664
0 0.5248798076923077 0.2578125 0.024759615384615383 0.03333333333333333
0 0.37271634615384613 0.04973958333333333 0.03774038461538461 0.022395833333333334
0 0.5784855769230769 0.3653645833333333 0.01658653846153846 0.025520833333333333
0 0.4622596153846154 0.14557291666666666 0.02403846153846154 0.0265625
0 0.4780048076923077 0.42526041666666664 0.0069711538461538465 0.0453125
0 0.6501201923076924 0.20963541666666666 0.02139423076923077 0.0265625
0 0.505048076923077 0.22057291666666667 0.010576923076923078 0.03697916666666667
0 0.25384615384615383 0.46432291666666664 0.006730769230769231 0.033854166666666664
0 0.4645432692307692 0.62265625 0.011778846153846154 0.0421875
0 0.47247596153846155 0.15703125 0.012740384615384615 0.028645833333333332
0 0.2484375 0.52109375 0.006490384615384616 0.03697916666666667
0 0.5515625 0.6950520833333333 0.006490384615384616 0.04114583333333333
0 0.44266826923076924 0.18411458333333333 0.018990384615384614 0.016145833333333335
0 0.6538461538461539 0.76796875 0.008173076923076924 0.034895833333333334
0 0.5782451923076923 0.22421875 0.021875 0.0140625
0 0.3002403846153846 0.09088541666666666 0.017788461538461538 0.030729166666666665
0 0.44711538461538464 0.09427083333333333 0.020192307692307693 0.053125
0 0.49423076923076925 0.20494791666666667 0.014423076923076924 0.024479166666666666
0 0.5087740384615385 0.25494791666666666 0.01706730769230769 0.05260416666666667
0 0.3841346153846154 0.42864583333333334 0.01971153846153846 0.016666666666666666
0 0.5393028846153847 0.8283854166666667 0.031009615384615385 0.06927083333333334
0 0.4096153846153846 0.4830729166666667 0.0057692307692307696 0.044270833333333336
0 0.5144230769230769 0.47604166666666664 0.014423076923076924 0.013541666666666667
0 0.5641826923076924 0.9278645833333333 0.01971153846153846 0.0140625
0 0.5227163461538461 0.6700520833333333 0.008413461538461538 0.0484375
0 0.6110576923076924 0.20859375 0.022115384615384617 0.011979166666666667
0 0.5278846153846154 0.2520833333333333 0.01971153846153846 0.021875
0 0.6295673076923077 0.44375 0.016346153846153847 0.08020833333333334
0 0.6318509615384615 0.03697916666666667 0.011778846153846154 0.021875
0 0.2998798076923077 0.40859375 0.011778846153846154 0.0109375
0 0.5850961538461539 0.6700520833333333 0.006730769230769231 0.033854166666666664
0 0.4252403846153846 0.17369791666666667 0.015384615384615385 0.022395833333333334
0 0.31983173076923077 0.77578125 0.04110576923076923 0.0421875
0 0.5246394230769231 0.7494791666666667 0.012740384615384615 0.042708333333333334
0 0.48990384615384613 0.05546875 0.021634615384615384 0.016145833333333335
0 0.6564903846153847 0.3645833333333333 0.00625 0.042708333333333334
0 0.5043269230769231 0.04791666666666667 0.05 0.035416666666666666
0 0.44771634615384615 0.06354166666666666 0.01706730769230769 0.0125
0 0.619951923076923 0.92890625 0.010576923076923078 0.027604166666666666
0 0.5855769230769231 0.06145833333333333 0.01826923076923077 0.011458333333333333
0 0.5521634615384615 0.9283854166666666 0.04326923076923077 0.04114583333333333
0 0.2879807692307692 0.5768229166666666 0.007692307692307693 0.03177083333333333
0 0.42788461538461536 0.23307291666666666 0.020673076923076922 0.05260416666666667
0 0.6567307692307692 0.94296875 0.03076923076923077 0.028645833333333332
0 0.6319711538461539 0.08125 0.01201923076923077 0.04479166666666667
0 0.2704326923076923 0.890625 0.023076923076923078 0.03854166666666667
0 0.5950721153846154 0.6692708333333334 0.034375 0.08020833333333334
0 0.6009615384615384 0.44921875 0.021153846153846155 0.016145833333333335
0 0.29170673076923076 0.22682291666666668 0.012740384615384615 0.0203125
0 0.5382211538461539 0.8307291666666666 0.027884615384615386 0.027083333333333334
0 0.6626201923076923 0.6674479166666667 0.008894230769230769 0.05364583333333333
0 0.5168269230769231 0.05677083333333333 0.025 0.015625
0 0.4905048076923077 0.043229166666666666 0.020913461538461537 0.016666666666666666
0 0.5959134615384616 0.24427083333333333 0.01875 0.010416666666666666
0 0.5435096153846154 0.3255208333333333 0.007211538461538462 0.03854166666666667
0 0.5461538461538461 0.46380208333333334 0.014423076923076924 0.019270833333333334
0 0.26911057692307694 0.8763020833333334 0.020432692307692308 0.049479166666666664
0 0.46875 0.4083333333333333 0.014423076923076924 0.035416666666666666
0 0.6451923076923077 0.07317708333333334 0.01201923076923077 0.0484375
0 0.3191105769230769 0.09583333333333334 0.04975961538461538 0.04583333333333333
0 0.28028846153846154 0.3927083333333333 0.01826923076923077 0.0375
0 0.4623798076923077 0.5091145833333334 0.015625 0.0234375
0 0.5133413461538462 0.7643229166666666 0.017548076923076923 0.016145833333333335
0 0.583173076923077 0.790625 0.010576923076923078 0.0125
0 0.2957932692307692 0.06979166666666667 0.023317307692307693 0.028125
0 0.4794471153846154 0.5153645833333333 0.01706730769230769 0.015104166666666667
0 0.661298076923077 0.18020833333333333 0.011057692307692308 0.041666666666666664
0 0.4953125 0.22864583333333333 0.011298076923076923 0.03229166666666667
0 0.4263221153846154 0.07369791666666667 0.02235576923076923 0.0140625
0 0.540625 0.10234375 0.02548076923076923 0.05364583333333333
0 0.4486778846153846 0.08255208333333333 0.012259615384615384 0.0359375
0 0.26947115384615383 0.32578125 0.026442307692307692 0.05260416666666667
0 0.40396634615384613 0.9098958333333333 0.010817307692307692 0.03333333333333333
0 0.4003605769230769 0.08229166666666667 0.011778846153846154 0.029166666666666667
0 0.6610576923076923 0.6059895833333333 0.007211538461538462 0.0453125
0 0.6552884615384615 0.3065104166666667 0.00625 0.04010416666666667
0 0.4030048076923077 0.6369791666666667 0.012259615384615384 0.022916666666666665
0 0.4227163461538462 0.49322916666666666 0.03293269230769231 0.06666666666666667
0 0.6521634615384615 0.5716145833333334 0.008173076923076924 0.0390625
0 0.37259615384615385 0.078125 0.0375 0.075
0 0.6033653846153846 0.6752604166666667 0.025961538461538463 0.0609375
0 0.2751201923076923 0.39114583333333336 0.008894230769230769 0.036458333333333336
0 0.3971153846153846 0.9075520833333334 0.021153846153846155 0.033854166666666664
0 0.4561298076923077 0.6924479166666667 0.008413461538461538 0.034895833333333334
0 0.3289663461538462 0.5359375 0.013701923076923077 0.022916666666666665
0 0.6030048076923077 0.08958333333333333 0.019471153846153846 0.017708333333333333
0 0.5221153846153846 0.30052083333333335 0.017788461538461538 0.015625
0 0.28870192307692305 0.32421875 0.027884615384615386 0.0484375
0 0.6115384615384616 0.9072916666666667 0.027884615384615386 0.06770833333333333
0 0.3965144230769231 0.9403645833333333 0.01514423076923077 0.019270833333333334
0 0.36670673076923077 0.8346354166666666 0.01610576923076923 0.027604166666666666
0 0.604326923076923 0.43125 0.013942307692307693 0.046875
0 0.27884615384615385 0.20130208333333333 0.009615384615384616 0.04010416666666667
0 0.4933894230769231 0.64296875 0.03485576923076923 0.04010416666666667
0 0.45913461538461536 0.23489583333333333 0.012980769230769231 0.03854166666666667
0 0.2909855769230769 0.55859375 0.024278846153846154 0.0171875
0 0.2979567307692308 0.62109375 0.015625 0.022395833333333334
0 0.6689903846153846 0.72109375 0.00625 0.0359375
0 0.5264423076923077 0.4158854166666667 0.026923076923076925 0.021354166666666667
0 0.6627403846153846 0.5583333333333333 0.007211538461538462 0.04895833333333333
0 0.39471153846153845 0.6338541666666667 0.007692307692307693 0.030208333333333334
0 0.27908653846153847 0.8713541666666667 0.01730769230769231 0.026041666666666668
0 0.5473557692307692 0.18541666666666667 0.006730769230769231 0.0375
0 0.3658653846153846 0.15416666666666667 0.0375 0.036458333333333336
0 0.40228365384615383 0.934375 0.010336538461538461 0.036458333333333336
0 0.6467548076923076 0.39348958333333334 0.024278846153846154 0.05260416666666667
0 0.6467548076923076 0.7690104166666667 0.021875 0.0359375
0 0.3310096153846154 0.509375 0.012980769230769231 0.053125
0 0.5161057692307692 0.5072916666666667 0.03413461538461538 0.03958333333333333
0 0.3973557692307692 0.9322916666666666 0.020192307692307693 0.03958333333333333
0 0.6426682692307693 0.21666666666666667 0.037259615384615384 0.042708333333333334
0 0.3033653846153846 0.29635416666666664 0.015865384615384615 0.036458333333333336
0 0.2453125 0.48984375 0.007932692307692307 0.0140625
0 0.5727163461538461 0.33567708333333335 0.021875 0.022395833333333334
0 0.5722355769230769 0.26458333333333334 0.020432692307692308 0.03125
0 0.5873798076923077 0.6427083333333333 0.018028846153846152 0.025
0 0.5564903846153846 0.921875 0.03461538461538462 0.026041666666666668
0 0.38545673076923076 0.5200520833333333 0.014182692307692308 0.0203125
0 0.2980769230769231 0.29791666666666666 0.008653846153846154 0.036458333333333336
0 0.40240384615384617 0.044270833333333336 0.017788461538461538 0.019791666666666666
0 0.6443509615384615 0.6901041666666666 0.023798076923076922 0.05520833333333333
0 0.24699519230769232 0.5127604166666667 0.010817307692307692 0.05572916666666667
0 0.2919471153846154 0.26848958333333334 0.014663461538461538 0.0265625
0 0.4651442307692308 0.76484375 0.010096153846153847 0.0359375
0 0.4050480769230769 0.9213541666666667 0.013461538461538462 0.05520833333333333
0 0.5890625 0.13723958333333333 0.03245192307692308 0.0578125