0 0.4388221153846154 0.1203125 0.02235576923076923 0.03125
0 0.3938701923076923 0.23385416666666667 0.01658653846153846 0.025
0 0.31322115384615384 0.10208333333333333 0.02403846153846154 0.036458333333333336
0 0.4862980769230769 0.290625 0.015865384615384615 0.03229166666666667
0 0.3211538461538462 0.5408854166666667 0.026442307692307692 0.03177083333333333
0 0.4502403846153846 0.29192708333333334 0.013461538461538462 0.044270833333333336
0 0.2717548076923077 0.6778645833333333 0.014182692307692308 0.050520833333333334
0 0.3721153846153846 0.3640625 0.0375 0.071875
0 0.29591346153846154 0.73046875 0.014903846153846155 0.04010416666666667
0 0.34471153846153846 0.76328125 0.02451923076923077 0.0578125
0 0.3222355769230769 0.20416666666666666 0.028125 0.029166666666666667
0 0.46838942307692305 0.20442708333333334 0.02283653846153846 0.015104166666666667
0 0.4155048076923077 0.28177083333333336 0.010817307692307692 0.040625
0 0.551923076923077 0.846875 0.02403846153846154 0.023958333333333335
0 0.44375 0.228125 0.03125 0.03333333333333333
0 0.3782451923076923 0.46536458333333336 0.010817307692307692 0.0421875
0 0.5295673076923076 0.7578125 0.019230769230769232 0.030208333333333334
0 0.32247596153846153 0.8609375 0.01514423076923077 0.028125
0 0.47247596153846155 0.17994791666666668 0.026201923076923078 0.015104166666666667
0 0.2796875 0.5713541666666667 0.014663461538461538 0.05
0 0.39074519230769234 0.17630208333333333 0.01706730769230769 0.027604166666666666
0 0.30120192307692306 0.1453125 0.026442307692307692 0.01875
0 0.48040865384615383 0.76484375 0.009375 0.0484375
0 0.5477163461538461 0.07916666666666666 0.020913461538461537 0.025
0 0.3331730769230769 0.4270833333333333 0.013461538461538462 0.03958333333333333
0 0.37716346153846153 0.09270833333333334 0.019230769230769232 0.020833333333333332
0 0.3579326923076923 0.13776041666666666 0.029326923076923077 0.04010416666666667
0 0.5471153846153847 0.68828125 0.016346153846153847 0.03802083333333333
0 0.5467548076923077 0.16197916666666667 0.01514423076923077 0.036458333333333336
0 0.4955528846153846 0.7307291666666667 0.019951923076923075 0.046875
0 0.3313701923076923 0.5622395833333333 0.02716346153846154 0.0171875
0 0.4465144230769231 0.15208333333333332 0.014182692307692308 0.04375
0 0.3253605769230769 0.49453125 0.008894230769230769 0.0546875
0 0.4596153846153846 0.3828125 0.013461538461538462 0.0375
0 0.3548076923076923 0.46458333333333335 0.013461538461538462 0.035416666666666666
0 0.5828125 0.23828125 0.02716346153846154 0.0140625
0 0.31262019230769234 0.6270833333333333 0.019951923076923075 0.028125
0 0.5605769230769231 0.3065104166666667 0.01875 0.0546875
0 0.5925480769230769 0.7674479166666667 0.015384615384615385 0.07760416666666667
0 0.46057692307692305 0.5653645833333333 0.017788461538461538 0.034895833333333334
0 0.45372596153846156 0.6953125 0.008894230769230769 0.040625
0 0.4930288461538462 0.1265625 0.01875 0.014583333333333334
0 0.3078125 0.26171875 0.007451923076923077 0.0390625
0 0.37908653846153845 0.7265625 0.01730769230769231 0.058333333333333334
0 0.27403846153846156 0.7106770833333333 0.019230769230769232 0.024479166666666666
0 0.5501201923076923 0.26536458333333335 0.023317307692307693 0.011979166666666667
0 0.3766826923076923 0.20416666666666666 0.027884615384615386 0.053125
0 0.6177884615384616 0.22890625 0.02451923076923077 0.058854166666666666
0 0.2608173076923077 0.6049479166666667 0.025961538461538463 0.034895833333333334
0 0.25240384615384615 0.4401041666666667 0.016826923076923076 0.034375
0 0.28497596153846155 0.796875 0.006009615384615385 0.053125
0 0.278125 0.36484375 0.023557692307692307 0.049479166666666664
0 0.29170673076923076 0.9197916666666667 0.028125 0.016666666666666666
0 0.619951923076923 0.509375 0.023076923076923078 0.040625
0 0.32211538461538464 0.6765625 0.007692307692307693 0.05625
0 0.3479567307692308 0.6447916666666667 0.018990384615384614 0.016666666666666666
0 0.5804086538461538 0.09375 0.018990384615384614 0.022916666666666665
0 0.5280048076923077 0.14088541666666668 0.024278846153846154 0.016145833333333335
0 0.48401442307692305 0.21302083333333333 0.01706730769230769 0.03958333333333333
0 0.6018028846153847 0.15 0.04110576923076923 0.06979166666666667
0 0.2466346153846154 0.7947916666666667 0.009615384615384616 0.04375
0 0.4872596153846154 0.6299479166666667 0.023076923076923078 0.0140625
0 0.3566105769230769 0.5044270833333333 0.040625 0.027604166666666666
0 0.41983173076923075 0.20208333333333334 0.020913461538461537 0.0125
0 0.5620192307692308 0.12552083333333333 0.01875 0.022916666666666665
0 0.5582932692307693 0.6377604166666667 0.021875 0.043229166666666666
0 0.6087740384615384 0.5440104166666667 0.01658653846153846 0.0421875
0 0.6125 0.31744791666666666 0.023557692307692307 0.058854166666666666
0 0.4268028846153846 0.5734375 0.030048076923076924 0.029166666666666667
0 0.5330528846153846 0.46015625 0.011298076923076923 0.044270833333333336
0 0.5162259615384616 0.8848958333333333 0.019951923076923075 0.016666666666666666
0 0.5457932692307692 0.4283854166666667 0.018990384615384614 0.022395833333333334
0 0.6463942307692307 0.47161458333333334 0.01730769230769231 0.0578125
0 0.5662259615384615 0.16536458333333334 0.007932692307692307 0.0484375
0 0.4829326923076923 0.884375 0.02451923076923077 0.016666666666666666
0 0.27271634615384616 0.32265625 0.007451923076923077 0.04739583333333333
0 0.4856971153846154 0.37890625 0.013221153846153846 0.0578125
0 0.3847355769230769 0.9575520833333333 0.02716346153846154 0.015104166666666667
0 0.5237980769230769 0.8510416666666667 0.016826923076923076 0.03958333333333333
0 0.3348557692307692 0.6916666666666667 0.023076923076923078 0.03333333333333333
0 0.5754807692307692 0.5252604166666667 0.008653846153846154 0.0546875
0 0.5639423076923077 0.4552083333333333 0.008653846153846154 0.04375
0 0.39278846153846153 0.409375 0.026923076923076925 0.01875
0 0.4987980769230769 0.15052083333333333 0.015865384615384615 0.035416666666666666
0 0.29459134615384613 0.26979166666666665 0.006009615384615385 0.04583333333333333
0 0.6489182692307692 0.7401041666666667 0.020432692307692308 0.019791666666666666
0 0.2483173076923077 0.7395833333333334 0.01826923076923077 0.016666666666666666
0 0.44735576923076925 0.7416666666666667 0.028846153846153848 0.026041666666666668
0 0.49206730769230766 0.5513020833333333 0.006730769230769231 0.0515625
0 0.4094951923076923 0.15208333333333332 0.02139423076923077 0.025
0 0.5479567307692308 0.5005208333333333 0.025240384615384616 0.01875
0 0.5157451923076923 0.29583333333333334 0.023317307692307693 0.03958333333333333
0 0.3462740384615385 0.9328125 0.024759615384615383 0.015625
0 0.5444711538461539 0.34765625 0.021634615384615384 0.025520833333333333
0 0.5855769230769231 0.84140625 0.014903846153846155 0.022395833333333334
0 0.24807692307692308 0.853125 0.021153846153846155 0.021875
0 0.44495192307692305 0.4609375 0.01826923076923077 0.014583333333333334
0 0.48485576923076923 0.9361979166666666 0.021153846153846155 0.0390625
0 0.4873798076923077 0.24427083333333333 0.006490384615384616 0.03333333333333333
0 0.3643028846153846 0.7822916666666667 0.019471153846153846 0.0125
0 0.48665865384615387 0.5075520833333333 0.010336538461538461 0.043229166666666666
0 0.4442307692307692 0.9018229166666667 0.02403846153846154 0.0296875
0 0.4171875 0.6604166666666667 0.02283653846153846 0.020833333333333332
0 0.5451923076923076 0.3841145833333333 0.035096153846153846 0.05260416666666667
0 0.6462740384615384 0.803125 0.018028846153846152 0.028125
0 0.6469951923076923 0.6307291666666667 0.010336538461538461 0.04791666666666667
0 0.2700721153846154 0.20182291666666666 0.007932692307692307 0.0515625
0 0.3762019230769231 0.5684895833333333 0.01875 0.0109375
0 0.5060096153846154 0.41302083333333334 0.01201923076923077 0.041666666666666664
0 0.6064903846153846 0.7752604166666667 0.006730769230769231 0.043229166666666666
0 0.40384615384615385 0.6231770833333333 0.023557692307692307 0.034895833333333334
0 0.44014423076923076 0.9440104166666666 0.02451923076923077 0.03697916666666667
0 0.40216346153846155 0.9177083333333333 0.021153846153846155 0.030208333333333334
0 0.42752403846153847 0.32369791666666664 0.024278846153846154 0.033854166666666664
0 0.5111778846153846 0.06354166666666666 0.018028846153846152 0.019791666666666666
0 0.5251201923076924 0.6671875 0.019471153846153846 0.05520833333333333
0 0.4132211538461538 0.86171875 0.01971153846153846 0.05364583333333333
0 0.4579326923076923 0.3424479166666667 0.013461538461538462 0.03802083333333333
0 0.23473557692307692 0.43802083333333336 0.00985576923076923 0.030208333333333334
0 0.4341346153846154 0.8177083333333334 0.021153846153846155 0.046875
0 0.28028846153846154 0.4984375 0.008173076923076924 0.03958333333333333
0 0.34110576923076924 0.9 0.013461538461538462 0.053125
0 0.5181490384615385 0.4348958333333333 0.006490384615384616 0.03854166666666667
0 0.4271634615384615 0.7364583333333333 0.020192307692307693 0.029166666666666667
0 0.41838942307692306 0.5059895833333333 0.01706730769230769 0.0234375
0 0.575 0.4080729166666667 0.0125 0.04635416666666667
0 0.2298076923076923 0.7411458333333333 0.010096153846153847 0.013541666666666667
0 0.4132211538461538 0.228125 0.021153846153846155 0.041666666666666664
0 0.5277644230769231 0.36041666666666666 0.025240384615384616 0.019791666666666666
0 0.5551682692307692 0.5361979166666667 0.015625 0.0359375
0 0.4938701923076923 0.08515625 0.017548076923076923 0.0171875
0 0.26634615384615384 0.10130208333333333 0.019230769230769232 0.022395833333333334
0 0.26045673076923076 0.7739583333333333 0.012740384615384615 0.05416666666666667
0 0.43485576923076924 0.759375 0.023557692307692307 0.014583333333333334
0 0.37103365384615383 0.83046875 0.025721153846153845 0.021354166666666667
0 0.3 0.4122395833333333 0.0125 0.034895833333333334
0 0.5938701923076923 0.9421875 0.023317307692307693 0.016666666666666666
0 0.5760817307692307 0.29140625 0.020432692307692308 0.011979166666666667
0 0.2610576923076923 0.2674479166666667 0.022115384615384617 0.0515625
0 0.4092548076923077 0.43046875 0.01658653846153846 0.0671875
0 0.6413461538461539 0.33359375 0.015384615384615385 0.06302083333333333
0 0.4127403846153846 0.24114583333333334 0.020192307692307693 0.015625
0 0.603125 0.43802083333333336 0.02403846153846154 0.05416666666666667
0 0.5591346153846154 0.09947916666666666 0.014903846153846155 0.020833333333333332
0 0.6415865384615385 0.68984375 0.006730769230769231 0.05572916666666667
0 0.41778846153846155 0.06692708333333333 0.021634615384615384 0.013020833333333334
0 0.5942307692307692 0.34609375 0.02548076923076923 0.016145833333333335
0 0.4793269230769231 0.05651041666666667 0.023557692307692307 0.016145833333333335
0 0.3548076923076923 0.6044270833333333 0.03461538461538462 0.034895833333333334
0 0.6408653846153847 0.22161458333333334 0.0125 0.04739583333333333
0 0.5423076923076923 0.06328125 0.015384615384615385 0.0109375
0 0.6381009615384615 0.12630208333333334 0.01706730769230769 0.0203125
0 0.5411057692307693 0.53125 0.016826923076923076 0.015625
0 0.4026442307692308 0.4947916666666667 0.008173076923076924 0.042708333333333334
0 0.5966346153846154 0.1078125 0.01730769230769231 0.04895833333333333
0 0.3936298076923077 0.4278645833333333 0.02716346153846154 0.015104166666666667
0 0.5868990384615385 0.4015625 0.025721153846153845 0.027083333333333334
0 0.44903846153846155 0.9145833333333333 0.01826923076923077 0.025
0 0.3659855769230769 0.6044270833333333 0.011778846153846154 0.033854166666666664
0 0.5125 0.22786458333333334 0.02548076923076923 0.059895833333333336
0 0.43401442307692306 0.3966145833333333 0.02956730769230769 0.05572916666666667
0 0.26622596153846156 0.7744791666666667 0.024759615384615383 0.05625
0 0.3076923076923077 0.35703125 0.007211538461538462 0.016145833333333335
0 0.4377403846153846 0.48489583333333336 0.013942307692307693 0.034375
0 0.43365384615384617 0.64453125 0.020673076923076922 0.030729166666666665
0 0.23485576923076923 0.82265625 0.016346153846153847 0.03177083333333333
0 0.5042067307692307 0.22447916666666667 0.008894230769230769 0.053125
0 0.6405048076923077 0.31640625 0.014182692307692308 0.028645833333333332
0 0.42451923076923076 0.7145833333333333 0.0125 0.025
0 0.24747596153846155 0.15130208333333334 0.01706730769230769 0.04739583333333333
0 0.26766826923076925 0.26927083333333335 0.008894230769230769 0.041666666666666664
0 0.39050480769230766 0.628125 0.024759615384615383 0.05520833333333333
0 0.6032451923076924 0.32135416666666666 0.043028846153846154 0.06666666666666667
0 0.26598557692307695 0.16119791666666666 0.012259615384615384 0.0359375
0 0.4151442307692308 0.478125 0.01826923076923077 0.011458333333333333
0 0.41802884615384617 0.22083333333333333 0.009134615384615385 0.028125
0 0.5125 0.6401041666666667 0.012980769230769231 0.03333333333333333
0 0.5304086538461539 0.20572916666666666 0.008413461538461538 0.04583333333333333
0 0.4325721153846154 0.09765625 0.01706730769230769 0.013020833333333334
0 0.5229567307692308 0.5145833333333333 0.006009615384615385 0.04375
0 0.25600961538461536 0.26145833333333335 0.0125 0.03854166666666667
0 0.6256009615384616 0.22369791666666666 0.008894230769230769 0.0484375
0 0.536298076923077 0.5666666666666667 0.006730769230769231 0.05625
0 0.39014423076923077 0.6611979166666667 0.028365384615384615 0.016145833333333335
0 0.5064903846153846 0.5013020833333334 0.00625 0.034895833333333334
0 0.4670673076923077 0.6046875 0.022115384615384617 0.015625
0 0.5537259615384615 0.5502604166666667 0.018509615384615385 0.0640625
0 0.28870192307692305 0.07213541666666666 0.02451923076923077 0.024479166666666666
0 0.23689903846153845 0.3111979166666667 0.010336538461538461 0.0828125
0 0.4388221153846154 0.05651041666666667 0.01706730769230769 0.016145833333333335
0 0.29723557692307695 0.06536458333333334 0.042067307692307696 0.0390625
0 0.5699519230769231 0.22135416666666666 0.019230769230769232 0.009375
0 0.4622596153846154 0.6174479166666667 0.03125 0.044270833333333336
0 0.5375 0.3924479166666667 0.01971153846153846 0.034895833333333334
0 0.44759615384615387 0.06822916666666666 0.016826923076923076 0.014583333333333334
0 0.3105769230769231 0.4283854166666667 0.012980769230769231 0.04739583333333333
0 0.6450721153846154 0.40989583333333335 0.011298076923076923 0.05
0 0.5176682692307693 0.22005208333333334 0.013221153846153846 0.03802083333333333
0 0.4950721153846154 0.14375 0.023317307692307693 0.04791666666666667
0 0.4876201923076923 0.9580729166666667 0.03389423076923077 0.015104166666666667
0 0.4186298076923077 0.046614583333333334 0.020913461538461537 0.0203125
0 0.4423076923076923 0.4783854166666667 0.023557692307692307 0.04739583333333333
0 0.5149038461538461 0.6106770833333334 0.011538461538461539 0.034895833333333334
0 0.598798076923077 0.8151041666666666 0.013942307692307693 0.04479166666666667
0 0.3778846153846154 0.8486979166666667 0.03942307692307692 0.059895833333333336
0 0.24254807692307692 0.8359375 0.03221153846153846 0.057291666666666664
0 0.353125 0.12604166666666666 0.014423076923076924 0.017708333333333333
0 0.6198317307692308 0.07473958333333333 0.018028846153846152 0.07135416666666666
0 0.3469951923076923 0.49921875 0.021875 0.0171875
0 0.43064903846153846 0.1578125 0.02860576923076923 0.027083333333333334
0 0.2251201923076923 0.8447916666666667 0.006009615384615385 0.035416666666666666
0 0.5485576923076924 0.7145833333333333 0.008173076923076924 0.03958333333333333
0 0.5501201923076923 0.2109375 0.01658653846153846 0.011458333333333333
0 0.5174278846153846 0.5473958333333333 0.012259615384615384 0.04791666666666667
0 0.5133413461538462 0.6255208333333333 0.01514423076923077 0.0625
0 0.6271634615384616 0.43255208333333334 0.008173076923076924 0.05677083333333333
0 0.5366586538461539 0.3 0.0069711538461538465 0.04583333333333333
0 0.6435096153846154 0.26510416666666664 0.016826923076923076 0.07083333333333333
0 0.25372596153846155 0.2981770833333333 0.007932692307692307 0.04635416666666667
0 0.24711538461538463 0.3260416666666667 0.007692307692307693 0.057291666666666664
0 0.3479567307692308 0.5984375 0.020913461538461537 0.016666666666666666
0 0.6614182692307692 0.815625 0.006009615384615385 0.0375
0 0.4514423076923077 0.6158854166666666 0.010096153846153847 0.04739583333333333
0 0.3735576923076923 0.8588541666666667 0.01971153846153846 0.036458333333333336
0 0.5551682692307692 0.3768229166666667 0.015625 0.0390625
0 0.25841346153846156 0.39921875 0.013461538461538462 0.034895833333333334
0 0.520673076923077 0.6442708333333333 0.02980769230769231 0.10104166666666667
0 0.37548076923076923 0.71875 0.010096153846153847 0.04375
0 0.6609375 0.80078125 0.0069711538461538465 0.06614583333333333
0 0.6161057692307692 0.24661458333333333 0.021634615384615384 0.021354166666666667
0 0.2300480769230769 0.5888020833333333 0.005288461538461539 0.0515625
0 0.6038461538461538 0.8388020833333333 0.01826923076923077 0.013020833333333334
0 0.2388221153846154 0.5888020833333333 0.006009615384615385 0.04635416666666667
0 0.4830528846153846 0.5205729166666667 0.017548076923076923 0.06927083333333334
0 0.47920673076923076 0.03828125 0.021875 0.011979166666666667
0 0.5728365384615385 0.6221354166666667 0.023076923076923078 0.04114583333333333
0 0.44735576923076925 0.04140625 0.01730769230769231 0.013020833333333334
0 0.6242788461538461 0.55859375 0.022115384615384617 0.033854166666666664
0 0.6414663461538461 0.9244791666666666 0.037259615384615384 0.06354166666666666
0 0.41418269230769234 0.8479166666666667 0.021634615384615384 0.027083333333333334
0 0.27391826923076923 0.4903645833333333 0.020432692307692308 0.05677083333333333
0 0.6537259615384615 0.9458333333333333 0.017548076923076923 0.026041666666666668
0 0.6116586538461538 0.4390625 0.0069711538461538465 0.053125
0 0.35625 0.14973958333333334 0.025961538461538463 0.015104166666666667
0 0.39411057692307694 0.103125 0.018028846153846152 0.011458333333333333
0 0.6322115384615384 0.4388020833333333 0.00625 0.0453125
0 0.61875 0.93515625 0.023557692307692307 0.04739583333333333
0 0.4793269230769231 0.5346354166666667 0.010096153846153847 0.04114583333333333
0 0.31213942307692305 0.44453125 0.025721153846153845 0.0609375
0 0.48485576923076923 0.06848958333333334 0.017788461538461538 0.013020833333333334
0 0.3917067307692308 0.6434895833333333 0.011298076923076923 0.03177083333333333
0 0.4128605769230769 0.42083333333333334 0.009375 0.04791666666666667
0 0.2705528846153846 0.759375 0.017548076923076923 0.019791666666666666
0 0.3105769230769231 0.055989583333333336 0.016346153846153847 0.018229166666666668
0 0.36670673076923077 0.50546875 0.019951923076923075 0.025520833333333333
0 0.6445913461538462 0.8856770833333333 0.018028846153846152 0.0109375
0 0.28918269230769234 0.05286458333333333 0.023557692307692307 0.018229166666666668
0 0.5504807692307693 0.22395833333333334 0.016346153846153847 0.036458333333333336
0 0.2590144230769231 0.7669270833333334 0.04014423076923077 0.07239583333333334
0 0.5292067307692307 0.13307291666666668 0.02716346153846154 0.033854166666666664
0 0.3191105769230769 0.09088541666666666 0.013221153846153846 0.015104166666666667
0 0.44302884615384613 0.3411458333333333 0.017788461538461538 0.022916666666666665
0 0.6421875 0.5721354166666667 0.017548076923076923 0.013020833333333334
0 0.4111778846153846 0.4934895833333333 0.025240384615384616 0.044270833333333336
0 0.6379807692307692 0.5700520833333333 0.02548076923076923 0.018229166666666668
0 0.26598557692307695 0.88828125 0.012259615384615384 0.0328125
0 0.6462740384615384 0.78984375 0.018509615384615385 0.05572916666666667
0 0.6247596153846153 0.08958333333333333 0.009134615384615385 0.042708333333333334
0 0.4265625 0.047135416666666666 0.037259615384615384 0.024479166666666666
0 0.6448317307692307 0.34427083333333336 0.007932692307692307 0.040625
0 0.43533653846153847 0.16510416666666666 0.01971153846153846 0.015625
0 0.39603365384615385 0.9190104166666667 0.009375 0.030729166666666665
0 0.6042067307692308 0.1046875 0.03293269230769231 0.058333333333333334
0 0.6137019230769231 0.13151041666666666 0.01730769230769231 0.0328125
0 0.6259615384615385 0.9388020833333334 0.009615384615384616 0.04114583333333333
0 0.4438701923076923 0.38203125 0.011298076923076923 0.06822916666666666
0 0.6331730769230769 0.9138020833333333 0.019230769230769232 0.04114583333333333
0 0.2780048076923077 0.41640625 0.020913461538461537 0.0109375
0 0.3719951923076923 0.21067708333333332 0.012259615384615384 0.03802083333333333
0 0.3894230769230769 0.86171875 0.015865384615384615 0.027604166666666666
0 0.6181490384615385 0.0953125 0.019951923076923075 0.030208333333333334
0 0.6388221153846154 0.09479166666666666 0.012259615384615384 0.035416666666666666
0 0.2701923076923077 0.050520833333333334 0.014423076923076924 0.011458333333333333
0 0.321875 0.19635416666666666 0.027884615384615386 0.013541666666666667
0 0.32079326923076923 0.4315104166666667 0.007932692307692307 0.0328125
0 0.34615384615384615 0.9065104166666667 0.02548076923076923 0.06614583333333333
0 0.540625 0.5588541666666667 0.016826923076923076 0.06979166666666667
0 0.5313701923076923 0.30026041666666664 0.01706730769230769 0.04739583333333333
0 0.4322115384615385 0.8088541666666667 0.01875 0.017708333333333333
0 0.23858173076923078 0.846875 0.007932692307692307 0.027083333333333334
0 0.3836538461538462 0.7361979166666667 0.009134615384615385 0.03802083333333333
0 0.6533653846153846 0.4674479166666667 0.008173076923076924 0.04635416666666667
0 0.5949519230769231 0.17057291666666666 0.008653846153846154 0.0296875
0 0.29254807692307694 0.0640625 0.01971153846153846 0.013541666666666667
0 0.5391826923076923 0.19192708333333333 0.015865384615384615 0.016145833333333335
0 0.3323317307692308 0.67890625 0.028125 0.0609375
0 0.5736778846153846 0.79296875 0.009375 0.011979166666666667
0 0.24423076923076922 0.14114583333333333 0.010576923076923078 0.027083333333333334
0 0.4875 0.9416666666666667 0.03461538461538462 0.04895833333333333
0 0.24338942307692307 0.19661458333333334 0.007932692307692307 0.04010416666666667
0 0.4798076923076923 0.05 0.028846153846153848 0.030208333333333334
0 0.6604567307692307 0.8927083333333333 0.008894230769230769 0.07708333333333334
0 0.4424278846153846 0.36302083333333335 0.012259615384615384 0.04479166666666667
0 0.6403846153846153 0.7830729166666667 0.0057692307692307696 0.0421875
0 0.40072115384615387 0.56171875 0.01730769230769231 0.021354166666666667
0 0.5171875 0.19817708333333334 0.014182692307692308 0.013020833333333334
0 0.49615384615384617 0.3802083333333333 0.03365384615384615 0.06145833333333333
0 0.4288461538461538 0.37890625 0.019230769230769232 0.0171875
0 0.23557692307692307 0.15260416666666668 0.006730769230769231 0.046875
0 0.44314903846153847 0.9252604166666667 0.031490384615384615 0.07552083333333333
0 0.43786057692307695 0.9526041666666667 0.020432692307692308 0.017708333333333333
0 0.41983173076923075 0.21432291666666667 0.020913461538461537 0.03697916666666667
0 0.6227163461538462 0.55 0.018028846153846152 0.016666666666666666
0 0.5727163461538461 0.6356770833333333 0.021875 0.011979166666666667
0 0.5358173076923077 0.15130208333333334 0.041826923076923074 0.0640625
0 0.36790865384615384 0.19270833333333334 0.00985576923076923 0.03229166666666667
0 0.6173076923076923 0.5489583333333333 0.03365384615384615 0.052083333333333336
0 0.4248798076923077 0.6494791666666667 0.03822115384615385 0.040625
0 0.5923076923076923 0.15052083333333333 0.022115384615384617 0.016666666666666666
0 0.4394230769230769 0.7333333333333333 0.04567307692307692 0.06666666666666667
0 0.6294471153846154 0.909375 0.012740384615384615 0.03229166666666667
0 0.30528846153846156 0.4236979166666667 0.023076923076923078 0.058854166666666666
0 0.4455528846153846 0.39348958333333334 0.008894230769230769 0.0515625
0 0.5264423076923077 0.65390625 0.015865384615384615 0.03177083333333333
0 0.6067307692307692 0.31588541666666664 0.011057692307692308 0.05572916666666667
0 0.5290865384615384 0.20598958333333334 0.036057692307692304 0.049479166666666664
0 0.5162259615384616 0.24453125 0.01706730769230769 0.024479166666666666
0 0.5731971153846154 0.6192708333333333 0.007932692307692307 0.036458333333333336
0 0.5677884615384615 0.3065104166666667 0.03701923076923077 0.05677083333333333
0 0.6015625 0.21145833333333333 0.01610576923076923 0.014583333333333334
0 0.4405048076923077 0.40182291666666664 0.01610576923076923 0.04635416666666667
0 0.28221153846153846 0.28463541666666664 0.008653846153846154 0.0609375
0 0.5038461538461538 0.47239583333333335 0.01730769230769231 0.025
0 0.3858173076923077 0.09505208333333333 0.035096153846153846 0.0265625
0 0.4294471153846154 0.05572916666666667 0.04735576923076923 0.03958333333333333
0 0.5974759615384615 0.071875 0.018509615384615385 0.015625
0 0.3646634615384615 0.3484375 0.022115384615384617 0.040625
0 0.49002403846153847 0.08020833333333334 0.025721153846153845 0.028125
0 0.4908653846153846 0.7479166666666667 0.03028846153846154 0.08229166666666667
0 0.3088942307692308 0.45989583333333334 0.01875 0.03125
0 0.48509615384615384 0.0703125 0.03653846153846154 0.04791666666666667
0 0.6516826923076923 0.5111979166666667 0.011057692307692308 0.0453125
0 0.4423076923076923 0.38828125 0.047115384615384615 0.07760416666666667
0 0.40721153846153846 0.44427083333333334 0.01201923076923077 0.03958333333333333
0 0.5241586538461539 0.21927083333333333 0.048317307692307694 0.078125
0 0.5883413461538461 0.7916666666666666 0.006490384615384616 0.030208333333333334
0 0.5520432692307692 0.08802083333333334 0.030048076923076924 0.04583333333333333
0 0.5038461538461538 0.490625 0.01730769230769231 0.05625
0 0.4423076923076923 0.7479166666666667 0.03894230769230769 0.03854166666666667