0 0.35997596153846156 0.6442708333333333 0.024278846153846154 0.04479166666666667
0 0.3236778846153846 0.48463541666666665 0.027644230769230768 0.021354166666666667
0 0.6421875 0.46145833333333336 0.020432692307692308 0.03125
0 0.4377403846153846 0.12239583333333333 0.02548076923076923 0.027083333333333334
0 0.36478365384615385 0.56875 0.024759615384615383 0.03333333333333333
0 0.4991586538461538 0.28020833333333334 0.014182692307692308 0.05416666666666667
0 0.6525240384615385 0.4158854166666667 0.020432692307692308 0.04114583333333333
0 0.30096153846153845 0.4471354166666667 0.017788461538461538 0.024479166666666666
0 0.3795673076923077 0.30755208333333334 0.025 0.0296875
0 0.38016826923076924 0.4557291666666667 0.012740384615384615 0.06041666666666667
0 0.40420673076923075 0.11276041666666667 0.026201923076923078 0.0328125
0 0.5979567307692307 0.17239583333333333 0.01706730769230769 0.04375
0 0.46322115384615387 0.1203125 0.020192307692307693 0.014583333333333334
0 0.6579326923076924 0.26484375 0.020192307692307693 0.0515625
0 0.6164663461538461 0.5533854166666666 0.018509615384615385 0.04010416666666667
0 0.40673076923076923 0.45598958333333334 0.013942307692307693 0.03802083333333333
0 0.49290865384615384 0.10364583333333334 0.021875 0.03125
0 0.5074519230769231 0.18854166666666666 0.016346153846153847 0.051041666666666666
0 0.4171875 0.17578125 0.018509615384615385 0.03802083333333333
0 0.5007211538461539 0.8234375 0.006730769230769231 0.0625
0 0.5725961538461538 0.43125 0.022115384615384617 0.017708333333333333
0 0.36286057692307694 0.10703125 0.018990384615384614 0.0421875
0 0.4361778846153846 0.54296875 0.011778846153846154 0.0484375
0 0.4360576923076923 0.8072916666666666 0.007211538461538462 0.058333333333333334
0 0.36923076923076925 0.2171875 0.028846153846153848 0.03229166666666667
0 0.39471153846153845 0.8958333333333334 0.022596153846153846 0.027083333333333334
0 0.3816105769230769 0.50703125 0.019951923076923075 0.0390625
0 0.4966346153846154 0.06744791666666666 0.02548076923076923 0.019270833333333334
0 0.4685096153846154 0.18020833333333333 0.014423076923076924 0.04791666666666667
0 0.2770432692307692 0.24296875 0.014663461538461538 0.04739583333333333
0 0.5592548076923077 0.8705729166666667 0.018990384615384614 0.025520833333333333
0 0.5710336538461539 0.3546875 0.0069711538461538465 0.04375
0 0.3897836538461538 0.76953125 0.02956730769230769 0.024479166666666666
0 0.5491586538461538 0.67265625 0.018028846153846152 0.0421875
0 0.33822115384615387 0.7283854166666667 0.007211538461538462 0.06197916666666667
0 0.5774038461538461 0.78203125 0.027403846153846154 0.019270833333333334
0 0.5631009615384616 0.7140625 0.02283653846153846 0.021875
0 0.32019230769230766 0.38307291666666665 0.016346153846153847 0.03802083333333333
0 0.4717548076923077 0.484375 0.02716346153846154 0.016666666666666666
0 0.6205528846153846 0.33515625 0.020432692307692308 0.030729166666666665
0 0.5764423076923076 0.61328125 0.01875 0.034895833333333334
0 0.4699519230769231 0.24453125 0.019230769230769232 0.0390625
0 0.3921875 0.809375 0.020432692307692308 0.026041666666666668
0 0.5269230769230769 0.8796875 0.025961538461538463 0.023958333333333335
0 0.5591346153846154 0.18203125 0.007692307692307693 0.05260416666666667
0 0.6775240384615384 0.39817708333333335 0.012259615384615384 0.03177083333333333
0 0.34146634615384613 0.24453125 0.010817307692307692 0.044270833333333336
0 0.5159855769230769 0.5015625 0.023317307692307693 0.035416666666666666
0 0.4733173076923077 0.5479166666666667 0.020192307692307693 0.027083333333333334
0 0.5634615384615385 0.2708333333333333 0.02548076923076923 0.020833333333333332
0 0.43485576923076924 0.47630208333333335 0.026923076923076925 0.024479166666666666
0 0.5405048076923077 0.4205729166666667 0.02283653846153846 0.0171875
0 0.3652644230769231 0.3497395833333333 0.011778846153846154 0.04010416666666667
0 0.3903846153846154 0.6940104166666666 0.023557692307692307 0.025520833333333333
0 0.35673076923076924 0.8888020833333333 0.02451923076923077 0.016145833333333335
0 0.5632211538461539 0.45208333333333334 0.023557692307692307 0.026041666666666668
0 0.41670673076923076 0.7544270833333333 0.020913461538461537 0.0140625
0 0.6592548076923077 0.63359375 0.008413461538461538 0.0578125
0 0.48533653846153846 0.34609375 0.01730769230769231 0.0265625
0 0.5243990384615385 0.19609375 0.006490384615384616 0.04635416666666667
0 0.4542067307692308 0.45 0.025240384615384616 0.022916666666666665
0 0.573076923076923 0.04973958333333333 0.019230769230769232 0.034895833333333334
0 0.44495192307692305 0.4244791666666667 0.010096153846153847 0.03125
0 0.6739182692307693 0.6825520833333333 0.007932692307692307 0.05677083333333333
0 0.4043269230769231 0.6114583333333333 0.007692307692307693 0.04583333333333333
0 0.4098557692307692 0.6692708333333334 0.020673076923076922 0.015625
0 0.5729567307692308 0.5325520833333334 0.007451923076923077 0.05572916666666667
0 0.31850961538461536 0.2421875 0.010576923076923078 0.04583333333333333
0 0.5356971153846154 0.0734375 0.00985576923076923 0.04479166666666667
0 0.5481971153846154 0.5703125 0.03485576923076923 0.05
0 0.47091346153846153 0.32317708333333334 0.008173076923076924 0.0421875
0 0.6782451923076923 0.60390625 0.01658653846153846 0.027604166666666666
0 0.5072115384615384 0.22838541666666667 0.020673076923076922 0.027604166666666666
0 0.41634615384615387 0.35442708333333334 0.010096153846153847 0.0296875
0 0.6292067307692307 0.26328125 0.03485576923076923 0.04114583333333333
0 0.5115384615384615 0.3580729166666667 0.020673076923076922 0.033854166666666664
0 0.5076923076923077 0.5536458333333333 0.02548076923076923 0.022916666666666665
0 0.6330528846153847 0.17473958333333334 0.023317307692307693 0.015104166666666667
0 0.3935096153846154 0.3450520833333333 0.0125 0.03697916666666667
0 0.6574519230769231 0.33203125 0.014903846153846155 0.050520833333333334
0 0.5317307692307692 0.5263020833333333 0.026923076923076925 0.0140625
0 0.3252403846153846 0.10338541666666666 0.021153846153846155 0.015104166666666667
0 0.30036057692307694 0.7822916666666667 0.025240384615384616 0.041666666666666664
0 0.49278846153846156 0.3921875 0.015865384615384615 0.040625
0 0.4533653846153846 0.25078125 0.01875 0.05677083333333333
0 0.28810096153846154 0.49609375 0.01610576923076923 0.0359375
0 0.6532451923076923 0.07109375 0.011778846153846154 0.0359375
0 0.5097355769230769 0.6416666666666667 0.014182692307692308 0.040625
0 0.4854567307692308 0.14583333333333334 0.021875 0.021875
0 0.590985576923077 0.5104166666666666 0.008894230769230769 0.04479166666666667
0 0.5330528846153846 0.28671875 0.007932692307692307 0.0421875
0 0.33810096153846153 0.4283854166666667 0.007451923076923077 0.027604166666666666
0 0.4516826923076923 0.5796875 0.01730769230769231 0.035416666666666666
0 0.5614182692307692 0.571875 0.008413461538461538 0.05416666666666667
0 0.2703125 0.46588541666666666 0.013221153846153846 0.0359375
0 0.33040865384615387 0.8489583333333334 0.015625 0.046875
0 0.2745192307692308 0.39765625 0.008653846153846154 0.05260416666666667
0 0.47247596153846155 0.37135416666666665 0.018028846153846152 0.015625
0 0.48641826923076925 0.9127604166666666 0.02139423076923077 0.033854166666666664
0 0.5990384615384615 0.21796875 0.02548076923076923 0.03177083333333333
0 0.5323317307692308 0.34479166666666666 0.017548076923076923 0.040625
0 0.5569711538461538 0.24088541666666666 0.021634615384615384 0.0171875
0 0.5431490384615385 0.21953125 0.011298076923076923 0.033854166666666664
0 0.44795673076923076 0.25546875 0.008413461538461538 0.0484375
0 0.2841346153846154 0.29270833333333335 0.01826923076923077 0.019791666666666666
0 0.6195913461538461 0.22838541666666667 0.019471153846153846 0.0171875
0 0.36033653846153846 0.8158854166666667 0.02451923076923077 0.021354166666666667
0 0.6030048076923077 0.5955729166666667 0.025721153846153845 0.0171875
0 0.44603365384615384 0.9135416666666667 0.019951923076923075 0.05520833333333333
0 0.5473557692307692 0.35390625 0.01826923076923077 0.04114583333333333
0 0.6165865384615384 0.6455729166666667 0.01201923076923077 0.022395833333333334
0 0.4480769230769231 0.6294270833333333 0.012980769230769231 0.0390625
0 0.6581730769230769 0.14817708333333332 0.01826923076923077 0.043229166666666666
0 0.5983173076923077 0.09166666666666666 0.015865384615384615 0.03229166666666667
0 0.3680288461538462 0.1828125 0.008173076923076924 0.05
0 0.5243990384615385 0.7734375 0.023798076923076922 0.015625
0 0.5037259615384615 0.4471354166666667 0.013701923076923077 0.05260416666666667
0 0.5391826923076923 0.8018229166666667 0.010576923076923078 0.049479166666666664
0 0.3264423076923077 0.20260416666666667 0.01826923076923077 0.021875
0 0.5883413461538461 0.12395833333333334 0.007451923076923077 0.04479166666666667
0 0.6099759615384616 0.4518229166666667 0.01658653846153846 0.0390625
0 0.39266826923076925 0.07604166666666666 0.018990384615384614 0.015625
0 0.5052884615384615 0.4875 0.025 0.015625
0 0.6045673076923077 0.2546875 0.020192307692307693 0.028125
0 0.5155048076923077 0.4348958333333333 0.019471153846153846 0.03333333333333333
0 0.6923076923076923 0.6864583333333333 0.009615384615384616 0.06666666666666667
0 0.4519230769230769 0.013020833333333334 0.01875 0.0125
0 0.4207932692307692 0.018229166666666668 0.02235576923076923 0.0125
0 0.6324519230769231 0.6354166666666666 0.007211538461538462 0.05416666666666667
0 0.5104567307692308 0.5880208333333333 0.021875 0.0375
0 0.5484375 0.023958333333333335 0.018509615384615385 0.027083333333333334
0 0.6159855769230769 0.15078125 0.01610576923076923 0.0203125
0 0.4268028846153846 0.5848958333333333 0.02235576923076923 0.029166666666666667
0 0.6852163461538462 0.46927083333333336 0.018028846153846152 0.06979166666666667
0 0.3426682692307692 0.07838541666666667 0.013221153846153846 0.0296875
0 0.5306490384615384 0.39427083333333335 0.007451923076923077 0.01875
0 0.5835336538461539 0.5763020833333333 0.006009615384615385 0.04114583333333333
0 0.28918269230769234 0.47994791666666664 0.016346153846153847 0.059895833333333336
0 0.2820913461538462 0.803125 0.0069711538461538465 0.046875
0 0.6262019230769231 0.6854166666666667 0.020673076923076922 0.013541666666666667
0 0.63125 0.046875 0.014423076923076924 0.017708333333333333
0 0.6155048076923076 0.1890625 0.011778846153846154 0.04791666666666667
0 0.32295673076923076 0.72578125 0.012259615384615384 0.0234375
0 0.5290865384615384 0.9442708333333333 0.023076923076923078 0.0125
0 0.6834134615384615 0.7549479166666667 0.008173076923076924 0.0546875
0 0.3038461538461538 0.75234375 0.014903846153846155 0.0328125
0 0.5917067307692307 0.06979166666666667 0.01514423076923077 0.014583333333333334
0 0.6105769230769231 0.7591145833333334 0.011057692307692308 0.04010416666666667
0 0.5430288461538462 0.5794270833333334 0.02451923076923077 0.030729166666666665
0 0.609375 0.425 0.016826923076923076 0.026041666666666668
0 0.3401442307692308 0.91953125 0.01971153846153846 0.034895833333333334
0 0.4774038461538462 0.6028645833333334 0.01826923076923077 0.04114583333333333
0 0.2542067307692308 0.7859375 0.011778846153846154 0.022916666666666665
0 0.6941105769230769 0.58828125 0.013701923076923077 0.0453125
0 0.28353365384615387 0.11744791666666667 0.0069711538461538465 0.0484375
0 0.2586538461538462 0.7505208333333333 0.016346153846153847 0.03125
0 0.27548076923076925 0.575 0.015865384615384615 0.04375
0 0.6204326923076923 0.6348958333333333 0.03125 0.052083333333333336
0 0.5972355769230769 0.22578125 0.021875 0.016145833333333335
0 0.32776442307692305 0.33177083333333335 0.0069711538461538465 0.015625
0 0.6006009615384615 0.92109375 0.019471153846153846 0.03697916666666667
0 0.47872596153846153 0.4434895833333333 0.017548076923076923 0.0328125
0 0.28161057692307695 0.3268229166666667 0.008894230769230769 0.04739583333333333
0 0.3426682692307692 0.8278645833333333 0.007451923076923077 0.044270833333333336
0 0.25408653846153845 0.24869791666666666 0.010576923076923078 0.0421875
0 0.32259615384615387 0.07942708333333333 0.027403846153846154 0.0265625
0 0.5426682692307693 0.6322916666666667 0.0069711538461538465 0.05
0 0.5780048076923077 0.9356770833333333 0.019471153846153846 0.021354166666666667
0 0.2592548076923077 0.49375 0.00985576923076923 0.020833333333333332
0 0.4659855769230769 0.9466145833333334 0.030528846153846153 0.022395833333333334
0 0.3079326923076923 0.15807291666666667 0.006730769230769231 0.04010416666666667
0 0.5935096153846153 0.4861979166666667 0.014903846153846155 0.022395833333333334
0 0.6835336538461538 0.87890625 0.008894230769230769 0.0515625
0 0.39855769230769234 0.10364583333333334 0.014903846153846155 0.014583333333333334
0 0.6179086538461539 0.6252604166666667 0.026201923076923078 0.021354166666666667
0 0.2689903846153846 0.36041666666666666 0.007692307692307693 0.03333333333333333
0 0.2882211538461538 0.7083333333333334 0.023076923076923078 0.0375
0 0.36165865384615387 0.09244791666666667 0.018028846153846152 0.03697916666666667
0 0.5271634615384615 0.6885416666666667 0.007211538461538462 0.030208333333333334
0 0.4112980769230769 0.5791666666666667 0.015865384615384615 0.025
0 0.5288461538461539 0.79609375 0.03317307692307692 0.0609375
0 0.5066105769230769 0.6119791666666666 0.015625 0.030208333333333334
0 0.3088942307692308 0.6966145833333334 0.014423076923076924 0.0328125
0 0.6288461538461538 0.68515625 0.025961538461538463 0.04114583333333333
0 0.6390625 0.6848958333333334 0.006490384615384616 0.042708333333333334
0 0.45721153846153845 0.025520833333333333 0.01971153846153846 0.011458333333333333
0 0.5980769230769231 0.8380208333333333 0.01826923076923077 0.020833333333333332
0 0.6700721153846154 0.184375 0.006009615384615385 0.03854166666666667
0 0.6183894230769231 0.39166666666666666 0.006490384615384616 0.03854166666666667
0 0.6036057692307693 0.48463541666666665 0.010096153846153847 0.021354166666666667
0 0.33052884615384615 0.9489583333333333 0.028846153846153848 0.027083333333333334
0 0.4757211538461538 0.9143229166666667 0.04326923076923077 0.03697916666666667
0 0.5895432692307693 0.9231770833333334 0.01610576923076923 0.0484375
0 0.2575721153846154 0.6942708333333333 0.0069711538461538465 0.04479166666666667
0 0.6674278846153846 0.540625 0.020432692307692308 0.03333333333333333
0 0.6907451923076923 0.88125 0.02235576923076923 0.053125
0 0.6878605769230769 0.35078125 0.0069711538461538465 0.044270833333333336
0 0.6080528846153846 0.48098958333333336 0.017548076923076923 0.027604166666666666
0 0.6329326923076923 0.13541666666666666 0.015384615384615385 0.03854166666666667
0 0.4243990384615385 0.9072916666666667 0.009375 0.03333333333333333
0 0.6385817307692307 0.5619791666666667 0.013701923076923077 0.03854166666666667
0 0.5527644230769231 0.22630208333333332 0.030528846153846153 0.04739583333333333
0 0.6542067307692307 0.5432291666666667 0.04639423076923077 0.07708333333333334
0 0.2623798076923077 0.30703125 0.02139423076923077 0.033854166666666664
0 0.25997596153846153 0.9263020833333333 0.018028846153846152 0.0234375
0 0.45372596153846156 0.0171875 0.025721153846153845 0.020833333333333332
0 0.27163461538461536 0.17057291666666666 0.008173076923076924 0.04739583333333333
0 0.6112980769230769 0.4046875 0.020673076923076922 0.06458333333333334
0 0.6396634615384615 0.928125 0.013942307692307693 0.020833333333333332
0 0.29314903846153845 0.9513020833333333 0.026682692307692307 0.03177083333333333
0 0.2671875 0.1765625 0.01610576923076923 0.0375
0 0.6973557692307693 0.8127604166666667 0.014423076923076924 0.04635416666666667
0 0.6680288461538462 0.87265625 0.01201923076923077 0.0421875
0 0.6834134615384615 0.8138020833333334 0.013461538461538462 0.04635416666666667
0 0.6326923076923077 0.32760416666666664 0.01971153846153846 0.014583333333333334
0 0.6557692307692308 0.5807291666666666 0.006730769230769231 0.04583333333333333
0 0.3217548076923077 0.9309895833333334 0.024278846153846154 0.0515625
0 0.2721153846153846 0.8369791666666667 0.009615384615384616 0.03958333333333333
0 0.46129807692307695 0.9020833333333333 0.015865384615384615 0.015625
0 0.26382211538461536 0.8919270833333334 0.024278846153846154 0.025520833333333333
0 0.3137019230769231 0.20807291666666666 0.006730769230769231 0.044270833333333336
0 0.6605769230769231 0.7924479166666667 0.015384615384615385 0.05364583333333333
0 0.6411057692307692 0.92109375 0.016826923076923076 0.034895833333333334
0 0.37463942307692305 0.04088541666666667 0.019471153846153846 0.019270833333333334
0 0.6717548076923077 0.5190104166666667 0.011778846153846154 0.04010416666666667
0 0.2640625 0.6421875 0.029086538461538462 0.04895833333333333
0 0.31598557692307694 0.7111979166666667 0.026682692307692307 0.05364583333333333
0 0.6868990384615384 0.8994791666666667 0.031009615384615385 0.08958333333333333
0 0.4855769230769231 0.9880208333333333 0.020673076923076922 0.015625
0 0.6777644230769231 0.21484375 0.014663461538461538 0.059895833333333336
0 0.598798076923077 0.9794270833333333 0.023076923076923078 0.033854166666666664
0 0.6776442307692307 0.3138020833333333 0.006730769230769231 0.043229166666666666
0 0.5177884615384616 0.37213541666666666 0.03365384615384615 0.06197916666666667
0 0.25600961538461536 0.6536458333333334 0.012980769230769231 0.026041666666666668
0 0.40973557692307694 0.9205729166666666 0.020432692307692308 0.013020833333333334
0 0.44314903846153847 0.9872395833333333 0.012259615384615384 0.0234375
0 0.29338942307692306 0.06875 0.020432692307692308 0.03958333333333333
0 0.46081730769230766 0.6098958333333333 0.01730769230769231 0.017708333333333333
0 0.6963942307692308 0.7565104166666666 0.006730769230769231 0.04010416666666667
0 0.6766826923076923 0.23046875 0.013461538461538462 0.03177083333333333
0 0.5903846153846154 0.83984375 0.007211538461538462 0.0578125
0 0.6414663461538461 0.54609375 0.019951923076923075 0.0703125
0 0.6628605769230769 0.12994791666666666 0.027644230769230768 0.0828125
0 0.646875 0.5348958333333333 0.008173076923076924 0.052083333333333336
0 0.27307692307692305 0.6 0.007211538461538462 0.04375
0 0.27572115384615387 0.9330729166666667 0.023076923076923078 0.050520833333333334
0 0.2592548076923077 0.5075520833333333 0.00985576923076923 0.04739583333333333
0 0.6262019230769231 0.03671875 0.02548076923076923 0.03802083333333333
0 0.6882211538461539 0.45807291666666666 0.010576923076923078 0.04739583333333333
0 0.4954326923076923 0.6020833333333333 0.014423076923076924 0.03333333333333333
0 0.36935096153846153 0.19609375 0.029086538461538462 0.0765625
0 0.6390625 0.8703125 0.015625 0.057291666666666664
0 0.6788461538461539 0.4825520833333333 0.00625 0.044270833333333336
0 0.3231971153846154 0.20598958333333334 0.024278846153846154 0.04114583333333333
0 0.6569711538461539 0.2515625 0.01730769230769231 0.023958333333333335
0 0.3764423076923077 0.06901041666666667 0.022596153846153846 0.0140625
0 0.2782451923076923 0.05963541666666667 0.02283653846153846 0.033854166666666664
0 0.5009615384615385 0.6059895833333333 0.02548076923076923 0.03802083333333333
0 0.6710336538461539 0.8247395833333333 0.012740384615384615 0.0640625
0 0.3233173076923077 0.22604166666666667 0.02451923076923077 0.07916666666666666
0 0.4623798076923077 0.9848958333333333 0.01610576923076923 0.014583333333333334
0 0.30072115384615383 0.9528645833333333 0.011538461538461539 0.028645833333333332
0 0.30288461538461536 0.7041666666666667 0.007692307692307693 0.03854166666666667
0 0.6411057692307692 0.01171875 0.03221153846153846 0.0234375
0 0.45540865384615387 0.625 0.02860576923076923 0.04791666666666667
0 0.4561298076923077 0.19635416666666666 0.010817307692307692 0.013541666666666667
0 0.2762019230769231 0.81796875 0.01826923076923077 0.07760416666666667
0 0.5932692307692308 0.5033854166666667 0.014423076923076924 0.05677083333333333
0 0.5956730769230769 0.11067708333333333 0.021634615384615384 0.07135416666666666
0 0.2701923076923077 0.63671875 0.014903846153846155 0.03697916666666667
0 0.5485576923076924 0.65078125 0.01971153846153846 0.08697916666666666
0 0.2770432692307692 0.09453125 0.011778846153846154 0.0359375
0 0.6205528846153846 0.9221354166666667 0.028125 0.0421875
0 0.6519230769230769 0.98359375 0.03653846153846154 0.03177083333333333
0 0.5079326923076923 0.62890625 0.017788461538461538 0.06302083333333333
0 0.6788461538461539 0.9234375 0.014903846153846155 0.015625
0 0.3504807692307692 0.24557291666666667 0.029326923076923077 0.04739583333333333
0 0.6256009615384616 0.8856770833333333 0.020432692307692308 0.0171875
0 0.4149038461538462 0.98984375 0.03125 0.019270833333333334
0 0.6432692307692308 0.8598958333333333 0.007211538461538462 0.036458333333333336
0 0.63125 0.86953125 0.03125 0.05572916666666667
0 0.475 0.9859375 0.041826923076923074 0.021875
0 0.6705528846153846 0.10286458333333333 0.013221153846153846 0.0296875
0 0.6896634615384616 0.9260416666666667 0.012980769230769231 0.036458333333333336
0 0.5972355769230769 0.8294270833333334 0.019951923076923075 0.03802083333333333
0 0.3347355769230769 0.017708333333333333 0.02860576923076923 0.026041666666666668
0 0.6348557692307693 0.09453125 0.03221153846153846 0.05260416666666667
0 0.27271634615384616 0.38385416666666666 0.014182692307692308 0.08020833333333334
0 0.5402644230769231 0.35052083333333334 0.03245192307692308 0.051041666666666666
0 0.6037259615384616 0.21171875 0.01610576923076923 0.019270833333333334
0 0.5737980769230769 0.9283854166666666 0.028846153846153848 0.03802083333333333
0 0.5772836538461539 0.96953125 0.020432692307692308 0.0171875
0 0.25769230769230766 0.7661458333333333 0.01875 0.06458333333333334
0 0.29627403846153844 0.7010416666666667 0.03918269230769231 0.05520833333333333
0 0.6479567307692308 0.41640625 0.00985576923076923 0.0390625
0 0.5111778846153846 0.44557291666666665 0.028125 0.05572916666666667
0 0.29639423076923077 0.7078125 0.016826923076923076 0.0375
0 0.46478365384615383 0.92265625 0.02139423076923077 0.018229166666666668
0 0.5302884615384615 0.38385416666666666 0.010096153846153847 0.03958333333333333
0 0.42872596153846154 0.6270833333333333 0.02283653846153846 0.034375
0 0.6242788461538461 0.09322916666666667 0.01201923076923077 0.051041666666666666
0 0.5341346153846154 0.45625 0.016346153846153847 0.020833333333333332
0 0.28701923076923075 0.5778645833333333 0.006730769230769231 0.06197916666666667
0 0.6114182692307693 0.5541666666666667 0.007932692307692307 0.03958333333333333