0 0.2923076923076923 0.496875 0.013461538461538462 0.057291666666666664
0 0.3313701923076923 0.46901041666666665 0.018028846153846152 0.04739583333333333
0 0.40384615384615385 0.14453125 0.013461538461538462 0.0390625
0 0.28185096153846156 0.22447916666666667 0.020913461538461537 0.041666666666666664
0 0.31814903846153847 0.14921875 0.013701923076923077 0.04114583333333333
0 0.27752403846153845 0.7565104166666666 0.023317307692307693 0.033854166666666664
0 0.26742788461538464 0.49244791666666665 0.01610576923076923 0.04739583333333333
0 0.4765625 0.63671875 0.02956730769230769 0.06197916666666667
0 0.26622596153846156 0.35989583333333336 0.013221153846153846 0.03958333333333333
0 0.6 0.4010416666666667 0.013942307692307693 0.04583333333333333
0 0.49002403846153847 0.5442708333333334 0.017548076923076923 0.04479166666666667
0 0.4875 0.684375 0.015384615384615385 0.042708333333333334
0 0.32211538461538464 0.5736979166666667 0.011538461538461539 0.0703125
0 0.42896634615384616 0.12734375 0.018990384615384614 0.0203125
0 0.49447115384615387 0.7640625 0.027884615384615386 0.029166666666666667
0 0.35420673076923076 0.5893229166666667 0.014182692307692308 0.0421875
0 0.4578125 0.16015625 0.017548076923076923 0.018229166666666668
0 0.31262019230769234 0.8778645833333333 0.02283653846153846 0.03802083333333333
0 0.44903846153846155 0.91875 0.016346153846153847 0.03125
0 0.38461538461538464 0.8080729166666667 0.021153846153846155 0.04010416666666667
0 0.5784855769230769 0.5786458333333333 0.019471153846153846 0.035416666666666666
0 0.31177884615384616 0.41796875 0.023076923076923078 0.0203125
0 0.3027644230769231 0.21484375 0.00985576923076923 0.04739583333333333
0 0.24903846153846154 0.7981770833333334 0.021634615384615384 0.04114583333333333
0 0.6201923076923077 0.546875 0.014423076923076924 0.05625
0 0.3965144230769231 0.62265625 0.017548076923076923 0.05364583333333333
0 0.3298076923076923 0.3125 0.02980769230769231 0.030208333333333334
0 0.4227163461538462 0.47708333333333336 0.011298076923076923 0.042708333333333334
0 0.3311298076923077 0.20104166666666667 0.028125 0.06041666666666667
0 0.3959134615384615 0.86171875 0.023557692307692307 0.03802083333333333
0 0.5612980769230769 0.3111979166666667 0.02403846153846154 0.04739583333333333
0 0.41802884615384617 0.8114583333333333 0.02451923076923077 0.016666666666666666
0 0.45108173076923075 0.26458333333333334 0.020432692307692308 0.046875
0 0.40060096153846153 0.4640625 0.015625 0.041666666666666664
0 0.30036057692307694 0.6869791666666667 0.02716346153846154 0.07083333333333333
0 0.33774038461538464 0.6380208333333334 0.022596153846153846 0.013541666666666667
0 0.35673076923076924 0.23151041666666666 0.016346153846153847 0.03697916666666667
0 0.4951923076923077 0.14765625 0.019230769230769232 0.0234375
0 0.2985576923076923 0.5578125 0.013942307692307693 0.03125
0 0.38858173076923075 0.41328125 0.021875 0.027604166666666666
0 0.43930288461538464 0.5557291666666667 0.020913461538461537 0.023958333333333335
0 0.41346153846153844 0.36171875 0.01730769230769231 0.0296875
0 0.6069711538461539 0.8549479166666667 0.01971153846153846 0.0546875
0 0.36959134615384615 0.19270833333333334 0.027644230769230768 0.019791666666666666
0 0.5822115384615385 0.20104166666666667 0.04375 0.03333333333333333
0 0.3272836538461538 0.23880208333333333 0.018990384615384614 0.043229166666666666
0 0.27740384615384617 0.17057291666666666 0.020673076923076922 0.049479166666666664
0 0.47283653846153845 0.5927083333333333 0.007211538461538462 0.05520833333333333
0 0.546875 0.715625 0.020192307692307693 0.015625
0 0.5131009615384615 0.5703125 0.008894230769230769 0.05416666666666667
0 0.6310096153846154 0.4359375 0.02403846153846154 0.04583333333333333
0 0.2597355769230769 0.6859375 0.007451923076923077 0.058333333333333334
0 0.3088942307692308 0.2747395833333333 0.020192307692307693 0.0203125
0 0.2780048076923077 0.6825520833333333 0.01658653846153846 0.0609375
0 0.6195913461538461 0.24453125 0.013701923076923077 0.027604166666666666
0 0.3082932692307692 0.9276041666666667 0.027644230769230768 0.027083333333333334
0 0.5469951923076923 0.43020833333333336 0.008894230769230769 0.051041666666666666
0 0.34891826923076924 0.37473958333333335 0.025240384615384616 0.0203125
0 0.33185096153846155 0.7578125 0.024278846153846154 0.026041666666666668
0 0.5824519230769231 0.7268229166666667 0.025961538461538463 0.05572916666666667
0 0.6073317307692307 0.31953125 0.00985576923076923 0.03802083333333333
0 0.5311298076923077 0.22135416666666666 0.018028846153846152 0.020833333333333332
0 0.47860576923076925 0.7997395833333333 0.023076923076923078 0.018229166666666668
0 0.2692307692307692 0.59765625 0.01875 0.058854166666666666
0 0.520673076923077 0.20104166666666667 0.011057692307692308 0.041666666666666664
0 0.38858173076923075 0.5640625 0.018509615384615385 0.014583333333333334
0 0.5384615384615384 0.33255208333333336 0.005288461538461539 0.0328125
0 0.5501201923076923 0.8239583333333333 0.01658653846153846 0.036458333333333336
0 0.3001201923076923 0.790625 0.008413461538461538 0.06145833333333333
0 0.45853365384615385 0.40130208333333334 0.018990384615384614 0.0203125
0 0.4673076923076923 0.7526041666666666 0.008173076923076924 0.058333333333333334
0 0.5477163461538461 0.7791666666666667 0.01658653846153846 0.026041666666666668
0 0.240625 0.6815104166666667 0.015865384615384615 0.04739583333333333
0 0.5795673076923077 0.11692708333333333 0.026442307692307692 0.0203125
0 0.41418269230769234 0.5479166666666667 0.008653846153846154 0.046875
0 0.375 0.28463541666666664 0.01201923076923077 0.021354166666666667
0 0.2956730769230769 0.36744791666666665 0.010576923076923078 0.04114583333333333
0 0.5510817307692307 0.67734375 0.020432692307692308 0.03697916666666667
0 0.5969951923076923 0.5317708333333333 0.014182692307692308 0.027083333333333334
0 0.5846153846153846 0.64140625 0.007692307692307693 0.05677083333333333
0 0.29134615384615387 0.2942708333333333 0.008653846153846154 0.04895833333333333
0 0.3688701923076923 0.76796875 0.0069711538461538465 0.0453125
0 0.6014423076923077 0.07994791666666666 0.03028846153846154 0.04114583333333333
0 0.5599759615384615 0.41432291666666665 0.007451923076923077 0.05260416666666667
0 0.3752403846153846 0.45 0.020673076923076922 0.05
0 0.403125 0.6981770833333333 0.016826923076923076 0.04739583333333333
0 0.5121394230769231 0.32838541666666665 0.006009615384615385 0.0453125
0 0.34435096153846156 0.9388020833333334 0.0069711538461538465 0.058854166666666666
0 0.5701923076923077 0.9263020833333333 0.021634615384615384 0.025520833333333333
0 0.43016826923076923 0.33046875 0.020432692307692308 0.022395833333333334
0 0.5795673076923077 0.5296875 0.013461538461538462 0.036458333333333336
0 0.3763221153846154 0.6463541666666667 0.026201923076923078 0.07708333333333334
0 0.36177884615384615 0.7028645833333333 0.011057692307692308 0.06614583333333333
0 0.6286057692307693 0.709375 0.011538461538461539 0.051041666666666666
0 0.41057692307692306 0.8848958333333333 0.015384615384615385 0.06145833333333333
0 0.5391826923076923 0.5309895833333333 0.01875 0.021354166666666667
0 0.49987980769230766 0.32109375 0.0069711538461538465 0.03802083333333333
0 0.42427884615384615 0.5981770833333333 0.00625 0.04739583333333333
0 0.4400240384615385 0.8611979166666667 0.024759615384615383 0.024479166666666666
0 0.3655048076923077 0.48671875 0.020913461538461537 0.027604166666666666
0 0.580889423076923 0.14583333333333334 0.019951923076923075 0.017708333333333333
0 0.5290865384615384 0.5890625 0.0125 0.036458333333333336
0 0.45048076923076924 0.3484375 0.009134615384615385 0.03229166666666667
0 0.4763221153846154 0.9395833333333333 0.014663461538461538 0.04479166666666667
0 0.34939903846153847 0.48359375 0.005528846153846154 0.04739583333333333
0 0.4465144230769231 0.6854166666666667 0.02283653846153846 0.065625
0 0.33185096153846155 0.9213541666666667 0.007451923076923077 0.051041666666666666
0 0.6180288461538461 0.6278645833333333 0.007692307692307693 0.05260416666666667
0 0.43064903846153846 0.34817708333333336 0.019951923076923075 0.0390625
0 0.3268028846153846 0.790625 0.012740384615384615 0.046875
0 0.4841346153846154 0.4114583333333333 0.017788461538461538 0.015625
0 0.2985576923076923 0.87734375 0.01201923076923077 0.04739583333333333
0 0.5530048076923076 0.24114583333333334 0.02139423076923077 0.028125
0 0.2747596153846154 0.9619791666666667 0.025 0.019791666666666666
0 0.5307692307692308 0.13229166666666667 0.01201923076923077 0.035416666666666666
0 0.5163461538461539 0.17447916666666666 0.019230769230769232 0.011458333333333333
0 0.24375 0.6239583333333333 0.016826923076923076 0.040625
0 0.46129807692307695 0.4635416666666667 0.017788461538461538 0.034375
0 0.25396634615384617 0.5122395833333333 0.02283653846153846 0.0234375
0 0.24771634615384616 0.46901041666666665 0.007932692307692307 0.043229166666666666
0 0.5235576923076923 0.6348958333333333 0.012980769230769231 0.041666666666666664
0 0.4731971153846154 0.3671875 0.026682692307692307 0.023958333333333335
0 0.528125 0.10911458333333333 0.03173076923076923 0.033854166666666664
0 0.50625 0.70546875 0.01971153846153846 0.030729166666666665
0 0.6042067307692308 0.6486979166666667 0.00985576923076923 0.0390625
0 0.35757211538461536 0.33046875 0.011298076923076923 0.0265625
0 0.5361778846153846 0.6541666666666667 0.011778846153846154 0.03229166666666667
0 0.48509615384615384 0.5059895833333333 0.015865384615384615 0.049479166666666664
0 0.41670673076923076 0.68984375 0.013701923076923077 0.025520833333333333
0 0.49963942307692305 0.9268229166666667 0.029086538461538462 0.04010416666666667
0 0.5686298076923076 0.5403645833333334 0.007451923076923077 0.049479166666666664
0 0.6401442307692308 0.67265625 0.007692307692307693 0.05364583333333333
0 0.5748798076923077 0.2552083333333333 0.023798076923076922 0.042708333333333334
0 0.27908653846153847 0.13463541666666667 0.006730769230769231 0.0453125
0 0.2405048076923077 0.46484375 0.02139423076923077 0.050520833333333334
0 0.5634615384615385 0.87890625 0.01971153846153846 0.0171875
0 0.6453125 0.20755208333333333 0.020432692307692308 0.0546875
0 0.42091346153846154 0.8544270833333333 0.016346153846153847 0.04635416666666667
0 0.6219951923076923 0.4361979166666667 0.0069711538461538465 0.04635416666666667
0 0.5840144230769231 0.3609375 0.012259615384615384 0.023958333333333335
0 0.5640625 0.6765625 0.021875 0.028125
0 0.4366586538461538 0.8888020833333333 0.024278846153846154 0.0140625
0 0.44483173076923077 0.3104166666666667 0.013221153846153846 0.04375
0 0.27079326923076924 0.09505208333333333 0.01514423076923077 0.027604166666666666
0 0.26802884615384615 0.80078125 0.009134615384615385 0.04114583333333333
0 0.5039663461538462 0.4197916666666667 0.0069711538461538465 0.01875
0 0.6330528846153847 0.3932291666666667 0.042067307692307696 0.06145833333333333
0 0.4216346153846154 0.94375 0.00625 0.04479166666666667
0 0.2706730769230769 0.8640625 0.013942307692307693 0.05625
0 0.6405048076923077 0.5533854166666666 0.014182692307692308 0.04739583333333333
0 0.2647836538461538 0.8265625 0.019471153846153846 0.025
0 0.6216346153846154 0.08385416666666666 0.007692307692307693 0.04479166666666667
0 0.5657451923076923 0.775 0.018028846153846152 0.03854166666666667
0 0.5960336538461538 0.24192708333333332 0.018028846153846152 0.0265625
0 0.6447115384615385 0.8841145833333334 0.022596153846153846 0.03177083333333333
0 0.2536057692307692 0.9026041666666667 0.028365384615384615 0.017708333333333333
0 0.30841346153846155 0.9703125 0.01971153846153846 0.013541666666666667
0 0.6033653846153846 0.7065104166666667 0.011538461538461539 0.049479166666666664
0 0.2776442307692308 0.8557291666666667 0.027884615384615386 0.07083333333333333
0 0.23052884615384617 0.6252604166666667 0.009615384615384616 0.0421875
0 0.6361778846153846 0.17682291666666666 0.017548076923076923 0.044270833333333336
0 0.27355769230769234 0.68515625 0.008173076923076924 0.04635416666666667
0 0.4907451923076923 0.34453125 0.008894230769230769 0.027604166666666666
0 0.23701923076923076 0.4544270833333333 0.013942307692307693 0.028645833333333332
0 0.6228365384615384 0.1296875 0.014423076923076924 0.051041666666666666
0 0.5594951923076923 0.0953125 0.014182692307692308 0.013541666666666667
0 0.24783653846153847 0.8770833333333333 0.026442307692307692 0.025
0 0.365625 0.34453125 0.027403846153846154 0.0546875
0 0.5814903846153846 0.2513020833333333 0.013942307692307693 0.043229166666666666
0 0.4411057692307692 0.6752604166666667 0.010576923076923078 0.04635416666666667
0 0.5454326923076923 0.8986979166666667 0.013942307692307693 0.05364583333333333
0 0.446875 0.7013020833333333 0.021634615384615384 0.0328125
0 0.31009615384615385 0.6716145833333333 0.007211538461538462 0.04010416666666667
0 0.6251201923076923 0.16223958333333333 0.008413461538461538 0.0390625
0 0.3170673076923077 0.09453125 0.023557692307692307 0.0453125
0 0.5173076923076924 0.9109375 0.019230769230769232 0.03854166666666667
0 0.5554086538461539 0.5161458333333333 0.02860576923076923 0.09583333333333334
0 0.3875 0.061197916666666664 0.01826923076923077 0.0234375
0 0.5159855769230769 0.8260416666666667 0.019951923076923075 0.052083333333333336
0 0.6087740384615384 0.7546875 0.006490384615384616 0.046875
0 0.5632211538461539 0.49505208333333334 0.0125 0.05260416666666667
0 0.5697115384615384 0.3299479166666667 0.041346153846153845 0.0859375
0 0.39627403846153847 0.921875 0.010817307692307692 0.03229166666666667
0 0.4768028846153846 0.47994791666666664 0.01658653846153846 0.049479166666666664
0 0.26490384615384616 0.8098958333333334 0.01971153846153846 0.059375
0 0.6515625 0.6497395833333334 0.018509615384615385 0.0640625
0 0.5927884615384615 0.93515625 0.01875 0.0515625
0 0.6227163461538462 0.67109375 0.006009615384615385 0.0421875
0 0.446875 0.3265625 0.016826923076923076 0.075
0 0.4784855769230769 0.05286458333333333 0.012259615384615384 0.0171875
0 0.22884615384615384 0.815625 0.007211538461538462 0.04479166666666667
0 0.5323317307692308 0.6059895833333333 0.018990384615384614 0.06614583333333333
0 0.22740384615384615 0.87734375 0.01201923076923077 0.05364583333333333
0 0.3479567307692308 0.059895833333333336 0.024759615384615383 0.014583333333333334
0 0.4698317307692308 0.9619791666666667 0.02139423076923077 0.010416666666666666
0 0.5221153846153846 0.7166666666666667 0.011538461538461539 0.01875
0 0.5168269230769231 0.07604166666666666 0.023076923076923078 0.014583333333333334
0 0.5353365384615385 0.6184895833333334 0.013461538461538462 0.04010416666666667
0 0.6519230769230769 0.93359375 0.023076923076923078 0.0671875
0 0.5385817307692308 0.055989583333333336 0.034375 0.025520833333333333
0 0.4433894230769231 0.062239583333333334 0.025721153846153845 0.0265625
0 0.5739182692307693 0.03359375 0.021875 0.027604166666666666
0 0.3234375 0.20572916666666666 0.012740384615384615 0.052083333333333336
0 0.5350961538461538 0.86796875 0.013461538461538462 0.04114583333333333
0 0.2637019230769231 0.5953125 0.007211538461538462 0.05416666666666667
0 0.5237980769230769 0.8447916666666667 0.03653846153846154 0.090625
0 0.5699519230769231 0.75078125 0.016346153846153847 0.04010416666666667
0 0.5365384615384615 0.10338541666666666 0.014903846153846155 0.0203125
0 0.5740384615384615 0.2520833333333333 0.0625 0.052083333333333336
0 0.34723557692307694 0.80234375 0.010336538461538461 0.0453125
0 0.26358173076923075 0.22291666666666668 0.006490384615384616 0.03958333333333333
0 0.45 0.07395833333333333 0.01730769230769231 0.017708333333333333
0 0.37740384615384615 0.6278645833333333 0.02451923076923077 0.0390625
0 0.6466346153846154 0.8635416666666667 0.026442307692307692 0.07395833333333333
0 0.3705528846153846 0.6565104166666667 0.014182692307692308 0.05572916666666667
0 0.645673076923077 0.22291666666666668 0.01971153846153846 0.026041666666666668
0 0.6213942307692307 0.9338541666666667 0.02403846153846154 0.014583333333333334
0 0.2421875 0.9354166666666667 0.018028846153846152 0.028125
0 0.5573317307692308 0.08828125 0.018028846153846152 0.0265625
0 0.37127403846153845 0.35703125 0.01610576923076923 0.0296875
0 0.6461538461538462 0.29453125 0.010096153846153847 0.06510416666666667
0 0.5201923076923077 0.10546875 0.016826923076923076 0.015104166666666667
0 0.4774038461538462 0.35625 0.036057692307692304 0.046875
0 0.315625 0.06744791666666666 0.01875 0.015104166666666667
0 0.35204326923076923 0.04140625 0.018990384615384614 0.015104166666666667
0 0.5298076923076923 0.05286458333333333 0.016346153846153847 0.018229166666666668
0 0.5526442307692307 0.5338541666666666 0.007692307692307693 0.046875
0 0.6519230769230769 0.846875 0.014903846153846155 0.03854166666666667
0 0.6546875 0.359375 0.010336538461538461 0.04791666666666667
0 0.3361778846153846 0.7989583333333333 0.031971153846153844 0.065625
0 0.4776442307692308 0.44244791666666666 0.010576923076923078 0.033854166666666664
0 0.2264423076923077 0.6825520833333333 0.007211538461538462 0.050520833333333334
0 0.6492788461538461 0.6346354166666667 0.013942307692307693 0.025520833333333333
0 0.6449519230769231 0.4114583333333333 0.017788461538461538 0.025
0 0.521875 0.08177083333333333 0.022115384615384617 0.015625
0 0.26358173076923075 0.05130208333333333 0.030528846153846153 0.0265625
0 0.6473557692307692 0.9268229166666667 0.013461538461538462 0.0390625
0 0.3469951923076923 0.05 0.03293269230769231 0.03333333333333333
0 0.5628605769230769 0.3265625 0.02139423076923077 0.01875
0 0.5491586538461538 0.5244791666666667 0.01514423076923077 0.06458333333333334
0 0.4971153846153846 0.06041666666666667 0.01826923076923077 0.01875
0 0.3253605769230769 0.09401041666666667 0.007451923076923077 0.04635416666666667
0 0.4 0.9330729166666667 0.01875 0.0546875
0 0.33665865384615384 0.7966145833333333 0.014663461538461538 0.030729166666666665
0 0.6049278846153846 0.7296875 0.014663461538461538 0.09583333333333334
0 0.2971153846153846 0.7028645833333333 0.020673076923076922 0.03802083333333333
0 0.25997596153846153 0.07708333333333334 0.01514423076923077 0.034375
0 0.5930288461538461 0.91953125 0.01875 0.021354166666666667
0 0.5472355769230769 0.50625 0.011298076923076923 0.028125
0 0.24963942307692308 0.16979166666666667 0.00985576923076923 0.041666666666666664
0 0.2590144230769231 0.496875 0.03293269230769231 0.05520833333333333
0 0.6507211538461538 0.6627604166666666 0.008653846153846154 0.03802083333333333
0 0.6447115384615385 0.07135416666666666 0.019230769230769232 0.058333333333333334
0 0.4966346153846154 0.9390625 0.023076923076923078 0.015625
0 0.5163461538461539 0.19557291666666668 0.020192307692307693 0.05260416666666667
0 0.23641826923076922 0.49609375 0.014182692307692308 0.11197916666666667
0 0.25552884615384613 0.3893229166666667 0.013942307692307693 0.0296875
0 0.6493990384615385 0.7934895833333333 0.01610576923076923 0.0359375
0 0.24158653846153846 0.18463541666666666 0.010576923076923078 0.0328125
0 0.6058894230769231 0.04010416666666667 0.018509615384615385 0.013541666666666667
0 0.22860576923076922 0.6549479166666666 0.011057692307692308 0.10052083333333334
0 0.5481971153846154 0.06041666666666667 0.014663461538461538 0.017708333333333333
0 0.44098557692307694 0.96015625 0.02235576923076923 0.0171875
0 0.6414663461538461 0.7739583333333333 0.03389423076923077 0.07604166666666666
0 0.6484375 0.9528645833333333 0.01514423076923077 0.030729166666666665
0 0.5534855769230769 0.08255208333333333 0.019951923076923075 0.0203125
0 0.5078125 0.9221354166666667 0.012740384615384615 0.0328125
0 0.6635817307692308 0.759375 0.011778846153846154 0.06875
0 0.6276442307692308 0.79296875 0.00625 0.033854166666666664
0 0.645673076923077 0.05572916666666667 0.016826923076923076 0.028125
0 0.4921875 0.3377604166666667 0.011778846153846154 0.03802083333333333
0 0.31658653846153845 0.08645833333333333 0.020192307692307693 0.025
0 0.4676682692307692 0.453125 0.031009615384615385 0.05520833333333333
0 0.6334134615384616 0.6903645833333333 0.021153846153846155 0.0890625
0 0.5558894230769231 0.89765625 0.03485576923076923 0.05572916666666667
0 0.2233173076923077 0.6229166666666667 0.004807692307692308 0.04375
0 0.6235576923076923 0.37786458333333334 0.022596153846153846 0.030729166666666665
0 0.4411057692307692 0.9075520833333334 0.03317307692307692 0.0515625
0 0.2701923076923077 0.16354166666666667 0.007211538461538462 0.036458333333333336
0 0.3359375 0.2825520833333333 0.013221153846153846 0.033854166666666664
0 0.5276442307692307 0.20546875 0.025961538461538463 0.05364583333333333
0 0.5079326923076923 0.46901041666666665 0.011538461538461539 0.034895833333333334
0 0.5264423076923077 0.6135416666666667 0.01875 0.08333333333333333
0 0.4774038461538462 0.46484375 0.015384615384615385 0.018229166666666668
0 0.44915865384615383 0.259375 0.010336538461538461 0.034375
0 0.5671875 0.7627604166666667 0.021875 0.0640625
0 0.22271634615384617 0.8169270833333333 0.005048076923076923 0.044270833333333336
0 0.22740384615384615 0.5260416666666666 0.007211538461538462 0.046875
0 0.5527644230769231 0.30885416666666665 0.007451923076923077 0.042708333333333334
0 0.471875 0.6515625 0.01826923076923077 0.03229166666666667
0 0.5252403846153846 0.8682291666666667 0.008173076923076924 0.042708333333333334
0 0.6533653846153846 0.7486979166666666 0.013942307692307693 0.0265625
0 0.5686298076923076 0.19817708333333334 0.01706730769230769 0.027604166666666666
0 0.2378605769230769 0.5247395833333334 0.006490384615384616 0.05364583333333333
0 0.4949519230769231 0.3294270833333333 0.016826923076923076 0.0546875
0 0.28173076923076923 0.8403645833333333 0.020192307692307693 0.04010416666666667
0 0.2820913461538462 0.6765625 0.00985576923076923 0.04895833333333333
0 0.6364182692307693 0.7588541666666667 0.02235576923076923 0.041666666666666664
0 0.2611778846153846 0.37135416666666665 0.023798076923076922 0.06354166666666666