0 0.30817307692307694 0.46588541666666666 0.020192307692307693 0.0328125
0 0.34639423076923076 0.19973958333333333 0.01730769230769231 0.0578125
0 0.40384615384615385 0.27630208333333334 0.01730769230769231 0.044270833333333336
0 0.41478365384615384 0.11276041666666667 0.025240384615384616 0.021354166666666667
0 0.3609375 0.45 0.015625 0.03333333333333333
0 0.4626201923076923 0.44765625 0.017548076923076923 0.034895833333333334
0 0.3484375 0.5330729166666667 0.019951923076923075 0.04010416666666667
0 0.4653846153846154 0.49114583333333334 0.015865384615384615 0.040625
0 0.2829326923076923 0.8041666666666667 0.019230769230769232 0.04375
0 0.34002403846153845 0.42526041666666664 0.013701923076923077 0.05260416666666667
0 0.3704326923076923 0.08645833333333333 0.03798076923076923 0.04791666666666667
0 0.3247596153846154 0.7216145833333333 0.022115384615384617 0.034895833333333334
0 0.3138221153846154 0.5169270833333334 0.024759615384615383 0.030729166666666665
0 0.5677884615384615 0.15885416666666666 0.022596153846153846 0.019791666666666666
0 0.3683894230769231 0.18645833333333334 0.01610576923076923 0.034375
0 0.3014423076923077 0.12708333333333333 0.015384615384615385 0.036458333333333336
0 0.3448317307692308 0.5809895833333333 0.019951923076923075 0.0296875
0 0.5546875 0.3796875 0.02139423076923077 0.027083333333333334
0 0.5200721153846154 0.175 0.013701923076923077 0.034375
0 0.3923076923076923 0.16302083333333334 0.028365384615384615 0.016666666666666666
0 0.4790865384615385 0.15338541666666666 0.02403846153846154 0.028645833333333332
0 0.4963942307692308 0.6135416666666667 0.029326923076923077 0.06666666666666667
0 0.3639423076923077 0.6786458333333333 0.013461538461538462 0.059375
0 0.4753605769230769 0.7046875 0.023798076923076922 0.016666666666666666
0 0.265625 0.65234375 0.007211538461538462 0.0546875
0 0.46862980769230766 0.33125 0.01658653846153846 0.03229166666666667
0 0.2516826923076923 0.47369791666666666 0.020673076923076922 0.021354166666666667
0 0.46033653846153844 0.5416666666666666 0.020192307692307693 0.016666666666666666
0 0.30697115384615387 0.675 0.021153846153846155 0.065625
0 0.47752403846153846 0.21354166666666666 0.02283653846153846 0.013541666666666667
0 0.5004807692307692 0.73046875 0.013461538461538462 0.06197916666666667
0 0.31237980769230766 0.35989583333333336 0.010336538461538461 0.057291666666666664
0 0.32103365384615384 0.2796875 0.023798076923076922 0.035416666666666666
0 0.4165865384615385 0.7955729166666666 0.017788461538461538 0.04739583333333333
0 0.49951923076923077 0.8734375 0.02403846153846154 0.030208333333333334
0 0.45709134615384617 0.1671875 0.01658653846153846 0.028125
0 0.48786057692307694 0.07473958333333333 0.012740384615384615 0.028645833333333332
0 0.40841346153846153 0.36875 0.017788461538461538 0.028125
0 0.2668269230769231 0.3450520833333333 0.015865384615384615 0.028645833333333332
0 0.5085336538461539 0.34296875 0.02956730769230769 0.0546875
0 0.5461538461538461 0.11354166666666667 0.009615384615384616 0.03854166666666667
0 0.3798076923076923 0.22135416666666666 0.009134615384615385 0.03958333333333333
0 0.5926682692307692 0.9260416666666667 0.010336538461538461 0.05
0 0.33978365384615383 0.30130208333333336 0.030048076923076924 0.0359375
0 0.4748798076923077 0.13411458333333334 0.019951923076923075 0.016145833333333335
0 0.49951923076923077 0.12213541666666666 0.02403846153846154 0.0234375
0 0.2703125 0.7703125 0.020432692307692308 0.015625
0 0.4539663461538462 0.7466145833333333 0.018509615384615385 0.03177083333333333
0 0.4266826923076923 0.32317708333333334 0.02451923076923077 0.013020833333333334
0 0.5126201923076923 0.07890625 0.018509615384615385 0.03802083333333333
0 0.5308894230769231 0.0875 0.018028846153846152 0.020833333333333332
0 0.5349759615384615 0.25625 0.02860576923076923 0.03125
0 0.3581730769230769 0.2390625 0.02451923076923077 0.022916666666666665
0 0.31814903846153847 0.7815104166666667 0.019951923076923075 0.0359375
0 0.45913461538461536 0.0890625 0.022115384615384617 0.030208333333333334
0 0.5592548076923077 0.3385416666666667 0.014663461538461538 0.042708333333333334
0 0.41586538461538464 0.8809895833333333 0.020673076923076922 0.0328125
0 0.4453125 0.7111979166666667 0.017548076923076923 0.034895833333333334
0 0.5581730769230769 0.7270833333333333 0.012980769230769231 0.036458333333333336
0 0.5759615384615384 0.39609375 0.01201923076923077 0.03697916666666667
0 0.42199519230769234 0.5630208333333333 0.019471153846153846 0.026041666666666668
0 0.24639423076923078 0.24427083333333333 0.007692307692307693 0.053125
0 0.31935096153846154 0.07057291666666667 0.01514423076923077 0.018229166666666668
0 0.5728365384615385 0.096875 0.010096153846153847 0.0375
0 0.5545673076923077 0.4557291666666667 0.014423076923076924 0.03958333333333333
0 0.29675480769230766 0.03697916666666667 0.021875 0.0125
0 0.5181490384615385 0.8973958333333333 0.02716346153846154 0.021875
0 0.5230769230769231 0.9322916666666666 0.020673076923076922 0.035416666666666666
0 0.6366586538461538 0.8106770833333333 0.01610576923076923 0.0546875
0 0.5526442307692307 0.13411458333333334 0.008173076923076924 0.03697916666666667
0 0.553125 0.40625 0.020673076923076922 0.013541666666666667
0 0.3574519230769231 0.48515625 0.021153846153846155 0.0140625
0 0.2567307692307692 0.5559895833333334 0.0375 0.06197916666666667
0 0.2841346153846154 0.6966145833333334 0.008173076923076924 0.0390625
0 0.5301682692307692 0.6994791666666667 0.025240384615384616 0.027083333333333334
0 0.45252403846153844 0.4166666666666667 0.018028846153846152 0.017708333333333333
0 0.41310096153846154 0.70859375 0.020432692307692308 0.015104166666666667
0 0.4205528846153846 0.5333333333333333 0.017548076923076923 0.034375
0 0.47716346153846156 0.6747395833333333 0.026923076923076925 0.013020833333333334
0 0.5271634615384615 0.7653645833333333 0.010576923076923078 0.0421875
0 0.5865384615384616 0.2453125 0.008173076923076924 0.04791666666666667
0 0.45997596153846154 0.93984375 0.025721153846153845 0.034895833333333334
0 0.6170673076923077 0.6770833333333334 0.02980769230769231 0.029166666666666667
0 0.5217548076923076 0.11953125 0.021875 0.015104166666666667
0 0.4110576923076923 0.7450520833333333 0.01875 0.0421875
0 0.5840144230769231 0.4627604166666667 0.01610576923076923 0.04739583333333333
0 0.3563701923076923 0.5953125 0.018990384615384614 0.029166666666666667
0 0.29927884615384615 0.09244791666666667 0.022596153846153846 0.019270833333333334
0 0.4070913461538462 0.4075520833333333 0.006490384615384616 0.0328125
0 0.25264423076923076 0.7705729166666667 0.01730769230769231 0.025520833333333333
0 0.275 0.4296875 0.006730769230769231 0.06145833333333333
0 0.6098557692307692 0.83125 0.02548076923076923 0.014583333333333334
0 0.2563701923076923 0.18151041666666667 0.008894230769230769 0.0390625
0 0.6054086538461538 0.25026041666666665 0.02716346153846154 0.04739583333333333
0 0.5126201923076923 0.5455729166666666 0.014663461538461538 0.044270833333333336
0 0.6185096153846154 0.8606770833333334 0.014423076923076924 0.04114583333333333
0 0.41189903846153847 0.06015625 0.03389423076923077 0.033854166666666664
0 0.4419471153846154 0.6408854166666667 0.007932692307692307 0.0390625
0 0.6443509615384615 0.2140625 0.025240384615384616 0.022916666666666665
0 0.6064903846153846 0.5307291666666667 0.017788461538461538 0.0375
0 0.3646634615384615 0.8760416666666667 0.02403846153846154 0.022916666666666665
0 0.6269230769230769 0.6263020833333334 0.02451923076923077 0.0265625
0 0.48064903846153845 0.04088541666666667 0.007932692307692307 0.049479166666666664
0 0.31766826923076924 0.6205729166666667 0.0069711538461538465 0.0578125
0 0.5555288461538461 0.9447916666666667 0.023076923076923078 0.016666666666666666
0 0.4157451923076923 0.9302083333333333 0.018509615384615385 0.017708333333333333
0 0.27307692307692305 0.6963541666666667 0.01875 0.013541666666666667
0 0.6467548076923076 0.48020833333333335 0.02139423076923077 0.036458333333333336
0 0.4734375 0.825 0.010336538461538461 0.04583333333333333
0 0.2326923076923077 0.15677083333333333 0.016346153846153847 0.06041666666666667
0 0.4364182692307692 0.81796875 0.021875 0.027604166666666666
0 0.4600961538461538 0.055989583333333336 0.0125 0.043229166666666666
0 0.3724759615384615 0.7752604166666667 0.02956730769230769 0.028645833333333332
0 0.6436298076923077 0.31953125 0.011298076923076923 0.0453125
0 0.5417067307692308 0.20859375 0.02139423076923077 0.013020833333333334
0 0.3169471153846154 0.9033854166666667 0.014182692307692308 0.0390625
0 0.5764423076923076 0.8244791666666667 0.023076923076923078 0.041666666666666664
0 0.6216346153846154 0.9153645833333334 0.013461538461538462 0.05677083333333333
0 0.5978365384615385 0.1265625 0.046634615384615385 0.04791666666666667
0 0.5384615384615384 0.026822916666666665 0.016826923076923076 0.0234375
0 0.6080528846153846 0.057291666666666664 0.012259615384615384 0.035416666666666666
0 0.25540865384615385 0.87265625 0.018990384615384614 0.0515625
0 0.33365384615384613 0.9106770833333333 0.02403846153846154 0.022395833333333334
0 0.5490384615384616 0.5802083333333333 0.014903846153846155 0.04791666666666667
0 0.5162259615384616 0.5044270833333333 0.02956730769230769 0.027604166666666666
0 0.5379807692307692 0.68125 0.016826923076923076 0.03229166666666667
0 0.6493990384615385 0.7653645833333333 0.01706730769230769 0.08489583333333334
0 0.32764423076923077 0.8515625 0.020192307692307693 0.036458333333333336
0 0.42956730769230766 0.83046875 0.035576923076923075 0.05260416666666667
0 0.5707932692307692 0.4625 0.014663461538461538 0.029166666666666667
0 0.5399038461538461 0.8145833333333333 0.021634615384615384 0.0125
0 0.3544471153846154 0.4010416666666667 0.010817307692307692 0.04479166666666667
0 0.5472355769230769 0.77734375 0.011778846153846154 0.04010416666666667
0 0.3498798076923077 0.70625 0.030048076923076924 0.0625
0 0.2653846153846154 0.09140625 0.007692307692307693 0.04010416666666667
0 0.3390625 0.06067708333333333 0.017548076923076923 0.013020833333333334
0 0.49759615384615385 0.2674479166666667 0.01826923076923077 0.0296875
0 0.4165865384615385 0.7458333333333333 0.029326923076923077 0.05520833333333333
0 0.4832932692307692 0.80859375 0.00985576923076923 0.04635416666666667
0 0.3579326923076923 0.03697916666666667 0.020673076923076922 0.016666666666666666
0 0.6183894230769231 0.31875 0.008413461538461538 0.04791666666666667
0 0.24879807692307693 0.69296875 0.006730769230769231 0.0515625
0 0.33978365384615383 0.88359375 0.021875 0.0234375
0 0.36033653846153846 0.921875 0.01826923076923077 0.05625
0 0.2567307692307692 0.8216145833333334 0.0125 0.05572916666666667
0 0.3733173076923077 0.8161458333333333 0.023076923076923078 0.05625
0 0.2918269230769231 0.36432291666666666 0.01730769230769231 0.015104166666666667
0 0.5126201923076923 0.46640625 0.019471153846153846 0.0421875
0 0.6439903846153846 0.4 0.013942307692307693 0.04375
0 0.5118990384615385 0.9346354166666667 0.043028846153846154 0.0390625
0 0.4269230769230769 0.7466145833333333 0.008653846153846154 0.0546875
0 0.6484375 0.95234375 0.02235576923076923 0.025520833333333333
0 0.2647836538461538 0.46822916666666664 0.009375 0.05
0 0.35420673076923076 0.7296875 0.021875 0.015625
0 0.34615384615384615 0.8263020833333333 0.0125 0.043229166666666666
0 0.5177884615384616 0.24296875 0.023076923076923078 0.018229166666666668
0 0.3663461538461538 0.4046875 0.020192307692307693 0.022916666666666665
0 0.24471153846153845 0.6536458333333334 0.012980769230769231 0.03333333333333333
0 0.40697115384615384 0.5466145833333333 0.015865384615384615 0.027604166666666666
0 0.34411057692307695 0.08072916666666667 0.019471153846153846 0.013541666666666667
0 0.5784855769230769 0.7583333333333333 0.012259615384615384 0.05520833333333333
0 0.36286057692307694 0.4 0.02716346153846154 0.04375
0 0.24507211538461537 0.8078125 0.01658653846153846 0.040625
0 0.6438701923076923 0.15026041666666667 0.01706730769230769 0.044270833333333336
0 0.6381009615384615 0.52578125 0.019951923076923075 0.0171875
0 0.6295673076923077 0.7268229166666667 0.008173076923076924 0.0546875
0 0.5780048076923077 0.03828125 0.012259615384615384 0.024479166666666666
0 0.6575721153846154 0.6736979166666667 0.01610576923076923 0.0671875
0 0.6088942307692308 0.425 0.014423076923076924 0.07083333333333333
0 0.5576923076923077 0.5528645833333333 0.008653846153846154 0.049479166666666664
0 0.5655048076923077 0.6533854166666667 0.006490384615384616 0.059895833333333336
0 0.3798076923076923 0.9138020833333333 0.01730769230769231 0.049479166666666664
0 0.24867788461538462 0.5395833333333333 0.02139423076923077 0.016666666666666666
0 0.6112980769230769 0.16848958333333333 0.021634615384615384 0.0109375
0 0.5328125 0.18619791666666666 0.03918269230769231 0.0578125
0 0.3705528846153846 0.8278645833333333 0.017548076923076923 0.0328125
0 0.6024038461538461 0.29921875 0.0057692307692307696 0.04114583333333333
0 0.5564903846153846 0.49270833333333336 0.016826923076923076 0.015625
0 0.4701923076923077 0.15963541666666667 0.04230769230769231 0.044270833333333336
0 0.26322115384615385 0.12057291666666667 0.01875 0.0140625
0 0.4168269230769231 0.05416666666666667 0.022596153846153846 0.021875
0 0.6276442307692308 0.5638020833333334 0.009615384615384616 0.04010416666666667
0 0.3795673076923077 0.08411458333333334 0.020192307692307693 0.043229166666666666
0 0.5179086538461538 0.25494791666666666 0.023798076923076922 0.04114583333333333
0 0.22427884615384616 0.49140625 0.006730769230769231 0.0640625
0 0.5447115384615384 0.4783854166666667 0.01875 0.018229166666666668
0 0.5384615384615384 0.59765625 0.013461538461538462 0.0234375
0 0.27608173076923076 0.696875 0.024759615384615383 0.03854166666666667
0 0.26947115384615383 0.8859375 0.026442307692307692 0.06666666666666667
0 0.5875 0.11692708333333333 0.02451923076923077 0.024479166666666666
0 0.6068509615384615 0.403125 0.010336538461538461 0.030208333333333334
0 0.5311298076923077 0.4890625 0.015625 0.041666666666666664
0 0.5490384615384616 0.553125 0.02548076923076923 0.046875
0 0.37704326923076925 0.8057291666666667 0.015625 0.035416666666666666
0 0.5090144230769231 0.25885416666666666 0.040625 0.04791666666666667
0 0.40552884615384616 0.027864583333333335 0.026442307692307692 0.018229166666666668
0 0.33629807692307695 0.9421875 0.025 0.014583333333333334
0 0.24471153846153845 0.31171875 0.014903846153846155 0.0234375
0 0.6564903846153847 0.8200520833333333 0.0125 0.0390625
0 0.65625 0.8588541666666667 0.014423076923076924 0.029166666666666667
0 0.26935096153846155 0.44557291666666665 0.018028846153846152 0.09635416666666667
0 0.32379807692307694 0.8138020833333334 0.007211538461538462 0.0484375
0 0.22572115384615385 0.3302083333333333 0.007211538461538462 0.06875
0 0.5158653846153847 0.054427083333333334 0.02403846153846154 0.021354166666666667
0 0.6588942307692308 0.8817708333333333 0.020192307692307693 0.075
0 0.23485576923076923 0.23203125 0.007692307692307693 0.03177083333333333
0 0.5752403846153846 0.27317708333333335 0.012980769230769231 0.04114583333333333
0 0.40528846153846154 0.06927083333333334 0.020673076923076922 0.016666666666666666
0 0.575 0.8098958333333334 0.020192307692307693 0.013541666666666667
0 0.3890625 0.5606770833333333 0.018990384615384614 0.0203125
0 0.5832932692307692 0.10364583333333334 0.03293269230769231 0.051041666666666666
0 0.5790865384615385 0.68671875 0.01730769230769231 0.033854166666666664
0 0.5298076923076923 0.48046875 0.011538461538461539 0.024479166666666666
0 0.23221153846153847 0.4791666666666667 0.006730769230769231 0.0375
0 0.6492788461538461 0.91953125 0.0125 0.04114583333333333
0 0.22596153846153846 0.22916666666666666 0.00625 0.027083333333333334
0 0.5007211538461539 0.9442708333333333 0.021634615384615384 0.019791666666666666
0 0.2454326923076923 0.6778645833333333 0.013942307692307693 0.08072916666666667
0 0.3830528846153846 0.5518229166666667 0.030528846153846153 0.05572916666666667
0 0.6325721153846153 0.9377604166666667 0.010336538461538461 0.0453125
0 0.22620192307692308 0.7684895833333333 0.013461538461538462 0.05260416666666667
0 0.6176682692307692 0.07447916666666667 0.017548076923076923 0.016666666666666666
0 0.4913461538461538 0.33958333333333335 0.025961538461538463 0.0125
0 0.36153846153846153 0.10364583333333334 0.020192307692307693 0.011458333333333333
0 0.5456730769230769 0.5388020833333333 0.01826923076923077 0.0140625
0 0.2282451923076923 0.49166666666666664 0.014182692307692308 0.065625
0 0.5400240384615385 0.7997395833333333 0.02235576923076923 0.0421875
0 0.45685096153846155 0.0703125 0.03341346153846154 0.07083333333333333
0 0.6310096153846154 0.08776041666666666 0.01201923076923077 0.027604166666666666
0 0.5615384615384615 0.05182291666666667 0.01730769230769231 0.015104166666666667
0 0.41875 0.8322916666666667 0.014423076923076924 0.04895833333333333
0 0.23377403846153846 0.13203125 0.015625 0.0328125
0 0.5626201923076923 0.7752604166666667 0.018509615384615385 0.0453125
0 0.5752403846153846 0.6640625 0.02548076923076923 0.08020833333333334
0 0.6015625 0.36432291666666666 0.006490384615384616 0.0296875
0 0.5334134615384616 0.9536458333333333 0.026442307692307692 0.013541666666666667
0 0.22752403846153846 0.24375 0.008894230769230769 0.05520833333333333
0 0.5817307692307693 0.2890625 0.012980769230769231 0.04583333333333333
0 0.3409855769230769 0.7041666666666667 0.011778846153846154 0.058333333333333334
0 0.2623798076923077 0.7703125 0.036298076923076926 0.025
0 0.2591346153846154 0.95625 0.022115384615384617 0.041666666666666664
0 0.5290865384615384 0.60859375 0.027403846153846154 0.059895833333333336
0 0.4841346153846154 0.04088541666666667 0.01730769230769231 0.05260416666666667
0 0.6477163461538461 0.5481770833333334 0.019471153846153846 0.011979166666666667
0 0.23497596153846154 0.33098958333333334 0.009375 0.06614583333333333
0 0.48209134615384613 0.33151041666666664 0.04399038461538462 0.033854166666666664
0 0.25264423076923076 0.38984375 0.013942307692307693 0.0390625
0 0.34435096153846156 0.8559895833333333 0.013701923076923077 0.0359375
0 0.6387019230769231 0.05703125 0.011057692307692308 0.0390625
0 0.26959134615384617 0.9057291666666667 0.026201923076923078 0.027083333333333334
0 0.6169471153846153 0.0328125 0.023317307692307693 0.04583333333333333
0 0.334375 0.85546875 0.03317307692307692 0.044270833333333336
0 0.23966346153846155 0.7401041666666667 0.006730769230769231 0.04479166666666667
0 0.6102163461538461 0.13359375 0.021875 0.03177083333333333
0 0.5841346153846154 0.83203125 0.007692307692307693 0.0265625
0 0.3055288461538462 0.9528645833333333 0.032692307692307694 0.018229166666666668
0 0.5701923076923077 0.044270833333333336 0.03461538461538462 0.035416666666666666
0 0.5693509615384615 0.7763020833333333 0.007932692307692307 0.04635416666666667
0 0.6581730769230769 0.31145833333333334 0.007211538461538462 0.042708333333333334
0 0.6289663461538462 0.33098958333333334 0.006490384615384616 0.033854166666666664
0 0.23834134615384617 0.8731770833333333 0.010336538461538461 0.043229166666666666
0 0.6409855769230769 0.5880208333333333 0.007932692307692307 0.052083333333333336
0 0.2943509615384615 0.35520833333333335 0.02235576923076923 0.03333333333333333
0 0.604326923076923 0.25364583333333335 0.02403846153846154 0.020833333333333332
0 0.5438701923076923 0.9481770833333333 0.046875 0.024479166666666666
0 0.6581730769230769 0.7286458333333333 0.008653846153846154 0.04479166666666667
0 0.6230769230769231 0.08359375 0.028846153846153848 0.0359375
0 0.2344951923076923 0.9216145833333333 0.018990384615384614 0.033854166666666664
0 0.6528846153846154 0.5190104166666667 0.014423076923076924 0.0421875
0 0.6495192307692308 0.7880208333333333 0.014903846153846155 0.040625
0 0.5381009615384615 0.4895833333333333 0.03341346153846154 0.046875
0 0.48834134615384617 0.6341145833333334 0.012740384615384615 0.024479166666666666
0 0.6116586538461538 0.8528645833333334 0.029086538461538462 0.05677083333333333
0 0.3503605769230769 0.5880208333333333 0.031490384615384615 0.04583333333333333
0 0.2686298076923077 0.5692708333333333 0.014182692307692308 0.034375
0 0.4966346153846154 0.6307291666666667 0.028846153846153848 0.030208333333333334
0 0.3762019230769231 0.53984375 0.015865384615384615 0.030729166666666665
0 0.4782451923076923 0.8166666666666667 0.019951923076923075 0.0625
0 0.6516826923076923 0.5700520833333333 0.017788461538461538 0.015104166666666667
0 0.31814903846153847 0.8005208333333333 0.019951923076923075 0.07395833333333333
0 0.5079326923076923 0.3614583333333333 0.027884615384615386 0.016666666666666666
0 0.6640625 0.9049479166666666 0.012259615384615384 0.033854166666666664
0 0.39627403846153847 0.92421875 0.011298076923076923 0.0328125
0 0.5168269230769231 0.3346354166666667 0.007211538461538462 0.04635416666666667
0 0.3975961538461538 0.0484375 0.020673076923076922 0.013541666666666667