0 0.3626201923076923 0.3450520833333333 0.024278846153846154 0.049479166666666664
0 0.6384615384615384 0.4393229166666667 0.025961538461538463 0.022395833333333334
0 0.5078125 0.20260416666666667 0.02716346153846154 0.023958333333333335
0 0.33185096153846155 0.121875 0.024278846153846154 0.016666666666666666
0 0.4018028846153846 0.16328125 0.020432692307692308 0.0296875
0 0.4221153846153846 0.6140625 0.023076923076923078 0.0375
0 0.5712740384615385 0.11354166666666667 0.02716346153846154 0.029166666666666667
0 0.3717548076923077 0.40546875 0.013701923076923077 0.0546875
0 0.36754807692307695 0.12421875 0.022115384615384617 0.019270833333333334
0 0.573076923076923 0.19192708333333333 0.023557692307692307 0.03177083333333333
0 0.21911057692307692 0.5182291666666666 0.010817307692307692 0.06770833333333333
0 0.5515625 0.9174479166666667 0.018509615384615385 0.043229166666666666
0 0.6284855769230769 0.52578125 0.028125 0.030729166666666665
0 0.45492788461538464 0.7552083333333334 0.026201923076923078 0.020833333333333332
0 0.3079326923076923 0.503125 0.02451923076923077 0.040625
0 0.6360576923076923 0.16666666666666666 0.02451923076923077 0.042708333333333334
0 0.25372596153846155 0.12786458333333334 0.020913461538461537 0.011979166666666667
0 0.36766826923076923 0.2578125 0.006490384615384616 0.052083333333333336
0 0.28329326923076925 0.32317708333333334 0.01514423076923077 0.04635416666666667
0 0.35144230769230766 0.25677083333333334 0.0125 0.046875
0 0.44158653846153845 0.3921875 0.020673076923076922 0.027083333333333334
0 0.5899038461538462 0.8802083333333334 0.008173076923076924 0.0625
0 0.5959134615384616 0.12526041666666668 0.026923076923076925 0.013020833333333334
0 0.41358173076923077 0.6604166666666667 0.02235576923076923 0.026041666666666668
0 0.5757211538461539 0.5716145833333334 0.022596153846153846 0.013020833333333334
0 0.23173076923076924 0.5979166666666667 0.011538461538461539 0.04895833333333333
0 0.2763221153846154 0.12890625 0.007932692307692307 0.0484375
0 0.33185096153846155 0.06614583333333333 0.024759615384615383 0.015625
0 0.34158653846153847 0.22421875 0.02403846153846154 0.0140625
0 0.603125 0.08802083333333334 0.022596153846153846 0.020833333333333332
0 0.21225961538461538 0.44453125 0.00625 0.05260416666666667
0 0.5243990384615385 0.3111979166666667 0.030528846153846153 0.0140625
0 0.6550480769230769 0.2716145833333333 0.009134615384615385 0.05364583333333333
0 0.27908653846153847 0.08411458333333334 0.020673076923076922 0.016145833333333335
0 0.2692307692307692 0.75546875 0.014903846153846155 0.06614583333333333
0 0.40612980769230766 0.06171875 0.018028846153846152 0.009895833333333333
0 0.6513221153846154 0.5565104166666667 0.0069711538461538465 0.0234375
0 0.4954326923076923 0.0640625 0.020192307692307693 0.011458333333333333
0 0.6448317307692307 0.075 0.028125 0.03333333333333333
0 0.6444711538461538 0.5731770833333333 0.03221153846153846 0.016145833333333335
0 0.6283653846153846 0.06979166666666667 0.01971153846153846 0.013541666666666667
0 0.6080528846153846 0.39348958333333334 0.01610576923076923 0.04114583333333333
0 0.5638221153846154 0.08411458333333334 0.024759615384615383 0.0171875
0 0.4724158653846154 0.22115625 0.015562499999999998 0.04552604166666666
0 0.6176274038461538 0.4239375 0.01836057692307692 0.0201875