0 0.5451923076923076 0.2078125 0.01971153846153846 0.021875
0 0.6360576923076923 0.6890625 0.020673076923076922 0.027083333333333334
0 0.3545673076923077 0.58359375 0.023076923076923078 0.03697916666666667
0 0.6159855769230769 0.6154166666666666 0.01514423076923077 0.05364583333333333
0 0.5685096153846154 0.5557291666666667 0.015865384615384615 0.03958333333333333
0 0.36670673076923077 0.7408854166666666 0.02716346153846154 0.044270833333333336
0 0.31634615384615383 0.8138020833333334 0.027403846153846154 0.0296875
0 0.3311298076923077 0.58515625 0.020913461538461537 0.03697916666666667
0 0.5135817307692307 0.26015625 0.02283653846153846 0.043229166666666666
0 0.6264423076923077 0.25885416666666666 0.015865384615384615 0.04583333333333333
0 0.3890625 0.6653645833333334 0.025721153846153845 0.027604166666666666
0 0.5693509615384615 0.12239583333333333 0.018990384615384614 0.051041666666666666
0 0.5257211538461538 0.14088541666666668 0.01826923076923077 0.049479166666666664
0 0.45216346153846154 0.90859375 0.027403846153846154 0.021354166666666667
0 0.5661057692307693 0.39921875 0.012980769230769231 0.05260416666666667
0 0.4875 0.6078125 0.019230769230769232 0.051041666666666666
0 0.5292067307692307 0.4856770833333333 0.020913461538461537 0.033854166666666664
0 0.3739182692307692 0.6252604166666667 0.030528846153846153 0.019270833333333334
0 0.5832932692307692 0.9057291666666667 0.025721153846153845 0.03229166666666667
0 0.5256009615384616 0.32786458333333335 0.02235576923076923 0.03697916666666667
0 0.6438701923076923 0.5606770833333333 0.02235576923076923 0.028645833333333332
0 0.5759615384615384 0.8721354166666667 0.015384615384615385 0.0359375
0 0.5257211538461538 0.69140625 0.02548076923076923 0.0765625
0 0.3265625 0.35494791666666664 0.03533653846153846 0.0296875
0 0.3813701923076923 0.54765625 0.017548076923076923 0.0359375
0 0.5472355769230769 0.7755208333333333 0.018028846153846152 0.051041666666666666
0 0.49963942307692305 0.8114583333333333 0.02235576923076923 0.030208333333333334
0 0.4360576923076923 0.7591145833333334 0.008173076923076924 0.0578125
0 0.6481971153846153 0.18255208333333334 0.02283653846153846 0.016145833333333335
0 0.46875 0.19453125 0.02980769230769231 0.022395833333333334
0 0.5352163461538462 0.8497395833333333 0.02860576923076923 0.0359375
0 0.4855769230769231 0.9408854166666667 0.025 0.0359375
0 0.4078125 0.125 0.02235576923076923 0.030208333333333334
0 0.31466346153846153 0.6377604166666667 0.023076923076923078 0.04114583333333333
0 0.6402644230769231 0.38229166666666664 0.007451923076923077 0.058333333333333334
0 0.6415865384615385 0.6177083333333333 0.02451923076923077 0.015625
0 0.42764423076923075 0.47109375 0.020673076923076922 0.025520833333333333
0 0.44759615384615387 0.4046875 0.008653846153846154 0.040625
0 0.35528846153846155 0.4205729166666667 0.02403846153846154 0.0453125
0 0.40060096153846153 0.4549479166666667 0.012740384615384615 0.034895833333333334
0 0.6109375 0.2752604166666667 0.012259615384615384 0.04635416666666667
0 0.4966346153846154 0.7802083333333333 0.025961538461538463 0.027083333333333334
0 0.3004807692307692 0.77109375 0.01730769230769231 0.04114583333333333
0 0.4512019230769231 0.5640625 0.021634615384615384 0.013541666666666667
0 0.6215144230769231 0.74609375 0.023317307692307693 0.0296875
0 0.2862980769230769 0.965625 0.02403846153846154 0.016666666666666666
0 0.5971153846153846 0.4080729166666667 0.023557692307692307 0.0328125
0 0.41670673076923076 0.53125 0.01514423076923077 0.03958333333333333
0 0.5138221153846154 0.42994791666666665 0.015625 0.0265625
0 0.43004807692307695 0.68046875 0.02451923076923077 0.015104166666666667
0 0.4191105769230769 0.2609375 0.026682692307692307 0.022916666666666665
0 0.5840144230769231 0.6625 0.023798076923076922 0.026041666666666668
0 0.3808894230769231 0.43854166666666666 0.019471153846153846 0.025
0 0.6662259615384616 0.7979166666666667 0.02139423076923077 0.03229166666666667
0 0.6323317307692308 0.14635416666666667 0.01706730769230769 0.0375
0 0.6346153846153846 0.49166666666666664 0.011538461538461539 0.05625
0 0.6044471153846154 0.47552083333333334 0.010817307692307692 0.0375
0 0.34927884615384613 0.8609375 0.022596153846153846 0.029166666666666667
0 0.6209134615384615 0.19609375 0.016346153846153847 0.0265625
0 0.5292067307692307 0.9044270833333333 0.027644230769230768 0.04010416666666667
0 0.6211538461538462 0.4583333333333333 0.0125 0.028125
0 0.6388221153846154 0.90703125 0.019471153846153846 0.05364583333333333
0 0.5978365384615385 0.7776041666666667 0.015865384615384615 0.03854166666666667
0 0.3248798076923077 0.88046875 0.021875 0.0359375
0 0.6245192307692308 0.31354166666666666 0.00625 0.04583333333333333
0 0.3890625 0.14895833333333333 0.008894230769230769 0.046875
0 0.5859375 0.19192708333333333 0.02956730769230769 0.019270833333333334
0 0.39014423076923077 0.796875 0.008173076923076924 0.057291666666666664
0 0.29314903846153845 0.6731770833333334 0.028125 0.0140625
0 0.6039663461538461 0.37604166666666666 0.015625 0.042708333333333334
0 0.36730769230769234 0.9690104166666667 0.020192307692307693 0.016145833333333335
0 0.5114182692307693 0.9484375 0.02235576923076923 0.021875
0 0.41814903846153845 0.15651041666666668 0.01610576923076923 0.050520833333333334
0 0.42752403846153847 0.5700520833333333 0.018990384615384614 0.0140625
0 0.5192307692307693 0.4625 0.016826923076923076 0.03333333333333333
0 0.6189903846153846 0.8364583333333333 0.02548076923076923 0.014583333333333334
0 0.5258413461538461 0.5510416666666667 0.014663461538461538 0.03854166666666667
0 0.4798076923076923 0.5458333333333333 0.03028846153846154 0.015625
0 0.5973557692307693 0.6151041666666667 0.006730769230769231 0.03333333333333333
0 0.6591346153846154 0.915625 0.015865384615384615 0.040625
0 0.5191105769230769 0.5265625 0.021875 0.03125
0 0.5189903846153846 0.8135416666666667 0.009615384615384616 0.05
0 0.6219951923076923 0.9125 0.009375 0.06354166666666666
0 0.41165865384615385 0.3419270833333333 0.019471153846153846 0.0328125
0 0.4997596153846154 0.29010416666666666 0.016346153846153847 0.078125
0 0.2799278846153846 0.21145833333333333 0.012740384615384615 0.034375
0 0.4020432692307692 0.8567708333333334 0.011298076923076923 0.06354166666666666
0 0.45829326923076924 0.60234375 0.021875 0.030729166666666665
0 0.6442307692307693 0.4825520833333333 0.009134615384615385 0.04635416666666667
0 0.3439903846153846 0.30416666666666664 0.01971153846153846 0.041666666666666664
0 0.3623798076923077 0.5106770833333333 0.018990384615384614 0.018229166666666668
0 0.4799278846153846 0.50078125 0.014663461538461538 0.050520833333333334
0 0.3530048076923077 0.5213541666666667 0.020432692307692308 0.03333333333333333
0 0.446875 0.3065104166666667 0.009615384615384616 0.0453125
0 0.2664663461538462 0.6802083333333333 0.01706730769230769 0.04583333333333333
0 0.4469951923076923 0.33932291666666664 0.023798076923076922 0.0140625
0 0.3498798076923077 0.9291666666666667 0.025240384615384616 0.022916666666666665
0 0.3965144230769231 0.5075520833333333 0.023317307692307693 0.0390625
0 0.2941105769230769 0.37526041666666665 0.02283653846153846 0.03697916666666667
0 0.5731971153846154 0.83671875 0.019471153846153846 0.0171875
0 0.2795673076923077 0.5549479166666667 0.014903846153846155 0.058854166666666666
0 0.33978365384615383 0.65859375 0.014182692307692308 0.050520833333333334
0 0.26658653846153846 0.8057291666666667 0.009134615384615385 0.059375
0 0.5287259615384615 0.9705729166666667 0.028125 0.0234375
0 0.6102163461538461 0.91875 0.018509615384615385 0.023958333333333335
0 0.35228365384615384 0.38229166666666664 0.024759615384615383 0.016666666666666666
0 0.6513221153846154 0.3020833333333333 0.018509615384615385 0.016666666666666666
0 0.26045673076923076 0.5296875 0.01514423076923077 0.041666666666666664
0 0.6425480769230769 0.85234375 0.025 0.05364583333333333
0 0.6006009615384615 0.9783854166666667 0.024759615384615383 0.018229166666666668
0 0.37572115384615384 0.29322916666666665 0.028846153846153848 0.016666666666666666
0 0.24447115384615384 0.4817708333333333 0.02451923076923077 0.03854166666666667
0 0.42127403846153844 0.8442708333333333 0.00985576923076923 0.027083333333333334
0 0.3450721153846154 0.6205729166666667 0.024278846153846154 0.019270833333333334
0 0.5324519230769231 0.9291666666666667 0.021153846153846155 0.03958333333333333
0 0.4885817307692308 0.33359375 0.020913461538461537 0.03802083333333333
0 0.3496394230769231 0.81640625 0.007932692307692307 0.050520833333333334
0 0.3931490384615385 0.3346354166666667 0.023317307692307693 0.03177083333333333
0 0.6786057692307692 0.66328125 0.01971153846153846 0.016145833333333335
0 0.6117788461538461 0.0640625 0.021153846153846155 0.017708333333333333
0 0.5646634615384616 0.4549479166666667 0.00625 0.044270833333333336
0 0.321875 0.27578125 0.023076923076923078 0.018229166666666668
0 0.6349759615384616 0.090625 0.025240384615384616 0.019791666666666666
0 0.2875 0.56328125 0.016826923076923076 0.034895833333333334
0 0.5795673076923077 0.7114583333333333 0.016346153846153847 0.07395833333333333
0 0.44759615384615387 0.628125 0.015384615384615385 0.030208333333333334
0 0.4824519230769231 0.4390625 0.01971153846153846 0.019791666666666666
0 0.6759615384615385 0.6122395833333333 0.026923076923076925 0.0265625
0 0.6161057692307692 0.78046875 0.01875 0.021354166666666667
0 0.2689903846153846 0.63984375 0.01201923076923077 0.0328125
0 0.5673076923076923 0.7401041666666667 0.00625 0.05
0 0.38064903846153847 0.46640625 0.010817307692307692 0.043229166666666666
0 0.4165865384615385 0.19791666666666666 0.021153846153846155 0.03333333333333333
0 0.471875 0.3572916666666667 0.02451923076923077 0.013541666666666667
0 0.4020432692307692 0.7182291666666667 0.027644230769230768 0.06145833333333333
0 0.3192307692307692 0.9380208333333333 0.014423076923076924 0.0625
0 0.6594951923076923 0.23046875 0.01706730769230769 0.03697916666666667
0 0.6764423076923077 0.9111979166666667 0.01971153846153846 0.033854166666666664
0 0.46274038461538464 0.9658854166666667 0.017788461538461538 0.024479166666666666
0 0.28641826923076924 0.3223958333333333 0.018509615384615385 0.036458333333333336
0 0.3408653846153846 0.7609375 0.007211538461538462 0.053125
0 0.6807692307692308 0.9544270833333334 0.01875 0.049479166666666664
0 0.5840144230769231 0.0078125 0.021875 0.014583333333333334
0 0.5417067307692308 0.7471354166666667 0.008894230769230769 0.0328125
0 0.5932692307692308 0.0484375 0.014423076923076924 0.017708333333333333
0 0.6646634615384616 0.95546875 0.010096153846153847 0.05572916666666667
0 0.49146634615384616 0.7354166666666667 0.008413461538461538 0.05416666666666667
0 0.47560096153846154 0.4609375 0.026201923076923078 0.026041666666666668
0 0.6596153846153846 0.33359375 0.021634615384615384 0.024479166666666666
0 0.6177884615384616 0.6760416666666667 0.021634615384615384 0.011458333333333333
0 0.2566105769230769 0.9174479166666667 0.03533653846153846 0.03697916666666667
0 0.25769230769230766 0.6098958333333333 0.014903846153846155 0.046875
0 0.23918269230769232 0.8111979166666666 0.0125 0.03697916666666667
0 0.28918269230769234 0.8609375 0.02403846153846154 0.021875
0 0.4308894230769231 0.16458333333333333 0.006490384615384616 0.04791666666666667
0 0.4668269230769231 0.58359375 0.01971153846153846 0.0203125
0 0.35108173076923077 0.68828125 0.025240384615384616 0.0140625
0 0.24254807692307692 0.27369791666666665 0.013942307692307693 0.0453125
0 0.6810096153846154 0.9421875 0.01826923076923077 0.025
0 0.3272836538461538 0.95078125 0.018509615384615385 0.04739583333333333
0 0.661298076923077 0.2674479166666667 0.01730769230769231 0.04114583333333333
0 0.31598557692307694 0.11354166666666667 0.014182692307692308 0.03854166666666667
0 0.39447115384615383 0.27578125 0.01875 0.027604166666666666
0 0.4233173076923077 0.05572916666666667 0.02403846153846154 0.016666666666666666
0 0.4009615384615385 0.09765625 0.017788461538461538 0.024479166666666666
0 0.30420673076923077 0.278125 0.013221153846153846 0.04791666666666667
0 0.6320913461538461 0.012760416666666666 0.023798076923076922 0.021354166666666667
0 0.42091346153846154 0.9546875 0.023557692307692307 0.051041666666666666
0 0.6109375 0.03125 0.018990384615384614 0.016666666666666666
0 0.2701923076923077 0.7059895833333333 0.007692307692307693 0.03802083333333333
0 0.25072115384615384 0.7177083333333333 0.009134615384615385 0.04375
0 0.4643028846153846 0.06302083333333333 0.024759615384615383 0.03333333333333333
0 0.6581730769230769 0.15026041666666667 0.008653846153846154 0.04114583333333333
0 0.5463942307692308 0.03203125 0.010096153846153847 0.034895833333333334
0 0.23545673076923077 0.44921875 0.006490384615384616 0.0453125
0 0.4784855769230769 0.03046875 0.039663461538461536 0.030729166666666665
0 0.24459134615384615 0.91875 0.011778846153846154 0.034375
0 0.2299278846153846 0.8216145833333334 0.010336538461538461 0.0515625
0 0.5489182692307693 0.04114583333333333 0.01514423076923077 0.051041666666666666
0 0.2377403846153846 0.603125 0.011057692307692308 0.04479166666666667
0 0.36646634615384616 0.48020833333333335 0.020432692307692308 0.011458333333333333
0 0.6516826923076923 0.9697916666666667 0.016826923076923076 0.029166666666666667
0 0.4967548076923077 0.4747395833333333 0.018028846153846152 0.08072916666666667
0 0.4408653846153846 0.6502604166666667 0.03461538461538462 0.0265625
0 0.45516826923076925 0.471875 0.019951923076923075 0.0375
0 0.4919471153846154 0.4640625 0.009375 0.058333333333333334
0 0.2280048076923077 0.7135416666666666 0.007932692307692307 0.04375
0 0.44759615384615387 0.9739583333333334 0.01826923076923077 0.025
0 0.29927884615384615 0.3263020833333333 0.015384615384615385 0.033854166666666664
0 0.44735576923076925 0.47734375 0.01730769230769231 0.025520833333333333
0 0.33665865384615384 0.13020833333333334 0.00985576923076923 0.016666666666666666
0 0.575 0.49322916666666666 0.016826923076923076 0.019791666666666666
0 0.4294471153846154 0.9515625 0.0069711538461538465 0.04583333333333333
0 0.39134615384615384 0.49947916666666664 0.012980769230769231 0.014583333333333334
0 0.2993990384615385 0.25416666666666665 0.012259615384615384 0.0375
0 0.6634615384615384 0.12161458333333333 0.020192307692307693 0.10052083333333334
0 0.6427884615384616 0.07317708333333334 0.007692307692307693 0.0453125
0 0.42752403846153847 0.07916666666666666 0.018509615384615385 0.023958333333333335
0 0.22620192307692308 0.6036458333333333 0.0057692307692307696 0.052083333333333336
0 0.6010817307692308 0.19010416666666666 0.010817307692307692 0.027083333333333334
0 0.6677884615384615 0.04192708333333333 0.0125 0.05572916666666667
0 0.41790865384615383 0.03203125 0.02139423076923077 0.022395833333333334
0 0.3953125 0.08515625 0.02956730769230769 0.049479166666666664
0 0.25384615384615383 0.8294270833333334 0.007211538461538462 0.05364583333333333
0 0.6736778846153846 0.72578125 0.011298076923076923 0.043229166666666666
0 0.4832932692307692 0.057291666666666664 0.020913461538461537 0.021875
0 0.25961538461538464 0.7755208333333333 0.00625 0.046875
0 0.43545673076923075 0.6453125 0.023798076923076922 0.015625
0 0.6853365384615384 0.7309895833333333 0.012980769230769231 0.0390625
0 0.5145432692307692 0.5192708333333333 0.012740384615384615 0.015625
0 0.6331730769230769 0.04114583333333333 0.016346153846153847 0.022916666666666665
0 0.6840144230769231 0.6919270833333333 0.006490384615384616 0.04114583333333333
0 0.4087740384615385 0.26953125 0.04735576923076923 0.0421875
0 0.6745192307692308 0.24348958333333334 0.009615384615384616 0.0421875
0 0.5084134615384616 0.28411458333333334 0.03413461538461538 0.09322916666666667
0 0.6719951923076923 0.6325520833333333 0.030048076923076924 0.033854166666666664
0 0.4326923076923077 0.9752604166666666 0.047115384615384615 0.028645833333333332
0 0.6891826923076924 0.9609375 0.016826923076923076 0.013541666666666667
0 0.5350961538461538 0.70859375 0.006730769230769231 0.0421875
0 0.6661057692307693 0.09661458333333334 0.014423076923076924 0.0515625
0 0.23918269230769232 0.67578125 0.014903846153846155 0.0453125
0 0.31322115384615384 0.038802083333333334 0.017788461538461538 0.0265625
0 0.6388221153846154 0.9619791666666667 0.020913461538461537 0.03125
0 0.4930288461538462 0.6119791666666666 0.008653846153846154 0.041666666666666664
0 0.5963942307692308 0.84140625 0.01971153846153846 0.016145833333333335
0 0.6563701923076923 0.10182291666666667 0.007932692307692307 0.0390625
0 0.28701923076923075 0.3736979166666667 0.007692307692307693 0.033854166666666664
0 0.23377403846153846 0.6046875 0.019471153846153846 0.05416666666666667
0 0.23978365384615385 0.68515625 0.013701923076923077 0.024479166666666666
0 0.39639423076923075 0.20416666666666666 0.022596153846153846 0.014583333333333334
0 0.37103365384615383 0.4674479166666667 0.030048076923076924 0.0421875
0 0.2627403846153846 0.62109375 0.025 0.06927083333333334
0 0.6787259615384615 0.6828125 0.019471153846153846 0.05625
0 0.45348557692307695 0.0067708333333333336 0.024278846153846154 0.010416666666666666
0 0.43040865384615384 0.98203125 0.02139423076923077 0.016145833333333335
0 0.25264423076923076 0.26458333333333334 0.010576923076923078 0.040625
0 0.41971153846153847 0.97734375 0.020673076923076922 0.016145833333333335
0 0.3876201923076923 0.07109375 0.014663461538461538 0.022395833333333334
0 0.39290865384615387 0.04453125 0.026201923076923078 0.024479166666666666
0 0.44915865384615383 0.3138020833333333 0.019951923076923075 0.059895833333333336
0 0.4980769230769231 0.49635416666666665 0.016346153846153847 0.03854166666666667
0 0.23245192307692308 0.2877604166666667 0.009134615384615385 0.07760416666666667
0 0.3479567307692308 0.030989583333333334 0.019471153846153846 0.024479166666666666
0 0.598798076923077 0.3893229166666667 0.026442307692307692 0.06927083333333334
0 0.6883413461538461 0.7791666666666667 0.012259615384615384 0.06354166666666666
0 0.5943509615384616 0.021354166666666667 0.01658653846153846 0.016666666666666666
0 0.3566105769230769 0.928125 0.012740384615384615 0.019791666666666666
0 0.3247596153846154 0.10026041666666667 0.020673076923076922 0.025520833333333333
0 0.6706730769230769 0.41692708333333334 0.006730769230769231 0.04010416666666667
0 0.6139423076923077 0.91171875 0.02548076923076923 0.06510416666666667
0 0.22896634615384615 0.67265625 0.008413461538461538 0.034895833333333334
0 0.23942307692307693 0.4830729166666667 0.014423076923076924 0.03177083333333333
0 0.3811298076923077 0.22604166666666667 0.010336538461538461 0.040625
0 0.3890625 0.021875 0.019471153846153846 0.015625
0 0.6848557692307692 0.7640625 0.006730769230769231 0.034375
0 0.4498798076923077 0.6377604166666667 0.019471153846153846 0.049479166666666664
0 0.25072115384615384 0.4875 0.014423076923076924 0.027083333333333334
0 0.23353365384615385 0.27005208333333336 0.007932692307692307 0.0421875
0 0.6753605769230769 0.2674479166666667 0.009375 0.044270833333333336
0 0.29423076923076924 0.38697916666666665 0.022115384615384617 0.0125
0 0.6680288461538462 0.3651041666666667 0.007692307692307693 0.0375
0 0.4436298076923077 0.09140625 0.018509615384615385 0.04010416666666667
0 0.4330528846153846 0.8401041666666667 0.007932692307692307 0.03125
0 0.3266826923076923 0.9927083333333333 0.01826923076923077 0.0125
0 0.6774038461538462 0.9638020833333333 0.010096153846153847 0.033854166666666664
0 0.45540865384615387 0.96953125 0.03245192307692308 0.03177083333333333
0 0.45108173076923075 0.04192708333333333 0.01658653846153846 0.0140625
0 0.24254807692307692 0.77109375 0.00625 0.0421875
0 0.42620192307692306 0.05130208333333333 0.029326923076923077 0.028645833333333332
0 0.6655048076923077 0.6260416666666667 0.01706730769230769 0.016666666666666666
0 0.5760817307692307 0.73046875 0.00985576923076923 0.03697916666666667
0 0.6810096153846154 0.63515625 0.01201923076923077 0.0296875
0 0.22956730769230768 0.76875 0.008173076923076924 0.04375
0 0.6566105769230769 0.95625 0.026682692307692307 0.05625
0 0.4191105769230769 0.0109375 0.02139423076923077 0.010416666666666666
0 0.6667067307692308 0.26927083333333335 0.007451923076923077 0.03958333333333333
0 0.39627403846153847 0.49765625 0.02235576923076923 0.019270833333333334
0 0.3114182692307692 0.07057291666666667 0.015625 0.024479166666666666
0 0.4277644230769231 0.0234375 0.01658653846153846 0.017708333333333333
0 0.3342548076923077 0.09453125 0.03870192307692308 0.03802083333333333
0 0.34927884615384613 0.8333333333333334 0.023076923076923078 0.084375
0 0.41814903846153845 0.17317708333333334 0.025721153846153845 0.08489583333333334
0 0.24302884615384615 0.27239583333333334 0.029326923076923077 0.058333333333333334
0 0.23557692307692307 0.6942708333333333 0.022596153846153846 0.08333333333333333
0 0.35144230769230766 0.04401041666666667 0.035576923076923075 0.04739583333333333
0 0.22860576923076922 0.690625 0.009615384615384616 0.07083333333333333
0 0.4860576923076923 0.0328125 0.023557692307692307 0.023958333333333335
0 0.3451923076923077 0.05182291666666667 0.01971153846153846 0.021354166666666667
0 0.4018028846153846 0.34010416666666665 0.040625 0.03854166666666667
0 0.44903846153846155 0.03411458333333333 0.02403846153846154 0.024479166666666666
0 0.26346153846153847 0.16432291666666668 0.01971153846153846 0.06197916666666667
0 0.49615384615384617 0.7328125 0.017788461538461538 0.059375
0 0.23401442307692308 0.7122395833333334 0.019951923076923075 0.049479166666666664
0 0.2465144230769231 0.9802083333333333 0.018028846153846152 0.029166666666666667
0 0.3813701923076923 0.45625 0.018990384615384614 0.06145833333333333
0 0.6387019230769231 0.49140625 0.020673076923076922 0.0640625
0 0.2704326923076923 0.69296875 0.009615384615384616 0.0609375
0 0.23401442307692308 0.4635416666666667 0.00985576923076923 0.07291666666666667
0 0.45384615384615384 0.65 0.011538461538461539 0.026041666666666668
0 0.5840144230769231 0.6963541666666667 0.007932692307692307 0.042708333333333334
0 0.4358173076923077 0.08932291666666667 0.035096153846153846 0.0453125
0 0.6230769230769231 0.04453125 0.014423076923076924 0.015104166666666667