0 0.34975961538461536 0.8190104166666666 0.017788461538461538 0.06614583333333333
0 0.33798076923076925 0.5122395833333333 0.01826923076923077 0.0265625
0 0.53125 0.53671875 0.019230769230769232 0.03802083333333333
0 0.5456730769230769 0.57890625 0.01826923076923077 0.0359375
0 0.3782451923076923 0.67109375 0.018509615384615385 0.0359375
0 0.5524038461538462 0.31145833333333334 0.009615384615384616 0.041666666666666664
0 0.490625 0.63671875 0.015865384615384615 0.04635416666666667
0 0.30264423076923075 0.7908854166666667 0.015384615384615385 0.0390625
0 0.48209134615384613 0.33567708333333335 0.013701923076923077 0.04635416666666667
0 0.3997596153846154 0.25286458333333334 0.020673076923076922 0.028645833333333332
0 0.557451923076923 0.7684895833333333 0.016346153846153847 0.034895833333333334
0 0.5443509615384615 0.24375 0.02139423076923077 0.023958333333333335
0 0.5308894230769231 0.8796875 0.01514423076923077 0.03854166666666667
0 0.36646634615384616 0.18619791666666666 0.024278846153846154 0.024479166666666666
0 0.5729567307692308 0.3455729166666667 0.009375 0.04635416666666667
0 0.24290865384615384 0.81796875 0.007451923076923077 0.059895833333333336
0 0.2594951923076923 0.7244791666666667 0.007932692307692307 0.051041666666666666
0 0.42151442307692305 0.5419270833333333 0.011298076923076923 0.034895833333333334
0 0.49783653846153847 0.9127604166666666 0.02451923076923077 0.0265625
0 0.33774038461538464 0.61015625 0.017788461538461538 0.03697916666666667
0 0.3758413461538462 0.7216145833333333 0.02235576923076923 0.03177083333333333
0 0.3038461538461538 0.46067708333333335 0.027403846153846154 0.015104166666666667
0 0.5444711538461539 0.76484375 0.01875 0.0296875
0 0.46887019230769234 0.40208333333333335 0.010817307692307692 0.027083333333333334
0 0.4246394230769231 0.16015625 0.02716346153846154 0.021354166666666667
0 0.2893028846153846 0.23671875 0.018990384615384614 0.044270833333333336
0 0.5372596153846154 0.69375 0.011538461538461539 0.0375
0 0.45552884615384615 0.46380208333333334 0.008653846153846154 0.04739583333333333
0 0.646875 0.6377604166666667 0.015384615384615385 0.033854166666666664
0 0.25961538461538464 0.8604166666666667 0.014903846153846155 0.059375
0 0.5143028846153846 0.37057291666666664 0.006009615384615385 0.04010416666666667
0 0.3173076923076923 0.7213541666666666 0.012980769230769231 0.040625
0 0.39266826923076925 0.13385416666666666 0.024759615384615383 0.014583333333333334
0 0.3814903846153846 0.9205729166666666 0.02451923076923077 0.015104166666666667
0 0.3566105769230769 0.8848958333333333 0.018990384615384614 0.03333333333333333
0 0.24122596153846154 0.7544270833333333 0.01658653846153846 0.0390625
0 0.5034855769230769 0.8044270833333333 0.015625 0.03177083333333333
0 0.36346153846153845 0.6252604166666667 0.02451923076923077 0.0203125
0 0.5420673076923077 0.42942708333333335 0.01875 0.019270833333333334
0 0.606610576923077 0.4518229166666667 0.007932692307692307 0.03697916666666667
0 0.3175480769230769 0.4322916666666667 0.01875 0.03854166666666667
0 0.5783653846153847 0.2682291666666667 0.03221153846153846 0.05
0 0.3566105769230769 0.50078125 0.0069711538461538465 0.04114583333333333
0 0.26995192307692306 0.27630208333333334 0.020192307692307693 0.028645833333333332
0 0.2858173076923077 0.909375 0.01730769230769231 0.023958333333333335
0 0.49483173076923076 0.48802083333333335 0.012259615384615384 0.04583333333333333
0 0.6153846153846154 0.3307291666666667 0.016826923076923076 0.026041666666666668
0 0.26009615384615387 0.6739583333333333 0.01201923076923077 0.042708333333333334
0 0.4400240384615385 0.23697916666666666 0.02139423076923077 0.019791666666666666
0 0.303125 0.65703125 0.023557692307692307 0.015104166666666667
0 0.5165865384615385 0.5075520833333333 0.005288461538461539 0.0453125
0 0.5021634615384616 0.8703125 0.01730769230769231 0.052083333333333336
0 0.5868990384615385 0.7127604166666667 0.01706730769230769 0.0359375
0 0.5200721153846154 0.057291666666666664 0.020913461538461537 0.016666666666666666
0 0.5389423076923077 0.3880208333333333 0.015865384615384615 0.011458333333333333
0 0.27752403846153845 0.7252604166666666 0.006490384615384616 0.05260416666666667
0 0.425 0.9036458333333334 0.021153846153846155 0.017708333333333333
0 0.30673076923076925 0.36484375 0.015384615384615385 0.0515625
0 0.6340144230769231 0.48723958333333334 0.026682692307692307 0.043229166666666666
0 0.5908653846153846 0.07916666666666666 0.011538461538461539 0.03958333333333333
0 0.5582932692307693 0.66796875 0.020432692307692308 0.018229166666666668
0 0.4617788461538462 0.90546875 0.026442307692307692 0.04010416666666667
0 0.6265625 0.7236979166666667 0.019951923076923075 0.0296875
0 0.3192307692307692 0.84765625 0.011057692307692308 0.044270833333333336
0 0.3794471153846154 0.7924479166666667 0.011298076923076923 0.0484375
0 0.25625 0.5677083333333334 0.013942307692307693 0.040625
0 0.3423076923076923 0.3692708333333333 0.010096153846153847 0.03854166666666667
0 0.4234375 0.47109375 0.013701923076923077 0.0296875
0 0.3604567307692308 0.10286458333333333 0.020913461538461537 0.028645833333333332
0 0.36766826923076923 0.55390625 0.01706730769230769 0.04739583333333333
0 0.4564903846153846 0.64296875 0.008653846153846154 0.04010416666666667
0 0.5085336538461539 0.553125 0.018028846153846152 0.014583333333333334
0 0.38076923076923075 0.3541666666666667 0.023557692307692307 0.029166666666666667
0 0.30504807692307695 0.2786458333333333 0.020673076923076922 0.019791666666666666
0 0.5774038461538461 0.30911458333333336 0.01826923076923077 0.011979166666666667
0 0.21298076923076922 0.7109375 0.011057692307692308 0.027083333333333334
0 0.6158653846153846 0.13385416666666666 0.021153846153846155 0.027083333333333334
0 0.5853365384615384 0.17526041666666667 0.010576923076923078 0.03802083333333333
0 0.36322115384615383 0.28463541666666664 0.012980769230769231 0.0453125
0 0.5768028846153846 0.4518229166666667 0.008413461538461538 0.04114583333333333
0 0.32884615384615384 0.965625 0.02980769230769231 0.019791666666666666
0 0.23137019230769232 0.7096354166666666 0.018509615384615385 0.024479166666666666
0 0.571875 0.41302083333333334 0.009615384615384616 0.042708333333333334
0 0.596875 0.34609375 0.02451923076923077 0.0328125
0 0.3498798076923077 0.30520833333333336 0.02283653846153846 0.023958333333333335
0 0.6307692307692307 0.64921875 0.008653846153846154 0.043229166666666666
0 0.4383413461538462 0.8497395833333333 0.02283653846153846 0.015104166666666667
0 0.6265625 0.6942708333333333 0.013701923076923077 0.04791666666666667
0 0.2801682692307692 0.6036458333333333 0.0069711538461538465 0.05
0 0.46911057692307695 0.9666666666666667 0.036778846153846155 0.022916666666666665
0 0.34158653846153847 0.6895833333333333 0.021153846153846155 0.051041666666666666
0 0.4266826923076923 0.6989583333333333 0.021634615384615384 0.025
0 0.4372596153846154 0.65546875 0.013461538461538462 0.04739583333333333
0 0.43677884615384616 0.5791666666666667 0.007692307692307693 0.04375
0 0.3420673076923077 0.40729166666666666 0.01971153846153846 0.023958333333333335
0 0.3445913461538462 0.4317708333333333 0.019951923076923075 0.023958333333333335
0 0.3836538461538462 0.5098958333333333 0.016346153846153847 0.0375
0 0.5859375 0.9598958333333333 0.017548076923076923 0.022916666666666665
0 0.4795673076923077 0.23177083333333334 0.0057692307692307696 0.03958333333333333
0 0.4149038461538462 0.4513020833333333 0.007211538461538462 0.0390625
0 0.41394230769230766 0.809375 0.01730769230769231 0.03229166666666667
0 0.21826923076923077 0.6111979166666667 0.014903846153846155 0.027604166666666666
0 0.6484375 0.5299479166666666 0.0069711538461538465 0.049479166666666664
0 0.45252403846153844 0.5919270833333333 0.026682692307692307 0.015104166666666667
0 0.5941105769230769 0.78984375 0.014182692307692308 0.04635416666666667
0 0.5193509615384615 0.9341145833333333 0.036778846153846155 0.03802083333333333
0 0.5741586538461538 0.90703125 0.006490384615384616 0.033854166666666664
0 0.4229567307692308 0.95703125 0.00985576923076923 0.0171875
0 0.28125 0.16458333333333333 0.014423076923076924 0.03958333333333333
0 0.29086538461538464 0.1171875 0.01826923076923077 0.022916666666666665
0 0.21899038461538461 0.5377604166666666 0.012980769230769231 0.03802083333333333
0 0.47415865384615385 0.5494791666666666 0.009375 0.0375
0 0.6149038461538462 0.36015625 0.011057692307692308 0.0328125
0 0.35144230769230766 0.053385416666666664 0.017788461538461538 0.034895833333333334
0 0.5007211538461539 0.66484375 0.012980769230769231 0.043229166666666666
0 0.4355769230769231 0.91796875 0.023557692307692307 0.016145833333333335
0 0.4721153846153846 0.8182291666666667 0.022115384615384617 0.027083333333333334
0 0.6219951923076923 0.87578125 0.01706730769230769 0.0640625
0 0.6276442307692308 0.19895833333333332 0.02403846153846154 0.04583333333333333
0 0.5820913461538462 0.18385416666666668 0.01706730769230769 0.05520833333333333
0 0.4751201923076923 0.04609375 0.021875 0.016145833333333335
0 0.2186298076923077 0.8578125 0.02283653846153846 0.019791666666666666
0 0.2979567307692308 0.30520833333333336 0.007932692307692307 0.041666666666666664
0 0.6426682692307693 0.7760416666666666 0.02139423076923077 0.023958333333333335
0 0.46971153846153846 0.7231770833333333 0.007211538461538462 0.050520833333333334
0 0.3096153846153846 0.8690104166666667 0.023076923076923078 0.0390625
0 0.24110576923076923 0.2578125 0.01875 0.042708333333333334
0 0.6169471153846153 0.090625 0.02716346153846154 0.025
0 0.3032451923076923 0.9135416666666667 0.006490384615384616 0.05520833333333333
0 0.29447115384615385 0.9651041666666667 0.023076923076923078 0.01875
0 0.4358173076923077 0.04895833333333333 0.047115384615384615 0.03333333333333333
0 0.45072115384615385 0.10260416666666666 0.01875 0.03333333333333333
0 0.4037259615384615 0.07239583333333334 0.012740384615384615 0.03229166666666667
0 0.3737980769230769 0.9502604166666667 0.023557692307692307 0.030729166666666665
0 0.47704326923076923 0.71953125 0.0069711538461538465 0.0609375
0 0.5783653846153847 0.6869791666666667 0.017788461538461538 0.013541666666666667
0 0.42788461538461536 0.7890625 0.022115384615384617 0.023958333333333335
0 0.4316105769230769 0.38203125 0.006490384615384616 0.04114583333333333
0 0.4780048076923077 0.825 0.01514423076923077 0.040625
0 0.5516826923076923 0.04088541666666667 0.01971153846153846 0.022395833333333334
0 0.46322115384615387 0.55234375 0.015865384615384615 0.0140625
0 0.2454326923076923 0.559375 0.00625 0.041666666666666664
0 0.3342548076923077 0.91796875 0.007932692307692307 0.0171875
0 0.4670673076923077 0.5497395833333333 0.023557692307692307 0.03697916666666667
0 0.22091346153846153 0.7895833333333333 0.020673076923076922 0.03958333333333333
0 0.28365384615384615 0.23411458333333332 0.008653846153846154 0.0453125
0 0.3965144230769231 0.49114583333333334 0.018990384615384614 0.0125
0 0.5222355769230769 0.03177083333333333 0.025721153846153845 0.011458333333333333
0 0.4798076923076923 0.49609375 0.009615384615384616 0.0390625
0 0.4252403846153846 0.09427083333333333 0.023076923076923078 0.016666666666666666
0 0.4763221153846154 0.15208333333333332 0.01514423076923077 0.010416666666666666
0 0.4383413461538462 0.7604166666666666 0.014663461538461538 0.028125
0 0.2787259615384615 0.14296875 0.018509615384615385 0.0265625
0 0.6426682692307693 0.84375 0.03533653846153846 0.026041666666666668
0 0.4271634615384615 0.66875 0.010096153846153847 0.03854166666666667
0 0.5758413461538462 0.0453125 0.019951923076923075 0.027083333333333334
0 0.5680288461538462 0.27630208333333334 0.0125 0.033854166666666664
0 0.5616586538461539 0.07213541666666666 0.01706730769230769 0.0328125
0 0.33197115384615383 0.10677083333333333 0.020673076923076922 0.0375
0 0.6329326923076923 0.08489583333333334 0.023557692307692307 0.04791666666666667
0 0.2639423076923077 0.5677083333333334 0.02980769230769231 0.040625
0 0.21971153846153846 0.8294270833333334 0.027403846153846154 0.03802083333333333
0 0.6477163461538461 0.934375 0.030048076923076924 0.04895833333333333
0 0.6354567307692308 0.9575520833333333 0.036778846153846155 0.0421875
0 0.4294471153846154 0.7484375 0.013701923076923077 0.021875
0 0.21177884615384615 0.9057291666666667 0.009615384615384616 0.04479166666666667
0 0.5936298076923077 0.04635416666666667 0.015625 0.036458333333333336
0 0.4402644230769231 0.06510416666666667 0.01706730769230769 0.011458333333333333
0 0.2645432692307692 0.22447916666666667 0.01610576923076923 0.046875
0 0.24278846153846154 0.32838541666666665 0.011057692307692308 0.033854166666666664
0 0.5489182692307693 0.9638020833333333 0.015625 0.009895833333333333
0 0.6080528846153846 0.37083333333333335 0.020913461538461537 0.014583333333333334
0 0.2298076923076923 0.8278645833333333 0.008173076923076924 0.03802083333333333
0 0.35228365384615384 0.6138020833333333 0.04735576923076923 0.0453125
0 0.6310096153846154 0.8661458333333333 0.009615384615384616 0.046875
0 0.23461538461538461 0.8903645833333333 0.032692307692307694 0.015104166666666667
0 0.5109375 0.94375 0.020432692307692308 0.014583333333333334
0 0.6462740384615384 0.9200520833333333 0.026682692307692307 0.022395833333333334
0 0.2188701923076923 0.9182291666666667 0.018990384615384614 0.023958333333333335
0 0.3080528846153846 0.09869791666666666 0.01610576923076923 0.018229166666666668
0 0.6397836538461539 0.15677083333333333 0.013221153846153846 0.036458333333333336
0 0.29759615384615384 0.065625 0.014423076923076924 0.046875
0 0.5292067307692307 0.9294270833333333 0.017548076923076923 0.0265625
0 0.5646634615384616 0.9299479166666667 0.026442307692307692 0.025520833333333333
0 0.5756009615384615 0.07291666666666667 0.018509615384615385 0.021875
0 0.40216346153846155 0.03671875 0.01201923076923077 0.0171875
0 0.2533653846153846 0.9526041666666667 0.020673076923076922 0.04375
0 0.4264423076923077 0.05390625 0.028365384615384615 0.022395833333333334
0 0.4891826923076923 0.95234375 0.020673076923076922 0.009895833333333333
0 0.22127403846153845 0.24583333333333332 0.010817307692307692 0.04479166666666667
0 0.36875 0.08046875 0.017788461538461538 0.016145833333333335
0 0.2979567307692308 0.8588541666666667 0.028125 0.022916666666666665
0 0.3395432692307692 0.058854166666666666 0.0069711538461538465 0.030208333333333334
0 0.6025240384615385 0.353125 0.036298076923076926 0.046875
0 0.2310096153846154 0.5033854166666667 0.006730769230769231 0.044270833333333336
0 0.2234375 0.49661458333333336 0.008413461538461538 0.030729166666666665
0 0.225 0.15963541666666667 0.0125 0.0390625
0 0.23401442307692308 0.39895833333333336 0.03245192307692308 0.04479166666666667
0 0.5741586538461538 0.4315104166666667 0.013701923076923077 0.0796875
0 0.2454326923076923 0.57734375 0.007211538461538462 0.07760416666666667
0 0.22560096153846154 0.4546875 0.012259615384615384 0.052083333333333336
0 0.5152644230769231 0.9669270833333333 0.020432692307692308 0.016145833333333335
0 0.36754807692307695 0.0625 0.020673076923076922 0.01875
0 0.22548076923076923 0.40208333333333335 0.015384615384615385 0.035416666666666666
0 0.6344951923076924 0.42604166666666665 0.007451923076923077 0.04583333333333333
0 0.37091346153846155 0.5645833333333333 0.00625 0.025
0 0.6527644230769231 0.85078125 0.01514423076923077 0.018229166666666668
0 0.28365384615384615 0.08723958333333333 0.020673076923076922 0.030729166666666665
0 0.6514423076923077 0.7158854166666667 0.009134615384615385 0.0703125
0 0.44963942307692306 0.5791666666666667 0.03293269230769231 0.04375
0 0.22632211538461539 0.30859375 0.01658653846153846 0.0421875
0 0.6498798076923077 0.7296875 0.006490384615384616 0.04479166666666667
0 0.2283653846153846 0.8997395833333334 0.02403846153846154 0.03177083333333333
0 0.6382211538461539 0.8734375 0.015384615384615385 0.03854166666666667
0 0.6092548076923077 0.3611979166666667 0.02283653846153846 0.034895833333333334
0 0.3140625 0.05364583333333333 0.01658653846153846 0.03125
0 0.6145432692307692 0.044270833333333336 0.019951923076923075 0.019791666666666666
0 0.6275240384615385 0.21302083333333333 0.023798076923076922 0.016666666666666666
0 0.5149038461538461 0.95859375 0.021153846153846155 0.030729166666666665
0 0.3435096153846154 0.41953125 0.022596153846153846 0.04739583333333333
0 0.26802884615384615 0.18880208333333334 0.03701923076923077 0.0390625
0 0.6557692307692308 0.7747395833333334 0.011057692307692308 0.0234375
0 0.5870192307692308 0.9919270833333333 0.01730769230769231 0.015104166666666667
0 0.6514423076923077 0.9432291666666667 0.022596153846153846 0.03229166666666667
0 0.4210336538461538 0.4588541666666667 0.018990384615384614 0.05416666666666667
0 0.21069711538461539 0.7643229166666666 0.008894230769230769 0.05572916666666667
0 0.4269230769230769 0.3796875 0.011538461538461539 0.03854166666666667
0 0.6400240384615384 0.8372395833333334 0.02860576923076923 0.015104166666666667
0 0.24254807692307692 0.3932291666666667 0.016346153846153847 0.03229166666666667
0 0.21322115384615384 0.47708333333333336 0.00625 0.06875
0 0.6503605769230769 0.8885416666666667 0.00985576923076923 0.03958333333333333
0 0.6533653846153846 0.6950520833333333 0.0057692307692307696 0.0296875
0 0.6469951923076923 0.44609375 0.006009615384615385 0.033854166666666664
0 0.35384615384615387 0.290625 0.03221153846153846 0.057291666666666664
0 0.46694711538461536 0.91640625 0.01658653846153846 0.018229166666666668
0 0.3046875 0.29739583333333336 0.02139423076923077 0.057291666666666664
0 0.6426682692307693 0.26484375 0.007932692307692307 0.034895833333333334
0 0.30408653846153844 0.8575520833333333 0.041346153846153845 0.06510416666666667
0 0.23737980769230768 0.9588541666666667 0.017548076923076923 0.03333333333333333
0 0.21814903846153846 0.95859375 0.007932692307692307 0.0328125
0 0.24495192307692307 0.2046875 0.022115384615384617 0.016666666666666666
0 0.2667067307692308 0.06171875 0.018028846153846152 0.043229166666666666
0 0.5846153846153846 0.26276041666666666 0.01971153846153846 0.0390625
0 0.24867788461538462 0.16145833333333334 0.011778846153846154 0.041666666666666664
0 0.4132211538461538 0.95546875 0.02980769230769231 0.021354166666666667
0 0.41947115384615385 0.6861979166666666 0.008173076923076924 0.04739583333333333
0 0.2123798076923077 0.7877604166666666 0.010817307692307692 0.034895833333333334
0 0.22103365384615384 0.30703125 0.007451923076923077 0.0390625
0 0.3239182692307692 0.05546875 0.03581730769230769 0.03802083333333333
0 0.6275240384615385 0.17604166666666668 0.011778846153846154 0.036458333333333336
0 0.34026442307692306 0.1046875 0.007451923076923077 0.040625
0 0.5507211538461538 0.7671875 0.03125 0.03854166666666667
0 0.6204326923076923 0.03958333333333333 0.032692307692307694 0.034375
0 0.6193509615384616 0.96015625 0.02235576923076923 0.0234375
0 0.45072115384615385 0.7625 0.019230769230769232 0.025
0 0.36658653846153844 0.54375 0.013942307692307693 0.027083333333333334
0 0.39074519230769234 0.5067708333333333 0.030528846153846153 0.04479166666666667
0 0.2153846153846154 0.5619791666666667 0.01201923076923077 0.040625
0 0.240625 0.14765625 0.019230769230769232 0.019270833333333334
0 0.4746394230769231 0.02890625 0.020913461538461537 0.009895833333333333
0 0.4733173076923077 0.72109375 0.014903846153846155 0.0640625
0 0.2734375 0.19739583333333333 0.026682692307692307 0.023958333333333335
0 0.38846153846153847 0.50625 0.011538461538461539 0.034375
0 0.5795673076923077 0.20442708333333334 0.014903846153846155 0.021354166666666667
0 0.33161057692307694 0.058854166666666666 0.02139423076923077 0.030208333333333334
0 0.6064903846153846 0.79765625 0.01875 0.0359375
0 0.6228365384615384 0.19609375 0.008653846153846154 0.04010416666666667
0 0.2575721153846154 0.2359375 0.012259615384615384 0.035416666666666666
0 0.42932692307692305 0.8036458333333333 0.015865384615384615 0.026041666666666668
0 0.378125 0.9872395833333333 0.016826923076923076 0.021354166666666667
0 0.22367788461538463 0.9591145833333333 0.018028846153846152 0.0328125
0 0.4263221153846154 0.68828125 0.02235576923076923 0.049479166666666664
0 0.26490384615384616 0.5598958333333334 0.027884615384615386 0.020833333333333332
0 0.22692307692307692 0.49921875 0.013942307692307693 0.0390625