0 0.33689903846153846 0.56328125 0.01706730769230769 0.024479166666666666
0 0.5920673076923076 0.7609375 0.016346153846153847 0.058333333333333334
0 0.6224759615384615 0.525 0.018509615384615385 0.028125
0 0.5528846153846154 0.32578125 0.023557692307692307 0.0234375
0 0.5537259615384615 0.9153645833333334 0.024278846153846154 0.03177083333333333
0 0.28870192307692305 0.55625 0.021634615384615384 0.028125
0 0.31826923076923075 0.15859375 0.010576923076923078 0.050520833333333334
0 0.4639423076923077 0.22161458333333334 0.012980769230769231 0.0484375
0 0.4424278846153846 0.9111979166666667 0.025240384615384616 0.0328125
0 0.31682692307692306 0.46197916666666666 0.01201923076923077 0.0375
0 0.3426682692307692 0.7143229166666667 0.009375 0.0390625
0 0.3629807692307692 0.31171875 0.027403846153846154 0.03697916666666667
0 0.42223557692307695 0.653125 0.010336538461538461 0.057291666666666664
0 0.619951923076923 0.3776041666666667 0.023076923076923078 0.0375
0 0.39375 0.9427083333333334 0.019230769230769232 0.0375
0 0.5537259615384615 0.14557291666666666 0.02139423076923077 0.025520833333333333
0 0.4112980769230769 0.8205729166666667 0.009615384615384616 0.04739583333333333
0 0.45132211538461536 0.34036458333333336 0.01658653846153846 0.030729166666666665
0 0.34939903846153847 0.15 0.02283653846153846 0.027083333333333334
0 0.5127403846153846 0.43020833333333336 0.012980769230769231 0.03958333333333333
0 0.41983173076923075 0.1234375 0.024278846153846154 0.021875
0 0.48497596153846156 0.37395833333333334 0.018509615384615385 0.01875
0 0.4037259615384615 0.5614583333333333 0.023798076923076922 0.028125
0 0.5486778846153846 0.23880208333333333 0.02139423076923077 0.033854166666666664
0 0.2902644230769231 0.24661458333333333 0.01514423076923077 0.0546875
0 0.48810096153846155 0.5390625 0.023317307692307693 0.015625
0 0.40637019230769234 0.17109375 0.025721153846153845 0.011979166666666667
0 0.571875 0.20859375 0.020192307692307693 0.019270833333333334
0 0.3786057692307692 0.5005208333333333 0.014903846153846155 0.020833333333333332
0 0.2751201923076923 0.7846354166666667 0.014182692307692308 0.058854166666666666
0 0.4735576923076923 0.2908854166666667 0.014903846153846155 0.033854166666666664
0 0.4341346153846154 0.7044270833333334 0.009134615384615385 0.05677083333333333
0 0.5629807692307692 0.6091145833333333 0.014903846153846155 0.0359375
0 0.3167067307692308 0.753125 0.007932692307692307 0.04375
0 0.45853365384615385 0.43203125 0.019471153846153846 0.013020833333333334
0 0.3548076923076923 0.4390625 0.023557692307692307 0.014583333333333334
0 0.5944711538461539 0.17135416666666667 0.025 0.035416666666666666
0 0.6278846153846154 0.6075520833333333 0.015384615384615385 0.0359375
0 0.4015625 0.63203125 0.021875 0.0421875
0 0.5153846153846153 0.17317708333333334 0.016346153846153847 0.0328125
0 0.5490384615384616 0.39609375 0.02403846153846154 0.0296875
0 0.5741586538461538 0.44817708333333334 0.010336538461538461 0.0453125
0 0.27379807692307695 0.6885416666666667 0.00625 0.05520833333333333
0 0.3563701923076923 0.3885416666666667 0.01658653846153846 0.029166666666666667
0 0.6198317307692308 0.4479166666666667 0.019951923076923075 0.025
0 0.5222355769230769 0.225 0.027644230769230768 0.029166666666666667
0 0.4933894230769231 0.16171875 0.023798076923076922 0.016145833333333335
0 0.5305288461538461 0.6958333333333333 0.013942307692307693 0.03125
0 0.5353365384615385 0.09192708333333334 0.019230769230769232 0.019270833333333334
0 0.47079326923076925 0.49140625 0.026682692307692307 0.0171875
0 0.38052884615384613 0.7479166666666667 0.0125 0.035416666666666666
0 0.3216346153846154 0.8916666666666667 0.015865384615384615 0.04479166666666667
0 0.5237980769230769 0.31875 0.023557692307692307 0.014583333333333334
0 0.4204326923076923 0.8768229166666667 0.027403846153846154 0.04114583333333333
0 0.49987980769230766 0.6541666666666667 0.018028846153846152 0.029166666666666667
0 0.48870192307692306 0.4078125 0.00625 0.0375
0 0.5725961538461538 0.5770833333333333 0.022115384615384617 0.03854166666666667
0 0.35564903846153845 0.7658854166666667 0.018990384615384614 0.024479166666666666
0 0.5917067307692307 0.4890625 0.006490384615384616 0.04479166666666667
0 0.6632211538461539 0.3502604166666667 0.015865384615384615 0.033854166666666664
0 0.41875 0.03619791666666667 0.02548076923076923 0.0234375
0 0.6025240384615385 0.63125 0.0069711538461538465 0.04791666666666667
0 0.39002403846153844 0.6768229166666667 0.006490384615384616 0.0453125
0 0.6509615384615385 0.8846354166666667 0.022115384615384617 0.03177083333333333
0 0.4679086538461538 0.8940104166666667 0.006009615384615385 0.043229166666666666
0 0.390625 0.3109375 0.022596153846153846 0.03333333333333333
0 0.5117788461538462 0.28046875 0.020192307692307693 0.013020833333333334
0 0.2782451923076923 0.353125 0.021875 0.03125
0 0.5822115384615385 0.6359375 0.010096153846153847 0.04375
0 0.39891826923076923 0.7471354166666667 0.015625 0.03177083333333333
0 0.4469951923076923 0.46588541666666666 0.013701923076923077 0.0171875
0 0.5568509615384616 0.19375 0.011298076923076923 0.023958333333333335
0 0.43930288461538464 0.9513020833333333 0.01706730769230769 0.0234375
0 0.39326923076923076 0.37942708333333336 0.01875 0.0140625
0 0.5375 0.6567708333333333 0.014903846153846155 0.042708333333333334
0 0.5967548076923077 0.44635416666666666 0.008413461538461538 0.034375
0 0.35396634615384615 0.19947916666666668 0.018990384615384614 0.010416666666666666
0 0.5436298076923077 0.54453125 0.018028846153846152 0.03697916666666667
0 0.4188701923076923 0.2484375 0.011298076923076923 0.042708333333333334
0 0.5365384615384615 0.17760416666666667 0.020673076923076922 0.028125
0 0.46646634615384613 0.07916666666666666 0.014663461538461538 0.041666666666666664
0 0.4740384615384615 0.4518229166666667 0.020673076923076922 0.015104166666666667
0 0.46911057692307695 0.9466145833333334 0.024278846153846154 0.025520833333333333
0 0.5401442307692308 0.4166666666666667 0.019230769230769232 0.020833333333333332
0 0.36322115384615383 0.7276041666666667 0.022596153846153846 0.03229166666666667
0 0.36959134615384615 0.3645833333333333 0.005528846153846154 0.03958333333333333
0 0.3780048076923077 0.5427083333333333 0.006490384615384616 0.029166666666666667
0 0.6320913461538461 0.7080729166666667 0.017548076923076923 0.0328125
0 0.6219951923076923 0.8091145833333333 0.011298076923076923 0.028645833333333332
0 0.3881009615384615 0.12526041666666668 0.018509615384615385 0.013020833333333334
0 0.4625 0.8494791666666667 0.005288461538461539 0.041666666666666664
0 0.6731971153846154 0.7427083333333333 0.021875 0.0375
0 0.6248798076923077 0.30859375 0.024759615384615383 0.0109375
0 0.5669471153846154 0.04114583333333333 0.018509615384615385 0.015625
0 0.39098557692307695 0.33671875 0.011778846153846154 0.024479166666666666
0 0.5473557692307692 0.71171875 0.017788461538461538 0.019270833333333334
0 0.5668269230769231 0.075 0.017788461538461538 0.01875
0 0.4076923076923077 0.07994791666666666 0.016826923076923076 0.028645833333333332
0 0.5634615384615385 0.5002604166666667 0.01826923076923077 0.04739583333333333
0 0.6444711538461538 0.2171875 0.00625 0.04375
0 0.4522836538461538 0.2557291666666667 0.015625 0.030208333333333334
0 0.3813701923076923 0.45078125 0.006009615384615385 0.0453125
0 0.3074519230769231 0.11588541666666667 0.015865384615384615 0.033854166666666664
0 0.5009615384615385 0.7861979166666667 0.014903846153846155 0.0359375
0 0.2485576923076923 0.6942708333333333 0.01971153846153846 0.04375
0 0.3623798076923077 0.8901041666666667 0.019951923076923075 0.013541666666666667
0 0.5995192307692307 0.95234375 0.020192307692307693 0.013020833333333334
0 0.5945913461538461 0.3294270833333333 0.021875 0.021354166666666667
0 0.6414663461538461 0.8127604166666667 0.018990384615384614 0.050520833333333334
0 0.4737980769230769 0.7203125 0.023076923076923078 0.04375
0 0.3080528846153846 0.29635416666666664 0.028125 0.052083333333333336
0 0.5158653846153847 0.7544270833333333 0.01971153846153846 0.03697916666666667
0 0.48040865384615383 0.646875 0.028125 0.027083333333333334
0 0.2558894230769231 0.5328125 0.01658653846153846 0.030208333333333334
0 0.536298076923077 0.4552083333333333 0.015865384615384615 0.05625
0 0.32295673076923076 0.25677083333333334 0.006490384615384616 0.0375
0 0.5224759615384615 0.55234375 0.01658653846153846 0.013020833333333334
0 0.26598557692307695 0.46067708333333335 0.02860576923076923 0.04010416666666667
0 0.6411057692307692 0.6364583333333333 0.01875 0.03958333333333333
0 0.6801682692307692 0.9307291666666667 0.01706730769230769 0.034375
0 0.3739182692307692 0.9333333333333333 0.013221153846153846 0.041666666666666664
0 0.49459134615384615 0.6890625 0.02139423076923077 0.014583333333333334
0 0.47103365384615387 0.6322916666666667 0.018990384615384614 0.014583333333333334
0 0.5640625 0.7067708333333333 0.02283653846153846 0.03333333333333333
0 0.3331730769230769 0.8645833333333334 0.022115384615384617 0.0125
0 0.6290865384615385 0.6528645833333333 0.006730769230769231 0.044270833333333336
0 0.2879807692307692 0.8065104166666667 0.016346153846153847 0.011979166666666667
0 0.5757211538461539 0.5083333333333333 0.021634615384615384 0.07916666666666666
0 0.5823317307692307 0.16979166666666667 0.009375 0.04479166666666667
0 0.4028846153846154 0.4984375 0.0057692307692307696 0.027083333333333334
0 0.39411057692307694 0.4765625 0.02139423076923077 0.01875
0 0.5606971153846154 0.7427083333333333 0.006490384615384616 0.051041666666666666
0 0.5364182692307692 0.0203125 0.02235576923076923 0.0125
0 0.31802884615384613 0.05520833333333333 0.03461538461538462 0.05416666666666667
0 0.6465144230769231 0.5830729166666667 0.01514423076923077 0.0484375
0 0.5331730769230769 0.15364583333333334 0.017788461538461538 0.014583333333333334
0 0.5669471153846154 0.6825520833333333 0.023317307692307693 0.0171875
0 0.6503605769230769 0.32265625 0.019951923076923075 0.0203125
0 0.5329326923076924 0.054947916666666666 0.01826923076923077 0.016145833333333335
0 0.4243990384615385 0.42942708333333335 0.026682692307692307 0.013020833333333334
0 0.45072115384615385 0.6044270833333333 0.009134615384615385 0.03802083333333333
0 0.6402644230769231 0.32135416666666666 0.008894230769230769 0.01875
0 0.6209134615384615 0.9424479166666667 0.022115384615384617 0.015104166666666667
0 0.4936298076923077 0.058333333333333334 0.015625 0.014583333333333334
0 0.29759615384615384 0.9622395833333334 0.026923076923076925 0.027604166666666666
0 0.3621394230769231 0.9591145833333333 0.025240384615384616 0.016145833333333335
0 0.6555288461538461 0.18203125 0.014903846153846155 0.0265625
0 0.25060096153846156 0.15963541666666667 0.018990384615384614 0.021354166666666667
0 0.5883413461538461 0.09036458333333333 0.019471153846153846 0.022395833333333334
0 0.425 0.5765625 0.026442307692307692 0.042708333333333334
0 0.5040865384615385 0.8692708333333333 0.008653846153846154 0.042708333333333334
0 0.49567307692307694 0.22890625 0.01875 0.015104166666666667
0 0.5447115384615384 0.8145833333333333 0.0057692307692307696 0.03854166666666667
0 0.4596153846153846 0.37395833333333334 0.014903846153846155 0.025
0 0.4358173076923077 0.29270833333333335 0.014903846153846155 0.0375
0 0.43990384615384615 0.5057291666666667 0.027403846153846154 0.03333333333333333
0 0.2664663461538462 0.05651041666666667 0.017548076923076923 0.04114583333333333
0 0.6748798076923077 0.70546875 0.015625 0.0484375
0 0.5063701923076923 0.07578125 0.02860576923076923 0.027604166666666666
0 0.5695913461538461 0.2825520833333333 0.005528846153846154 0.0421875
0 0.47596153846153844 0.03125 0.01971153846153846 0.014583333333333334
0 0.44795673076923076 0.5635416666666667 0.020913461538461537 0.026041666666666668
0 0.5283653846153846 0.5260416666666666 0.010096153846153847 0.03333333333333333
0 0.4433894230769231 0.09479166666666666 0.006490384615384616 0.03333333333333333
0 0.6097355769230769 0.39010416666666664 0.006009615384615385 0.040625
0 0.6332932692307692 0.7606770833333333 0.007451923076923077 0.05260416666666667
0 0.5040865384615385 0.8927083333333333 0.012980769230769231 0.04375
0 0.4484375 0.07109375 0.018990384615384614 0.0171875
0 0.4721153846153846 0.5669270833333333 0.036057692307692304 0.0734375
0 0.4824519230769231 0.23802083333333332 0.007211538461538462 0.034375
0 0.42403846153846153 0.9515625 0.02403846153846154 0.027083333333333334
0 0.2508413461538462 0.9575520833333333 0.02139423076923077 0.03697916666666667
0 0.4546875 0.03203125 0.024759615384615383 0.021354166666666667
0 0.6623798076923076 0.440625 0.015625 0.05520833333333333
0 0.41959134615384613 0.49583333333333335 0.012740384615384615 0.04375
0 0.6519230769230769 0.16510416666666666 0.023076923076923078 0.028125
0 0.3 0.28958333333333336 0.0125 0.03958333333333333
0 0.6795673076923077 0.8197916666666667 0.012980769230769231 0.04583333333333333
0 0.6070913461538462 0.06276041666666667 0.012740384615384615 0.034895833333333334
0 0.6257211538461539 0.7424479166666667 0.0057692307692307696 0.04010416666666667
0 0.49182692307692305 0.8140625 0.00625 0.05416666666666667
0 0.4204326923076923 0.06796875 0.019230769230769232 0.0140625
0 0.38064903846153847 0.029166666666666667 0.025240384615384616 0.0125
0 0.45552884615384615 0.3880208333333333 0.035096153846153846 0.051041666666666666
0 0.6783653846153846 0.67578125 0.009615384615384616 0.033854166666666664
0 0.5840144230769231 0.015104166666666667 0.014182692307692308 0.013541666666666667
0 0.45300480769230766 0.10989583333333333 0.017548076923076923 0.0125
0 0.44567307692307695 0.3971354166666667 0.015384615384615385 0.0171875
0 0.6798076923076923 0.8544270833333333 0.015384615384615385 0.0171875
0 0.49206730769230766 0.2375 0.02548076923076923 0.035416666666666666
0 0.4625 0.55 0.016826923076923076 0.041666666666666664
0 0.40528846153846154 0.3411458333333333 0.009134615384615385 0.04375
0 0.2575721153846154 0.12526041666666668 0.026201923076923078 0.027604166666666666
0 0.6623798076923076 0.46119791666666665 0.015625 0.015104166666666667
0 0.41670673076923076 0.3109375 0.020913461538461537 0.0125
0 0.4075721153846154 0.5994791666666667 0.02283653846153846 0.011458333333333333
0 0.49615384615384617 0.032552083333333336 0.022115384615384617 0.018229166666666668
0 0.4622596153846154 0.39895833333333336 0.021153846153846155 0.026041666666666668
0 0.39459134615384617 0.09713541666666667 0.018990384615384614 0.013020833333333334
0 0.38822115384615385 0.045572916666666664 0.02548076923076923 0.0234375
0 0.32043269230769234 0.06901041666666667 0.020192307692307693 0.024479166666666666
0 0.6527644230769231 0.08489583333333334 0.025721153846153845 0.06145833333333333
0 0.6557692307692308 0.9419270833333333 0.021153846153846155 0.0359375
0 0.510576923076923 0.08203125 0.01826923076923077 0.015104166666666667
0 0.25072115384615384 0.8466145833333333 0.01730769230769231 0.03697916666666667
0 0.3133413461538462 0.3138020833333333 0.018028846153846152 0.0171875
0 0.6090144230769231 0.0234375 0.01610576923076923 0.023958333333333335
0 0.4637019230769231 0.5815104166666667 0.012980769230769231 0.0265625
0 0.6694711538461539 0.6541666666666667 0.026442307692307692 0.040625
0 0.5316105769230769 0.44583333333333336 0.0069711538461538465 0.05416666666666667
0 0.5289663461538462 0.04791666666666667 0.031490384615384615 0.03125
0 0.46310096153846153 0.6645833333333333 0.006490384615384616 0.04375
0 0.5817307692307693 0.5197916666666667 0.009134615384615385 0.05416666666666667
0 0.2533653846153846 0.4278645833333333 0.020673076923076922 0.0234375
0 0.6622596153846154 0.6197916666666666 0.020673076923076922 0.020833333333333332
0 0.27391826923076923 0.14479166666666668 0.007451923076923077 0.029166666666666667
0 0.6556490384615384 0.5940104166666667 0.03341346153846154 0.0703125
0 0.6731971153846154 0.6463541666666667 0.018509615384615385 0.027083333333333334
0 0.5098557692307693 0.04401041666666667 0.0125 0.030729166666666665
0 0.25060096153846156 0.41432291666666665 0.01514423076923077 0.0296875
0 0.5358173076923077 0.026822916666666665 0.02548076923076923 0.022395833333333334
0 0.35973557692307695 0.9153645833333334 0.008894230769230769 0.0171875
0 0.521875 0.49635416666666665 0.026442307692307692 0.035416666666666666
0 0.4638221153846154 0.03463541666666667 0.008894230769230769 0.0234375
0 0.6078125 0.3575520833333333 0.04783653846153846 0.07864583333333333
0 0.2465144230769231 0.6286458333333333 0.006009615384615385 0.034375
0 0.2717548076923077 0.9721354166666667 0.01514423076923077 0.016145833333333335
0 0.4795673076923077 0.58671875 0.020673076923076922 0.0328125
0 0.6712740384615384 0.4171875 0.007932692307692307 0.084375
0 0.2467548076923077 0.7859375 0.00985576923076923 0.071875
0 0.6805288461538461 0.8979166666666667 0.016826923076923076 0.016666666666666666
0 0.4579326923076923 0.9575520833333333 0.01730769230769231 0.0140625
0 0.536298076923077 0.04296875 0.01875 0.0171875
0 0.6723557692307692 0.9197916666666667 0.03365384615384615 0.05520833333333333
0 0.6307692307692307 0.0359375 0.01971153846153846 0.035416666666666666
0 0.5736778846153846 0.4817708333333333 0.01706730769230769 0.026041666666666668
0 0.4480769230769231 0.3145833333333333 0.021153846153846155 0.03958333333333333
0 0.47307692307692306 0.6869791666666667 0.006730769230769231 0.03125
0 0.4143028846153846 0.33359375 0.02716346153846154 0.0578125
0 0.6611778846153846 0.9419270833333333 0.010336538461538461 0.03802083333333333
0 0.24927884615384616 0.3619791666666667 0.007211538461538462 0.030208333333333334
0 0.259375 0.19635416666666666 0.013461538461538462 0.03229166666666667
0 0.6305288461538462 0.05260416666666667 0.020673076923076922 0.019791666666666666
0 0.6495192307692308 0.09661458333333334 0.01875 0.03177083333333333
0 0.6784855769230769 0.9033854166666667 0.020913461538461537 0.027604166666666666
0 0.25012019230769234 0.32265625 0.020432692307692308 0.03802083333333333
0 0.5512019230769231 0.73515625 0.025961538461538463 0.06614583333333333
0 0.4516826923076923 0.05677083333333333 0.02403846153846154 0.030208333333333334
0 0.45048076923076924 0.04791666666666667 0.021634615384615384 0.016666666666666666
0 0.5153846153846153 0.22916666666666666 0.013461538461538462 0.019791666666666666
0 0.36622596153846154 0.71953125 0.01610576923076923 0.016145833333333335
0 0.5347355769230769 0.0328125 0.023798076923076922 0.014583333333333334
0 0.5185096153846154 0.044270833333333336 0.013942307692307693 0.013541666666666667
0 0.6681490384615385 0.17291666666666666 0.0069711538461538465 0.041666666666666664
0 0.6174278846153847 0.08697916666666666 0.006490384615384616 0.04791666666666667
0 0.5448317307692307 0.4317708333333333 0.03293269230769231 0.10104166666666667
0 0.6451923076923077 0.16744791666666667 0.009134615384615385 0.022395833333333334
0 0.465625 0.8721354166666667 0.010576923076923078 0.0859375
0 0.6643028846153847 0.6598958333333333 0.01658653846153846 0.029166666666666667
0 0.39495192307692306 0.4890625 0.023557692307692307 0.04375
0 0.2542067307692308 0.16614583333333333 0.026201923076923078 0.035416666666666666
0 0.6403846153846153 0.7859375 0.021634615384615384 0.10416666666666667
0 0.6105769230769231 0.07786458333333333 0.020192307692307693 0.06614583333333333
0 0.40805288461538464 0.75234375 0.007932692307692307 0.03177083333333333
0 0.41838942307692306 0.029427083333333333 0.024759615384615383 0.015104166666666667
0 0.26129807692307694 0.38828125 0.017788461538461538 0.022395833333333334
0 0.24278846153846154 0.4505208333333333 0.013461538461538462 0.021875
0 0.3078125 0.04791666666666667 0.01514423076923077 0.030208333333333334
0 0.25048076923076923 0.07135416666666666 0.011057692307692308 0.035416666666666666
0 0.37884615384615383 0.06458333333333334 0.020673076923076922 0.016666666666666666
0 0.43149038461538464 0.8763020833333334 0.00625 0.04010416666666667
0 0.39002403846153844 0.3494791666666667 0.02860576923076923 0.046875
0 0.28173076923076923 0.10208333333333333 0.03173076923076923 0.025
0 0.6276442307692308 0.013802083333333333 0.017788461538461538 0.011979166666666667
0 0.6640625 0.43411458333333336 0.007932692307692307 0.043229166666666666
0 0.2485576923076923 0.8083333333333333 0.006730769230769231 0.030208333333333334
0 0.2438701923076923 0.23828125 0.011778846153846154 0.07239583333333334
0 0.3604567307692308 0.37395833333333334 0.024759615384615383 0.059375
0 0.5163461538461539 0.4940104166666667 0.014903846153846155 0.0296875
0 0.24771634615384616 0.7625 0.006490384615384616 0.027083333333333334
0 0.2804086538461538 0.14244791666666667 0.019471153846153846 0.034895833333333334
0 0.2485576923076923 0.30859375 0.023076923076923078 0.06822916666666666
0 0.6561298076923077 0.15651041666666668 0.01610576923076923 0.011979166666666667
0 0.40084134615384615 0.4231770833333333 0.02139423076923077 0.0421875
0 0.2893028846153846 0.10286458333333333 0.04735576923076923 0.034895833333333334
0 0.5245192307692308 0.5950520833333334 0.010096153846153847 0.024479166666666666
0 0.3836538461538462 0.07135416666666666 0.027403846153846154 0.023958333333333335
0 0.4997596153846154 0.07317708333333334 0.014423076923076924 0.021354166666666667
0 0.4191105769230769 0.99140625 0.015625 0.015104166666666667
0 0.6633413461538461 0.92421875 0.01610576923076923 0.03802083333333333
0 0.5360576923076923 0.5671875 0.03365384615384615 0.08229166666666667
0 0.5778846153846153 0.08333333333333333 0.04038461538461539 0.036458333333333336
0 0.2592548076923077 0.22604166666666667 0.00985576923076923 0.03229166666666667
0 0.2588942307692308 0.26067708333333334 0.01826923076923077 0.043229166666666666
0 0.3840144230769231 0.07708333333333334 0.020913461538461537 0.014583333333333334
0 0.428125 0.26901041666666664 0.03028846153846154 0.08385416666666666
0 0.2644230769230769 0.16640625 0.008173076923076924 0.027604166666666666
0 0.26009615384615387 0.2109375 0.015384615384615385 0.059375
0 0.5188701923076923 0.08776041666666666 0.01514423076923077 0.022395833333333334
0 0.6710336538461539 0.5783854166666667 0.011778846153846154 0.04010416666666667
0 0.44326923076923075 0.12630208333333334 0.01971153846153846 0.0140625
0 0.3236778846153846 0.03984375 0.019471153846153846 0.022395833333333334
0 0.6626201923076923 0.09192708333333334 0.008894230769230769 0.04114583333333333
0 0.6358173076923077 0.17838541666666666 0.007692307692307693 0.03802083333333333
0 0.6704326923076923 0.39140625 0.00625 0.03177083333333333
0 0.27247596153846154 0.10182291666666667 0.013701923076923077 0.019270833333333334
0 0.35973557692307695 0.73515625 0.014182692307692308 0.016145833333333335
0 0.26165865384615383 0.17239583333333333 0.013221153846153846 0.03958333333333333
0 0.2837740384615385 0.3921875 0.0069711538461538465 0.026041666666666668
0 0.5530048076923076 0.19765625 0.019471153846153846 0.03177083333333333
0 0.39903846153846156 0.4276041666666667 0.0057692307692307696 0.03333333333333333
0 0.2996394230769231 0.08776041666666666 0.020432692307692308 0.016145833333333335
0 0.6784855769230769 0.62578125 0.008413461538461538 0.022395833333333334
0 0.24254807692307692 0.29192708333333334 0.010576923076923078 0.0359375
0 0.6521634615384615 0.9502604166666667 0.013942307692307693 0.0109375
0 0.25817307692307695 0.3919270833333333 0.01201923076923077 0.015104166666666667
0 0.3658653846153846 0.9890625 0.023557692307692307 0.015625
0 0.24495192307692307 0.35989583333333336 0.016346153846153847 0.0375
0 0.4020432692307692 0.05911458333333333 0.0641826923076923 0.07760416666666667
0 0.6556490384615384 0.17265625 0.030048076923076924 0.0453125
0 0.38016826923076924 0.3494791666666667 0.010336538461538461 0.041666666666666664
0 0.3466346153846154 0.2591145833333333 0.007692307692307693 0.013020833333333334
0 0.2939903846153846 0.809375 0.029326923076923077 0.017708333333333333
0 0.48257211538461536 0.6658854166666667 0.023317307692307693 0.0109375
0 0.40084134615384615 0.41041666666666665 0.02139423076923077 0.015625
0 0.41454326923076923 0.07708333333333334 0.031009615384615385 0.034375
0 0.3872596153846154 0.05755208333333333 0.023076923076923078 0.018229166666666668
0 0.5306490384615384 0.5859375 0.023317307692307693 0.04583333333333333
0 0.27103365384615385 0.36875 0.036778846153846155 0.0625
0 0.2597355769230769 0.9596354166666666 0.03870192307692308 0.04114583333333333
0 0.25396634615384617 0.18046875 0.029086538461538462 0.06510416666666667
0 0.24603365384615383 0.1 0.01658653846153846 0.028125
0 0.43317307692307694 0.4981770833333333 0.04038461538461539 0.049479166666666664
0 0.534375 0.6731770833333334 0.021634615384615384 0.0765625