0 0.14427083333333332 0.3765625 0.029166666666666667 0.023798076923076922
0 0.5619791666666667 0.3568509615384615 0.03958333333333333 0.030528846153846153
0 0.3302083333333333 0.3395432692307692 0.036458333333333336 0.013701923076923077
0 0.27578125 0.3049278846153846 0.0546875 0.01706730769230769
0 0.053385416666666664 0.39663461538461536 0.0265625 0.025961538461538463
0 0.2755208333333333 0.4520432692307692 0.04375 0.019951923076923075
0 0.13619791666666667 0.28161057692307695 0.0484375 0.023317307692307693
0 0.19973958333333333 0.33581730769230766 0.04739583333333333 0.010096153846153847
0 0.13958333333333334 0.4469951923076923 0.040625 0.02235576923076923
0 0.5606770833333333 0.32091346153846156 0.015104166666666667 0.02548076923076923
0 0.37395833333333334 0.309375 0.017708333333333333 0.015865384615384615
0 0.4109375 0.3372596153846154 0.019791666666666666 0.022596153846153846
0 0.484375 0.2996394230769231 0.0375 0.013701923076923077
0 0.6513020833333333 0.31310096153846156 0.05364583333333333 0.018509615384615385
0 0.3015625 0.37932692307692306 0.036458333333333336 0.010096153846153847
0 0.365625 0.265625 0.04791666666666667 0.010096153846153847
0 0.21640625 0.4387019230769231 0.034895833333333334 0.017788461538461538
0 0.37994791666666666 0.35336538461538464 0.0234375 0.03798076923076923
0 0.13463541666666667 0.5823317307692307 0.033854166666666664 0.023317307692307693
0 0.5361979166666667 0.6310096153846154 0.04010416666666667 0.026923076923076925
0 0.44505208333333335 0.5700721153846153 0.0515625 0.03293269230769231
0 0.6270833333333333 0.26490384615384616 0.03958333333333333 0.012980769230769231
0 0.54140625 0.27127403846153847 0.05364583333333333 0.011298076923076923
0 0.25755208333333335 0.409375 0.0140625 0.02548076923076923
0 0.07005208333333333 0.4876201923076923 0.0390625 0.018509615384615385
0 0.15989583333333332 0.5337740384615385 0.034375 0.03245192307692308
0 0.7567708333333333 0.3504807692307692 0.041666666666666664 0.02451923076923077
0 0.2830729166666667 0.3914663461538462 0.0390625 0.01610576923076923
0 0.04973958333333333 0.34639423076923076 0.03697916666666667 0.013461538461538462
0 0.43645833333333334 0.3269230769230769 0.029166666666666667 0.016346153846153847
0 0.2708333333333333 0.5614182692307692 0.034375 0.01706730769230769
0 0.14791666666666667 0.4698317307692308 0.034375 0.014663461538461538
0 0.7463541666666667 0.31189903846153844 0.019791666666666666 0.02716346153846154
0 0.303125 0.42596153846153845 0.041666666666666664 0.022115384615384617
0 0.14401041666666667 0.2361778846153846 0.0203125 0.018028846153846152
0 0.6216145833333333 0.35192307692307695 0.044270833333333336 0.006730769230769231
0 0.49140625 0.3219951923076923 0.0515625 0.019471153846153846
0 0.4661458333333333 0.35084134615384616 0.041666666666666664 0.013221153846153846
0 0.22473958333333333 0.5096153846153846 0.0546875 0.015384615384615385
0 0.08854166666666667 0.36682692307692305 0.036458333333333336 0.007692307692307693
0 0.8458333333333333 0.25060096153846156 0.03229166666666667 0.014663461538461538
0 0.41770833333333335 0.6243990384615384 0.065625 0.020913461538461537
0 0.8549479166666667 0.5514423076923077 0.03802083333333333 0.01730769230769231
0 0.79453125 0.4098557692307692 0.044270833333333336 0.01826923076923077
0 0.6932291666666667 0.5704326923076923 0.04479166666666667 0.011538461538461539
0 0.34817708333333336 0.6134615384615385 0.0546875 0.028846153846153848
0 0.6192708333333333 0.4104567307692308 0.051041666666666666 0.014182692307692308
0 0.31354166666666666 0.3171875 0.013541666666666667 0.031009615384615385
0 0.60234375 0.5536057692307692 0.07552083333333333 0.015384615384615385
0 0.16119791666666666 0.4096153846153846 0.044270833333333336 0.019230769230769232
0 0.11067708333333333 0.4659855769230769 0.04010416666666667 0.008894230769230769
0 0.25 0.6167067307692308 0.042708333333333334 0.023798076923076922
0 0.19557291666666668 0.4668269230769231 0.0140625 0.029326923076923077
0 0.6598958333333333 0.37091346153846155 0.058333333333333334 0.021153846153846155
0 0.8658854166666666 0.3289663461538462 0.03697916666666667 0.012259615384615384
0 0.21536458333333333 0.5257211538461538 0.05260416666666667 0.010576923076923078
0 0.51796875 0.2810096153846154 0.044270833333333336 0.009615384615384616
0 0.7755208333333333 0.2681490384615385 0.01875 0.030048076923076924
0 0.4518229166666667 0.6094951923076923 0.05260416666666667 0.013221153846153846
0 0.058333333333333334 0.32235576923076925 0.04375 0.006730769230769231
0 0.31536458333333334 0.27608173076923076 0.016145833333333335 0.019951923076923075
0 0.8375 0.3449519230769231 0.03125 0.01826923076923077
0 0.10052083333333334 0.45108173076923075 0.029166666666666667 0.02283653846153846
0 0.8440104166666667 0.3811298076923077 0.03802083333333333 0.013701923076923077
0 0.24088541666666666 0.48401442307692305 0.0203125 0.03293269230769231
0 0.8138020833333334 0.5688701923076923 0.05260416666666667 0.00985576923076923
0 0.25494791666666666 0.5197115384615385 0.016145833333333335 0.026442307692307692
0 0.5013020833333334 0.5076923076923077 0.0546875 0.013942307692307693
0 0.17786458333333333 0.5954326923076924 0.0703125 0.03028846153846154
0 0.7348958333333333 0.5310096153846153 0.041666666666666664 0.016826923076923076
0 0.16901041666666666 0.4911057692307692 0.04635416666666667 0.02548076923076923
0 0.40182291666666664 0.5741586538461538 0.0359375 0.02139423076923077
0 0.41171875 0.5342548076923077 0.016145833333333335 0.02716346153846154
0 0.1859375 0.4234375 0.015625 0.02235576923076923
0 0.24765625 0.5381009615384615 0.050520833333333334 0.0069711538461538465
0 0.7036458333333333 0.3596153846153846 0.036458333333333336 0.011538461538461539
0 0.7421875 0.5557692307692308 0.07395833333333333 0.02403846153846154
0 0.38307291666666665 0.6375 0.0234375 0.01971153846153846
0 0.2752604166666667 0.6407451923076923 0.04114583333333333 0.012259615384615384
0 0.26510416666666664 0.5829326923076923 0.016666666666666666 0.023076923076923078
0 0.5903645833333333 0.3954326923076923 0.030729166666666665 0.028846153846153848
0 0.042708333333333334 0.5745192307692307 0.03958333333333333 0.032692307692307694
0 0.34921875 0.5600961538461539 0.0328125 0.021634615384615384
0 0.6044270833333333 0.33557692307692305 0.0203125 0.019230769230769232
0 0.3494791666666667 0.5826923076923077 0.014583333333333334 0.020673076923076922
0 0.78828125 0.3408653846153846 0.022395833333333334 0.020192307692307693
0 0.7528645833333333 0.5920673076923076 0.024479166666666666 0.02403846153846154
0 0.21875 0.5707932692307692 0.040625 0.014663461538461538
0 0.9020833333333333 0.32235576923076925 0.027083333333333334 0.013942307692307693
0 0.75078125 0.3814903846153846 0.0546875 0.015384615384615385
0 0.30911458333333336 0.5977163461538462 0.022395833333333334 0.027644230769230768
0 0.18932291666666667 0.5628605769230769 0.04635416666666667 0.01610576923076923
0 0.471875 0.4391826923076923 0.04895833333333333 0.015865384615384615
0 0.34322916666666664 0.528485576923077 0.04583333333333333 0.025240384615384616
0 0.7916666666666666 0.5159855769230769 0.022916666666666665 0.02283653846153846
0 0.528125 0.6025240384615385 0.020833333333333332 0.019951923076923075
0 0.12838541666666667 0.49951923076923077 0.07239583333333334 0.036057692307692304
0 0.8921875 0.5762019230769231 0.05 0.0125
0 0.70625 0.6157451923076923 0.015625 0.023317307692307693
0 0.4078125 0.4515625 0.013541666666666667 0.018990384615384614
0 0.065625 0.5489182692307693 0.035416666666666666 0.014182692307692308
0 0.23515625 0.23197115384615385 0.058854166666666666 0.00625
0 0.34817708333333336 0.6203125 0.0546875 0.013701923076923077
0 0.33255208333333336 0.4110576923076923 0.044270833333333336 0.016346153846153847
0 0.29661458333333335 0.5788461538461539 0.05260416666666667 0.015865384615384615
0 0.109375 0.6561298076923077 0.046875 0.02716346153846154
0 0.8127604166666667 0.5394230769230769 0.06197916666666667 0.011538461538461539
0 0.35546875 0.5002403846153847 0.016145833333333335 0.02548076923076923
0 0.6692708333333334 0.26911057692307694 0.051041666666666666 0.006009615384615385
0 0.7359375 0.23810096153846153 0.026041666666666668 0.018028846153846152
0 0.17942708333333332 0.6580528846153846 0.0828125 0.025721153846153845
0 0.7015625 0.30673076923076925 0.036458333333333336 0.005288461538461539
0 0.5002604166666667 0.6221153846153846 0.0140625 0.022596153846153846
0 0.8315104166666667 0.5900240384615385 0.05260416666666667 0.026201923076923078
0 0.09791666666666667 0.5950721153846154 0.023958333333333335 0.020432692307692308
0 0.8002604166666667 0.2390625 0.05260416666666667 0.014663461538461538
0 0.14973958333333334 0.5526442307692307 0.0484375 0.00625
0 0.48854166666666665 0.5169471153846154 0.04895833333333333 0.025721153846153845
0 0.5205729166666667 0.4576923076923077 0.0390625 0.01201923076923077
0 0.78515625 0.6179086538461539 0.0515625 0.020432692307692308
0 0.5786458333333333 0.634375 0.03333333333333333 0.03365384615384615
0 0.37135416666666665 0.4389423076923077 0.028125 0.013461538461538462
0 0.71796875 0.45252403846153844 0.043229166666666666 0.02716346153846154
0 0.04244791666666667 0.6424278846153846 0.043229166666666666 0.03774038461538461
0 0.45416666666666666 0.5948317307692308 0.042708333333333334 0.02139423076923077
0 0.3567708333333333 0.6414663461538461 0.025 0.01610576923076923
0 0.8377604166666667 0.5850961538461539 0.03802083333333333 0.016346153846153847
0 0.5911458333333334 0.43521634615384613 0.04479166666666667 0.009375
0 0.31953125 0.5627403846153847 0.04114583333333333 0.010096153846153847
0 0.35182291666666665 0.4740384615384615 0.0140625 0.021153846153846155
0 0.35208333333333336 0.45492788461538464 0.03854166666666667 0.019951923076923075
0 0.51484375 0.5848557692307692 0.09114583333333333 0.01730769230769231
0 0.5955729166666667 0.4778846153846154 0.030729166666666665 0.013461538461538462
0 0.39140625 0.40805288461538464 0.050520833333333334 0.009375
0 0.3296875 0.4578125 0.014583333333333334 0.02283653846153846
0 0.7986979166666667 0.5806490384615385 0.0359375 0.014182692307692308
0 0.6979166666666666 0.6028846153846154 0.017708333333333333 0.021634615384615384
0 0.5033854166666667 0.5712740384615385 0.0171875 0.023798076923076922
0 0.84609375 0.4461538461538462 0.049479166666666664 0.008173076923076924
0 0.4234375 0.5992788461538462 0.036458333333333336 0.010096153846153847
0 0.6291666666666667 0.5259615384615385 0.058333333333333334 0.019230769230769232
0 0.4015625 0.38245192307692305 0.06770833333333333 0.020192307692307693
0 0.603125 0.24615384615384617 0.06770833333333333 0.03942307692307692
0 0.8361979166666667 0.6151442307692307 0.0390625 0.007692307692307693
0 0.5981770833333333 0.5919471153846154 0.03697916666666667 0.02860576923076923
0 0.07395833333333333 0.6120192307692308 0.03333333333333333 0.01971153846153846
0 0.43645833333333334 0.39903846153846156 0.03854166666666667 0.01826923076923077
0 0.5583333333333333 0.6555288461538461 0.04479166666666667 0.01201923076923077
0 0.9158854166666667 0.271875 0.09322916666666667 0.03221153846153846
0 0.23125 0.65625 0.04895833333333333 0.026442307692307692
0 0.21979166666666666 0.6311298076923076 0.029166666666666667 0.023798076923076922
0 0.37447916666666664 0.39831730769230766 0.036458333333333336 0.0125
0 0.2955729166666667 0.5914663461538462 0.05260416666666667 0.040625
0 0.7296875 0.4329326923076923 0.046875 0.007692307692307693
0 0.6588541666666666 0.40276442307692306 0.030208333333333334 0.018028846153846152
0 0.32473958333333336 0.6445913461538462 0.018229166666666668 0.026682692307692307
0 0.49947916666666664 0.34134615384615385 0.04479166666666667 0.007692307692307693
0 0.534375 0.4360576923076923 0.04375 0.02403846153846154
0 0.2721354166666667 0.4795673076923077 0.0484375 0.03413461538461538
0 0.66875 0.3395432692307692 0.03229166666666667 0.017548076923076923
0 0.76328125 0.3931490384615385 0.0203125 0.01610576923076923
0 0.6677083333333333 0.5991586538461539 0.04375 0.013701923076923077
0 0.08984375 0.5477163461538461 0.024479166666666666 0.02716346153846154
0 0.7010416666666667 0.38269230769230766 0.023958333333333335 0.017788461538461538
0 0.7216145833333333 0.41177884615384613 0.03177083333333333 0.012980769230769231
0 0.6440104166666667 0.44314903846153847 0.0578125 0.02139423076923077
0 0.77109375 0.5478365384615385 0.0421875 0.023557692307692307
0 0.3802083333333333 0.4264423076923077 0.04375 0.022115384615384617
0 0.45078125 0.5283653846153846 0.05364583333333333 0.019230769230769232
0 0.3859375 0.5697115384615384 0.040625 0.021634615384615384
0 0.7153645833333333 0.34362980769230766 0.016145833333333335 0.02139423076923077
0 0.2864583333333333 0.590625 0.020833333333333332 0.01730769230769231
0 0.41015625 0.5537259615384615 0.0328125 0.018990384615384614
0 0.79453125 0.4400240384615385 0.043229166666666666 0.012259615384615384
0 0.91796875 0.4201923076923077 0.016145833333333335 0.01730769230769231
0 0.64453125 0.549639423076923 0.03802083333333333 0.015625
0 0.39296875 0.5037259615384615 0.043229166666666666 0.018028846153846152
0 0.9361979166666666 0.3018028846153846 0.016145833333333335 0.02283653846153846
0 0.19375 0.30733173076923076 0.03854166666666667 0.017548076923076923
0 0.38515625 0.36454326923076924 0.0140625 0.015625
0 0.8869791666666667 0.44435096153846154 0.034375 0.02139423076923077
0 0.5677083333333334 0.5629807692307692 0.05520833333333333 0.023557692307692307
0 0.4046875 0.24134615384615385 0.03854166666666667 0.008653846153846154
0 0.4315104166666667 0.6439903846153846 0.0296875 0.01826923076923077
0 0.9526041666666667 0.3973557692307692 0.027083333333333334 0.008173076923076924
0 0.49609375 0.5435096153846154 0.1296875 0.03894230769230769
0 0.04895833333333333 0.6 0.04375 0.01875
0 0.4200520833333333 0.475 0.05260416666666667 0.009615384615384616
0 0.3765625 0.34603365384615387 0.016666666666666666 0.023798076923076922
0 0.5244791666666667 0.41814903846153845 0.026041666666666668 0.018028846153846152
0 0.8796875 0.3629807692307692 0.04583333333333333 0.008173076923076924
0 0.5890625 0.5662259615384615 0.01875 0.018990384615384614
0 0.8604166666666667 0.4234375 0.021875 0.017548076923076923
0 0.8348958333333333 0.5068509615384615 0.027083333333333334 0.017548076923076923
0 0.7049479166666667 0.23545673076923077 0.0390625 0.009375
0 0.4984375 0.6465144230769231 0.041666666666666664 0.02283653846153846
0 0.055989583333333336 0.46057692307692305 0.044270833333333336 0.03365384615384615
0 0.5296875 0.5318509615384616 0.04375 0.013701923076923077
0 0.6872395833333333 0.5320913461538461 0.04010416666666667 0.024278846153846154
0 0.3182291666666667 0.2436298076923077 0.0375 0.005528846153846154
0 0.07239583333333334 0.45829326923076924 0.016666666666666666 0.02139423076923077
0 0.3203125 0.43064903846153846 0.01875 0.021875
0 0.6260416666666667 0.30036057692307694 0.05 0.007932692307692307
0 0.4010416666666667 0.6486778846153847 0.03958333333333333 0.024759615384615383
0 0.9450520833333333 0.5820913461538462 0.04010416666666667 0.015625
0 0.36770833333333336 0.5451923076923076 0.015625 0.022596153846153846
0 0.5276041666666667 0.48810096153846155 0.014583333333333334 0.014663461538461538
0 0.6270833333333333 0.30709134615384615 0.052083333333333336 0.02283653846153846
0 0.6309895833333333 0.6118990384615385 0.03697916666666667 0.036298076923076926
0 0.6299479166666667 0.4546875 0.0359375 0.012740384615384615
0 0.6940104166666666 0.33545673076923077 0.021354166666666667 0.023317307692307693
0 0.9390625 0.3622596153846154 0.04375 0.007692307692307693
0 0.05390625 0.26658653846153846 0.05677083333333333 0.021153846153846155
0 0.8705729166666667 0.34747596153846155 0.025520833333333333 0.01706730769230769
0 0.7838541666666666 0.48978365384615385 0.07083333333333333 0.03389423076923077
0 0.6346354166666667 0.643389423076923 0.0734375 0.02716346153846154
0 0.8927083333333333 0.5475961538461539 0.017708333333333333 0.020192307692307693
0 0.5611979166666666 0.4157451923076923 0.0203125 0.018509615384615385
0 0.8604166666666667 0.46658653846153847 0.023958333333333335 0.01730769230769231
0 0.16614583333333333 0.4159855769230769 0.05520833333333333 0.037259615384615384
0 0.6825520833333333 0.5893028846153846 0.0328125 0.006009615384615385
0 0.5263020833333333 0.3939903846153846 0.030729166666666665 0.01875
0 0.6260416666666667 0.3409855769230769 0.016666666666666666 0.007932692307692307
0 0.5 0.5498798076923077 0.075 0.02716346153846154
0 0.3796875 0.49254807692307695 0.03854166666666667 0.010576923076923078
0 0.6802083333333333 0.24471153846153845 0.029166666666666667 0.015384615384615385
0 0.70703125 0.24903846153846154 0.03802083333333333 0.010576923076923078
0 0.8309895833333333 0.4598557692307692 0.04114583333333333 0.01826923076923077
0 0.69140625 0.4902644230769231 0.0578125 0.025721153846153845
0 0.86640625 0.5175480769230769 0.03802083333333333 0.015384615384615385
0 0.6041666666666666 0.4746394230769231 0.04791666666666667 0.020913461538461537
0 0.05520833333333333 0.27403846153846156 0.05416666666666667 0.008173076923076924
0 0.44140625 0.42415865384615387 0.044270833333333336 0.028125
0 0.8260416666666667 0.5979567307692307 0.041666666666666664 0.010817307692307692
0 0.8216145833333334 0.4216346153846154 0.0265625 0.023557692307692307
0 0.039322916666666666 0.26129807692307694 0.0328125 0.021153846153846155
0 0.38125 0.5414663461538461 0.015625 0.026201923076923078
0 0.06302083333333333 0.45552884615384615 0.029166666666666667 0.022596153846153846
0 0.5317708333333333 0.5122596153846154 0.025 0.01971153846153846
0 0.5630208333333333 0.56875 0.046875 0.010576923076923078
0 0.35885416666666664 0.24122596153846154 0.03958333333333333 0.007932692307692307
0 0.5169270833333334 0.5510817307692307 0.04010416666666667 0.024759615384615383
0 0.48046875 0.45360576923076923 0.034895833333333334 0.013461538461538462
0 0.94140625 0.6139423076923077 0.0921875 0.03461538461538462
0 0.4828125 0.6588942307692308 0.04375 0.01201923076923077
0 0.7205729166666667 0.31971153846153844 0.016145833333333335 0.004807692307692308
0 0.16848958333333333 0.48401442307692305 0.0453125 0.010336538461538461
0 0.6575520833333334 0.2247596153846154 0.022395833333333334 0.008173076923076924
0 0.7401041666666667 0.6387019230769231 0.03854166666666667 0.0125
0 0.6067708333333334 0.5152644230769231 0.041666666666666664 0.010817307692307692
0 0.5736979166666667 0.45889423076923075 0.049479166666666664 0.020192307692307693
0 0.68359375 0.5216346153846154 0.04010416666666667 0.011538461538461539
0 0.7364583333333333 0.5 0.028125 0.032692307692307694
0 0.35625 0.42223557692307695 0.09166666666666666 0.03918269230769231
0 0.04765625 0.284375 0.030729166666666665 0.011538461538461539
0 0.46145833333333336 0.6510817307692308 0.034375 0.02283653846153846
0 0.65859375 0.41622596153846153 0.03697916666666667 0.011298076923076923
0 0.47760416666666666 0.3215144230769231 0.022916666666666665 0.019951923076923075
0 0.32864583333333336 0.5048076923076923 0.013541666666666667 0.020673076923076922
0 0.909375 0.6216346153846154 0.04375 0.008653846153846154
0 0.5580729166666667 0.5963942307692308 0.0453125 0.01730769230769231
0 0.6052083333333333 0.580889423076923 0.022916666666666665 0.013701923076923077
0 0.45208333333333334 0.5346153846153846 0.05 0.006730769230769231
0 0.09296875 0.622235576923077 0.03697916666666667 0.014182692307692308
0 0.08385416666666666 0.5647836538461538 0.015625 0.02139423076923077
0 0.125 0.6597355769230769 0.016666666666666666 0.018990384615384614
0 0.43463541666666666 0.5265625 0.0203125 0.015625
0 0.9447916666666667 0.5454326923076923 0.051041666666666666 0.03461538461538462
0 0.40963541666666664 0.4811298076923077 0.04114583333333333 0.01706730769230769
0 0.62265625 0.48677884615384615 0.0328125 0.012980769230769231
0 0.5197916666666667 0.4342548076923077 0.029166666666666667 0.02139423076923077
0 0.5705729166666667 0.4723557692307692 0.028645833333333332 0.008173076923076924
0 0.2955729166666667 0.6444711538461538 0.08177083333333333 0.026923076923076925
0 0.7705729166666667 0.4830528846153846 0.043229166666666666 0.019951923076923075
0 0.74453125 0.24134615384615385 0.0453125 0.025
0 0.5307291666666667 0.44519230769230766 0.035416666666666666 0.006730769230769231
0 0.5627604166666667 0.5337740384615385 0.027604166666666666 0.020432692307692308
0 0.7552083333333334 0.6111778846153846 0.019791666666666666 0.01706730769230769
0 0.59921875 0.40084134615384615 0.015104166666666667 0.018028846153846152
0 0.7510416666666667 0.6414663461538461 0.059375 0.017548076923076923
0 0.9125 0.5024038461538461 0.034375 0.014903846153846155
0 0.35859375 0.42391826923076925 0.016145833333333335 0.02235576923076923
0 0.6424479166666667 0.5305288461538461 0.03177083333333333 0.009615384615384616
0 0.77109375 0.45721153846153845 0.015104166666666667 0.0125
0 0.65859375 0.36514423076923075 0.05260416666666667 0.009134615384615385
0 0.7044270833333334 0.5522836538461539 0.013020833333333334 0.018509615384615385
0 0.7356770833333334 0.49038461538461536 0.027604166666666666 0.012980769230769231
0 0.5049479166666667 0.4777644230769231 0.0453125 0.010817307692307692
0 0.4200520833333333 0.48617788461538464 0.06614583333333333 0.03245192307692308
0 0.7072916666666667 0.4893028846153846 0.026041666666666668 0.023317307692307693
0 0.5671875 0.505048076923077 0.046875 0.025961538461538463
0 0.49192708333333335 0.4032451923076923 0.022395833333333334 0.018509615384615385
0 0.7671875 0.6467548076923076 0.09375 0.027644230769230768
0 0.4674479166666667 0.4221153846153846 0.033854166666666664 0.014423076923076924
0 0.8065104166666667 0.46165865384615384 0.016145833333333335 0.02139423076923077
0 0.07473958333333333 0.5550480769230769 0.05364583333333333 0.041826923076923074
0 0.7505208333333333 0.4662259615384615 0.03125 0.013701923076923077
0 0.8390625 0.3705528846153846 0.022916666666666665 0.01514423076923077
0 0.6841145833333333 0.5144230769230769 0.044270833333333336 0.010096153846153847
0 0.6330729166666667 0.6033653846153846 0.03177083333333333 0.019230769230769232
0 0.9359375 0.4483173076923077 0.028125 0.03942307692307692
0 0.5817708333333333 0.2516826923076923 0.04479166666666667 0.007211538461538462
0 0.359375 0.2361778846153846 0.13020833333333334 0.020913461538461537
0 0.7174479166666666 0.5055288461538462 0.018229166666666668 0.029326923076923077
0 0.26588541666666665 0.48822115384615383 0.0265625 0.016826923076923076
0 0.65234375 0.49591346153846155 0.015104166666666667 0.021153846153846155
0 0.9322916666666666 0.4390625 0.020833333333333332 0.020913461538461537
0 0.6208333333333333 0.520673076923077 0.041666666666666664 0.009615384615384616
0 0.47890625 0.34723557692307694 0.0859375 0.020432692307692308
0 0.43072916666666666 0.49122596153846154 0.013541666666666667 0.02139423076923077
0 0.05572916666666667 0.2796875 0.05416666666666667 0.019951923076923075
0 0.6729166666666667 0.4668269230769231 0.046875 0.03461538461538462
0 0.49322916666666666 0.3737980769230769 0.10520833333333333 0.017788461538461538
0 0.81328125 0.6493990384615385 0.0234375 0.01658653846153846
0 0.11380208333333333 0.49567307692307694 0.015104166666666667 0.029326923076923077
0 0.3809895833333333 0.5532451923076923 0.0265625 0.05024038461538462
0 0.59140625 0.22596153846153846 0.0421875 0.009134615384615385
0 0.28125 0.4740384615384615 0.029166666666666667 0.022115384615384617
0 0.17395833333333333 0.653485576923077 0.028125 0.01706730769230769
0 0.66484375 0.24158653846153846 0.016145833333333335 0.019230769230769232
0 0.40182291666666664 0.6608173076923077 0.0390625 0.007692307692307693
0 0.8651041666666667 0.5926682692307692 0.017708333333333333 0.025721153846153845
0 0.49947916666666664 0.47103365384615387 0.053125 0.024278846153846154
0 0.8049479166666667 0.4913461538461538 0.027604166666666666 0.03125
0 0.16458333333333333 0.5442307692307692 0.025 0.011538461538461539
0 0.43515625 0.6227163461538462 0.033854166666666664 0.010817307692307692
0 0.91484375 0.2639423076923077 0.033854166666666664 0.013461538461538462
0 0.06536458333333334 0.23653846153846153 0.019270833333333334 0.022596153846153846
0 0.63515625 0.6460336538461539 0.06510416666666667 0.010336538461538461
0 0.6541666666666667 0.4700721153846154 0.016666666666666666 0.02860576923076923
0 0.33697916666666666 0.661298076923077 0.04791666666666667 0.011538461538461539
0 0.3572916666666667 0.23173076923076924 0.04583333333333333 0.009134615384615385
0 0.6052083333333333 0.2542067307692308 0.026041666666666668 0.021875
0 0.8950520833333333 0.4947115384615385 0.058854166666666666 0.03173076923076923
0 0.51796875 0.47307692307692306 0.0953125 0.04471153846153846
0 0.2421875 0.6115384615384616 0.027083333333333334 0.013942307692307693
0 0.9408854166666667 0.5704326923076923 0.0390625 0.007692307692307693
0 0.8518229166666667 0.5087740384615385 0.0609375 0.02139423076923077
0 0.93984375 0.32463942307692306 0.033854166666666664 0.00985576923076923
0 0.67890625 0.33629807692307695 0.0515625 0.025
0 0.03203125 0.5227163461538461 0.015104166666666667 0.019951923076923075
0 0.725 0.5919471153846154 0.019791666666666666 0.013701923076923077
0 0.9552083333333333 0.6061298076923077 0.059375 0.019471153846153846
0 0.49895833333333334 0.525 0.029166666666666667 0.009615384615384616
0 0.3463541666666667 0.43185096153846153 0.015625 0.023798076923076922
0 0.6369791666666667 0.6503605769230769 0.07291666666666667 0.01610576923076923
0 0.43072916666666666 0.4375 0.023958333333333335 0.035576923076923075
0 0.54921875 0.5358173076923077 0.044270833333333336 0.014423076923076924
0 0.3893229166666667 0.3853365384615385 0.043229166666666666 0.015384615384615385
0 0.23723958333333334 0.6237980769230769 0.0671875 0.038461538461538464
0 0.5885416666666666 0.6558894230769231 0.10520833333333333 0.013221153846153846
0 0.56796875 0.4966346153846154 0.044270833333333336 0.009134615384615385
0 0.196875 0.5900240384615385 0.03125 0.018990384615384614
0 0.7966145833333333 0.2723557692307692 0.05677083333333333 0.023076923076923078
0 0.34609375 0.5344951923076923 0.016145833333333335 0.013701923076923077
0 0.6557291666666667 0.24146634615384616 0.03125 0.018990384615384614
0 0.4479166666666667 0.6492788461538461 0.06145833333333333 0.029326923076923077
0 0.8638020833333333 0.3997596153846154 0.04010416666666667 0.015384615384615385
0 0.17682291666666666 0.40420673076923075 0.030729166666666665 0.01658653846153846
0 0.5221354166666666 0.37560096153846156 0.0484375 0.012259615384615384
0 0.9466145833333334 0.5001201923076923 0.024479166666666666 0.011298076923076923
0 0.18046875 0.31430288461538464 0.06197916666666667 0.007451923076923077
0 0.17421875 0.5618990384615384 0.018229166666666668 0.01706730769230769
0 0.92734375 0.27920673076923075 0.04010416666666667 0.01610576923076923
0 0.9588541666666667 0.5168269230769231 0.016666666666666666 0.016826923076923076
0 0.4869791666666667 0.3938701923076923 0.03229166666666667 0.03774038461538461
0 0.7640625 0.6425480769230769 0.03333333333333333 0.014903846153846155
0 0.6807291666666667 0.49399038461538464 0.036458333333333336 0.016826923076923076
0 0.8421875 0.6439903846153846 0.07291666666666667 0.03076923076923077
0 0.7494791666666667 0.6546875 0.05625 0.011778846153846154
0 0.6421875 0.46802884615384616 0.03958333333333333 0.027884615384615386
0 0.45078125 0.4326923076923077 0.0671875 0.04375
0 0.6203125 0.47079326923076925 0.023958333333333335 0.01706730769230769
0 0.04505208333333333 0.5825721153846154 0.034895833333333334 0.015625
0 0.16328125 0.6048076923076923 0.04114583333333333 0.011057692307692308
0 0.4434895833333333 0.5778846153846153 0.0484375 0.01730769230769231
0 0.18177083333333333 0.4963942307692308 0.01875 0.011538461538461539
0 0.6760416666666667 0.41838942307692306 0.07083333333333333 0.013701923076923077
0 0.3151041666666667 0.23461538461538461 0.03854166666666667 0.009615384615384616
0 0.7434895833333334 0.3998798076923077 0.0296875 0.005528846153846154
0 0.83828125 0.2725961538461538 0.0671875 0.01730769230769231
0 0.7614583333333333 0.2438701923076923 0.025 0.018028846153846152
0 0.5203125 0.3861778846153846 0.051041666666666666 0.03485576923076923
0 0.52890625 0.2326923076923077 0.0453125 0.012980769230769231
0 0.6658854166666667 0.44519230769230766 0.015104166666666667 0.01730769230769231
0 0.6953125 0.42980769230769234 0.021875 0.021634615384615384
0 0.6942708333333333 0.24507211538461537 0.06458333333333334 0.019951923076923075
0 0.5369791666666667 0.25540865384615385 0.022916666666666665 0.008894230769230769
0 0.6294270833333333 0.6575721153846154 0.027604166666666666 0.008894230769230769
0 0.084375 0.6157451923076923 0.053125 0.027644230769230768
0 0.4549479166666667 0.3889423076923077 0.1796875 0.04807692307692308
0 0.4315104166666667 0.4288461538461538 0.019270833333333334 0.020192307692307693
0 0.9416666666666667 0.48425480769230766 0.026041666666666668 0.02139423076923077
0 0.20859375 0.6288461538461538 0.011979166666666667 0.020673076923076922
0 0.5252604166666667 0.5936298076923077 0.11197916666666667 0.037259615384615384
0 0.88515625 0.6445913461538462 0.0328125 0.020432692307692308
0 0.92890625 0.5394230769230769 0.019270833333333334 0.01730769230769231
0 0.5486979166666667 0.47247596153846155 0.028645833333333332 0.01610576923076923
0 0.6447916666666667 0.6395432692307692 0.04791666666666667 0.018990384615384614
0 0.7700520833333333 0.3372596153846154 0.015104166666666667 0.017788461538461538
0 0.9119791666666667 0.3490384615384615 0.016666666666666666 0.016826923076923076
0 0.6135416666666667 0.5015625 0.029166666666666667 0.02235576923076923
0 0.6065104166666667 0.5584134615384615 0.11197916666666667 0.03461538461538462
0 0.14296875 0.22139423076923076 0.018229166666666668 0.0057692307692307696
0 0.4421875 0.6036057692307693 0.07291666666666667 0.026442307692307692
0 0.31015625 0.5277644230769231 0.044270833333333336 0.006009615384615385
0 0.7364583333333333 0.4391826923076923 0.0625 0.01971153846153846
0 0.6809895833333334 0.45829326923076924 0.0328125 0.017548076923076923
0 0.13697916666666668 0.5058894230769231 0.05520833333333333 0.019951923076923075
0 0.22161458333333334 0.6622596153846154 0.030729166666666665 0.011538461538461539
0 0.57890625 0.4938701923076923 0.06614583333333333 0.014663461538461538
0 0.48385416666666664 0.5391826923076923 0.041666666666666664 0.0057692307692307696
0 0.41848958333333336 0.37872596153846155 0.034895833333333334 0.012740384615384615
0 0.4817708333333333 0.38509615384615387 0.01875 0.020192307692307693
0 0.057291666666666664 0.4703125 0.03958333333333333 0.013221153846153846
0 0.5455729166666666 0.4387019230769231 0.019270833333333334 0.01875
0 0.49166666666666664 0.3836538461538462 0.10625 0.03894230769230769
0 0.9385416666666667 0.42007211538461536 0.014583333333333334 0.01706730769230769
0 0.9158854166666667 0.6451923076923077 0.0390625 0.025
0 0.5606770833333333 0.5378605769230769 0.0171875 0.012740384615384615
0 0.12135416666666667 0.6298076923076923 0.019791666666666666 0.011538461538461539
0 0.7294270833333333 0.38629807692307694 0.0203125 0.01875
0 0.55859375 0.5078125 0.027604166666666666 0.020913461538461537
0 0.8322916666666667 0.23377403846153846 0.05520833333333333 0.013221153846153846
0 0.41119791666666666 0.4013221153846154 0.09114583333333333 0.023317307692307693
0 0.6395833333333333 0.3111778846153846 0.027083333333333334 0.01706730769230769
0 0.515625 0.39290865384615387 0.015625 0.018990384615384614
0 0.53125 0.4668269230769231 0.06145833333333333 0.028365384615384615
0 0.5971354166666667 0.25072115384615384 0.0765625 0.01201923076923077
0 0.6518229166666667 0.2377403846153846 0.027604166666666666 0.011057692307692308
0 0.9611979166666667 0.4478365384615385 0.0265625 0.03942307692307692
0 0.9768229166666667 0.5849759615384615 0.0171875 0.011298076923076923
0 0.9182291666666667 0.6080528846153846 0.04479166666666667 0.012740384615384615
0 0.4661458333333333 0.6108173076923077 0.025 0.010096153846153847
0 0.40598958333333335 0.23076923076923078 0.03697916666666667 0.01201923076923077
0 0.08619791666666667 0.5558894230769231 0.0203125 0.03870192307692308
0 0.38958333333333334 0.5550480769230769 0.07083333333333333 0.06201923076923077
0 0.3515625 0.6087740384615384 0.01875 0.019471153846153846
0 0.53046875 0.25625 0.04010416666666667 0.011538461538461539
0 0.6708333333333333 0.22608173076923077 0.06145833333333333 0.011298076923076923
0 0.8450520833333334 0.45865384615384613 0.0140625 0.016346153846153847
0 0.8372395833333334 0.45721153846153845 0.06822916666666666 0.03125
0 0.6080729166666666 0.5060096153846154 0.043229166666666666 0.03028846153846154
0 0.4552083333333333 0.37235576923076924 0.034375 0.011057692307692308
0 0.46015625 0.5665865384615385 0.0203125 0.02548076923076923
0 0.5213541666666667 0.4700721153846154 0.034375 0.017548076923076923
0 0.5760416666666667 0.44795673076923076 0.029166666666666667 0.01658653846153846
0 0.5080729166666667 0.5335336538461538 0.09010416666666667 0.01706730769230769
0 0.8697916666666666 0.22632211538461539 0.042708333333333334 0.0069711538461538465
0 0.16875 0.5604567307692307 0.0875 0.021875
0 0.9104166666666667 0.6161057692307692 0.046875 0.021634615384615384
0 0.32760416666666664 0.4924278846153846 0.014583333333333334 0.04639423076923077
0 0.8765625 0.4876201923076923 0.021875 0.01706730769230769
0 0.0421875 0.3027644230769231 0.015625 0.020432692307692308
0 0.6927083333333334 0.4203125 0.035416666666666666 0.008894230769230769
0 0.8981770833333333 0.5168269230769231 0.0171875 0.015384615384615385
0 0.6174479166666667 0.5295673076923076 0.024479166666666666 0.009134615384615385
0 0.5716145833333334 0.559735576923077 0.0328125 0.018028846153846152
0 0.7609375 0.44302884615384613 0.023958333333333335 0.013942307692307693
0 0.5921875 0.23978365384615385 0.03958333333333333 0.014182692307692308
0 0.4244791666666667 0.49014423076923075 0.028125 0.023557692307692307
0 0.8880208333333334 0.3471153846153846 0.057291666666666664 0.020192307692307693
0 0.8796875 0.2685096153846154 0.03958333333333333 0.01971153846153846
0 0.1703125 0.6567307692307692 0.17083333333333334 0.029326923076923077
0 0.38177083333333334 0.5002403846153847 0.06875 0.028846153846153848
0 0.6885416666666667 0.34411057692307695 0.071875 0.04110576923076923
0 0.21927083333333333 0.5555288461538461 0.022916666666666665 0.01201923076923077
0 0.9692708333333333 0.6216346153846154 0.03333333333333333 0.01730769230769231
0 0.7861979166666667 0.6429086538461538 0.07552083333333333 0.018028846153846152
0 0.6205729166666667 0.6228365384615384 0.016145833333333335 0.015384615384615385
0 0.35182291666666665 0.5323317307692308 0.027604166666666666 0.017548076923076923
0 0.5572916666666666 0.5837740384615384 0.023958333333333335 0.018028846153846152
0 0.6083333333333333 0.23677884615384615 0.017708333333333333 0.01971153846153846
0 0.253125 0.48341346153846154 0.04375 0.03461538461538462
0 0.5908854166666667 0.44134615384615383 0.04635416666666667 0.021634615384615384
0 0.9223958333333333 0.346875 0.03958333333333333 0.023076923076923078
0 0.69765625 0.43233173076923076 0.0140625 0.01658653846153846
0 0.5901041666666667 0.4628605769230769 0.01875 0.012259615384615384
0 0.6752604166666667 0.37151442307692306 0.025520833333333333 0.019951923076923075
0 0.6333333333333333 0.46826923076923077 0.034375 0.014903846153846155
0 0.48046875 0.6518028846153846 0.0765625 0.028125
0 0.8927083333333333 0.33774038461538464 0.10416666666666667 0.04471153846153846
0 0.61171875 0.30853365384615383 0.0203125 0.02283653846153846
0 0.77421875 0.23064903846153847 0.0203125 0.018990384615384614
0 0.4828125 0.46814903846153844 0.019791666666666666 0.019951923076923075
0 0.027604166666666666 0.4679086538461538 0.028125 0.010336538461538461
0 0.9502604166666667 0.2644230769230769 0.024479166666666666 0.012980769230769231
0 0.6559895833333333 0.6542067307692307 0.03697916666666667 0.008894230769230769
0 0.3328125 0.559735576923077 0.065625 0.021875
0 0.4197916666666667 0.4846153846153846 0.021875 0.01201923076923077
0 0.7744791666666667 0.6210336538461538 0.03229166666666667 0.0069711538461538465
0 0.09296875 0.5521634615384615 0.0171875 0.01730769230769231
0 0.9606770833333333 0.3371394230769231 0.0234375 0.006490384615384616
0 0.7375 0.5055288461538462 0.015625 0.021153846153846155
0 0.45677083333333335 0.4402644230769231 0.01875 0.014182692307692308
0 0.4109375 0.5415865384615385 0.03125 0.041826923076923074
0 0.7934895833333333 0.39266826923076925 0.0390625 0.012259615384615384
0 0.8622395833333333 0.5092548076923077 0.03802083333333333 0.014182692307692308
0 0.13255208333333332 0.5138221153846154 0.027604166666666666 0.007932692307692307
0 0.5450520833333333 0.3200721153846154 0.0265625 0.02283653846153846
0 0.65546875 0.24783653846153847 0.0296875 0.006730769230769231
0 0.8328125 0.6492788461538461 0.015625 0.021153846153846155
0 0.8778645833333333 0.27331730769230766 0.0359375 0.011538461538461539
0 0.9075520833333334 0.2747596153846154 0.030729166666666665 0.013942307692307693
0 0.8497395833333333 0.4873798076923077 0.0265625 0.01706730769230769