0 0.33822115384615387 0.13072916666666667 0.020673076923076922 0.027083333333333334
0 0.33040865384615387 0.44088541666666664 0.021875 0.043229166666666666
0 0.3449519230769231 0.8661458333333333 0.01201923076923077 0.059375
0 0.5462740384615384 0.6932291666666667 0.015625 0.0375
0 0.3014423076923077 0.1875 0.020192307692307693 0.01875
0 0.47896634615384615 0.165625 0.02283653846153846 0.03333333333333333
0 0.38497596153846153 0.2520833333333333 0.01514423076923077 0.03229166666666667
0 0.4716346153846154 0.13151041666666666 0.027884615384615386 0.025520833333333333
0 0.5590144230769231 0.121875 0.01610576923076923 0.041666666666666664
0 0.5875 0.6088541666666667 0.016826923076923076 0.041666666666666664
0 0.42752403846153847 0.328125 0.023798076923076922 0.028125
0 0.4670673076923077 0.8567708333333334 0.01730769230769231 0.04791666666666667
0 0.35997596153846156 0.36354166666666665 0.012259615384615384 0.051041666666666666
0 0.3057692307692308 0.8760416666666667 0.022596153846153846 0.022916666666666665
0 0.48641826923076925 0.75625 0.02283653846153846 0.026041666666666668
0 0.36514423076923075 0.8893229166666666 0.022115384615384617 0.027604166666666666
0 0.31262019230769234 0.8341145833333333 0.019471153846153846 0.0234375
0 0.34555288461538464 0.6690104166666667 0.02139423076923077 0.030729166666666665
0 0.30036057692307694 0.7908854166666667 0.02235576923076923 0.04114583333333333
0 0.4936298076923077 0.8877604166666667 0.02283653846153846 0.06197916666666667
0 0.5623798076923077 0.5223958333333333 0.02235576923076923 0.017708333333333333
0 0.26045673076923076 0.5203125 0.02283653846153846 0.041666666666666664
0 0.37848557692307694 0.30364583333333334 0.026682692307692307 0.023958333333333335
0 0.28966346153846156 0.4903645833333333 0.011057692307692308 0.049479166666666664
0 0.38713942307692306 0.8510416666666667 0.01610576923076923 0.0375
0 0.4125 0.1890625 0.032692307692307694 0.041666666666666664
0 0.340625 0.19479166666666667 0.014903846153846155 0.030208333333333334
0 0.4204326923076923 0.5497395833333333 0.009134615384615385 0.04114583333333333
0 0.6140625 0.8703125 0.02956730769230769 0.03229166666666667
0 0.4424278846153846 0.10364583333333334 0.024759615384615383 0.041666666666666664
0 0.39795673076923077 0.12057291666666667 0.015625 0.024479166666666666
0 0.5876201923076924 0.290625 0.014182692307692308 0.03854166666666667
0 0.5021634615384616 0.16588541666666667 0.01971153846153846 0.027604166666666666
0 0.3579326923076923 0.4197916666666667 0.015384615384615385 0.0375
0 0.36009615384615384 0.29296875 0.026442307692307692 0.0203125
0 0.26790865384615387 0.3255208333333333 0.026201923076923078 0.016666666666666666
0 0.30408653846153844 0.6544270833333333 0.01971153846153846 0.022395833333333334
0 0.6076923076923076 0.32109375 0.01201923076923077 0.04635416666666667
0 0.26153846153846155 0.5776041666666667 0.041346153846153845 0.023958333333333335
0 0.36983173076923076 0.22421875 0.011778846153846154 0.0328125
0 0.46358173076923076 0.34661458333333334 0.017548076923076923 0.03177083333333333
0 0.39855769230769234 0.5481770833333334 0.01826923076923077 0.013020833333333334
0 0.4375 0.06875 0.013942307692307693 0.017708333333333333
0 0.5802884615384616 0.10651041666666666 0.01971153846153846 0.018229166666666668
0 0.3894230769230769 0.9416666666666667 0.026442307692307692 0.03854166666666667
0 0.32764423076923077 0.49583333333333335 0.013461538461538462 0.05625
0 0.5372596153846154 0.80859375 0.017788461538461538 0.027604166666666666
0 0.35252403846153846 0.22135416666666666 0.014663461538461538 0.034375
0 0.5975961538461538 0.37109375 0.020673076923076922 0.0484375
0 0.5907451923076923 0.7291666666666666 0.021875 0.034375
0 0.5429086538461538 0.5705729166666667 0.018028846153846152 0.024479166666666666
0 0.5871394230769231 0.340625 0.023798076923076922 0.03333333333333333
0 0.6022836538461539 0.64921875 0.026201923076923078 0.0203125
0 0.34471153846153846 0.6296875 0.028365384615384615 0.030208333333333334
0 0.384375 0.38567708333333334 0.013942307692307693 0.022395833333333334
0 0.37259615384615385 0.83203125 0.022115384615384617 0.018229166666666668
0 0.30072115384615383 0.5895833333333333 0.021153846153846155 0.04895833333333333
0 0.5649038461538461 0.70859375 0.016826923076923076 0.058854166666666666
0 0.4706730769230769 0.10963541666666667 0.022596153846153846 0.0203125
0 0.510576923076923 0.8528645833333334 0.023557692307692307 0.043229166666666666
0 0.3798076923076923 0.15338541666666666 0.03365384615384615 0.022395833333333334
0 0.5776442307692308 0.26171875 0.022115384615384617 0.03697916666666667
0 0.6550480769230769 0.44088541666666664 0.01971153846153846 0.024479166666666666
0 0.35372596153846153 0.7265625 0.015625 0.05520833333333333
0 0.37463942307692305 0.3536458333333333 0.007451923076923077 0.052083333333333336
0 0.5795673076923077 0.8763020833333334 0.025961538461538463 0.015104166666666667
0 0.6243990384615384 0.4822916666666667 0.015625 0.042708333333333334
0 0.35865384615384616 0.17890625 0.009615384615384616 0.0421875
0 0.3688701923076923 0.2520833333333333 0.012740384615384615 0.028125
0 0.4014423076923077 0.77109375 0.02548076923076923 0.044270833333333336
0 0.3213942307692308 0.8013020833333333 0.020673076923076922 0.03697916666666667
0 0.4676682692307692 0.74453125 0.018028846153846152 0.025520833333333333
0 0.44963942307692306 0.81953125 0.021875 0.0234375
0 0.40240384615384617 0.04921875 0.007692307692307693 0.0421875
0 0.3769230769230769 0.690625 0.012980769230769231 0.03958333333333333
0 0.2764423076923077 0.68203125 0.017788461538461538 0.0390625
0 0.46826923076923077 0.32109375 0.027403846153846154 0.013020833333333334
0 0.37740384615384615 0.6059895833333333 0.015865384615384615 0.05572916666666667
0 0.39903846153846156 0.7424479166666667 0.02451923076923077 0.0171875
0 0.5549278846153847 0.5953125 0.006490384615384616 0.04583333333333333
0 0.5760817307692307 0.8380208333333333 0.026201923076923078 0.020833333333333332
0 0.4171875 0.93046875 0.026682692307692307 0.049479166666666664
0 0.4584134615384615 0.24583333333333332 0.01201923076923077 0.03333333333333333
0 0.4907451923076923 0.38229166666666664 0.013221153846153846 0.03333333333333333
0 0.6540865384615384 0.525 0.015384615384615385 0.0375
0 0.3923076923076923 0.3419270833333333 0.026442307692307692 0.0546875
0 0.5366586538461539 0.21223958333333334 0.019951923076923075 0.0234375
0 0.3548076923076923 0.52265625 0.015384615384615385 0.021354166666666667
0 0.5055288461538462 0.45677083333333335 0.020192307692307693 0.030208333333333334
0 0.43401442307692306 0.29713541666666665 0.020432692307692308 0.016145833333333335
0 0.5598557692307692 0.2234375 0.01201923076923077 0.03854166666666667
0 0.2764423076923077 0.06171875 0.014903846153846155 0.025520833333333333
0 0.4957932692307692 0.21848958333333332 0.02139423076923077 0.04010416666666667
0 0.4545673076923077 0.5794270833333334 0.03942307692307692 0.030729166666666665
0 0.6477163461538461 0.20546875 0.027644230769230768 0.05572916666666667
0 0.6241586538461539 0.07994791666666666 0.015625 0.0359375
0 0.24447115384615384 0.44921875 0.015865384615384615 0.04010416666666667
0 0.46526442307692306 0.9033854166666667 0.018028846153846152 0.0265625
0 0.5400240384615385 0.3078125 0.015625 0.034375
0 0.26947115384615383 0.18151041666666667 0.01971153846153846 0.06302083333333333
0 0.4953125 0.06302083333333333 0.018990384615384614 0.01875
0 0.5463942307692308 0.35989583333333336 0.026442307692307692 0.046875
0 0.5140625 0.39401041666666664 0.025721153846153845 0.059895833333333336
0 0.6109375 0.26223958333333336 0.021875 0.0390625
0 0.33605769230769234 0.5705729166666667 0.026923076923076925 0.0421875
0 0.5307692307692308 0.2390625 0.015384615384615385 0.03333333333333333
0 0.2378605769230769 0.2755208333333333 0.023317307692307693 0.026041666666666668
0 0.64375 0.765625 0.014423076923076924 0.046875
0 0.4402644230769231 0.23541666666666666 0.02716346153846154 0.026041666666666668
0 0.42752403846153847 0.134375 0.031490384615384615 0.025
0 0.604326923076923 0.5143229166666666 0.021153846153846155 0.030729166666666665
0 0.27331730769230766 0.9236979166666667 0.025 0.04739583333333333
0 0.5076923076923077 0.4979166666666667 0.020673076923076922 0.03854166666666667
0 0.3719951923076923 0.15833333333333333 0.018990384615384614 0.013541666666666667
0 0.5276442307692307 0.790625 0.011538461538461539 0.04895833333333333
0 0.35889423076923077 0.5692708333333333 0.01971153846153846 0.017708333333333333
0 0.6129807692307693 0.7716145833333333 0.022596153846153846 0.0140625
0 0.4876201923076923 0.5018229166666667 0.01610576923076923 0.0359375
0 0.37235576923076924 0.10963541666666667 0.016346153846153847 0.030729166666666665
0 0.5526442307692307 0.8296875 0.010096153846153847 0.058333333333333334
0 0.6057692307692307 0.7984375 0.020673076923076922 0.022916666666666665
0 0.35528846153846155 0.60703125 0.008653846153846154 0.04010416666666667
0 0.5711538461538461 0.4596354166666667 0.03125 0.0390625
0 0.5888221153846154 0.6765625 0.018509615384615385 0.021875
0 0.24591346153846153 0.7278645833333334 0.02548076923076923 0.027604166666666666
0 0.23641826923076922 0.56796875 0.023317307692307693 0.0421875
0 0.4947115384615385 0.8161458333333333 0.006730769230769231 0.04895833333333333
0 0.5308894230769231 0.12161458333333333 0.008894230769230769 0.050520833333333334
0 0.43209134615384615 0.15026041666666667 0.018509615384615385 0.016145833333333335
0 0.47139423076923076 0.9286458333333333 0.006730769230769231 0.026041666666666668
0 0.612139423076923 0.17473958333333334 0.008894230769230769 0.049479166666666664
0 0.6158653846153846 0.028125 0.015865384615384615 0.05625
0 0.2745192307692308 0.12369791666666667 0.0375 0.034895833333333334
0 0.23798076923076922 0.8421875 0.027884615384615386 0.028125
0 0.6582932692307693 0.8494791666666667 0.026682692307692307 0.025
0 0.4969951923076923 0.7018229166666666 0.020432692307692308 0.033854166666666664
0 0.5752403846153846 0.17942708333333332 0.008173076923076924 0.0453125
0 0.49423076923076925 0.32083333333333336 0.02403846153846154 0.04895833333333333
0 0.25204326923076925 0.83671875 0.019951923076923075 0.0171875
0 0.3919471153846154 0.02890625 0.011778846153846154 0.025520833333333333
0 0.5112980769230769 0.9278645833333333 0.006730769230769231 0.05260416666666667
0 0.6516826923076923 0.24921875 0.026923076923076925 0.0328125
0 0.3435096153846154 0.4765625 0.020192307692307693 0.041666666666666664
0 0.6372596153846154 0.5752604166666667 0.013942307692307693 0.03697916666666667
0 0.5877403846153846 0.054427083333333334 0.015865384615384615 0.018229166666666668
0 0.42223557692307695 0.8333333333333334 0.0069711538461538465 0.06354166666666666
0 0.42956730769230766 0.6143229166666667 0.026923076923076925 0.016145833333333335
0 0.6628605769230769 0.8122395833333333 0.01514423076923077 0.04114583333333333
0 0.440625 0.52734375 0.01826923076923077 0.034895833333333334
0 0.6292067307692307 0.6361979166666667 0.013701923076923077 0.03802083333333333
0 0.4152644230769231 0.8895833333333333 0.021875 0.03854166666666667
0 0.32019230769230766 0.66171875 0.00625 0.033854166666666664
0 0.41358173076923077 0.2359375 0.010336538461538461 0.04479166666666667
0 0.4699519230769231 0.7158854166666667 0.02548076923076923 0.024479166666666666
0 0.573076923076923 0.21953125 0.016346153846153847 0.03177083333333333
0 0.6201923076923077 0.5622395833333333 0.00625 0.05572916666666667
0 0.3016826923076923 0.115625 0.013942307692307693 0.051041666666666666
0 0.6474759615384615 0.8096354166666667 0.019951923076923075 0.025520833333333333
0 0.5134615384615384 0.03359375 0.016826923076923076 0.0296875
0 0.4362980769230769 0.46770833333333334 0.020192307692307693 0.014583333333333334
0 0.26598557692307695 0.45364583333333336 0.005528846153846154 0.03854166666666667
0 0.4221153846153846 0.06276041666666667 0.022596153846153846 0.0140625
0 0.4634615384615385 0.57734375 0.021153846153846155 0.0265625
0 0.4170673076923077 0.7963541666666667 0.01201923076923077 0.05416666666666667
0 0.622235576923077 0.40520833333333334 0.02283653846153846 0.030208333333333334
0 0.6373798076923077 0.035416666666666666 0.013701923076923077 0.05416666666666667
0 0.39266826923076925 0.6369791666666667 0.02283653846153846 0.017708333333333333
0 0.612139423076923 0.20078125 0.014182692307692308 0.10677083333333333
0 0.2778846153846154 0.6515625 0.032692307692307694 0.041666666666666664
0 0.4155048076923077 0.4265625 0.018028846153846152 0.03229166666666667
0 0.6192307692307693 0.6953125 0.011538461538461539 0.030208333333333334
0 0.5941105769230769 0.4401041666666667 0.01706730769230769 0.03333333333333333
0 0.5443509615384615 0.4361979166666667 0.018028846153846152 0.0234375
0 0.5365384615384615 0.5328125 0.010576923076923078 0.04895833333333333
0 0.5787259615384616 0.76171875 0.030048076923076924 0.027604166666666666
0 0.3704326923076923 0.12317708333333334 0.008173076923076924 0.016145833333333335
0 0.37067307692307694 0.49166666666666664 0.010096153846153847 0.040625
0 0.5861778846153847 0.03359375 0.028125 0.028645833333333332
0 0.39639423076923075 0.35520833333333335 0.01826923076923077 0.030208333333333334
0 0.4344951923076923 0.7666666666666667 0.012740384615384615 0.05416666666666667
0 0.4254807692307692 0.8911458333333333 0.04230769230769231 0.042708333333333334
0 0.3033653846153846 0.9380208333333333 0.009134615384615385 0.059375
0 0.5870192307692308 0.5309895833333333 0.01826923076923077 0.06822916666666666
0 0.5259615384615385 0.08932291666666667 0.01826923076923077 0.0203125
0 0.2453125 0.3848958333333333 0.026201923076923078 0.05625
0 0.42115384615384616 0.50859375 0.006730769230769231 0.03697916666666667
0 0.5082932692307692 0.79296875 0.02139423076923077 0.016145833333333335
0 0.2764423076923077 0.90546875 0.01971153846153846 0.011979166666666667
0 0.5902644230769231 0.5484375 0.011778846153846154 0.03333333333333333
0 0.48533653846153846 0.57109375 0.022596153846153846 0.019270833333333334
0 0.5600961538461539 0.45546875 0.01971153846153846 0.0171875
0 0.5590144230769231 0.2703125 0.0069711538461538465 0.05
0 0.34170673076923075 0.9583333333333334 0.008413461538461538 0.023958333333333335
0 0.43233173076923076 0.27395833333333336 0.039663461538461536 0.026041666666666668
0 0.44711538461538464 0.73984375 0.014423076923076924 0.0453125
0 0.3109375 0.5447916666666667 0.030528846153846153 0.042708333333333334
0 0.5401442307692308 0.0390625 0.01875 0.020833333333333332
0 0.5186298076923077 0.35963541666666665 0.007451923076923077 0.0390625
0 0.3643028846153846 0.5401041666666667 0.013221153846153846 0.03854166666666667
0 0.544110576923077 0.25859375 0.005528846153846154 0.03802083333333333
0 0.46778846153846154 0.6598958333333333 0.020192307692307693 0.035416666666666666
0 0.6092548076923077 0.6846354166666667 0.018509615384615385 0.0296875
0 0.4417067307692308 0.030989583333333334 0.03245192307692308 0.022395833333333334
0 0.48509615384615384 0.5825520833333333 0.023076923076923078 0.043229166666666666
0 0.5018028846153846 0.25625 0.008894230769230769 0.03958333333333333
0 0.2420673076923077 0.90234375 0.013461538461538462 0.033854166666666664
0 0.44795673076923076 0.3619791666666667 0.008413461538461538 0.025
0 0.4266826923076923 0.41328125 0.016826923076923076 0.03177083333333333
0 0.3484375 0.45338541666666665 0.021875 0.024479166666666666
0 0.446875 0.4171875 0.026923076923076925 0.0625
0 0.42620192307692306 0.7140625 0.01875 0.0375
0 0.4814903846153846 0.24869791666666666 0.012980769230769231 0.04114583333333333
0 0.6638221153846153 0.6869791666666667 0.014663461538461538 0.041666666666666664
0 0.44471153846153844 0.62734375 0.011538461538461539 0.0390625
0 0.3981971153846154 0.08880208333333334 0.019471153846153846 0.0140625
0 0.5456730769230769 0.08411458333333334 0.010096153846153847 0.0421875
0 0.3524038461538462 0.346875 0.008173076923076924 0.027083333333333334
0 0.25072115384615384 0.7606770833333333 0.023076923076923078 0.030729166666666665
0 0.4735576923076923 0.53984375 0.023076923076923078 0.0171875
0 0.2519230769230769 0.37734375 0.012980769230769231 0.03697916666666667
0 0.6280048076923077 0.76953125 0.007451923076923077 0.0546875
0 0.2548076923076923 0.796875 0.01875 0.023958333333333335
0 0.25552884615384613 0.2755208333333333 0.01826923076923077 0.01875
0 0.2300480769230769 0.45 0.009615384615384616 0.040625
0 0.37463942307692305 0.027864583333333335 0.021875 0.024479166666666666
0 0.5419471153846154 0.05625 0.018509615384615385 0.015625
0 0.28052884615384616 0.12838541666666667 0.025961538461538463 0.019270833333333334
0 0.3965144230769231 0.6830729166666667 0.007932692307692307 0.0453125
0 0.5192307692307693 0.18255208333333334 0.016346153846153847 0.12239583333333333
0 0.2296875 0.7609375 0.011298076923076923 0.03125
0 0.5021634615384616 0.4010416666666667 0.008653846153846154 0.03958333333333333
0 0.4876201923076923 0.5916666666666667 0.008894230769230769 0.027083333333333334
0 0.2795673076923077 0.17682291666666666 0.013942307692307693 0.0765625
0 0.315625 0.5963541666666666 0.007211538461538462 0.03854166666666667
0 0.33497596153846154 0.8013020833333333 0.017548076923076923 0.03177083333333333
0 0.22620192307692308 0.7239583333333334 0.00625 0.015625
0 0.5236778846153847 0.7385416666666667 0.006490384615384616 0.052083333333333336
0 0.6137019230769231 0.22317708333333333 0.010576923076923078 0.05572916666666667
0 0.3247596153846154 0.0734375 0.011538461538461539 0.03229166666666667
0 0.41033653846153845 0.34348958333333335 0.010576923076923078 0.0484375
0 0.5655048076923077 0.15807291666666667 0.014663461538461538 0.0359375
0 0.3582932692307692 0.47890625 0.011778846153846154 0.0390625
0 0.49567307692307694 0.03333333333333333 0.020192307692307693 0.014583333333333334
0 0.5269230769230769 0.5260416666666666 0.012980769230769231 0.014583333333333334
0 0.23365384615384616 0.5166666666666667 0.019230769230769232 0.053125
0 0.5161057692307692 0.5783854166666667 0.0375 0.06302083333333333
0 0.47307692307692306 0.48359375 0.008173076923076924 0.08177083333333333
0 0.43954326923076925 0.39453125 0.007451923076923077 0.04010416666666667
0 0.4502403846153846 0.20989583333333334 0.02548076923076923 0.029166666666666667
0 0.6644230769230769 0.73671875 0.0125 0.0578125
0 0.36935096153846153 0.23802083333333332 0.013701923076923077 0.05625
0 0.6216346153846154 0.42213541666666665 0.022115384615384617 0.024479166666666666
0 0.6558894230769231 0.31979166666666664 0.013221153846153846 0.026041666666666668
0 0.4246394230769231 0.2708333333333333 0.024759615384615383 0.019791666666666666
0 0.26947115384615383 0.6518229166666667 0.016346153846153847 0.0421875
0 0.5658653846153846 0.3692708333333333 0.01826923076923077 0.019791666666666666
0 0.6026442307692308 0.9223958333333333 0.020192307692307693 0.026041666666666668
0 0.5289663461538462 0.4505208333333333 0.017548076923076923 0.021875
0 0.5143028846153846 0.3533854166666667 0.015625 0.0515625
0 0.396875 0.22708333333333333 0.025 0.03854166666666667
0 0.4453125 0.4973958333333333 0.020432692307692308 0.03229166666666667
0 0.42920673076923077 0.6580729166666667 0.01706730769230769 0.030729166666666665
0 0.4400240384615385 0.9494791666666667 0.018028846153846152 0.015625
0 0.39014423076923077 0.40338541666666666 0.019230769230769232 0.04010416666666667
0 0.47560096153846154 0.3020833333333333 0.01706730769230769 0.023958333333333335
0 0.4712740384615385 0.4348958333333333 0.03485576923076923 0.027083333333333334
0 0.43353365384615383 0.029166666666666667 0.015625 0.01875
0 0.25012019230769234 0.51015625 0.010817307692307692 0.04114583333333333
0 0.4032451923076923 0.014583333333333334 0.007932692307692307 0.014583333333333334
0 0.5816105769230769 0.38177083333333334 0.006009615384615385 0.041666666666666664
0 0.5163461538461539 0.5578125 0.03365384615384615 0.026041666666666668
0 0.2686298076923077 0.1671875 0.01706730769230769 0.03333333333333333
0 0.5161057692307692 0.671875 0.032692307692307694 0.03125
0 0.6558894230769231 0.5697916666666667 0.012740384615384615 0.03854166666666667
0 0.3861778846153846 0.5013020833333334 0.017548076923076923 0.033854166666666664
0 0.43954326923076925 0.9356770833333333 0.018990384615384614 0.044270833333333336
0 0.5914663461538462 0.47890625 0.0069711538461538465 0.04635416666666667
0 0.44483173076923077 0.4322916666666667 0.02235576923076923 0.03125
0 0.646875 0.63984375 0.01971153846153846 0.0734375
0 0.4938701923076923 0.684375 0.02139423076923077 0.019791666666666666
0 0.37896634615384617 0.08984375 0.015625 0.0171875
0 0.45384615384615384 0.5291666666666667 0.017788461538461538 0.035416666666666666
0 0.49290865384615384 0.04479166666666667 0.018990384615384614 0.035416666666666666
0 0.26298076923076924 0.20729166666666668 0.011538461538461539 0.052083333333333336
0 0.3272836538461538 0.045572916666666664 0.03581730769230769 0.025520833333333333
0 0.2979567307692308 0.5614583333333333 0.007451923076923077 0.041666666666666664
0 0.6486778846153847 0.11640625 0.018509615384615385 0.04739583333333333
0 0.2389423076923077 0.3763020833333333 0.013942307692307693 0.07239583333333334
0 0.24471153846153845 0.6333333333333333 0.01875 0.04375
0 0.5875 0.44895833333333335 0.03028846153846154 0.051041666666666666
0 0.44927884615384617 0.7794270833333333 0.011538461538461539 0.044270833333333336
0 0.5528846153846154 0.271875 0.007211538461538462 0.05416666666666667
0 0.5950721153846154 0.08723958333333333 0.014663461538461538 0.011979166666666667
0 0.4104567307692308 0.628125 0.010817307692307692 0.035416666666666666
0 0.3350961538461538 0.78125 0.01826923076923077 0.05
0 0.2405048076923077 0.12291666666666666 0.026201923076923078 0.034375
0 0.23629807692307692 0.24921875 0.013942307692307693 0.015104166666666667
0 0.3864182692307692 0.4817708333333333 0.019471153846153846 0.07708333333333334
0 0.39134615384615384 0.6830729166666667 0.01971153846153846 0.0453125
0 0.6381009615384615 0.4875 0.007932692307692307 0.041666666666666664
0 0.4576923076923077 0.48020833333333335 0.007692307692307693 0.04791666666666667
0 0.5663461538461538 0.010677083333333334 0.041346153846153845 0.021354166666666667
0 0.33016826923076925 0.10130208333333333 0.04495192307692308 0.0234375
0 0.5623798076923077 0.92890625 0.014182692307692308 0.019270833333333334
0 0.3747596153846154 0.0859375 0.02403846153846154 0.025
0 0.4169471153846154 0.6713541666666667 0.018990384615384614 0.046875
0 0.2594951923076923 0.9627604166666667 0.01514423076923077 0.0171875
0 0.5421875 0.35130208333333335 0.018509615384615385 0.013020833333333334
0 0.23473557692307692 0.78203125 0.019471153846153846 0.034895833333333334
0 0.5658653846153846 0.031510416666666666 0.02403846153846154 0.018229166666666668
0 0.36923076923076925 0.07786458333333333 0.013461538461538462 0.013020833333333334
0 0.6060096153846154 0.6828125 0.0125 0.016666666666666666
0 0.6307692307692307 0.9299479166666667 0.03653846153846154 0.0671875
0 0.2686298076923077 0.29322916666666665 0.026201923076923078 0.017708333333333333
0 0.4461538461538462 0.23359375 0.014903846153846155 0.0203125
0 0.2390625 0.8614583333333333 0.014182692307692308 0.023958333333333335
0 0.39447115384615383 0.6065104166666667 0.016346153846153847 0.030729166666666665
0 0.2643028846153846 0.07526041666666666 0.0069711538461538465 0.03802083333333333
0 0.5135817307692307 0.3140625 0.012740384615384615 0.03854166666666667
0 0.5711538461538461 0.9205729166666666 0.015865384615384615 0.0578125
0 0.3986778846153846 0.05078125 0.014182692307692308 0.044270833333333336
0 0.49423076923076925 0.6643229166666667 0.006730769230769231 0.0359375
0 0.25096153846153846 0.184375 0.016346153846153847 0.026041666666666668
0 0.4579326923076923 0.65625 0.014423076923076924 0.046875
0 0.42788461538461536 0.37109375 0.025 0.0171875
0 0.48040865384615383 0.8921875 0.012740384615384615 0.013541666666666667
0 0.24879807692307693 0.68984375 0.007211538461538462 0.044270833333333336
0 0.2640625 0.12395833333333334 0.017548076923076923 0.03333333333333333
0 0.22572115384615385 0.8588541666666667 0.007211538461538462 0.017708333333333333
0 0.2358173076923077 0.18958333333333333 0.012980769230769231 0.01875
0 0.6052884615384615 0.24947916666666667 0.03317307692307692 0.06458333333333334
0 0.49567307692307694 0.20546875 0.021153846153846155 0.016145833333333335
0 0.25745192307692305 0.6265625 0.02548076923076923 0.021875
0 0.4938701923076923 0.3223958333333333 0.05360576923076923 0.06770833333333333
0 0.4621394230769231 0.9302083333333333 0.024759615384615383 0.023958333333333335
0 0.5643028846153846 0.7869791666666667 0.012740384615384615 0.036458333333333336
0 0.2423076923076923 0.16640625 0.020673076923076922 0.03177083333333333
0 0.4721153846153846 0.08776041666666666 0.025961538461538463 0.0140625
0 0.24423076923076922 0.43854166666666666 0.014423076923076924 0.025
0 0.2923076923076923 0.93828125 0.03076923076923077 0.06614583333333333
0 0.4854567307692308 0.27291666666666664 0.02235576923076923 0.020833333333333332
0 0.4015625 0.6502604166666667 0.012259615384615384 0.0328125
0 0.6354567307692308 0.9471354166666667 0.026201923076923078 0.030729166666666665
0 0.5052884615384615 0.8119791666666667 0.027403846153846154 0.05520833333333333
0 0.5689903846153846 0.76328125 0.01201923076923077 0.0234375
0 0.5063701923076923 0.05286458333333333 0.018509615384615385 0.016145833333333335
0 0.5715144230769231 0.7981770833333334 0.011298076923076923 0.0515625
0 0.6230769230769231 0.43125 0.025 0.040625
0 0.2308894230769231 0.3609375 0.00985576923076923 0.051041666666666666
0 0.23401442307692308 0.87890625 0.02235576923076923 0.018229166666666668
0 0.5139423076923076 0.6263020833333334 0.017788461538461538 0.0140625
0 0.4444711538461538 0.275 0.015384615384615385 0.011458333333333333
0 0.22776442307692307 0.8997395833333334 0.008894230769230769 0.033854166666666664
0 0.4051682692307692 0.23177083333333334 0.019471153846153846 0.03125
0 0.5061298076923076 0.28125 0.006490384615384616 0.034375
0 0.471875 0.4127604166666667 0.03365384615384615 0.06822916666666666
0 0.653485576923077 0.41302083333333334 0.007451923076923077 0.030208333333333334
0 0.5600961538461539 0.36380208333333336 0.03028846153846154 0.05572916666666667
0 0.3021634615384615 0.09557291666666666 0.014423076923076924 0.0140625
0 0.5548076923076923 0.16197916666666667 0.016346153846153847 0.03125
0 0.3295673076923077 0.5395833333333333 0.012980769230769231 0.035416666666666666
0 0.4364182692307692 0.9078125 0.019951923076923075 0.0125
0 0.49435096153846153 0.01484375 0.023798076923076922 0.015104166666666667
0 0.4016826923076923 0.43645833333333334 0.01730769230769231 0.035416666666666666
0 0.5314903846153847 0.5325520833333334 0.022115384615384617 0.050520833333333334
0 0.46298076923076925 0.48723958333333334 0.010096153846153847 0.0390625
0 0.2376201923076923 0.39817708333333335 0.011298076923076923 0.028645833333333332
0 0.4054086538461538 0.20130208333333333 0.018028846153846152 0.0171875
0 0.5193509615384615 0.00859375 0.02860576923076923 0.016145833333333335
0 0.653485576923077 0.2734375 0.020432692307692308 0.0375
0 0.47091346153846153 0.6268229166666667 0.03894230769230769 0.0296875
0 0.5513221153846154 0.1984375 0.006009615384615385 0.03854166666666667
0 0.6268028846153846 0.44140625 0.01706730769230769 0.021354166666666667
0 0.49771634615384613 0.428125 0.014663461538461538 0.014583333333333334
0 0.2403846153846154 0.359375 0.010576923076923078 0.04895833333333333
0 0.29951923076923076 0.6026041666666667 0.01875 0.022916666666666665
0 0.5655048076923077 0.5700520833333333 0.013221153846153846 0.0171875
0 0.24086538461538462 0.5619791666666667 0.014423076923076924 0.029166666666666667
0 0.5155048076923077 0.20963541666666666 0.009375 0.06927083333333334
0 0.4032451923076923 0.43203125 0.04495192307692308 0.04635416666666667
0 0.3942307692307692 0.4203125 0.028365384615384615 0.015625
0 0.5375 0.4432291666666667 0.032692307692307694 0.03958333333333333
0 0.23125 0.6265625 0.011538461538461539 0.028125
0 0.5807692307692308 0.76640625 0.04278846153846154 0.1109375
0 0.5551682692307692 0.05807291666666667 0.01610576923076923 0.0453125
0 0.43545673076923075 0.35520833333333335 0.010336538461538461 0.016666666666666666
0 0.2882211538461538 0.9614583333333333 0.022596153846153846 0.020833333333333332
0 0.23016826923076922 0.6471354166666666 0.010817307692307692 0.019270833333333334
0 0.44519230769230766 0.22395833333333334 0.03894230769230769 0.05416666666666667
0 0.6115384615384616 0.008072916666666667 0.009134615384615385 0.016145833333333335
0 0.38713942307692306 0.06953125 0.021875 0.011979166666666667
0 0.38822115384615385 0.6895833333333333 0.014903846153846155 0.025
0 0.6471153846153846 0.16458333333333333 0.014423076923076924 0.034375
0 0.4173076923076923 0.3846354166666667 0.010096153846153847 0.0328125
0 0.6497596153846154 0.38255208333333335 0.016826923076923076 0.018229166666666668
0 0.24963942307692308 0.57734375 0.017548076923076923 0.024479166666666666
0 0.45528846153846153 0.058333333333333334 0.02451923076923077 0.022916666666666665
0 0.3496394230769231 0.0625 0.029086538461538462 0.026041666666666668
0 0.5087740384615385 0.5630208333333333 0.018028846153846152 0.020833333333333332
0 0.6492788461538461 0.35520833333333335 0.015865384615384615 0.0375
0 0.5151442307692308 0.06328125 0.006730769230769231 0.04010416666666667
0 0.24807692307692308 0.79375 0.03173076923076923 0.040625
0 0.6318509615384615 0.38723958333333336 0.0069711538461538465 0.04010416666666667
0 0.4617788461538462 0.6247395833333333 0.020673076923076922 0.025520833333333333
0 0.5228365384615384 0.5518229166666667 0.020673076923076922 0.0140625
0 0.6413461538461539 0.1921875 0.014903846153846155 0.029166666666666667
0 0.48064903846153845 0.42890625 0.01610576923076923 0.034895833333333334
0 0.5723557692307693 0.26484375 0.010096153846153847 0.03177083333333333
0 0.26826923076923076 0.92890625 0.014903846153846155 0.03697916666666667
0 0.6568509615384616 0.13411458333333334 0.010336538461538461 0.04114583333333333
0 0.4138221153846154 0.35911458333333335 0.01658653846153846 0.08072916666666667
0 0.4210336538461538 0.18177083333333333 0.01610576923076923 0.027083333333333334
0 0.2725961538461538 0.5752604166666667 0.01826923076923077 0.013020833333333334
0 0.3245192307692308 0.5572916666666666 0.05961538461538462 0.07291666666666667
0 0.6528846153846154 0.6166666666666667 0.026442307692307692 0.022916666666666665
0 0.39002403846153844 0.0640625 0.028125 0.01875
0 0.23641826923076922 0.20442708333333334 0.014663461538461538 0.0484375
0 0.38990384615384616 0.46197916666666666 0.010096153846153847 0.042708333333333334
0 0.24435096153846153 0.17630208333333333 0.030528846153846153 0.049479166666666664
0 0.2643028846153846 0.28359375 0.03533653846153846 0.033854166666666664
0 0.45348557692307695 0.403125 0.010817307692307692 0.0375
0 0.5087740384615385 0.37994791666666666 0.012740384615384615 0.0328125
0 0.6412259615384616 0.6221354166666667 0.008894230769230769 0.04114583333333333
0 0.48004807692307694 0.6330729166666667 0.020673076923076922 0.0171875
0 0.5240384615384616 0.14791666666666667 0.007211538461538462 0.053125
0 0.39110576923076923 0.22057291666666667 0.013461538461538462 0.0265625
0 0.24158653846153846 0.790625 0.016826923076923076 0.04375
0 0.43798076923076923 0.06458333333333334 0.05673076923076923 0.027083333333333334
0 0.3270432692307692 0.57421875 0.00985576923076923 0.0359375
0 0.6205528846153846 0.92890625 0.01658653846153846 0.059895833333333336
0 0.3737980769230769 0.05286458333333333 0.01875 0.016145833333333335
0 0.24350961538461538 0.5145833333333333 0.02451923076923077 0.052083333333333336
0 0.619951923076923 0.9119791666666667 0.014903846153846155 0.025
0 0.41814903846153845 0.74453125 0.010336538461538461 0.043229166666666666
0 0.2525240384615385 0.45026041666666666 0.03245192307692308 0.04635416666666667
0 0.3112980769230769 0.028645833333333332 0.03173076923076923 0.027083333333333334
0 0.5030048076923077 0.2674479166666667 0.011778846153846154 0.0609375
0 0.4127403846153846 0.6614583333333334 0.011538461538461539 0.0375
0 0.5129807692307692 0.04609375 0.06490384615384616 0.08385416666666666
0 0.4659855769230769 0.39505208333333336 0.020913461538461537 0.0328125
0 0.43545673076923075 0.09505208333333333 0.010817307692307692 0.028645833333333332
0 0.43653846153846154 0.9236979166666667 0.020673076923076922 0.04010416666666667
0 0.6108173076923077 0.8265625 0.022596153846153846 0.027083333333333334
0 0.6537259615384615 0.36276041666666664 0.025240384615384616 0.058854166666666666
0 0.5569711538461538 0.07864583333333333 0.0125 0.016666666666666666
0 0.4673076923076923 0.33880208333333334 0.029326923076923077 0.04635416666666667
0 0.44747596153846153 0.5291666666666667 0.03245192307692308 0.041666666666666664
0 0.42223557692307695 0.66328125 0.031009615384615385 0.06510416666666667
0 0.5933894230769231 0.93125 0.037259615384615384 0.03854166666666667
0 0.38665865384615383 0.036458333333333336 0.023317307692307693 0.040625
0 0.5473557692307692 0.05520833333333333 0.03221153846153846 0.053125
0 0.5240384615384616 0.5895833333333333 0.021153846153846155 0.03854166666666667
0 0.44759615384615387 0.35208333333333336 0.010576923076923078 0.041666666666666664
0 0.25072115384615384 0.24791666666666667 0.04230769230769231 0.017708333333333333
0 0.4643028846153846 0.5200520833333333 0.010336538461538461 0.024479166666666666
0 0.540625 0.20130208333333333 0.027403846153846154 0.0453125
0 0.5620192307692308 0.6963541666666667 0.007692307692307693 0.03333333333333333
0 0.44759615384615387 0.7596354166666667 0.014903846153846155 0.08385416666666666
0 0.49182692307692305 0.32734375 0.008653846153846154 0.028645833333333332
0 0.2483173076923077 0.5171875 0.047596153846153844 0.06041666666666667
0 0.6110576923076924 0.23958333333333334 0.012980769230769231 0.03333333333333333
0 0.5268028846153846 0.7658854166666667 0.013701923076923077 0.1078125
0 0.5080528846153847 0.6611979166666667 0.01658653846153846 0.018229166666666668
0 0.5657451923076923 0.4674479166666667 0.019951923076923075 0.022395833333333334
0 0.2310096153846154 0.5739583333333333 0.012980769230769231 0.03229166666666667
0 0.4235576923076923 0.39869791666666665 0.02451923076923077 0.06197916666666667
0 0.30372596153846154 0.5393229166666667 0.015625 0.03177083333333333
0 0.5019230769230769 0.05 0.0375 0.05520833333333333
0 0.44314903846153847 0.5744791666666667 0.01658653846153846 0.019791666666666666
0 0.47596153846153844 0.4828125 0.03894230769230769 0.08645833333333333
0 0.3778846153846154 0.5372395833333333 0.017788461538461538 0.03177083333333333
0 0.3490384615384615 0.47213541666666664 0.03076923076923077 0.06197916666666667
0 0.3325721153846154 0.029166666666666667 0.03389423076923077 0.021875
0 0.31766826923076924 0.04479166666666667 0.01610576923076923 0.022916666666666665
0 0.2403846153846154 0.6315104166666666 0.010576923076923078 0.04010416666666667
0 0.5205528846153846 0.40911458333333334 0.012740384615384615 0.030729166666666665
0 0.5067307692307692 0.4861979166666667 0.019230769230769232 0.015104166666666667
0 0.6510817307692308 0.6 0.010336538461538461 0.03333333333333333
0 0.5801682692307693 0.015625 0.017548076923076923 0.014583333333333334
0 0.25817307692307695 0.21588541666666666 0.021634615384615384 0.0703125
0 0.4941105769230769 0.2786458333333333 0.031490384615384615 0.035416666666666666
0 0.25012019230769234 0.6807291666666667 0.010817307692307692 0.0625
0 0.2591346153846154 0.24765625 0.02548076923076923 0.013020833333333334
0 0.4205528846153846 0.67890625 0.013221153846153846 0.030729166666666665
0 0.5080528846153847 0.01171875 0.051201923076923075 0.021354166666666667
0 0.6198317307692308 0.9385416666666667 0.00985576923076923 0.040625
0 0.3855769230769231 0.33098958333333334 0.0125 0.03177083333333333
0 0.6518028846153846 0.10625 0.012259615384615384 0.027083333333333334
0 0.541826923076923 0.17057291666666666 0.011538461538461539 0.025520833333333333
0 0.22752403846153846 0.9127604166666666 0.009375 0.06302083333333333
0 0.24483173076923076 0.8674479166666667 0.025721153846153845 0.0328125
0 0.5805288461538461 0.95234375 0.01730769230769231 0.0171875
0 0.5399038461538461 0.934375 0.016826923076923076 0.015625
0 0.33629807692307695 0.059895833333333336 0.05576923076923077 0.06145833333333333
0 0.6484375 0.8973958333333333 0.018509615384615385 0.036458333333333336