0 0.7390625 0.146875 0.065625 0.0421875
0 0.37734375 0.1109375 0.034375 0.028125
0 0.64375 0.3546875 0.06875 0.04375
0 0.9671875 0.19765625 0.0375 0.0328125
0 0.175 0.47421875 0.0515625 0.059375
0 0.6515625 0.13359375 0.071875 0.053125
0 0.5390625 0.64140625 0.05 0.0453125
0 0.5578125 0.09453125 0.0734375 0.053125
0 0.43359375 0.9453125 0.0234375 0.0203125
0 0.4375 0.92890625 0.0203125 0.0234375
0 0.56484375 0.18203125 0.0734375 0.040625
0 0.65234375 0.92578125 0.075 0.0359375
0 0.5640625 0.84765625 0.0609375 0.0421875
0 0.50703125 0.5328125 0.0546875 0.03125
0 0.37421875 0.3046875 0.040625 0.053125
0 0.6859375 0.52265625 0.0484375 0.046875
0 0.38828125 0.25 0.034375 0.040625
0 0.32109375 0.328125 0.040625 0.059375
0 0.5875 0.290625 0.040625 0.053125
0 0.74921875 0.96875 0.046875 0.0546875
0 0.4109375 0.27890625 0.0734375 0.03125
0 0.91015625 0.23125 0.0578125 0.0296875
0 0.2203125 0.2828125 0.0390625 0.0546875
0 0.65078125 0.615625 0.0828125 0.040625
0 0.31640625 0.06484375 0.065625 0.0390625
0 0.45625 0.9390625 0.03125 0.0484375
0 0.71796875 0.59765625 0.059375 0.04375
0 0.84140625 0.6078125 0.028125 0.0375
0 0.81640625 0.596875 0.0328125 0.04375
0 0.0984375 0.8359375 0.0765625 0.04375
0 0.13671875 0.565625 0.0515625 0.053125
0 0.53828125 0.35078125 0.0765625 0.0453125
0 0.9296875 0.2515625 0.0375 0.0390625
0 0.1078125 0.72734375 0.06875 0.05625
0 0.34921875 0.88515625 0.0703125 0.03125
0 0.2703125 0.24296875 0.0640625 0.028125
0 0.81796875 0.54375 0.0296875 0.0375
0 0.50859375 0.7859375 0.0765625 0.034375
0 0.66328125 0.20859375 0.084375 0.0484375
0 0.92421875 0.33046875 0.0359375 0.0484375
0 0.9203125 0.37890625 0.0390625 0.0546875
0 0.95 0.221875 0.05 0.0265625
0 0.96796875 0.17109375 0.04375 0.028125
0 0.915625 0.2734375 0.075 0.0375
0 0.8640625 0.58203125 0.0453125 0.0265625
0 0.4515625 0.43828125 0.046875 0.05625
0 0.5296875 0.6953125 0.075 0.040625
0 0.675 0.7671875 0.0640625 0.034375
0 0.53828125 0.95625 0.065625 0.0421875
0 0.2359375 0.21875 0.0375 0.053125