0 0.25546875 0.69765625 0.0515625 0.03046875
0 0.58828125 0.91953125 0.04453125 0.02265625
0 0.16015625 0.103125 0.03984375 0.03984375
0 0.79609375 0.8828125 0.0234375 0.03125
0 0.19609375 0.2 0.025 0.0375
0 0.82265625 0.06796875 0.03515625 0.03828125
0 0.86328125 0.29609375 0.046875 0.03359375
0 0.20546875 0.26171875 0.0421875 0.0265625
0 0.58515625 0.87890625 0.046875 0.0203125
0 0.48828125 0.85703125 0.05078125 0.034375
0 0.76171875 0.09609375 0.03515625 0.03671875
0 0.8671875 0.11640625 0.03671875 0.04140625
0 0.1296875 0.65859375 0.034375 0.03515625
0 0.2453125 0.08203125 0.03671875 0.0421875
0 0.28046875 0.10078125 0.05390625 0.0234375
0 0.675 0.92890625 0.0390625 0.03125
0 0.42421875 0.09453125 0.05390625 0.01953125
0 0.38828125 0.37421875 0.03359375 0.0515625
0 0.1671875 0.209375 0.0203125 0.04765625
0 0.61953125 0.88984375 0.05546875 0.0140625
0 0.3859375 0.50859375 0.05234375 0.0171875
0 0.81484375 0.11875 0.04375 0.03046875
0 0.86328125 0.5375 0.01953125 0.04140625
0 0.82578125 0.890625 0.0296875 0.03046875
0 0.2234375 0.7875 0.0609375 0.0359375
0 0.696875 0.26796875 0.021875 0.06015625
0 0.36796875 0.9328125 0.06015625 0.03046875
0 0.85078125 0.74375 0.0265625 0.0453125
0 0.25 0.7453125 0.06796875 0.028125
0 0.396875 0.11484375 0.053125 0.01796875
0 0.6765625 0.54453125 0.01875 0.06328125
0 0.76640625 0.8640625 0.0484375 0.02265625
0 0.18515625 0.90625 0.04375 0.04453125
0 0.89296875 0.09453125 0.03125 0.03671875
0 0.89375 0.89453125 0.03125 0.028125
0 0.81875 0.228125 0.01875 0.046875
0 0.62890625 0.51640625 0.02109375 0.0359375
0 0.3234375 0.0796875 0.0828125 0.025
0 0.18203125 0.15234375 0.04296875 0.05
0 0.29453125 0.18125 0.07109375 0.02421875
0 0.37890625 0.2484375 0.0640625 0.03125
0 0.77890625 0.509375 0.0640625 0.02421875
0 0.7453125 0.9296875 0.07421875 0.01953125
0 0.6375 0.9296875 0.0234375 0.02265625
0 0.86484375 0.9296875 0.025 0.03515625
0 0.86796875 0.884375 0.01875 0.02890625