0 0.790625 0.7953125 0.04453125 0.0484375
0 0.7328125 0.55 0.0390625 0.03984375
0 0.603125 0.5171875 0.040625 0.02734375
0 0.63125 0.2046875 0.05625 0.03125
0 0.6765625 0.26484375 0.05546875 0.0296875
0 0.571875 0.39765625 0.04453125 0.02265625
0 0.7265625 0.359375 0.028125 0.0359375
0 0.30390625 0.2296875 0.040625 0.0328125
0 0.3578125 0.49453125 0.03515625 0.046875
0 0.75859375 0.31953125 0.02265625 0.040625
0 0.70078125 0.75625 0.0296875 0.04609375
0 0.6578125 0.78203125 0.034375 0.046875
0 0.45859375 0.54609375 0.04296875 0.025
0 0.48828125 0.81875 0.04140625 0.03671875
0 0.41796875 0.15390625 0.0625 0.028125
0 0.6453125 0.690625 0.0359375 0.04609375
0 0.303125 0.26484375 0.03671875 0.02890625
0 0.3453125 0.40078125 0.0296875 0.05
0 0.72890625 0.4296875 0.03984375 0.03359375
0 0.5515625 0.4578125 0.04140625 0.02265625
0 0.38984375 0.7046875 0.02265625 0.04609375
0 0.5546875 0.30234375 0.0546875 0.021875
0 0.6828125 0.6875 0.03203125 0.0546875
0 0.24765625 0.55234375 0.0515625 0.03828125
0 0.62890625 0.3609375 0.059375 0.04609375
0 0.60546875 0.4703125 0.046875 0.03125
0 0.42578125 0.74140625 0.0171875 0.04609375
0 0.72734375 0.19609375 0.06015625 0.02578125
0 0.265625 0.28359375 0.0453125 0.02734375
0 0.51875 0.44296875 0.0203125 0.04765625
0 0.53203125 0.19296875 0.05390625 0.02890625
0 0.4875 0.56484375 0.0453125 0.0328125
0 0.38125 0.20546875 0.07109375 0.015625
0 0.78515625 0.41953125 0.03515625 0.04609375
0 0.5515625 0.78359375 0.02890625 0.0578125
0 0.8015625 0.134375 0.028125 0.0484375
0 0.490625 0.2890625 0.02890625 0.0421875
0 0.1625 0.32109375 0.0265625 0.0421875
0 0.21171875 0.42109375 0.02421875 0.04921875
0 0.49765625 0.51171875 0.03046875 0.03828125
0 0.74453125 0.14765625 0.0625 0.01484375
0 0.73984375 0.134375 0.0625 0.0140625
0 0.53203125 0.5640625 0.03125 0.04375
0 0.59453125 0.24296875 0.02578125 0.0453125
0 0.765625 0.24609375 0.06484375 0.025
0 0.253125 0.20859375 0.03125 0.04921875
0 0.340625 0.30546875 0.02734375 0.0453125
0 0.4359375 0.4078125 0.0390625 0.04296875
0 0.27890625 0.61796875 0.03984375 0.05078125
0 0.70703125 0.86875 0.06328125 0.0296875