0 0.69921875 0.66953125 0.05234375 0.03515625
0 0.45 0.4203125 0.05234375 0.02265625
0 0.48671875 0.884375 0.053125 0.04140625
0 0.778125 0.10078125 0.04453125 0.03515625
0 0.4515625 0.628125 0.040625 0.04609375
0 0.7390625 0.78359375 0.03125 0.05078125
0 0.41640625 0.1234375 0.0390625 0.03671875
0 0.825 0.9265625 0.0484375 0.02109375
0 0.57734375 0.8890625 0.025 0.0484375
0 0.17421875 0.315625 0.02421875 0.04609375
0 0.77734375 0.85703125 0.03046875 0.04921875
0 0.2125 0.53203125 0.04453125 0.0296875
0 0.6484375 0.28046875 0.0609375 0.03203125
0 0.56328125 0.85703125 0.06953125 0.01171875
0 0.4796875 0.13984375 0.06015625 0.0203125
0 0.5578125 0.59765625 0.03515625 0.03515625
0 0.21796875 0.59921875 0.0671875 0.02421875
0 0.7875 0.52890625 0.03046875 0.05703125
0 0.31328125 0.76328125 0.053125 0.0484375
0 0.7234375 0.09296875 0.0484375 0.0171875
0 0.70546875 0.728125 0.02578125 0.053125
0 0.2765625 0.4109375 0.02421875 0.04453125
0 0.8359375 0.3390625 0.06328125 0.046875
0 0.35078125 0.75 0.028125 0.0546875
0 0.2796875 0.8890625 0.03828125 0.04765625
0 0.690625 0.1109375 0.06015625 0.01640625
0 0.71640625 0.62734375 0.040625 0.0484375
0 0.15234375 0.6109375 0.0375 0.04140625
0 0.8359375 0.5921875 0.0296875 0.0484375
0 0.7234375 0.92578125 0.071875 0.02421875
0 0.17890625 0.89765625 0.0359375 0.04296875
0 0.61640625 0.4296875 0.0609375 0.0296875
0 0.36328125 0.840625 0.071875 0.02265625
0 0.153125 0.35625 0.03203125 0.0375
0 0.4296875 0.54140625 0.046875 0.01796875
0 0.2859375 0.53515625 0.01796875 0.0390625
0 0.6140625 0.72421875 0.0546875 0.015625
0 0.69609375 0.30625 0.0609375 0.0203125
0 0.128125 0.4703125 0.02890625 0.04921875
0 0.6203125 0.4921875 0.07109375 0.0234375
0 0.52890625 0.5984375 0.02578125 0.03671875
0 0.15078125 0.66875 0.03359375 0.05
0 0.24375 0.8375 0.05078125 0.04140625
0 0.146875 0.86875 0.0328125 0.0484375
0 0.6875 0.903125 0.075 0.01953125
0 0.88046875 0.87890625 0.03671875 0.021875
0 0.865625 0.91015625 0.02109375 0.03125
0 0.81171875 0.90859375 0.040625 0.03125