0 0.51328125 0.10078125 0.0734375 0.053125
0 0.303125 0.2875 0.0625 0.0578125
0 0.7796875 0.32734375 0.046875 0.0328125
0 0.43984375 0.30859375 0.059375 0.053125
0 0.68046875 0.33359375 0.046875 0.046875
0 0.90703125 0.16484375 0.08125 0.040625
0 0.76015625 0.428125 0.0640625 0.053125
0 0.2703125 0.409375 0.0484375 0.0484375
0 0.79921875 0.16875 0.0640625 0.0609375
0 0.17265625 0.81328125 0.0734375 0.046875
0 0.14296875 0.44296875 0.0578125 0.04375
0 0.57109375 0.9140625 0.0390625 0.0546875
0 0.71484375 0.97265625 0.0578125 0.0265625
0 0.7203125 0.95390625 0.05625 0.028125
0 0.8328125 0.53046875 0.034375 0.0421875
0 0.7921875 0.29765625 0.053125 0.034375
0 0.46875 0.52109375 0.0640625 0.0515625
0 0.465625 0.47265625 0.0421875 0.053125
0 0.2703125 0.0203125 0.0375 0.040625
0 0.12109375 0.565625 0.0328125 0.0546875
0 0.20078125 0.41640625 0.053125 0.059375
0 0.22421875 0.03671875 0.025 0.0453125
0 0.696875 0.8953125 0.0453125 0.05625
0 0.4109375 0.08515625 0.059375 0.0359375
0 0.23125 0.3828125 0.0609375 0.0484375
0 0.20390625 0.06171875 0.0234375 0.025
0 0.2203125 0.01328125 0.053125 0.0265625
0 0.33828125 0.14453125 0.05625 0.0421875
0 0.29140625 0.73515625 0.0609375 0.0421875
0 0.48359375 0.91328125 0.0828125 0.0375
0 0.48203125 0.24921875 0.08125 0.05
0 0.234375 0.1453125 0.034375 0.0578125
0 0.34296875 0.4625 0.046875 0.053125
0 0.32734375 0.809375 0.0671875 0.0578125
0 0.19140625 0.8625 0.0734375 0.0328125
0 0.66796875 0.375 0.059375 0.0484375
0 0.14140625 0.35703125 0.0453125 0.053125
0 0.8671875 0.190625 0.0765625 0.034375
0 0.40546875 0.75 0.04375 0.059375
0 0.515625 0.58203125 0.0375 0.053125
0 0.85625 0.44609375 0.0359375 0.065625
0 0.65703125 0.125 0.075 0.034375
0 0.63515625 0.14765625 0.0828125 0.0390625
0 0.20859375 0.0328125 0.025 0.0265625
0 0.18984375 0.090625 0.0328125 0.0515625
0 0.8921875 0.32890625 0.05 0.065625
0 0.6828125 0.54609375 0.046875 0.065625
0 0.14296875 0.41640625 0.0625 0.0328125
0 0.2609375 0.89765625 0.0828125 0.0375
0 0.7625 0.7375 0.040625 0.0609375