0 0.92421875 0.87734375 0.028125 0.028125
0 0.928125 0.853125 0.034375 0.0265625
0 0.8921875 0.846875 0.028125 0.0390625
0 0.8453125 0.84296875 0.0484375 0.028125
0 0.64609375 0.8921875 0.0796875 0.0265625
0 0.6484375 0.86328125 0.0578125 0.028125
0 0.5484375 0.8828125 0.0625 0.03125
0 0.49375 0.91484375 0.065625 0.0234375
0 0.40234375 0.92578125 0.0453125 0.025
0 0.440625 0.928125 0.0296875 0.0234375
0 0.38515625 0.90390625 0.0609375 0.0265625
0 0.459375 0.86328125 0.0578125 0.0296875
0 0.30625 0.875 0.053125 0.0390625
0 0.228125 0.8921875 0.0296875 0.040625
0 0.17421875 0.903125 0.0265625 0.0390625
0 0.20703125 0.86953125 0.040625 0.05625
0 0.15546875 0.84609375 0.0453125 0.0265625
0 0.18359375 0.8296875 0.0328125 0.040625
0 0.515625 0.79453125 0.0328125 0.0265625
0 0.72890625 0.73515625 0.0484375 0.0515625
0 0.81796875 0.771875 0.071875 0.025
0 0.89921875 0.62265625 0.0375 0.05
0 0.7734375 0.6109375 0.0484375 0.0578125
0 0.8515625 0.459375 0.0734375 0.034375
0 0.490625 0.4546875 0.053125 0.0390625
0 0.353125 0.471875 0.0546875 0.0484375
0 0.20390625 0.49375 0.046875 0.05
0 0.1765625 0.65703125 0.0234375 0.04375
0 0.2171875 0.67265625 0.053125 0.03125
0 0.22421875 0.38359375 0.040625 0.0421875
0 0.228125 0.321875 0.034375 0.0484375
0 0.11484375 0.2875 0.028125 0.053125
0 0.14921875 0.27421875 0.0375 0.059375
0 0.090625 0.246875 0.034375 0.0375
0 0.12265625 0.22734375 0.0234375 0.040625
0 0.3703125 0.26328125 0.0515625 0.0296875
0 0.340625 0.23203125 0.0625 0.053125
0 0.40625 0.225 0.03125 0.05
0 0.321875 0.12734375 0.053125 0.0296875
0 0.39453125 0.1265625 0.04375 0.025
0 0.41328125 0.10390625 0.0703125 0.0203125
0 0.30625 0.0953125 0.0625 0.0265625
0 0.32890625 0.07109375 0.0625 0.03125
0 0.15234375 0.10234375 0.0671875 0.0453125
0 0.15859375 0.13828125 0.0640625 0.0328125
0 0.63359375 0.0984375 0.05 0.0171875
0 0.69609375 0.0859375 0.059375 0.021875
0 0.68203125 0.04453125 0.0296875 0.0546875
0 0.8078125 0.22265625 0.028125 0.053125
0 0.6453125 0.31875 0.0734375 0.0453125