0 0.21171875 0.31640625 0.0421875 0.046875
0 0.571875 0.23828125 0.046875 0.0328125
0 0.13671875 0.5890625 0.0765625 0.028125
0 0.18515625 0.79609375 0.0453125 0.0375
0 0.39375 0.20625 0.0515625 0.0375
0 0.53046875 0.075 0.0640625 0.0234375
0 0.79140625 0.11953125 0.0359375 0.03125
0 0.87421875 0.8375 0.03125 0.0390625
0 0.81640625 0.8734375 0.0515625 0.0359375
0 0.1359375 0.9109375 0.0484375 0.0390625
0 0.14453125 0.88125 0.0625 0.01875
0 0.21171875 0.890625 0.05 0.01875
0 0.721875 0.7984375 0.0609375 0.0515625
0 0.2984375 0.453125 0.06875 0.0296875
0 0.14609375 0.64296875 0.0328125 0.0328125
0 0.31953125 0.703125 0.059375 0.0375
0 0.56875 0.36796875 0.0734375 0.0265625
0 0.16953125 0.39140625 0.025 0.0578125
0 0.146875 0.39296875 0.025 0.0546875
0 0.31875 0.88125 0.0453125 0.025
0 0.553125 0.2046875 0.04375 0.0328125
0 0.41171875 0.459375 0.0609375 0.0421875
0 0.7625 0.92265625 0.05 0.0296875
0 0.11796875 0.5234375 0.046875 0.021875
0 0.78828125 0.4765625 0.04375 0.05
0 0.52734375 0.91171875 0.0546875 0.01875
0 0.14296875 0.69453125 0.0234375 0.034375
0 0.6578125 0.92421875 0.0640625 0.01875
0 0.38125 0.91328125 0.05625 0.015625
0 0.4546875 0.3796875 0.0296875 0.0359375
0 0.49375 0.82421875 0.0703125 0.0328125
0 0.23046875 0.19140625 0.03125 0.059375
0 0.6296875 0.890625 0.0234375 0.0359375
0 0.6015625 0.8953125 0.0265625 0.0421875
0 0.503125 0.28984375 0.05 0.0296875
0 0.765625 0.1015625 0.0578125 0.0234375
0 0.259375 0.9046875 0.065625 0.021875
0 0.21015625 0.859375 0.0765625 0.0234375
0 0.12890625 0.83515625 0.0828125 0.028125
0 0.859375 0.70703125 0.0375 0.059375
0 0.11484375 0.6734375 0.0328125 0.0484375
0 0.18984375 0.11640625 0.078125 0.028125
0 0.53828125 0.10546875 0.0875 0.028125
0 0.6203125 0.08046875 0.0296875 0.05625
0 0.678125 0.0765625 0.0734375 0.0296875
0 0.83828125 0.11328125 0.05625 0.021875
0 0.86015625 0.0734375 0.0453125 0.0515625