0 0.73515625 0.57734375 0.03203125 0.0390625
0 0.79375 0.63984375 0.046875 0.02578125
0 0.584375 0.51328125 0.04296875 0.025
0 0.85859375 0.2109375 0.0234375 0.04140625
0 0.14453125 0.30390625 0.03046875 0.0375
0 0.5796875 0.8859375 0.03984375 0.034375
0 0.66875 0.44375 0.05625 0.02890625
0 0.7765625 0.309375 0.02265625 0.02265625
0 0.81484375 0.328125 0.03359375 0.046875
0 0.82109375 0.29609375 0.03984375 0.03203125
0 0.83515625 0.39296875 0.021875 0.03671875
0 0.85234375 0.6375 0.02265625 0.04140625
0 0.14296875 0.58515625 0.028125 0.0390625
0 0.86015625 0.54296875 0.01640625 0.03828125
0 0.3359375 0.3546875 0.0296875 0.03671875
0 0.38671875 0.1546875 0.0546875 0.01875
0 0.8515625 0.0875 0.02578125 0.0390625
0 0.34375 0.66953125 0.05234375 0.04453125
0 0.2 0.0875 0.0359375 0.040625
0 0.84140625 0.16015625 0.0234375 0.0390625
0 0.8578125 0.28125 0.0234375 0.0484375
0 0.16328125 0.671875 0.03671875 0.0359375
0 0.16328125 0.63359375 0.059375 0.0171875
0 0.828125 0.7765625 0.03046875 0.0375
0 0.596875 0.57265625 0.04609375 0.01953125
0 0.1421875 0.8671875 0.04140625 0.0390625
0 0.1515625 0.840625 0.03046875 0.0328125
0 0.76796875 0.86875 0.0625 0.028125
0 0.74453125 0.91875 0.06015625 0.01640625
0 0.6671875 0.61875 0.02578125 0.03671875
0 0.49921875 0.92578125 0.06171875 0.0109375
0 0.54375 0.30234375 0.05234375 0.03046875
0 0.8453125 0.915625 0.03359375 0.0296875
0 0.2703125 0.09453125 0.06484375 0.02890625
0 0.51953125 0.0671875 0.0625 0.02578125
0 0.49296875 0.20625 0.03515625 0.04296875
0 0.84296875 0.4890625 0.03515625 0.05546875
0 0.5078125 0.44140625 0.06328125 0.03359375
0 0.2609375 0.64296875 0.03125 0.0453125
0 0.1375 0.7515625 0.040625 0.04140625
0 0.23828125 0.92890625 0.06015625 0.0125
0 0.253125 0.90625 0.0578125 0.01796875
0 0.63515625 0.9 0.040625 0.021875
0 0.8421875 0.8890625 0.021875 0.02578125
0 0.84921875 0.86640625 0.0484375 0.01953125
0 0.7828125 0.8359375 0.0671875 0.02109375
0 0.87109375 0.81171875 0.02890625 0.0421875
0 0.8828125 0.76796875 0.03359375 0.03671875
0 0.8875 0.73046875 0.0203125 0.03125
0 0.18671875 0.375 0.02890625 0.03515625