0 0.22421875 0.1 0.034375 0.0625
0 0.1796875 0.14609375 0.07421875 0.01796875
0 0.228125 0.171875 0.0703125 0.0203125
0 0.34609375 0.0984375 0.0359375 0.0421875
0 0.36015625 0.15703125 0.04140625 0.04765625
0 0.5609375 0.09609375 0.065625 0.03203125
0 0.62421875 0.08359375 0.03671875 0.02890625
0 0.64453125 0.09765625 0.02421875 0.02265625
0 0.6859375 0.121875 0.03203125 0.02734375
0 0.7859375 0.0875 0.0453125 0.02578125
0 0.84375 0.07734375 0.0484375 0.04140625
0 0.86953125 0.11796875 0.0296875 0.0421875
0 0.8625 0.19296875 0.01796875 0.05546875
0 0.68671875 0.27265625 0.028125 0.059375
0 0.5078125 0.271875 0.0421875 0.05390625
0 0.290625 0.26875 0.05703125 0.025
0 0.38203125 0.38359375 0.0375 0.06171875
0 0.18359375 0.38203125 0.08828125 0.02890625
0 0.8 0.32734375 0.03359375 0.06328125
0 0.8578125 0.421875 0.05 0.0484375
0 0.62578125 0.47265625 0.08671875 0.0390625
0 0.1734375 0.44140625 0.02734375 0.0578125
0 0.14140625 0.4390625 0.0390625 0.046875
0 0.32421875 0.57109375 0.04765625 0.046875
0 0.73515625 0.54453125 0.04765625 0.03515625
0 0.8453125 0.55625 0.03515625 0.04765625
0 0.8609375 0.7265625 0.0375 0.06328125
0 0.5859375 0.75625 0.046875 0.046875
0 0.475 0.75703125 0.0390625 0.0546875
0 0.45234375 0.73828125 0.040625 0.05234375
0 0.31640625 0.753125 0.06640625 0.0515625
0 0.38359375 0.81015625 0.0359375 0.05234375
0 0.128125 0.81484375 0.06484375 0.03515625
0 0.12890625 0.85390625 0.065625 0.02421875
0 0.4828125 0.85390625 0.0625 0.0328125
0 0.79453125 0.85234375 0.05546875 0.0265625
0 0.859375 0.84140625 0.02421875 0.04140625
0 0.8859375 0.8296875 0.03046875 0.040625
0 0.8765625 0.915625 0.02421875 0.02265625
0 0.8265625 0.940625 0.03984375 0.03359375
0 0.8109375 0.9109375 0.03125 0.0140625
0 0.734375 0.9140625 0.06640625 0.01171875
0 0.721875 0.934375 0.053125 0.01484375
0 0.63515625 0.92109375 0.06796875 0.01484375
0 0.4421875 0.9296875 0.06640625 0.01875
0 0.4015625 0.946875 0.0625 0.0140625
0 0.4890625 0.92734375 0.0390625 0.04296875
0 0.5296875 0.94375 0.0328125 0.046875