0 0.22734375 0.23671875 0.0296875 0.040625
0 0.52109375 0.5203125 0.0453125 0.0328125
0 0.4015625 0.75546875 0.053125 0.0421875
0 0.13046875 0.384375 0.0375 0.0390625
0 0.38046875 0.7 0.0484375 0.0375
0 0.44609375 0.6171875 0.0390625 0.040625
0 0.33828125 0.50859375 0.040625 0.0234375
0 0.10625 0.13046875 0.0296875 0.034375
0 0.534375 0.41328125 0.05625 0.03125
0 0.3359375 0.384375 0.0328125 0.0375
0 0.321875 0.8140625 0.0484375 0.0296875
0 0.7421875 0.57734375 0.03125 0.040625
0 0.53203125 0.63046875 0.05625 0.034375
0 0.7125 0.903125 0.0578125 0.0328125
0 0.2109375 0.58046875 0.0296875 0.04375
0 0.828125 0.4890625 0.0359375 0.0421875
0 0.6734375 0.65390625 0.03125 0.0453125
0 0.3015625 0.11953125 0.053125 0.021875
0 0.2921875 0.7234375 0.021875 0.0375
0 0.48203125 0.88671875 0.034375 0.0375
0 0.7328125 0.46328125 0.05 0.04375
0 0.3546875 0.95625 0.0609375 0.04375
0 0.24453125 0.1390625 0.0421875 0.01875
0 0.596875 0.59453125 0.0546875 0.0203125
0 0.81015625 0.696875 0.0515625 0.040625
0 0.53515625 0.90859375 0.0296875 0.0421875
0 0.515625 0.9046875 0.0265625 0.040625
0 0.82109375 0.3109375 0.0640625 0.0234375
0 0.85234375 0.37109375 0.03125 0.046875
0 0.221875 0.9671875 0.0296875 0.025
0 0.1828125 0.9734375 0.0421875 0.028125
0 0.25703125 0.9671875 0.0328125 0.025
0 0.321875 0.43359375 0.053125 0.0265625
0 0.88125 0.746875 0.01875 0.04375
0 0.86640625 0.74765625 0.021875 0.0421875
0 0.265625 0.9125 0.053125 0.0375
0 0.459375 0.8703125 0.0359375 0.0234375
0 0.34609375 0.09296875 0.0609375 0.0171875
0 0.6640625 0.91328125 0.0546875 0.0328125
0 0.18046875 0.94921875 0.0234375 0.0484375
0 0.846875 0.678125 0.0328125 0.0421875
0 0.8515625 0.86953125 0.0671875 0.0234375
0 0.18359375 0.66484375 0.0359375 0.04375
0 0.875 0.63046875 0.0328125 0.04375
0 0.72734375 0.88125 0.0703125 0.0296875
0 0.35390625 0.14375 0.06875 0.034375
0 0.11875 0.11328125 0.05 0.03125