0 0.78046875 0.32578125 0.04375 0.0484375
0 0.6984375 0.13984375 0.0625 0.0453125
0 0.715625 0.29375 0.0359375 0.046875
0 0.29609375 0.284375 0.059375 0.040625
0 0.87578125 0.8796875 0.0421875 0.046875
0 0.2515625 0.41171875 0.0515625 0.0328125
0 0.34453125 0.35 0.0546875 0.0546875
0 0.84296875 0.72265625 0.046875 0.0546875
0 0.41484375 0.18515625 0.0484375 0.0296875
0 0.76015625 0.0890625 0.0359375 0.0375
0 0.4765625 0.13984375 0.04375 0.03125
0 0.23125 0.165625 0.05 0.03125
0 0.23125 0.12734375 0.04375 0.040625
0 0.55703125 0.8578125 0.0609375 0.0546875
0 0.54296875 0.2046875 0.0375 0.0296875
0 0.4109375 0.3359375 0.05 0.05
0 0.63671875 0.09375 0.06875 0.0296875
0 0.77421875 0.13984375 0.059375 0.028125
0 0.153125 0.70859375 0.053125 0.0296875
0 0.41953125 0.57109375 0.0484375 0.0375
0 0.1421875 0.1734375 0.04375 0.034375
0 0.8265625 0.20078125 0.0359375 0.0421875
0 0.16328125 0.46484375 0.0375 0.046875
0 0.2703125 0.7734375 0.0421875 0.0484375
0 0.69375 0.90703125 0.065625 0.0234375
0 0.509375 0.30234375 0.0625 0.0375
0 0.4515625 0.909375 0.05 0.028125
0 0.65703125 0.2171875 0.0765625 0.025
0 0.5890625 0.89765625 0.0453125 0.0203125
0 0.61328125 0.91875 0.05625 0.01875
0 0.15078125 0.1375 0.0453125 0.034375
0 0.175 0.153125 0.025 0.0546875
0 0.1140625 0.1265625 0.0703125 0.021875
0 0.07421875 0.1734375 0.0484375 0.04375
0 0.80625 0.109375 0.0421875 0.03125
0 0.809375 0.1640625 0.0359375 0.0359375
0 0.134375 0.35859375 0.0421875 0.0640625
0 0.5625 0.4609375 0.071875 0.0375
0 0.84921875 0.775 0.040625 0.05625
0 0.73046875 0.8546875 0.0734375 0.0328125
0 0.79921875 0.884375 0.0609375 0.01875