0 0.4234375 0.4046875 0.0375 0.0359375
0 0.51015625 0.83046875 0.0578125 0.04375
0 0.70625 0.8671875 0.046875 0.0328125
0 0.65703125 0.86953125 0.0578125 0.0453125
0 0.46171875 0.87734375 0.05625 0.040625
0 0.3546875 0.77265625 0.0453125 0.03125
0 0.5234375 0.6640625 0.025 0.0328125
0 0.37109375 0.96953125 0.05 0.0390625
0 0.53984375 0.57109375 0.0375 0.04375
0 0.2671875 0.96484375 0.0421875 0.021875
0 0.27421875 0.9515625 0.0546875 0.025
0 0.69296875 0.02109375 0.0609375 0.0328125
0 0.478125 0.42265625 0.04375 0.04375
0 0.2453125 0.9171875 0.0390625 0.0296875
0 0.22578125 0.9046875 0.0359375 0.034375
0 0.18828125 0.528125 0.053125 0.03125
0 0.8375 0.77890625 0.028125 0.040625
0 0.26484375 0.92734375 0.03125 0.03125
0 0.35703125 0.62109375 0.05 0.03125
0 0.5546875 0.7859375 0.065625 0.028125
0 0.59375 0.61171875 0.046875 0.0359375
0 0.69765625 0.89765625 0.0625 0.0375
0 0.184375 0.64765625 0.0359375 0.0421875
0 0.17421875 0.60859375 0.025 0.0359375
0 0.4015625 0.89453125 0.0578125 0.0265625
0 0.53359375 0.05703125 0.0625 0.025
0 0.91328125 0.85625 0.0515625 0.0328125
0 0.06484375 0.16171875 0.05625 0.0296875
0 0.2125 0.71015625 0.025 0.0375
0 0.259375 0.31640625 0.03125 0.0484375
0 0.39453125 0.39140625 0.0546875 0.04375
0 0.08828125 0.22421875 0.0578125 0.059375
0 0.05234375 0.19140625 0.05625 0.028125
0 0.19453125 0.5921875 0.0359375 0.0328125
0 0.16640625 0.56875 0.0375 0.0390625
0 0.19765625 0.68671875 0.040625 0.0375
0 0.60546875 0.5421875 0.05 0.0515625
0 0.8875 0.53359375 0.0421875 0.0484375
0 0.78828125 0.40078125 0.0375 0.0484375
0 0.8828125 0.56796875 0.028125 0.0453125
0 0.83984375 0.68828125 0.053125 0.0515625
0 0.74921875 0.7625 0.040625 0.0578125
0 0.46015625 0.928125 0.0390625 0.040625
0 0.53828125 0.9046875 0.0453125 0.0578125
0 0.89375 0.82890625 0.05 0.028125
0 0.87265625 0.8671875 0.03125 0.028125
0 0.32734375 0.9640625 0.040625 0.028125
0 0.22734375 0.990625 0.0390625 0.01875
0 0.21015625 0.95234375 0.0296875 0.0390625
0 0.2546875 0.98046875 0.04375 0.028125