0 0.45390625 0.29921875 0.0421875 0.0390625
0 0.11328125 0.834375 0.0390625 0.0375
0 0.5953125 0.74765625 0.046875 0.0375
0 0.83671875 0.7875 0.0296875 0.046875
0 0.175 0.053125 0.0546875 0.028125
0 0.68046875 0.3484375 0.0453125 0.0375
0 0.8234375 0.57109375 0.0265625 0.05
0 0.159375 0.1078125 0.0328125 0.0421875
0 0.425 0.37734375 0.0390625 0.0375
0 0.1015625 0.86953125 0.053125 0.04375
0 0.23984375 0.52421875 0.046875 0.034375
0 0.56796875 0.165625 0.0609375 0.0453125
0 0.80546875 0.78671875 0.0234375 0.046875
0 0.82734375 0.81953125 0.0375 0.028125
0 0.64375 0.8703125 0.028125 0.028125
0 0.82421875 0.89921875 0.0203125 0.028125
0 0.24765625 0.88046875 0.0703125 0.0296875
0 0.8 0.31484375 0.0296875 0.0453125
0 0.09453125 0.7671875 0.028125 0.053125
0 0.8421875 0.24140625 0.0328125 0.05
0 0.16953125 0.32265625 0.0609375 0.0328125
0 0.3921875 0.3765625 0.034375 0.0453125
0 0.37109375 0.4859375 0.046875 0.0375
0 0.24140625 0.059375 0.0703125 0.021875
0 0.54921875 0.8765625 0.0609375 0.0296875
0 0.86796875 0.69453125 0.046875 0.0265625
0 0.82734375 0.7296875 0.021875 0.040625
0 0.86484375 0.571875 0.0296875 0.04375
0 0.70390625 0.9078125 0.0640625 0.0203125
0 0.175 0.14765625 0.0390625 0.0375
0 0.83828125 0.63203125 0.0234375 0.034375
0 0.328125 0.1171875 0.0671875 0.028125
0 0.8546875 0.4203125 0.0328125 0.0546875
0 0.60234375 0.90625 0.078125 0.021875
0 0.26875 0.14921875 0.0671875 0.021875
0 0.39375 0.29375 0.03125 0.05
0 0.75625 0.90390625 0.0421875 0.0171875
0 0.27578125 0.8515625 0.0921875 0.0359375
0 0.70546875 0.8859375 0.078125 0.0265625
0 0.8328125 0.92265625 0.0265625 0.0171875
0 0.8484375 0.8828125 0.0265625 0.0515625
0 0.8578125 0.73125 0.0328125 0.046875
0 0.859375 0.6421875 0.0234375 0.046875
0 0.61015625 0.325 0.0828125 0.0328125
0 0.88671875 0.321875 0.03125 0.0578125