0 0.13125 0.1875 0.040625 0.03828125
0 0.21015625 0.19140625 0.05390625 0.02734375
0 0.1546875 0.26640625 0.0328125 0.05625
0 0.22578125 0.2875 0.0703125 0.021875
0 0.59609375 0.31015625 0.05078125 0.03203125
0 0.81015625 0.246875 0.0421875 0.03984375
0 0.22109375 0.38359375 0.04296875 0.0328125
0 0.35859375 0.384375 0.0640625 0.02578125
0 0.47734375 0.38984375 0.05078125 0.02421875
0 0.43671875 0.40859375 0.0421875 0.0234375
0 0.45703125 0.46328125 0.0328125 0.03671875
0 0.3265625 0.434375 0.046875 0.04140625
0 0.553125 0.4765625 0.06875 0.02421875
0 0.74609375 0.465625 0.065625 0.02421875
0 0.84921875 0.47578125 0.0265625 0.03984375
0 0.7875 0.50859375 0.0671875 0.02421875
0 0.8390625 0.55234375 0.05078125 0.02265625
0 0.84453125 0.5359375 0.0421875 0.02890625
0 0.53359375 0.59921875 0.0453125 0.040625
0 0.4171875 0.59921875 0.0546875 0.02578125
0 0.184375 0.5734375 0.02421875 0.05
0 0.140625 0.68359375 0.04921875 0.0328125
0 0.38828125 0.66640625 0.06328125 0.028125
0 0.49140625 0.66484375 0.0296875 0.03984375
0 0.440625 0.70078125 0.0390625 0.0296875
0 0.57109375 0.63828125 0.040625 0.02265625
0 0.6265625 0.634375 0.05703125 0.02421875
0 0.64765625 0.68984375 0.04765625 0.04140625
0 0.5390625 0.69140625 0.0375 0.040625
0 0.74296875 0.6859375 0.04140625 0.0140625
0 0.5109375 0.75 0.03671875 0.0359375
0 0.20234375 0.784375 0.04609375 0.028125
0 0.39921875 0.78671875 0.06328125 0.01484375
0 0.33046875 0.81875 0.04453125 0.01640625
0 0.38671875 0.8515625 0.059375 0.02265625
0 0.44375 0.8109375 0.04921875 0.01875
0 0.5265625 0.8296875 0.0625 0.01171875
0 0.47109375 0.87265625 0.06484375 0.01875
0 0.5640625 0.91328125 0.04140625 0.0359375
0 0.671875 0.91171875 0.03515625 0.01953125
0 0.69375 0.88671875 0.059375 0.015625
0 0.70234375 0.8109375 0.04375 0.0390625
0 0.61640625 0.80078125 0.0234375 0.03359375
0 0.7734375 0.77421875 0.025 0.0375
0 0.77578125 0.80859375 0.021875 0.02734375
0 0.80390625 0.81328125 0.0234375 0.03515625
0 0.8171875 0.83359375 0.02265625 0.0265625
0 0.84296875 0.8265625 0.02109375 0.0296875
0 0.7953125 0.88671875 0.0359375 0.02578125