0 0.596875 0.0890625 0.0390625 0.0390625
0 0.6875 0.10703125 0.06484375 0.015625
0 0.7125 0.13125 0.07109375 0.01796875
0 0.628125 0.1515625 0.03125 0.0203125
0 0.62734375 0.128125 0.0390625 0.01640625
0 0.64140625 0.10859375 0.02734375 0.025
0 0.803125 0.13046875 0.02890625 0.0265625
0 0.82734375 0.15859375 0.03046875 0.03828125
0 0.85 0.109375 0.03125 0.03828125
0 0.88046875 0.1015625 0.034375 0.03828125
0 0.846875 0.2609375 0.028125 0.0578125
0 0.73203125 0.3609375 0.0453125 0.0578125
0 0.4328125 0.34296875 0.06328125 0.03828125
0 0.33203125 0.2859375 0.04453125 0.046875
0 0.259375 0.16015625 0.07578125 0.03125
0 0.18203125 0.2796875 0.0734375 0.034375
0 0.16015625 0.35390625 0.04453125 0.04609375
0 0.2890625 0.3828125 0.05625 0.0453125
0 0.22578125 0.44296875 0.05078125 0.03984375
0 0.15 0.425 0.0421875 0.025
0 0.48203125 0.5328125 0.07109375 0.02578125
0 0.54921875 0.5265625 0.03671875 0.0484375
0 0.65078125 0.5640625 0.04921875 0.04375
0 0.71953125 0.453125 0.03203125 0.05078125
0 0.7984375 0.40390625 0.0375 0.04296875
0 0.85234375 0.415625 0.06640625 0.01796875
0 0.86171875 0.45390625 0.03515625 0.0515625
0 0.82421875 0.47421875 0.02890625 0.053125
0 0.75390625 0.47109375 0.0328125 0.04453125
0 0.82734375 0.59375 0.034375 0.053125
0 0.7734375 0.634375 0.04296875 0.05703125
0 0.43515625 0.64140625 0.03671875 0.0484375
0 0.2953125 0.62421875 0.0375 0.04765625
0 0.14453125 0.675 0.05078125 0.0375
0 0.1890625 0.68984375 0.03359375 0.04609375
0 0.59296875 0.73359375 0.04609375 0.03671875
0 0.2328125 0.79140625 0.0609375 0.028125
0 0.325 0.8234375 0.0515625 0.046875
0 0.17421875 0.8984375 0.01953125 0.03828125
0 0.19453125 0.909375 0.0234375 0.04296875
0 0.6 0.9 0.0640625 0.02578125
0 0.6953125 0.759375 0.05859375 0.0328125
0 0.79921875 0.7640625 0.04765625 0.04296875
0 0.8515625 0.85625 0.03828125 0.04921875
0 0.72578125 0.87109375 0.0765625 0.025
0 0.796875 0.8875 0.059375 0.0203125
0 0.78125 0.909375 0.04140625 0.01875
0 0.83125 0.9125 0.05546875 0.0203125