0 0.26875 0.6421875 0.053125 0.0453125
0 0.3359375 0.278125 0.0609375 0.0375
0 0.13671875 0.52890625 0.046875 0.046875
0 0.53515625 0.48203125 0.0765625 0.028125
0 0.49609375 0.5359375 0.071875 0.0546875
0 0.44375 0.84453125 0.065625 0.0484375
0 0.7328125 0.6953125 0.03125 0.0515625
0 0.13359375 0.20078125 0.05625 0.0484375
0 0.234375 0.3125 0.0625 0.0578125
0 0.82578125 0.83203125 0.059375 0.0171875
0 0.328125 0.434375 0.0421875 0.05
0 0.165625 0.76328125 0.0375 0.0609375
0 0.69609375 0.596875 0.040625 0.0484375
0 0.85078125 0.425 0.040625 0.05625
0 0.22109375 0.91328125 0.028125 0.01875
0 0.45078125 0.11171875 0.0546875 0.01875
0 0.13515625 0.87890625 0.0328125 0.046875
0 0.26015625 0.15859375 0.0390625 0.0421875
0 0.8125 0.1453125 0.0703125 0.0390625
0 0.284375 0.79921875 0.059375 0.053125
0 0.76015625 0.078125 0.0640625 0.0328125
0 0.140625 0.32578125 0.040625 0.05625
0 0.18046875 0.91796875 0.0453125 0.0296875
0 0.53984375 0.4078125 0.0265625 0.0453125
0 0.53046875 0.2546875 0.0640625 0.0359375
0 0.16171875 0.6 0.05625 0.0328125
0 0.83671875 0.56328125 0.0328125 0.0515625
0 0.14921875 0.56875 0.03125 0.04375
0 0.38671875 0.9265625 0.040625 0.0625
0 0.76171875 0.79609375 0.0734375 0.0296875
0 0.18828125 0.95546875 0.0609375 0.025
0 0.85546875 0.82109375 0.034375 0.034375
0 0.84296875 0.378125 0.034375 0.040625
0 0.7484375 0.8375 0.0328125 0.040625
0 0.58203125 0.86328125 0.078125 0.03125
0 0.86328125 0.85859375 0.021875 0.04375
0 0.8796875 0.846875 0.01875 0.0390625
0 0.24375 0.928125 0.0296875 0.0203125
0 0.14765625 0.9078125 0.028125 0.028125
0 0.19453125 0.66171875 0.0359375 0.0625
0 0.43046875 0.4765625 0.071875 0.028125
0 0.2359375 0.18984375 0.08125 0.0234375
0 0.334375 0.11015625 0.0265625 0.0375
0 0.2625 0.08359375 0.0359375 0.065625
0 0.3359375 0.0859375 0.0765625 0.0203125
0 0.39609375 0.11484375 0.040625 0.01875
0 0.790625 0.1 0.059375 0.0328125