0 0.25234375 0.69296875 0.0515625 0.03125
0 0.58125 0.92109375 0.0453125 0.0234375
0 0.1671875 0.096875 0.040625 0.040625
0 0.7890625 0.88828125 0.0234375 0.03125
0 0.2015625 0.19453125 0.025 0.0375
0 0.83046875 0.0734375 0.0359375 0.0390625
0 0.86640625 0.30234375 0.046875 0.034375
0 0.209375 0.25625 0.0421875 0.0265625
0 0.57890625 0.88046875 0.046875 0.021875
0 0.48203125 0.85703125 0.0515625 0.0359375
0 0.76875 0.10078125 0.0359375 0.0375
0 0.8734375 0.12265625 0.0375 0.0421875
0 0.12734375 0.65234375 0.034375 0.0359375
0 0.25234375 0.07734375 0.0375 0.0421875
0 0.2875 0.096875 0.0546875 0.025
0 0.6671875 0.93203125 0.0390625 0.03125
0 0.43125 0.09296875 0.0546875 0.0203125
0 0.390625 0.37265625 0.034375 0.0515625
0 0.17265625 0.20390625 0.021875 0.0484375
0 0.6125 0.8921875 0.05625 0.015625
0 0.3859375 0.50625 0.053125 0.01875
0 0.82109375 0.12421875 0.04375 0.03125
0 0.8625 0.54375 0.0203125 0.0421875
0 0.81875 0.89609375 0.0296875 0.03125
0 0.21875 0.7828125 0.0609375 0.0375
0 0.70078125 0.27109375 0.0234375 0.0609375
0 0.36015625 0.93046875 0.0609375 0.03125
0 0.84609375 0.75 0.028125 0.0453125
0 0.24609375 0.740625 0.06875 0.0296875
0 0.40390625 0.11328125 0.053125 0.01875
0 0.67578125 0.54765625 0.0203125 0.0640625
0 0.76015625 0.86875 0.0484375 0.0234375
0 0.178125 0.90078125 0.04375 0.0453125
0 0.9 0.1015625 0.03125 0.0375
0 0.88671875 0.9015625 0.03125 0.028125
0 0.8234375 0.23359375 0.0203125 0.046875
0 0.62890625 0.51875 0.021875 0.0359375
0 0.33046875 0.0765625 0.0828125 0.0265625
0 0.18828125 0.146875 0.04375 0.05
0 0.3 0.17734375 0.071875 0.025
0 0.38359375 0.24609375 0.0640625 0.0328125
0 0.77890625 0.5140625 0.0640625 0.025
0 0.7375 0.93359375 0.075 0.0203125
0 0.6296875 0.93203125 0.0234375 0.0234375
0 0.85703125 0.9359375 0.025 0.0359375
0 0.8609375 0.890625 0.01875 0.0296875