0 0.18125 0.66796875 0.0390625 0.0375
0 0.34375 0.2 0.0546875 0.03125
0 0.16796875 0.34140625 0.0453125 0.028125
0 0.32109375 0.46015625 0.0453125 0.04375
0 0.2171875 0.49296875 0.0390625 0.03125
0 0.24765625 0.4625 0.0390625 0.0234375
0 0.55625 0.7078125 0.03125 0.053125
0 0.7640625 0.440625 0.028125 0.05625
0 0.15546875 0.88046875 0.0328125 0.0328125
0 0.428125 0.5359375 0.0359375 0.0546875
0 0.421875 0.47109375 0.0546875 0.025
0 0.17421875 0.58515625 0.028125 0.05
0 0.73984375 0.72109375 0.0546875 0.028125
0 0.15078125 0.53125 0.0296875 0.04375
0 0.24296875 0.20625 0.04375 0.0546875
0 0.640625 0.13515625 0.0265625 0.0390625
0 0.24453125 0.621875 0.0375 0.0390625
0 0.70390625 0.43515625 0.04375 0.05625
0 0.4078125 0.19375 0.0328125 0.053125
0 0.815625 0.253125 0.0234375 0.04375
0 0.240625 0.34140625 0.0296875 0.04375
0 0.28671875 0.53984375 0.040625 0.034375
0 0.34453125 0.88125 0.065625 0.0390625
0 0.85859375 0.78515625 0.0359375 0.034375
0 0.1609375 0.38671875 0.0359375 0.0453125
0 0.70234375 0.33515625 0.059375 0.0328125
0 0.1484375 0.11796875 0.0453125 0.0375
0 0.69609375 0.65390625 0.0453125 0.040625
0 0.2203125 0.74921875 0.028125 0.05625
0 0.15 0.2734375 0.03125 0.05625
0 0.6703125 0.62421875 0.0421875 0.0296875
0 0.57890625 0.13515625 0.0578125 0.040625
0 0.47734375 0.30546875 0.0625 0.028125
0 0.25703125 0.3828125 0.03125 0.05
0 0.19609375 0.12734375 0.065625 0.0265625
0 0.8375 0.4921875 0.0296875 0.05
0 0.17734375 0.79609375 0.025 0.0453125
0 0.83359375 0.4265625 0.0234375 0.053125
0 0.73515625 0.3 0.059375 0.0375
0 0.525 0.25 0.0359375 0.0375
0 0.28046875 0.75078125 0.0671875 0.021875
0 0.61015625 0.18125 0.0578125 0.0359375
0 0.1296875 0.14375 0.065625 0.0234375
0 0.3921875 0.1296875 0.040625 0.05
0 0.696875 0.73984375 0.0484375 0.0234375
0 0.19765625 0.88671875 0.0609375 0.0234375
0 0.190625 0.53359375 0.0328125 0.046875
0 0.18515625 0.47890625 0.0328125 0.0390625