0 0.38984375 0.115625 0.06875 0.0453125
0 0.246875 0.359375 0.0578125 0.0515625
0 0.7125 0.24921875 0.04375 0.028125
0 0.38359375 0.33671875 0.0546875 0.046875
0 0.6203125 0.28671875 0.04375 0.0421875
0 0.78359375 0.05546875 0.0796875 0.0296875
0 0.725 0.35078125 0.059375 0.0453125
0 0.253125 0.484375 0.04375 0.04375
0 0.68203125 0.09296875 0.0578125 0.0546875
0 0.28515625 0.89921875 0.0703125 0.0375
0 0.14296875 0.55625 0.0546875 0.0359375
0 0.6953125 0.871875 0.0328125 0.0515625
0 0.85 0.88359375 0.05625 0.01875
0 0.85 0.8640625 0.0546875 0.021875
0 0.82578125 0.42578125 0.03125 0.0390625
0 0.715625 0.21796875 0.05 0.028125
0 0.4765625 0.5296875 0.0609375 0.0453125
0 0.45859375 0.48515625 0.0375 0.05
0 0.13359375 0.11171875 0.0328125 0.0453125
0 0.159375 0.6796875 0.0265625 0.053125
0 0.18984375 0.51328125 0.046875 0.0546875
0 0.09453125 0.14453125 0.0203125 0.04375
0 0.809375 0.81484375 0.0390625 0.053125
0 0.28671875 0.1328125 0.0578125 0.028125
0 0.2078125 0.47109375 0.05625 0.040625
0 0.08359375 0.175 0.021875 0.0234375
0 0.0828125 0.11875 0.05 0.03125
0 0.23671875 0.21171875 0.053125 0.0359375
0 0.37421875 0.7875 0.059375 0.0359375
0 0.6125 0.89765625 0.0828125 0.0265625
0 0.40546875 0.26640625 0.078125 0.040625
0 0.13828125 0.24453125 0.028125 0.05625
0 0.3390625 0.51328125 0.040625 0.0484375
0 0.43125 0.84765625 0.0609375 0.05
0 0.31796875 0.93984375 0.0734375 0.0234375
0 0.621875 0.3296875 0.0546875 0.0421875
0 0.11484375 0.475 0.040625 0.05
0 0.75390625 0.0921875 0.0765625 0.025
0 0.4875 0.7671875 0.0375 0.05625
0 0.53984375 0.5734375 0.03125 0.05
0 0.82265625 0.33828125 0.0265625 0.0640625
0 0.53359375 0.09453125 0.0734375 0.025
0 0.51953125 0.1234375 0.0828125 0.028125
0 0.078125 0.1453125 0.021875 0.025
0 0.078125 0.20703125 0.0265625 0.05
0 0.8203125 0.21640625 0.04375 0.0609375
0 0.68828125 0.4875 0.0390625 0.0625
0 0.13515625 0.53046875 0.0609375 0.025
0 0.3953125 0.95234375 0.08125 0.0265625
0 0.8234375 0.6453125 0.034375 0.0578125