0 0.1875 0.95703125 0.0734375 0.053125
0 0.26171875 0.90546875 0.075 0.03125
0 0.34453125 0.90625 0.0484375 0.0703125
0 0.43359375 0.86796875 0.0890625 0.04375
0 0.6140625 0.8734375 0.078125 0.034375
0 0.64296875 0.83046875 0.084375 0.04375
0 0.74453125 0.88125 0.0765625 0.0390625
0 0.79453125 0.8296875 0.06875 0.028125
0 0.81015625 0.7953125 0.0359375 0.040625
0 0.77109375 0.77578125 0.0640625 0.0265625
0 0.87109375 0.840625 0.0296875 0.0203125
0 0.89453125 0.8515625 0.0328125 0.021875
0 0.9234375 0.85546875 0.0375 0.0296875
0 0.9359375 0.8375 0.0453125 0.0359375
0 0.90859375 0.76015625 0.021875 0.0421875
0 0.928125 0.72578125 0.0359375 0.040625
0 0.89453125 0.72421875 0.0203125 0.0375
0 0.8828125 0.6921875 0.0203125 0.0296875
0 0.890625 0.6703125 0.0265625 0.025
0 0.90859375 0.66953125 0.0234375 0.03125
0 0.8921875 0.62890625 0.0234375 0.04375
0 0.6625 0.6984375 0.0578125 0.0484375
0 0.8484375 0.57734375 0.0234375 0.0375
0 0.86171875 0.59296875 0.021875 0.0328125
0 0.87265625 0.48046875 0.0390625 0.0453125
0 0.8359375 0.36484375 0.0515625 0.0328125
0 0.790625 0.29765625 0.0390625 0.040625
0 0.7625 0.31953125 0.0296875 0.0375
0 0.6625 0.2546875 0.040625 0.0296875
0 0.62421875 0.29375 0.03125 0.0484375
0 0.77265625 0.16875 0.03125 0.0546875
0 0.815625 0.1359375 0.0359375 0.0515625
0 0.40625 0.32421875 0.0546875 0.0328125
0 0.34609375 0.45546875 0.0328125 0.0203125
0 0.2375 0.421875 0.0515625 0.028125
0 0.31640625 0.54375 0.0515625 0.0265625
0 0.271875 0.57265625 0.0546875 0.0265625
0 0.165625 0.56484375 0.0328125 0.05
0 0.14140625 0.6765625 0.0453125 0.04375
0 0.18125 0.7984375 0.03125 0.0421875
0 0.0953125 0.2875 0.03125 0.0484375
0 0.11640625 0.278125 0.025 0.0359375
0 0.1234375 0.2015625 0.040625 0.0375
0 0.090625 0.17109375 0.046875 0.03125
0 0.08046875 0.140625 0.015625 0.03125
0 0.10859375 0.13359375 0.0515625 0.01875
0 0.1671875 0.15390625 0.0515625 0.046875
0 0.32890625 0.13515625 0.0375 0.05625