0 0.79765625 0.66796875 0.040625 0.0453125
0 0.4421875 0.76484375 0.04453125 0.03125
0 0.8578125 0.3921875 0.07578125 0.02421875
0 0.79921875 0.1875 0.04296875 0.0359375
0 0.62109375 0.7875 0.04921875 0.03515625
0 0.4921875 0.92578125 0.06328125 0.0203125
0 0.22890625 0.8953125 0.034375 0.0296875
0 0.10859375 0.1828125 0.0296875 0.03828125
0 0.16484375 0.14375 0.05 0.03359375
0 0.8421875 0.0703125 0.04609375 0.03671875
0 0.83515625 0.10078125 0.06171875 0.015625
0 0.7671875 0.09453125 0.05 0.015625
0 0.2625 0.21328125 0.0578125 0.0484375
0 0.70390625 0.5359375 0.06796875 0.02578125
0 0.84609375 0.3390625 0.03203125 0.03046875
0 0.66953125 0.2875 0.05703125 0.034375
0 0.43828125 0.63515625 0.071875 0.0234375
0 0.8359375 0.59140625 0.02265625 0.05703125
0 0.85859375 0.58828125 0.021875 0.053125
0 0.6609375 0.11015625 0.04453125 0.0234375
0 0.4625 0.79765625 0.04296875 0.03046875
0 0.590625 0.5359375 0.05859375 0.03984375
0 0.215625 0.09140625 0.0484375 0.02734375
0 0.88046875 0.45625 0.0453125 0.01875
0 0.21328125 0.53828125 0.04140625 0.0484375
0 0.45078125 0.090625 0.05390625 0.015625
0 0.84609375 0.28671875 0.021875 0.0328125
0 0.3203125 0.084375 0.06328125 0.015625
0 0.596875 0.08125 0.05546875 0.01328125
0 0.5515625 0.61796875 0.02734375 0.03515625
0 0.4890625 0.17578125 0.06875 0.0296875
0 0.78515625 0.79375 0.028125 0.0578125
0 0.35 0.11640625 0.02109375 0.03515625
0 0.378125 0.11015625 0.025 0.04140625
0 0.5078125 0.71015625 0.04921875 0.02734375
0 0.25546875 0.91171875 0.05625 0.0203125
0 0.71875 0.08359375 0.06484375 0.01875
0 0.7703125 0.12578125 0.07578125 0.01953125
0 0.853125 0.14609375 0.08125 0.0234375
0 0.13046875 0.31171875 0.03515625 0.05703125
0 0.87578125 0.30625 0.03046875 0.04765625
0 0.8296875 0.8671875 0.0765625 0.0234375
0 0.4828125 0.89609375 0.08671875 0.0234375
0 0.4015625 0.925 0.0265625 0.05546875
0 0.34453125 0.93203125 0.071875 0.0265625
0 0.18203125 0.90390625 0.0546875 0.01953125
0 0.1625 0.94453125 0.0421875 0.04921875