0 0.30390625 0.92890625 0.0453125 0.034375
0 0.64921875 0.903125 0.0484375 0.0328125
0 0.703125 0.34921875 0.0421875 0.04375
0 0.91953125 0.815625 0.05 0.0484375
0 0.47421875 0.36640625 0.04375 0.046875
0 0.48203125 0.96953125 0.0515625 0.03125
0 0.43984375 0.62578125 0.0359375 0.0390625
0 0.465625 0.87578125 0.06875 0.0359375
0 0.91328125 0.64765625 0.034375 0.046875
0 0.228125 0.9015625 0.0546875 0.0421875
0 0.82421875 0.865625 0.0484375 0.0359375
0 0.7390625 0.096875 0.0296875 0.040625
0 0.8 0.778125 0.0421875 0.040625
0 0.2734375 0.890625 0.0578125 0.040625
0 0.75859375 0.29296875 0.04375 0.04375
0 0.85703125 0.64609375 0.040625 0.0390625
0 0.37890625 0.93984375 0.05625 0.0328125
0 0.9171875 0.69140625 0.034375 0.0296875
0 0.2625 0.9546875 0.040625 0.04375
0 0.2125 0.84296875 0.025 0.0390625
0 0.47265625 0.07265625 0.065625 0.034375
0 0.69140625 0.0859375 0.0515625 0.0328125
0 0.7234375 0.0640625 0.053125 0.0296875
0 0.7296875 0.02265625 0.0453125 0.021875
0 0.72890625 0.0046875 0.0390625 0.009375
0 0.81953125 0.48515625 0.0484375 0.046875
0 0.4890625 0.528125 0.028125 0.034375
0 0.25546875 0.5703125 0.053125 0.0375
0 0.3125 0.6359375 0.0359375 0.040625
0 0.603125 0.59765625 0.05 0.05
0 0.8625 0.553125 0.0359375 0.0375
0 0.82109375 0.6125 0.059375 0.04375
0 0.81484375 0.696875 0.0390625 0.025
0 0.84921875 0.6921875 0.034375 0.046875
0 0.92421875 0.73125 0.0296875 0.034375
0 0.90859375 0.765625 0.0390625 0.028125
0 0.94765625 0.7890625 0.0265625 0.0359375
0 0.87578125 0.8296875 0.046875 0.0265625
0 0.78828125 0.84140625 0.05625 0.0296875
0 0.7875 0.878125 0.028125 0.01875
0 0.72734375 0.9015625 0.0625 0.0375
0 0.696875 0.87578125 0.04375 0.0375
0 0.4125 0.9171875 0.0328125 0.04375
0 0.41484375 0.97890625 0.05625 0.0375
0 0.31484375 0.996875 0.0484375 0.00625
0 0.29765625 0.97578125 0.0453125 0.034375
0 0.225 0.80859375 0.028125 0.0375