0 0.84921875 0.1390625 0.0640625 0.0421875
0 0.87265625 0.190625 0.0640625 0.034375
0 0.7375 0.25 0.046875 0.05625
0 0.690625 0.29375 0.0484375 0.0640625
0 0.5453125 0.21796875 0.0578125 0.0359375
0 0.4375 0.15078125 0.0609375 0.0234375
0 0.34296875 0.1640625 0.021875 0.05
0 0.2359375 0.234375 0.0421875 0.05625
0 0.34765625 0.29296875 0.03125 0.0546875
0 0.3546875 0.34765625 0.0328125 0.0453125
0 0.24375 0.35625 0.0375 0.0671875
0 0.4984375 0.3546875 0.034375 0.05
0 0.4328125 0.42265625 0.0171875 0.0453125
0 0.29609375 0.43359375 0.0421875 0.0453125
0 0.55546875 0.4125 0.0703125 0.0296875
0 0.66015625 0.434375 0.040625 0.04375
0 0.728125 0.4375 0.034375 0.0390625
0 0.709375 0.46796875 0.0328125 0.028125
0 0.56875 0.4609375 0.05625 0.0375
0 0.440625 0.465625 0.0640625 0.040625
0 0.4890625 0.52265625 0.028125 0.046875
0 0.6171875 0.5171875 0.034375 0.05
0 0.6875 0.5546875 0.046875 0.04375
0 0.7421875 0.6 0.0453125 0.040625
0 0.53515625 0.56171875 0.0421875 0.046875
0 0.609375 0.60078125 0.0375 0.0421875
0 0.61796875 0.64765625 0.04375 0.0453125
0 0.68203125 0.665625 0.0546875 0.03125
0 0.56484375 0.6578125 0.0421875 0.0359375
0 0.50078125 0.67265625 0.05 0.0375
0 0.42265625 0.590625 0.059375 0.0484375
0 0.32578125 0.54140625 0.0640625 0.040625
0 0.26640625 0.57734375 0.04375 0.04375
0 0.38515625 0.6625 0.04375 0.0375
0 0.5796875 0.70234375 0.05 0.01875
0 0.6359375 0.7203125 0.0578125 0.034375
0 0.5328125 0.7171875 0.05 0.034375
0 0.41953125 0.75078125 0.065625 0.01875
0 0.4234375 0.7359375 0.0453125 0.028125
0 0.17890625 0.75078125 0.0515625 0.0453125
0 0.36484375 0.78046875 0.0640625 0.03125
0 0.41171875 0.80859375 0.059375 0.0375
0 0.540625 0.7578125 0.0515625 0.0328125
0 0.59375 0.79296875 0.034375 0.0375
0 0.54453125 0.81328125 0.05625 0.034375
0 0.62109375 0.8484375 0.059375 0.028125
0 0.690625 0.85 0.0578125 0.03125
0 0.746875 0.8203125 0.075 0.0234375
0 0.78046875 0.775 0.0390625 0.0421875
0 0.63671875 0.8875 0.065625 0.0265625