0 0.4359375 0.76328125 0.03125 0.0375
0 0.353125 0.70234375 0.0515625 0.034375
0 0.29453125 0.65625 0.0328125 0.040625
0 0.58125 0.55234375 0.0390625 0.040625
0 0.3140625 0.29609375 0.046875 0.034375
0 0.73671875 0.6203125 0.04375 0.0296875
0 0.28359375 0.5625 0.0421875 0.0453125
0 0.159375 0.08203125 0.03125 0.03125
0 0.2265625 0.66640625 0.0265625 0.04375
0 0.2828125 0.3796875 0.0453125 0.021875
0 0.58828125 0.409375 0.0390625 0.04375
0 0.6515625 0.746875 0.040625 0.0359375
0 0.2703125 0.10078125 0.05 0.0375
0 0.70859375 0.775 0.0421875 0.034375
0 0.265625 0.73125 0.0328125 0.0390625
0 0.26484375 0.76171875 0.040625 0.0359375
0 0.52109375 0.76484375 0.0453125 0.0328125
0 0.65234375 0.246875 0.065625 0.03125
0 0.35390625 0.2671875 0.059375 0.040625
0 0.6921875 0.5609375 0.046875 0.0328125
0 0.38046875 0.5421875 0.0453125 0.0296875
0 0.240625 0.40078125 0.046875 0.059375
0 0.5734375 0.78125 0.0484375 0.0296875
0 0.5109375 0.63671875 0.028125 0.0421875
0 0.45234375 0.28359375 0.03125 0.0421875
0 0.49921875 0.3671875 0.0515625 0.03125
0 0.44140625 0.5734375 0.0484375 0.0203125
0 0.2140625 0.821875 0.065625 0.0171875
0 0.22421875 0.83515625 0.021875 0.0171875
0 0.20546875 0.86015625 0.0515625 0.03125
0 0.3 0.51640625 0.0453125 0.01875
0 0.76953125 0.32578125 0.0421875 0.034375
0 0.5765625 0.75078125 0.040625 0.034375
0 0.58515625 0.68359375 0.0625 0.040625
0 0.65625 0.53984375 0.0390625 0.0453125
0 0.16015625 0.13515625 0.0359375 0.0421875
0 0.6546875 0.659375 0.0421875 0.05625
0 0.38359375 0.35546875 0.05 0.0234375
0 0.4359375 0.52578125 0.04375 0.03125
0 0.66796875 0.471875 0.021875 0.0453125
0 0.325 0.68984375 0.0234375 0.0515625
0 0.359375 0.421875 0.0484375 0.0421875
0 0.3546875 0.7375 0.0484375 0.028125
0 0.5546875 0.51640625 0.0265625 0.0421875
0 0.153125 0.5484375 0.0640625 0.01875
0 0.21328125 0.54765625 0.0265625 0.0453125
0 0.41875 0.57578125 0.0234375 0.040625
0 0.44921875 0.4 0.0625 0.028125
0 0.696875 0.37734375 0.0390625 0.046875
0 0.8234375 0.19609375 0.034375 0.0609375