0 0.5640625 0.10703125 0.05625 0.0375
0 0.646875 0.44921875 0.0546875 0.0328125
0 0.175 0.11875 0.0453125 0.0328125
0 0.4109375 0.14453125 0.0375 0.0515625
0 0.79296875 0.5015625 0.0640625 0.0390625
0 0.3078125 0.8015625 0.0265625 0.053125
0 0.521875 0.11171875 0.034375 0.025
0 0.5046875 0.58125 0.046875 0.0453125
0 0.5140625 0.41328125 0.040625 0.0515625
0 0.6390625 0.08046875 0.0671875 0.0296875
0 0.52421875 0.075 0.0640625 0.0265625
0 0.734375 0.140625 0.0453125 0.046875
0 0.25859375 0.62421875 0.0703125 0.0265625
0 0.16875 0.36015625 0.0328125 0.0484375
0 0.33828125 0.09296875 0.06875 0.0359375
0 0.61484375 0.925 0.06875 0.028125
0 0.30234375 0.14296875 0.0375 0.0265625
0 0.09296875 0.12734375 0.0234375 0.0203125
0 0.23515625 0.1203125 0.0671875 0.0171875
0 0.1984375 0.55703125 0.0359375 0.028125
0 0.28125 0.1015625 0.028125 0.0390625
0 0.44375 0.08671875 0.071875 0.0203125
0 0.16875 0.50390625 0.025 0.0484375
0 0.85390625 0.3015625 0.025 0.053125
0 0.09609375 0.10390625 0.0390625 0.0265625
0 0.76328125 0.0609375 0.0453125 0.025
0 0.41875 0.3078125 0.065625 0.0234375
0 0.15546875 0.09453125 0.0671875 0.01875
0 0.1546875 0.146875 0.0359375 0.021875
0 0.73671875 0.0359375 0.065625 0.0203125
0 0.23359375 0.9359375 0.075 0.0171875
0 0.11015625 0.2 0.0328125 0.046875
0 0.51796875 0.91796875 0.08125 0.0203125
0 0.4484375 0.603125 0.0359375 0.0484375
0 0.31328125 0.16796875 0.053125 0.0265625
0 0.18359375 0.92421875 0.05 0.0171875
0 0.15546875 0.44296875 0.025 0.0484375
0 0.1859375 0.41953125 0.0359375 0.0609375
0 0.175 0.28984375 0.0359375 0.0515625
0 0.14140625 0.26875 0.028125 0.053125
0 0.58828125 0.4359375 0.0296875 0.059375
0 0.828125 0.1765625 0.0390625 0.0640625
0 0.68125 0.128125 0.040625 0.0515625
0 0.73671875 0.08984375 0.0328125 0.0265625
0 0.33984375 0.12421875 0.0375 0.03125
0 0.1203125 0.07578125 0.065625 0.025
0 0.1171875 0.13359375 0.021875 0.01875