0 0.11953125 0.12578125 0.0375 0.0625
0 0.1609375 0.1765625 0.040625 0.034375
0 0.10078125 0.1796875 0.028125 0.0359375
0 0.12890625 0.19765625 0.025 0.0328125
0 0.278125 0.12890625 0.0609375 0.01875
0 0.37421875 0.1328125 0.06875 0.0265625
0 0.45859375 0.09765625 0.071875 0.015625
0 0.66015625 0.075 0.03125 0.03125
0 0.6984375 0.1 0.0359375 0.0234375
0 0.8234375 0.08671875 0.0390625 0.0234375
0 0.7875 0.11015625 0.053125 0.0140625
0 0.83515625 0.15078125 0.0265625 0.040625
0 0.64921875 0.16875 0.0359375 0.0484375
0 0.79296875 0.28203125 0.0265625 0.0484375
0 0.6796875 0.28828125 0.0359375 0.0484375
0 0.63046875 0.29140625 0.0453125 0.0375
0 0.490625 0.3296875 0.0640625 0.021875
0 0.42890625 0.3328125 0.04375 0.0359375
0 0.1828125 0.29921875 0.03125 0.04375
0 0.1125 0.278125 0.028125 0.0265625
0 0.10546875 0.29765625 0.0421875 0.0203125
0 0.1484375 0.328125 0.0234375 0.0375
0 0.13671875 0.378125 0.021875 0.0375
0 0.1578125 0.403125 0.01875 0.05
0 0.18671875 0.41171875 0.0203125 0.0421875
0 0.18984375 0.4484375 0.0359375 0.0296875
0 0.28203125 0.40859375 0.040625 0.0375
0 0.39453125 0.37734375 0.053125 0.0203125
0 0.434375 0.4171875 0.0359375 0.0390625
0 0.49296875 0.47265625 0.0390625 0.025
0 0.646875 0.50625 0.0265625 0.040625
0 0.69921875 0.51875 0.05625 0.0328125
0 0.7765625 0.525 0.065625 0.021875
0 0.7625 0.3796875 0.0484375 0.0203125
0 0.84765625 0.3578125 0.040625 0.0359375
0 0.80078125 0.74140625 0.06875 0.028125
0 0.8515625 0.85390625 0.0421875 0.0390625
0 0.8453125 0.88359375 0.0578125 0.0203125
0 0.7375 0.896875 0.0734375 0.01875
0 0.6859375 0.87734375 0.0515625 0.03125
0 0.53671875 0.86171875 0.078125 0.0234375
0 0.46015625 0.85 0.075 0.0203125
0 0.4140625 0.93671875 0.0484375 0.025
0 0.23203125 0.9390625 0.0796875 0.025
0 0.17890625 0.8703125 0.0359375 0.053125
0 0.1546875 0.71796875 0.05 0.0390625
0 0.175 0.57265625 0.034375 0.0640625
0 0.140625 0.4953125 0.05625 0.021875
0 0.12109375 0.5390625 0.021875 0.0484375
0 0.484375 0.72890625 0.0296875 0.0546875