0 0.69375 0.3328125 0.0453125 0.03203125
0 0.7578125 0.79296875 0.03828125 0.0296875
0 0.82109375 0.32421875 0.04140625 0.0390625
0 0.353125 0.578125 0.046875 0.0296875
0 0.203125 0.696875 0.04609375 0.05
0 0.78671875 0.6375 0.034375 0.03359375
0 0.85234375 0.60234375 0.03125 0.040625
0 0.73125 0.696875 0.04765625 0.02265625
0 0.4484375 0.44375 0.0296875 0.03671875
0 0.60546875 0.52734375 0.03359375 0.04609375
0 0.475 0.54375 0.06171875 0.0265625
0 0.5328125 0.6328125 0.0453125 0.0328125
0 0.58671875 0.75546875 0.04765625 0.0359375
0 0.23046875 0.80390625 0.02265625 0.0375
0 0.82578125 0.8890625 0.0296875 0.05546875
0 0.7828125 0.0796875 0.06171875 0.0296875
0 0.30234375 0.18515625 0.03984375 0.05234375
0 0.7921875 0.68359375 0.021875 0.0421875
0 0.371875 0.23046875 0.06015625 0.02421875
0 0.16953125 0.78203125 0.0359375 0.04765625
0 0.19609375 0.40703125 0.04765625 0.0328125
0 0.2375 0.3703125 0.0484375 0.0375
0 0.5625 0.10390625 0.0546875 0.02109375
0 0.71875 0.09375 0.034375 0.01875
0 0.6828125 0.5 0.0484375 0.0453125
0 0.6328125 0.5796875 0.025 0.04921875
0 0.7609375 0.66953125 0.01953125 0.0390625
0 0.86328125 0.36875 0.021875 0.04375
0 0.83359375 0.234375 0.02890625 0.059375
0 0.33125 0.72890625 0.05859375 0.02265625
0 0.2921875 0.87421875 0.02734375 0.065625
0 0.80234375 0.496875 0.025 0.04921875
0 0.20625 0.8296875 0.01484375 0.03671875
0 0.125 0.8328125 0.0609375 0.0171875
0 0.14375 0.8796875 0.021875 0.04609375
0 0.67890625 0.728125 0.05390625 0.015625
0 0.38203125 0.91484375 0.07890625 0.0203125
0 0.80390625 0.74609375 0.02109375 0.0578125
0 0.4484375 0.93515625 0.04140625 0.02890625
0 0.86484375 0.15546875 0.025 0.04765625
0 0.83828125 0.709375 0.02421875 0.0515625
0 0.86796875 0.29609375 0.06484375 0.01875
0 0.78125 0.115625 0.0609375 0.021875
0 0.8328125 0.0890625 0.0390625 0.03515625
0 0.678125 0.109375 0.05703125 0.0234375
0 0.13125 0.49453125 0.0609375 0.03671875
0 0.48046875 0.80625 0.06796875 0.02578125
0 0.128125 0.72890625 0.02109375 0.04140625
0 0.121875 0.76953125 0.02109375 0.03125
0 0.1953125 0.8078125 0.02109375 0.01953125