0 0.125 0.0734375 0.025 0.02578125
0 0.11796875 0.09765625 0.03203125 0.0234375
0 0.153125 0.1078125 0.0234375 0.0359375
0 0.19921875 0.1171875 0.04609375 0.02265625
0 0.403125 0.09296875 0.078125 0.0171875
0 0.396875 0.12109375 0.05546875 0.021875
0 0.4984375 0.1140625 0.059375 0.02421875
0 0.55703125 0.0890625 0.06484375 0.01640625
0 0.64921875 0.0890625 0.04296875 0.01953125
0 0.6109375 0.08203125 0.0265625 0.02109375
0 0.66328125 0.11328125 0.059375 0.01953125
0 0.584375 0.14453125 0.05546875 0.02265625
0 0.73828125 0.1515625 0.05 0.0328125
0 0.81796875 0.14375 0.025 0.03828125
0 0.87265625 0.13984375 0.02265625 0.0359375
0 0.8359375 0.16875 0.034375 0.05234375
0 0.884375 0.1984375 0.0421875 0.021875
0 0.85390625 0.2109375 0.028125 0.0375
0 0.5203125 0.20546875 0.03046875 0.0234375
0 0.3015625 0.2390625 0.04375 0.04609375
0 0.2171875 0.19140625 0.0703125 0.01640625
0 0.11875 0.3296875 0.03203125 0.04609375
0 0.2421875 0.35625 0.04140625 0.05390625
0 0.14609375 0.49765625 0.0703125 0.0265625
0 0.50390625 0.54609375 0.04921875 0.03359375
0 0.6421875 0.54609375 0.05 0.0421875
0 0.79296875 0.5421875 0.04140625 0.0453125
0 0.83984375 0.38359375 0.01875 0.0421875
0 0.8015625 0.36328125 0.05 0.025
0 0.759375 0.64921875 0.03671875 0.03828125
0 0.7484375 0.71015625 0.02890625 0.04453125
0 0.85625 0.7578125 0.02265625 0.05078125
0 0.8203125 0.7671875 0.03125 0.05546875
0 0.87578125 0.80078125 0.0296875 0.034375
0 0.84140625 0.81640625 0.01953125 0.03828125
0 0.6 0.75078125 0.04921875 0.0234375
0 0.62578125 0.78515625 0.0578125 0.046875
0 0.559375 0.784375 0.02578125 0.04765625
0 0.63125 0.89140625 0.05078125 0.02421875
0 0.559375 0.88359375 0.0421875 0.0203125
0 0.5375 0.90390625 0.06875 0.0125
0 0.64296875 0.925 0.0609375 0.01953125
0 0.6171875 0.946875 0.06015625 0.0234375
0 0.796875 0.93671875 0.0625 0.03828125
0 0.79453125 0.90078125 0.0609375 0.02578125
0 0.31875 0.88203125 0.0484375 0.01171875
0 0.2546875 0.88671875 0.0578125 0.015625
0 0.2640625 0.9296875 0.0234375 0.05234375
0 0.1609375 0.7375 0.021875 0.0515625
0 0.33359375 0.6625 0.06875 0.03671875