0 0.70703125 0.42734375 0.053125 0.0421875
0 0.33046875 0.3953125 0.04375 0.0359375
0 0.82734375 0.48203125 0.0328125 0.0375
0 0.2390625 0.39609375 0.025 0.0390625
0 0.31796875 0.10390625 0.053125 0.025
0 0.821875 0.1640625 0.046875 0.040625
0 0.13828125 0.13515625 0.0234375 0.040625
0 0.69765625 0.58515625 0.040625 0.03125
0 0.17578125 0.45078125 0.015625 0.046875
0 0.1546875 0.41484375 0.0390625 0.03125
0 0.4765625 0.15703125 0.0578125 0.01875
0 0.8125 0.4015625 0.065625 0.0453125
0 0.165625 0.76796875 0.0296875 0.053125
0 0.228125 0.10390625 0.065625 0.0140625
0 0.6609375 0.70390625 0.05 0.059375
0 0.6328125 0.703125 0.025 0.0375
0 0.17265625 0.84921875 0.01875 0.0234375
0 0.82578125 0.27109375 0.03125 0.0390625
0 0.24921875 0.5203125 0.0640625 0.021875
0 0.153125 0.55234375 0.046875 0.0328125
0 0.20859375 0.2765625 0.040625 0.0375
0 0.56328125 0.20546875 0.034375 0.0359375
0 0.7796875 0.13828125 0.0609375 0.015625
0 0.1421875 0.90859375 0.0234375 0.0359375
0 0.43984375 0.44296875 0.0515625 0.03125
0 0.15625 0.48125 0.015625 0.0375
0 0.178125 0.3890625 0.021875 0.040625
0 0.1953125 0.9 0.0546875 0.021875
0 0.79140625 0.11171875 0.05625 0.015625
0 0.75234375 0.1171875 0.0625 0.0125
0 0.6828125 0.12421875 0.078125 0.0140625
0 0.6453125 0.1890625 0.065625 0.025
0 0.778125 0.31484375 0.05 0.03125
0 0.215625 0.11640625 0.028125 0.046875
0 0.1578125 0.18828125 0.034375 0.040625
0 0.25703125 0.1546875 0.04375 0.0328125
0 0.3140625 0.1515625 0.0671875 0.03125
0 0.38046875 0.30703125 0.05 0.034375
0 0.4921875 0.28046875 0.01875 0.046875
0 0.159375 0.334375 0.06875 0.0140625
0 0.16328125 0.37421875 0.021875 0.046875
0 0.421875 0.46953125 0.059375 0.0296875
0 0.2734375 0.43828125 0.0625 0.03125
0 0.259375 0.4703125 0.090625 0.021875
0 0.59453125 0.64375 0.0390625 0.0546875
0 0.72109375 0.67890625 0.040625 0.04375
0 0.8421875 0.69609375 0.034375 0.05
0 0.6859375 0.81171875 0.0671875 0.0359375
0 0.24296875 0.7421875 0.071875 0.034375
0 0.23046875 0.8796875 0.0734375 0.015625