0 0.4359375 0.60390625 0.034375 0.0328125
0 0.4703125 0.17109375 0.0546875 0.0390625
0 0.66015625 0.1109375 0.04375 0.028125
0 0.61015625 0.1140625 0.0546875 0.0390625
0 0.41640625 0.1296875 0.053125 0.034375
0 0.32265625 0.246875 0.0421875 0.028125
0 0.503125 0.334375 0.021875 0.03125
0 0.31484375 0.05 0.046875 0.034375
0 0.53046875 0.425 0.0328125 0.040625
0 0.2125 0.06640625 0.040625 0.0171875
0 0.2203125 0.0796875 0.0546875 0.01875
0 0.75 0.95234375 0.059375 0.0265625
0 0.4875 0.5796875 0.040625 0.0390625
0 0.19609375 0.1171875 0.0375 0.0265625
0 0.178125 0.13125 0.0328125 0.03125
0 0.18671875 0.51015625 0.0515625 0.025
0 0.8015625 0.18203125 0.0234375 0.0390625
0 0.21484375 0.1046875 0.028125 0.0296875
0 0.34375 0.396875 0.0484375 0.0265625
0 0.51953125 0.21015625 0.0640625 0.021875
0 0.5796875 0.378125 0.04375 0.03125
0 0.64765625 0.08125 0.0609375 0.03125
0 0.16875 0.3921875 0.0328125 0.0390625
0 0.16328125 0.43125 0.021875 0.034375
0 0.3546875 0.1203125 0.05625 0.0203125
0 0.5875 0.9359375 0.0625 0.0171875
0 0.8671875 0.09609375 0.05 0.0265625
0 0.109375 0.88828125 0.0546875 0.0234375
0 0.1890625 0.3265625 0.021875 0.0359375
0 0.28359375 0.71171875 0.0265625 0.0453125
0 0.40859375 0.62109375 0.0515625 0.0390625
0 0.125 0.8234375 0.0515625 0.0546875
0 0.09375 0.8609375 0.0546875 0.021875
0 0.18515625 0.44609375 0.034375 0.0296875
0 0.16015625 0.471875 0.034375 0.0359375
0 0.17734375 0.3515625 0.0375 0.034375
0 0.59921875 0.4453125 0.0453125 0.046875
0 0.88125 0.41875 0.0375 0.0453125
0 0.7984375 0.56328125 0.0328125 0.0453125
0 0.871875 0.3859375 0.0234375 0.04375
0 0.81484375 0.27109375 0.05 0.046875
0 0.71484375 0.209375 0.034375 0.0546875
0 0.40859375 0.08046875 0.0359375 0.0375
0 0.48828125 0.09375 0.040625 0.0546875
0 0.85078125 0.125 0.0484375 0.0234375
0 0.825 0.090625 0.028125 0.025
0 0.271875 0.06015625 0.0390625 0.0234375
0 0.16875 0.0375 0.0359375 0.03125
0 0.15703125 0.0859375 0.0265625 0.0359375
0 0.1984375 0.05234375 0.0421875 0.0234375