0 0.15625 0.96875 0.0609375 0.0578125
0 0.24140625 0.925 0.0453125 0.0609375
0 0.346875 0.9265625 0.04375 0.0453125
0 0.30625 0.90390625 0.075 0.034375
0 0.275 0.87421875 0.078125 0.0453125
0 0.2203125 0.84765625 0.0453125 0.05
0 0.171875 0.87109375 0.0359375 0.025
0 0.16875 0.84609375 0.034375 0.028125
0 0.18125 0.7890625 0.028125 0.0375
0 0.1765625 0.75 0.0359375 0.046875
0 0.1625 0.6875 0.0390625 0.0578125
0 0.26640625 0.6453125 0.0453125 0.05
0 0.36484375 0.678125 0.0390625 0.0484375
0 0.20390625 0.60078125 0.040625 0.059375
0 0.47109375 0.60703125 0.06875 0.0421875
0 0.56171875 0.6203125 0.0546875 0.05625
0 0.42734375 0.5375 0.0734375 0.040625
0 0.6484375 0.60390625 0.0484375 0.0546875
0 0.7046875 0.6359375 0.040625 0.0640625
0 0.603125 0.4796875 0.040625 0.05625
0 0.64453125 0.40078125 0.0640625 0.028125
0 0.56484375 0.76796875 0.0546875 0.0328125
0 0.51953125 0.76015625 0.0390625 0.05
0 0.61171875 0.82265625 0.0484375 0.0359375
0 0.61875 0.85234375 0.0921875 0.0328125
0 0.36484375 0.8734375 0.05625 0.0640625
0 0.77265625 0.846875 0.078125 0.03125
0 0.76484375 0.80859375 0.0671875 0.04375
0 0.87734375 0.81484375 0.04375 0.0296875
0 0.87265625 0.79140625 0.025 0.021875
0 0.84921875 0.7828125 0.0265625 0.028125
0 0.87578125 0.86015625 0.0296875 0.03125
0 0.85078125 0.8625 0.0265625 0.0203125
0 0.8765625 0.690625 0.034375 0.053125
0 0.8359375 0.68046875 0.0578125 0.0421875
0 0.78203125 0.3671875 0.075 0.0359375
0 0.8375 0.29921875 0.0578125 0.0296875
0 0.63359375 0.21328125 0.05625 0.0421875
0 0.63125 0.165625 0.059375 0.04375
0 0.53359375 0.19140625 0.0734375 0.046875
0 0.1578125 0.34140625 0.04375 0.053125
0 0.1703125 0.403125 0.0390625 0.0625
0 0.14140625 0.4546875 0.0328125 0.0546875
0 0.14453125 0.21796875 0.040625 0.0484375
0 0.1328125 0.16875 0.0328125 0.0421875
0 0.1328125 0.13125 0.0375 0.0296875
0 0.2125 0.14140625 0.06875 0.0234375
0 0.196875 0.11328125 0.0484375 0.0328125
0 0.14140625 0.10390625 0.06875 0.021875