0 0.1328125 0.1125 0.03515625 0.0609375
0 0.17265625 0.16484375 0.0390625 0.0328125
0 0.1125 0.165625 0.0265625 0.034375
0 0.13984375 0.18515625 0.0234375 0.03203125
0 0.29140625 0.12109375 0.0609375 0.01640625
0 0.38671875 0.12890625 0.06796875 0.0234375
0 0.47265625 0.09609375 0.071875 0.0125
0 0.675 0.08046875 0.03046875 0.03046875
0 0.7125 0.10703125 0.03515625 0.02265625
0 0.8375 0.0984375 0.03828125 0.021875
0 0.80078125 0.1203125 0.05234375 0.0125
0 0.846875 0.1625 0.02578125 0.03984375
0 0.6609375 0.17421875 0.034375 0.046875
0 0.80078125 0.2921875 0.02421875 0.04765625
0 0.68671875 0.29453125 0.03359375 0.04765625
0 0.6375 0.29609375 0.04453125 0.03671875
0 0.496875 0.3296875 0.0640625 0.0203125
0 0.43515625 0.33046875 0.04296875 0.03515625
0 0.18984375 0.28828125 0.03046875 0.04296875
0 0.1203125 0.26484375 0.02734375 0.025
0 0.1125 0.284375 0.0421875 0.01875
0 0.1546875 0.315625 0.02265625 0.03671875
0 0.14140625 0.365625 0.0203125 0.03671875
0 0.16171875 0.39140625 0.0171875 0.04921875
0 0.18984375 0.40078125 0.01875 0.04140625
0 0.1921875 0.4375 0.034375 0.028125
0 0.28515625 0.40078125 0.03984375 0.0359375
0 0.39921875 0.3734375 0.05234375 0.01875
0 0.4375 0.41484375 0.03515625 0.0375
0 0.49375 0.47265625 0.0375 0.02421875
0 0.646875 0.51171875 0.025 0.0390625
0 0.6984375 0.52578125 0.05546875 0.03046875
0 0.77578125 0.534375 0.06484375 0.0203125
0 0.76640625 0.3890625 0.0484375 0.01796875
0 0.85234375 0.3703125 0.0390625 0.034375
0 0.7921875 0.7515625 0.06796875 0.025
0 0.8390625 0.865625 0.04140625 0.03828125
0 0.83203125 0.8953125 0.0578125 0.01796875
0 0.7234375 0.9046875 0.07265625 0.015625
0 0.67265625 0.88359375 0.05 0.02890625
0 0.52421875 0.8625 0.07734375 0.02109375
0 0.44765625 0.8484375 0.075 0.01796875
0 0.39921875 0.93359375 0.04765625 0.02265625
0 0.2171875 0.9296875 0.07890625 0.021875
0 0.16640625 0.85859375 0.03359375 0.0515625
0 0.14765625 0.70546875 0.0484375 0.0375
0 0.17265625 0.5609375 0.0328125 0.06328125
0 0.140625 0.4828125 0.05546875 0.0203125
0 0.1203125 0.52578125 0.01953125 0.04765625
0 0.4765625 0.728125 0.02734375 0.053125