0 0.19140625 0.08515625 0.053125 0.0328125
0 0.165625 0.06484375 0.0234375 0.04609375
0 0.315625 0.08828125 0.053125 0.0265625
0 0.45390625 0.0796875 0.071875 0.040625
0 0.63125 0.0765625 0.05859375 0.02109375
0 0.84140625 0.078125 0.07578125 0.01640625
0 0.35625 0.13984375 0.05390625 0.04453125
0 0.45 0.15 0.0640625 0.02421875
0 0.17734375 0.17890625 0.040625 0.02421875
0 0.18203125 0.15 0.0578125 0.034375
0 0.1171875 0.22421875 0.04609375 0.04921875
0 0.21484375 0.271875 0.0375 0.04765625
0 0.59453125 0.275 0.06875 0.02578125
0 0.746875 0.15234375 0.0578125 0.0234375
0 0.659375 0.11328125 0.04453125 0.01953125
0 0.69765625 0.10546875 0.0328125 0.0125
0 0.74453125 0.103125 0.03515625 0.0171875
0 0.80703125 0.10859375 0.04453125 0.0265625
0 0.809375 0.1390625 0.0328125 0.02109375
0 0.8609375 0.15234375 0.0578125 0.02421875
0 0.8578125 0.2078125 0.03125 0.04453125
0 0.87734375 0.28203125 0.02421875 0.03125
0 0.81015625 0.36171875 0.05078125 0.03203125
0 0.8546875 0.35703125 0.02734375 0.0296875
0 0.84921875 0.38984375 0.0265625 0.02890625
0 0.665625 0.5421875 0.04375 0.0203125
0 0.62578125 0.55546875 0.04375 0.02265625
0 0.53828125 0.571875 0.04140625 0.03046875
0 0.13359375 0.4109375 0.04921875 0.034375
0 0.88125 0.5625 0.03125 0.05234375
0 0.3921875 0.6453125 0.06875 0.034375
0 0.17734375 0.60703125 0.02421875 0.0484375
0 0.796875 0.66953125 0.05 0.03046875
0 0.82890625 0.6875 0.03671875 0.0265625
0 0.6328125 0.784375 0.05390625 0.040625
0 0.5453125 0.759375 0.05625 0.0359375
0 0.4578125 0.76640625 0.06796875 0.03125
0 0.47890625 0.81328125 0.0484375 0.034375
0 0.85546875 0.78671875 0.034375 0.0421875
0 0.78046875 0.87734375 0.02421875 0.04921875
0 0.82109375 0.84375 0.0234375 0.05390625
0 0.6609375 0.921875 0.078125 0.02109375
0 0.503125 0.92578125 0.08046875 0.03125
0 0.41171875 0.93203125 0.06484375 0.02890625
0 0.41015625 0.90234375 0.0328125 0.02421875
0 0.38515625 0.8890625 0.05078125 0.0125
0 0.3453125 0.8703125 0.0546875 0.01171875
0 0.20625 0.89453125 0.06171875 0.0234375
0 0.178125 0.9359375 0.05234375 0.02734375