0 0.1265625 0.2140625 0.0296875 0.05234375
0 0.21484375 0.2265625 0.06015625 0.0265625
0 0.30234375 0.13125 0.0578125 0.0359375
0 0.48828125 0.09921875 0.02578125 0.05
0 0.57109375 0.08515625 0.0671875 0.02109375
0 0.58984375 0.121875 0.06015625 0.01875
0 0.71953125 0.203125 0.04609375 0.0453125
0 0.44921875 0.2 0.04140625 0.046875
0 0.1875 0.2859375 0.05078125 0.0390625
0 0.2421875 0.33203125 0.0578125 0.028125
0 0.16328125 0.365625 0.03515625 0.0453125
0 0.5015625 0.28515625 0.06953125 0.021875
0 0.45390625 0.33359375 0.05 0.01640625
0 0.46953125 0.34375 0.03671875 0.0234375
0 0.8078125 0.3890625 0.06484375 0.0265625
0 0.8015625 0.46171875 0.05078125 0.0390625
0 0.8484375 0.51875 0.06171875 0.02734375
0 0.75859375 0.4859375 0.0328125 0.02109375
0 0.46953125 0.42109375 0.04296875 0.01875
0 0.48515625 0.4703125 0.046875 0.04296875
0 0.18671875 0.4421875 0.06640625 0.025
0 0.3421875 0.52734375 0.065625 0.0140625
0 0.51640625 0.56484375 0.04609375 0.02734375
0 0.784375 0.57265625 0.03984375 0.0421875
0 0.29609375 0.62265625 0.06171875 0.04140625
0 0.175 0.634375 0.0203125 0.0390625
0 0.15 0.6875 0.03671875 0.04140625
0 0.1765625 0.7484375 0.02109375 0.04921875
0 0.2109375 0.71953125 0.01796875 0.05078125
0 0.14609375 0.73359375 0.02421875 0.0375
0 0.30078125 0.73046875 0.05703125 0.034375
0 0.33984375 0.7515625 0.0390625 0.0375
0 0.41953125 0.7359375 0.021875 0.04453125
0 0.4234375 0.78046875 0.05078125 0.02578125
0 0.7609375 0.73359375 0.02421875 0.0515625
0 0.76484375 0.8078125 0.04140625 0.04609375
0 0.8375 0.87890625 0.040625 0.0296875
0 0.85390625 0.853125 0.05625 0.01953125
0 0.87109375 0.89140625 0.028125 0.03984375
0 0.8375 0.91484375 0.05859375 0.02109375
0 0.7703125 0.91796875 0.04609375 0.03203125
0 0.725 0.9203125 0.05390625 0.02265625
0 0.65859375 0.91953125 0.04375 0.02265625
0 0.58046875 0.90234375 0.0515625 0.03125
0 0.52109375 0.8578125 0.053125 0.028125
0 0.28671875 0.9203125 0.0421875 0.03046875
0 0.25078125 0.91953125 0.04296875 0.0109375
0 0.20078125 0.93671875 0.03984375 0.01953125