0 0.609375 0.7875 0.03671875 0.0453125
0 0.44765625 0.4765625 0.0375 0.03984375
0 0.85234375 0.33203125 0.065625 0.046875
0 0.32421875 0.8484375 0.0390625 0.0421875
0 0.77109375 0.91015625 0.0609375 0.034375
0 0.6484375 0.6953125 0.04609375 0.040625
0 0.86484375 0.47890625 0.03046875 0.0328125
0 0.69765625 0.26953125 0.03046875 0.04921875
0 0.50546875 0.42109375 0.0328125 0.0359375
0 0.16953125 0.9390625 0.05234375 0.0421875
0 0.85625 0.67265625 0.0609375 0.02734375
0 0.17578125 0.0765625 0.0359375 0.0359375
0 0.8453125 0.10234375 0.06484375 0.028125
0 0.58984375 0.51796875 0.04296875 0.0390625
0 0.39453125 0.88125 0.059375 0.021875
0 0.2 0.61640625 0.0265625 0.04921875
0 0.86171875 0.85625 0.0234375 0.025
0 0.615625 0.88515625 0.05390625 0.021875
0 0.3671875 0.66171875 0.0515625 0.03046875
0 0.5171875 0.284375 0.025 0.03046875
0 0.60625 0.91328125 0.0578125 0.01953125
0 0.85 0.5390625 0.0296875 0.0390625
0 0.425 0.903125 0.0265625 0.0359375
0 0.55546875 0.62578125 0.0328125 0.053125
0 0.24765625 0.6078125 0.028125 0.0234375
0 0.70703125 0.84765625 0.07109375 0.0265625
0 0.215625 0.0765625 0.06015625 0.0234375
0 0.83671875 0.90390625 0.0625 0.01640625
0 0.1609375 0.54375 0.03046875 0.0578125
0 0.13046875 0.47109375 0.04921875 0.04453125
0 0.51796875 0.628125 0.028125 0.05390625
0 0.82109375 0.53125 0.025 0.046875
0 0.2390625 0.64375 0.0265625 0.053125
0 0.8375 0.5796875 0.028125 0.04453125
0 0.8484375 0.8875 0.059375 0.01484375
0 0.85390625 0.696875 0.0640625 0.0203125
0 0.8359375 0.484375 0.0265625 0.046875
0 0.4453125 0.8 0.08203125 0.01875
0 0.8140625 0.80703125 0.0359375 0.03984375
0 0.55234375 0.93125 0.02578125 0.04140625
0 0.2140625 0.2703125 0.03125 0.0609375
0 0.56171875 0.90703125 0.028125 0.0171875
0 0.80390625 0.43125 0.02578125 0.05
0 0.87265625 0.18203125 0.03046875 0.03671875
0 0.49296875 0.29921875 0.03515625 0.028125
0 0.86875 0.72890625 0.02578125 0.053125
0 0.18046875 0.79375 0.03671875 0.05859375
0 0.4921875 0.93359375 0.06328125 0.0265625
0 0.86640625 0.83203125 0.01875 0.0234375
0 0.82578125 0.86640625 0.04140625 0.02109375