0 0.50859375 0.85546875 0.0328125 0.0421875
0 0.65703125 0.68671875 0.0421875 0.0390625
0 0.44921875 0.5421875 0.0453125 0.028125
0 0.73046875 0.8171875 0.0375 0.0328125
0 0.39609375 0.7546875 0.046875 0.0359375
0 0.725 0.66328125 0.0421875 0.0375
0 0.51796875 0.55078125 0.0359375 0.0453125
0 0.58125 0.46328125 0.0390625 0.0390625
0 0.35078125 0.4671875 0.0453125 0.0234375
0 0.52265625 0.803125 0.0453125 0.0234375
0 0.55703125 0.6921875 0.0390625 0.0546875
0 0.690625 0.13046875 0.0546875 0.04375
0 0.7109375 0.4546875 0.0296875 0.0453125
0 0.571875 0.8171875 0.0421875 0.0375
0 0.20625 0.48046875 0.0578125 0.034375
0 0.78125 0.67421875 0.0390625 0.040625
0 0.7359375 0.3734375 0.0390625 0.0484375
0 0.63984375 0.5578125 0.0203125 0.05
0 0.3390625 0.721875 0.05 0.01875
0 0.2265625 0.51953125 0.0375 0.040625
0 0.46640625 0.353125 0.0546875 0.025
0 0.27578125 0.428125 0.0421875 0.0265625
0 0.7796875 0.63515625 0.034375 0.0421875
0 0.771875 0.88515625 0.0484375 0.0328125
0 0.4 0.81171875 0.053125 0.0390625
0 0.39296875 0.728125 0.04375 0.0296875
0 0.634375 0.84609375 0.0515625 0.0203125
0 0.4796875 0.58515625 0.0265625 0.0453125
0 0.3046875 0.409375 0.0375 0.0390625
0 0.7359375 0.55390625 0.034375 0.0515625
0 0.20390625 0.7796875 0.05 0.0421875
0 0.81640625 0.646875 0.040625 0.0390625
0 0.6984375 0.2046875 0.0375 0.053125
0 0.74609375 0.29375 0.0578125 0.040625
0 0.803125 0.5484375 0.0375 0.0453125
0 0.284375 0.85078125 0.0375 0.0484375
0 0.2984375 0.80625 0.0578125 0.0234375
0 0.49296875 0.33203125 0.034375 0.028125
0 0.35 0.2328125 0.0359375 0.040625
0 0.5234375 0.621875 0.04375 0.0359375
0 0.70859375 0.725 0.0453125 0.0203125
0 0.2234375 0.31328125 0.0390625 0.040625
0 0.80546875 0.45859375 0.03125 0.0546875
0 0.76484375 0.32734375 0.0515625 0.0515625
0 0.67890625 0.44375 0.028125 0.0453125
0 0.44375 0.44140625 0.040625 0.034375
0 0.14765625 0.70078125 0.025 0.04375
0 0.1734375 0.83515625 0.04375 0.03125
0 0.821875 0.821875 0.021875 0.053125
0 0.56953125 0.56640625 0.0265625 0.053125
0 0.21796875 0.71328125 0.01875 0.04375
0 0.21484375 0.425 0.0265625 0.040625
0 0.27890625 0.503125 0.040625 0.040625
0 0.62734375 0.6140625 0.053125 0.028125
0 0.30625 0.271875 0.034375 0.046875
0 0.45859375 0.66328125 0.0265625 0.046875
0 0.425 0.31640625 0.04375 0.0390625
0 0.459375 0.8296875 0.021875 0.0453125
0 0.78984375 0.8578125 0.0296875 0.0375
0 0.20703125 0.565625 0.0515625 0.03125
0 0.734375 0.8625 0.0265625 0.0359375
0 0.64609375 0.7796875 0.046875 0.015625
0 0.4015625 0.64765625 0.05625 0.0203125
0 0.184375 0.28984375 0.0515625 0.034375
0 0.19765625 0.528125 0.0390625 0.0421875
0 0.54921875 0.24375 0.0359375 0.04375
0 0.5921875 0.53125 0.046875 0.0203125
0 0.38515625 0.675 0.028125 0.0359375
0 0.20625 0.68359375 0.0203125 0.0359375
0 0.375 0.53359375 0.0359375 0.0421875
0 0.6171875 0.72734375 0.025 0.0421875
0 0.23515625 0.38671875 0.025 0.040625
0 0.39765625 0.2125 0.0546875 0.0359375
0 0.1765625 0.80625 0.04375 0.0296875
0 0.2609375 0.31015625 0.034375 0.0453125
0 0.24453125 0.65390625 0.0234375 0.046875
0 0.28125 0.734375 0.059375 0.03125
0 0.446875 0.11640625 0.0359375 0.0625
0 0.50234375 0.18984375 0.028125 0.0421875
0 0.30390625 0.640625 0.06875 0.03125
0 0.4703125 0.77890625 0.03125 0.046875
0 0.503125 0.75234375 0.04375 0.0328125
0 0.634375 0.79375 0.0578125 0.021875
0 0.85625 0.61015625 0.021875 0.0171875
0 0.7875 0.78359375 0.046875 0.0203125
0 0.8328125 0.35859375 0.0328125 0.0546875
0 0.21015625 0.64765625 0.0203125 0.040625