0 0.46484375 0.5734375 0.0453125 0.0390625
0 0.37265625 0.73203125 0.04375 0.0375
0 0.321875 0.86328125 0.04375 0.03125
0 0.7953125 0.21875 0.0328125 0.0390625
0 0.68828125 0.7203125 0.04375 0.0421875
0 0.42109375 0.39921875 0.0203125 0.040625
0 0.57421875 0.84375 0.0296875 0.0359375
0 0.41875 0.2 0.046875 0.0234375
0 0.27421875 0.584375 0.0421875 0.03125
0 0.19765625 0.80546875 0.01875 0.028125
0 0.7921875 0.36796875 0.034375 0.0421875
0 0.70859375 0.6796875 0.0390625 0.0296875
0 0.4015625 0.584375 0.03125 0.0375
0 0.76328125 0.17890625 0.0484375 0.0328125
0 0.7375 0.26875 0.040625 0.0421875
0 0.709375 0.178125 0.0453125 0.0328125
0 0.6203125 0.771875 0.046875 0.0359375
0 0.70390625 0.5671875 0.0328125 0.0421875
0 0.20625 0.86640625 0.0359375 0.0359375
0 0.45390625 0.63359375 0.025 0.04375
0 0.23515625 0.21015625 0.03125 0.046875
0 0.48046875 0.86953125 0.0359375 0.0421875
0 0.60859375 0.1921875 0.0453125 0.0203125
0 0.36953125 0.259375 0.01875 0.0375
0 0.35078125 0.25 0.03125 0.034375
0 0.35859375 0.8421875 0.05625 0.0203125
0 0.54765625 0.40859375 0.01875 0.040625
0 0.47265625 0.44609375 0.0484375 0.0390625
0 0.659375 0.62890625 0.046875 0.025
0 0.45859375 0.17421875 0.0375 0.0265625
0 0.33203125 0.7546875 0.0171875 0.034375
0 0.28359375 0.48046875 0.0390625 0.028125
0 0.4265625 0.2484375 0.0296875 0.0421875
0 0.6984375 0.10078125 0.0375 0.028125
0 0.34609375 0.415625 0.0328125 0.0375
0 0.60703125 0.53828125 0.025 0.034375
0 0.74140625 0.80390625 0.0359375 0.0328125
0 0.821875 0.09765625 0.0328125 0.0359375
0 0.53046875 0.53203125 0.0203125 0.0359375
0 0.43046875 0.340625 0.0359375 0.040625
0 0.31796875 0.4625 0.046875 0.0109375
0 0.2265625 0.840625 0.040625 0.0203125
0 0.36484375 0.540625 0.0203125 0.04375
0 0.6625 0.3375 0.034375 0.0421875
0 0.2 0.72578125 0.03125 0.0359375
0 0.715625 0.76171875 0.0515625 0.0234375
0 0.16015625 0.79609375 0.046875 0.021875
0 0.6421875 0.21171875 0.0421875 0.025
0 0.70390625 0.2375 0.04375 0.0359375
0 0.2453125 0.65703125 0.0484375 0.021875
0 0.7046875 0.79453125 0.0265625 0.0375
0 0.471875 0.715625 0.01875 0.0296875
0 0.40859375 0.525 0.0359375 0.0375
0 0.29609375 0.340625 0.028125 0.034375
0 0.6890625 0.2984375 0.025 0.0421875
0 0.2796875 0.221875 0.028125 0.0421875
0 0.1890625 0.9046875 0.0515625 0.0265625
0 0.81328125 0.146875 0.0609375 0.028125
0 0.28046875 0.14453125 0.0296875 0.0453125
0 0.78984375 0.546875 0.0390625 0.0328125
0 0.78203125 0.65625 0.034375 0.0453125
0 0.3328125 0.59296875 0.0234375 0.0375
0 0.284375 0.91015625 0.053125 0.0171875
0 0.565625 0.27265625 0.0546875 0.0171875
0 0.35625 0.39140625 0.0578125 0.015625
0 0.28828125 0.1796875 0.021875 0.040625
0 0.62890625 0.37265625 0.025 0.0359375
0 0.56875 0.74140625 0.0484375 0.025
0 0.68125 0.1515625 0.0625 0.015625
0 0.49921875 0.653125 0.05625 0.03125
0 0.75859375 0.503125 0.0546875 0.0234375
0 0.36328125 0.6578125 0.0609375 0.0203125
0 0.728125 0.7328125 0.0359375 0.0296875
0 0.28046875 0.80546875 0.021875 0.04375
0 0.57578125 0.67890625 0.0453125 0.025
0 0.228125 0.75078125 0.0625 0.03125
0 0.47578125 0.31015625 0.0484375 0.03125
0 0.50625 0.50546875 0.03125 0.0359375
0 0.1953125 0.7 0.0421875 0.0234375
0 0.77734375 0.12734375 0.0390625 0.0203125
0 0.7453125 0.1109375 0.0328125 0.0328125
0 0.54921875 0.24609375 0.04375 0.025
0 0.6828125 0.4421875 0.025 0.0375
0 0.45546875 0.83828125 0.059375 0.025
0 0.740625 0.55390625 0.0453125 0.0328125
0 0.66328125 0.5578125 0.046875 0.034375
0 0.83203125 0.81328125 0.021875 0.0390625
0 0.621875 0.3125 0.03125 0.040625
0 0.815625 0.5921875 0.059375 0.015625
0 0.3296875 0.88828125 0.0671875 0.01875
0 0.33125 0.45078125 0.034375 0.015625
0 0.21875 0.62734375 0.0265625 0.040625
0 0.340625 0.63984375 0.0234375 0.0296875
0 0.659375 0.678125 0.0515625 0.01875
0 0.6953125 0.65 0.03125 0.0328125
0 0.77890625 0.61875 0.025 0.0375
0 0.34921875 0.703125 0.0234375 0.0390625
0 0.2890625 0.7484375 0.01875 0.0421875
0 0.22734375 0.796875 0.0375 0.021875
0 0.4734375 0.8078125 0.05625 0.0203125