0 0.79609375 0.60546875 0.0421875 0.0421875
0 0.35234375 0.128125 0.0609375 0.0375
0 0.49296875 0.909375 0.0421875 0.0421875
0 0.2953125 0.15546875 0.0296875 0.04375
0 0.5765625 0.5765625 0.0515625 0.034375
0 0.56796875 0.64140625 0.05 0.0359375
0 0.35390625 0.1625 0.040625 0.0390625
0 0.44296875 0.16640625 0.034375 0.0265625
0 0.29296875 0.875 0.021875 0.0390625
0 0.3796875 0.67421875 0.0265625 0.0484375
0 0.65546875 0.65546875 0.053125 0.01875
0 0.253125 0.55078125 0.028125 0.0375
0 0.334375 0.8171875 0.053125 0.0265625
0 0.671875 0.290625 0.05 0.0375
0 0.56796875 0.73359375 0.0484375 0.0359375
0 0.6515625 0.2125 0.0421875 0.0296875
0 0.8265625 0.871875 0.034375 0.0359375
0 0.30234375 0.77578125 0.046875 0.046875
0 0.4 0.35703125 0.053125 0.03125
0 0.38125 0.37890625 0.04375 0.0234375
0 0.5484375 0.49765625 0.0234375 0.0421875
0 0.66484375 0.165625 0.0421875 0.0421875
0 0.59921875 0.77578125 0.0328125 0.0390625
0 0.71015625 0.75625 0.0265625 0.0328125
0 0.82265625 0.4234375 0.034375 0.0390625
0 0.65234375 0.7109375 0.0359375 0.034375
0 0.46328125 0.67578125 0.053125 0.03125
0 0.315625 0.2953125 0.01875 0.0453125
0 0.4234375 0.7875 0.0375 0.021875
0 0.26328125 0.4796875 0.0328125 0.025
0 0.23828125 0.39609375 0.0296875 0.0515625
0 0.6328125 0.3796875 0.0328125 0.03125
0 0.60625 0.38046875 0.0171875 0.034375
0 0.61875 0.68828125 0.053125 0.025
0 0.3359375 0.7015625 0.05625 0.0234375
0 0.36171875 0.2734375 0.0296875 0.0421875
0 0.24140625 0.09296875 0.0203125 0.034375
0 0.3296875 0.55546875 0.034375 0.0359375
0 0.33046875 0.23203125 0.046875 0.0328125
0 0.6109375 0.7328125 0.040625 0.0375
0 0.80546875 0.84296875 0.03125 0.0359375
0 0.38515625 0.77421875 0.0578125 0.0375
0 0.3875 0.52734375 0.021875 0.04375
0 0.21171875 0.290625 0.05 0.0375
0 0.421875 0.39140625 0.0421875 0.0234375
0 0.815625 0.234375 0.0234375 0.04375
0 0.78671875 0.8265625 0.0421875 0.021875
0 0.4765625 0.5921875 0.05625 0.0203125
0 0.51171875 0.6640625 0.046875 0.034375
0 0.22578125 0.05859375 0.065625 0.021875
0 0.77265625 0.75234375 0.0234375 0.040625
0 0.42265625 0.5453125 0.046875 0.0171875
0 0.42421875 0.30234375 0.053125 0.021875
0 0.82890625 0.81640625 0.0203125 0.040625
0 0.84296875 0.67578125 0.021875 0.040625
0 0.47265625 0.2203125 0.0546875 0.0328125
0 0.628125 0.59765625 0.0234375 0.0546875
0 0.8578125 0.615625 0.0296875 0.0390625
0 0.84765625 0.2609375 0.028125 0.034375
0 0.31640625 0.0796875 0.059375 0.01875
0 0.52109375 0.696875 0.0296875 0.040625
0 0.184375 0.83984375 0.0265625 0.0390625
0 0.75 0.8171875 0.0296875 0.046875
0 0.7140625 0.73046875 0.040625 0.0234375
0 0.384375 0.58515625 0.053125 0.0171875
0 0.86015625 0.1578125 0.01875 0.046875
0 0.6546875 0.5 0.05625 0.0171875
0 0.6828125 0.8390625 0.04375 0.0296875
0 0.83671875 0.94609375 0.0265625 0.0421875
0 0.16171875 0.734375 0.025 0.0484375
0 0.23828125 0.5765625 0.0234375 0.0359375
0 0.21796875 0.48046875 0.04375 0.021875
0 0.2703125 0.4546875 0.05625 0.0203125
0 0.434375 0.4640625 0.04375 0.034375
0 0.44296875 0.4375 0.05 0.034375
0 0.303125 0.39921875 0.04375 0.0234375
0 0.1984375 0.35390625 0.021875 0.0375
0 0.44921875 0.359375 0.0234375 0.0421875
0 0.51953125 0.38984375 0.05625 0.0265625
0 0.7375 0.43515625 0.0609375 0.0296875
0 0.79609375 0.4 0.025 0.05625
0 0.8703125 0.28828125 0.0265625 0.0390625
0 0.77734375 0.20625 0.0234375 0.0453125
0 0.72265625 0.2015625 0.025 0.0578125
0 0.88515625 0.1890625 0.021875 0.0484375
0 0.865625 0.18359375 0.0171875 0.04375
0 0.834375 0.1765625 0.0328125 0.0375
0 0.80625 0.17734375 0.0234375 0.0453125
0 0.8140625 0.13984375 0.01875 0.0265625
0 0.7296875 0.1453125 0.053125 0.0234375
0 0.43671875 0.09375 0.0625 0.028125
0 0.475 0.1546875 0.0265625 0.028125
0 0.525 0.23828125 0.03125 0.046875
0 0.1921875 0.17421875 0.0234375 0.040625
0 0.3015625 0.2765625 0.01875 0.0390625
0 0.36328125 0.57109375 0.0328125 0.0203125
0 0.7359375 0.62265625 0.03125 0.0484375
0 0.82578125 0.6375 0.0625 0.0171875