0 0.4515625 0.4609375 0.04453125 0.0328125
0 0.45078125 0.7625 0.0453125 0.03203125
0 0.15546875 0.16484375 0.0359375 0.04140625
0 0.60234375 0.7671875 0.0453125 0.0265625
0 0.30078125 0.3 0.03125 0.04375
0 0.42578125 0.27109375 0.03203125 0.0359375
0 0.39765625 0.228125 0.040625 0.04140625
0 0.73671875 0.51640625 0.03203125 0.0359375
0 0.390625 0.275 0.03828125 0.03671875
0 0.6453125 0.36328125 0.04296875 0.02578125
0 0.57578125 0.07734375 0.025 0.03828125
0 0.6046875 0.09375 0.03046875 0.04765625
0 0.81484375 0.815625 0.021875 0.0328125
0 0.8 0.29921875 0.046875 0.025
0 0.32109375 0.39140625 0.025 0.0421875
0 0.56875 0.51171875 0.040625 0.03125
0 0.41484375 0.64453125 0.03671875 0.034375
0 0.640625 0.790625 0.025 0.04453125
0 0.47265625 0.30234375 0.0359375 0.04375
0 0.6625 0.27734375 0.02265625 0.03828125
0 0.50859375 0.48828125 0.0234375 0.04140625
0 0.5765625 0.20234375 0.04765625 0.01796875
0 0.73828125 0.44140625 0.01796875 0.04609375
0 0.83125 0.86953125 0.03359375 0.03515625
0 0.32578125 0.72734375 0.03984375 0.03828125
0 0.68359375 0.76171875 0.03515625 0.01484375
0 0.2734375 0.6765625 0.04296875 0.02890625
0 0.2734375 0.70859375 0.04375 0.03203125
0 0.3 0.5484375 0.02734375 0.02265625
0 0.32734375 0.54921875 0.0296875 0.03671875
0 0.2390625 0.621875 0.040625 0.0453125
0 0.3953125 0.80234375 0.02734375 0.034375
0 0.79375 0.16796875 0.02109375 0.04296875
0 0.546875 0.81796875 0.02109375 0.0421875
0 0.81640625 0.6828125 0.04140625 0.0421875
0 0.8234375 0.61640625 0.03046875 0.0375
0 0.6625 0.6546875 0.03515625 0.04140625
0 0.390625 0.57265625 0.046875 0.0234375
0 0.1640625 0.69453125 0.0296875 0.0171875
0 0.20078125 0.67890625 0.0265625 0.03984375
0 0.51953125 0.353125 0.05 0.015625
0 0.19609375 0.19765625 0.0296875 0.025
0 0.22421875 0.46953125 0.03984375 0.03359375
0 0.74140625 0.365625 0.03671875 0.03046875
0 0.29296875 0.17890625 0.0453125 0.03671875
0 0.28125 0.4328125 0.03984375 0.03828125
0 0.425 0.73359375 0.06171875 0.01875
0 0.47265625 0.403125 0.02421875 0.03984375
0 0.64140625 0.528125 0.0421875 0.0140625
0 0.37890625 0.35625 0.04375 0.03359375
0 0.6578125 0.58828125 0.03828125 0.02890625
0 0.4484375 0.57890625 0.01875 0.0515625
0 0.6078125 0.59609375 0.04609375 0.02265625
0 0.68671875 0.184375 0.03671875 0.03515625
0 0.37890625 0.41484375 0.03046875 0.05
0 0.3671875 0.6203125 0.03671875 0.0359375
0 0.22890625 0.72109375 0.0328125 0.03515625
0 0.16015625 0.6609375 0.03671875 0.0390625
0 0.15703125 0.1140625 0.0546875 0.02109375
0 0.4109375 0.328125 0.05703125 0.01328125
0 0.55546875 0.59765625 0.02109375 0.04921875
0 0.4765625 0.509375 0.02109375 0.02578125
0 0.571875 0.67890625 0.05625 0.02265625
0 0.84296875 0.2890625 0.01484375 0.046875
0 0.2125 0.23046875 0.05546875 0.01484375
0 0.85546875 0.89140625 0.02265625 0.03203125
0 0.71328125 0.55703125 0.04453125 0.0328125
0 0.15390625 0.590625 0.021875 0.04296875
0 0.2609375 0.7875 0.03046875 0.03125
0 0.64453125 0.75 0.01953125 0.0359375
0 0.54140625 0.44453125 0.02109375 0.04609375
0 0.61875 0.21875 0.05703125 0.01953125
0 0.1953125 0.37890625 0.05 0.03125
0 0.71328125 0.62265625 0.025 0.05234375
0 0.26953125 0.49765625 0.05234375 0.03359375
0 0.65703125 0.61328125 0.05 0.0171875
0 0.17421875 0.7234375 0.0296875 0.0359375
0 0.77109375 0.40390625 0.0234375 0.03828125
0 0.14921875 0.35390625 0.0203125 0.040625
0 0.46875 0.63125 0.0453125 0.01796875
0 0.7484375 0.821875 0.0328125 0.0421875
0 0.58671875 0.65 0.04921875 0.0171875
0 0.784375 0.88046875 0.05859375 0.01953125
0 0.50390625 0.6484375 0.04140625 0.0171875
0 0.4875 0.559375 0.04296875 0.02578125
0 0.2328125 0.20078125 0.02265625 0.04453125
0 0.2390625 0.125 0.06796875 0.02265625
0 0.384375 0.3828125 0.06640625 0.01171875
0 0.5859375 0.375 0.0578125 0.02265625
0 0.690625 0.4484375 0.02578125 0.040625
0 0.7921875 0.49609375 0.04921875 0.0203125
0 0.30703125 0.51484375 0.021875 0.03984375
0 0.18203125 0.515625 0.01796875 0.04140625
0 0.23125 0.65078125 0.03359375 0.0203125
0 0.73984375 0.66171875 0.06015625 0.02421875
0 0.8671875 0.77578125 0.0265625 0.04921875
0 0.79609375 0.79609375 0.0265625 0.0265625
0 0.4359375 0.62421875 0.01953125 0.0359375