0 0.38984375 0.90546875 0.05 0.0359375
0 0.68671875 0.7296875 0.040625 0.0421875
0 0.58828125 0.7203125 0.0359375 0.040625
0 0.26015625 0.34296875 0.0359375 0.0375
0 0.54140625 0.48203125 0.04375 0.0421875
0 0.38671875 0.42890625 0.0484375 0.028125
0 0.7 0.43984375 0.025 0.0390625
0 0.721875 0.69765625 0.0296875 0.0390625
0 0.58828125 0.8921875 0.0421875 0.0375
0 0.65078125 0.69375 0.040625 0.021875
0 0.77578125 0.67734375 0.021875 0.04375
0 0.86171875 0.871875 0.0546875 0.021875
0 0.265625 0.59453125 0.0359375 0.040625
0 0.75078125 0.653125 0.03125 0.0375
0 0.78984375 0.8359375 0.0296875 0.0359375
0 0.3203125 0.72265625 0.059375 0.0265625
0 0.48515625 0.23671875 0.053125 0.0328125
0 0.41640625 0.07578125 0.040625 0.0390625
0 0.30859375 0.86796875 0.0484375 0.034375
0 0.4015625 0.7125 0.0265625 0.034375
0 0.5953125 0.2359375 0.0359375 0.03125
0 0.29453125 0.66875 0.04375 0.0234375
0 0.2078125 0.57265625 0.0203125 0.0453125
0 0.6125 0.48515625 0.03125 0.0453125
0 0.56328125 0.2078125 0.0515625 0.028125
0 0.20078125 0.50546875 0.034375 0.040625
0 0.6875 0.3515625 0.0234375 0.0375
0 0.53828125 0.8265625 0.0421875 0.0171875
0 0.38828125 0.53359375 0.046875 0.034375
0 0.56484375 0.56015625 0.0421875 0.034375
0 0.40546875 0.36171875 0.0390625 0.0421875
0 0.1828125 0.6703125 0.034375 0.040625
0 0.72734375 0.29296875 0.0515625 0.034375
0 0.34609375 0.21171875 0.053125 0.028125
0 0.6375 0.55078125 0.046875 0.034375
0 0.79140625 0.30078125 0.0296875 0.04375
0 0.44765625 0.67421875 0.025 0.021875
0 0.50234375 0.80859375 0.01875 0.034375
0 0.190625 0.8859375 0.028125 0.046875
0 0.49921875 0.10234375 0.0359375 0.0171875
0 0.24296875 0.55625 0.0484375 0.03125
0 0.6046875 0.6609375 0.0203125 0.04375
0 0.63046875 0.27890625 0.0390625 0.0421875
0 0.22265625 0.73828125 0.046875 0.025
0 0.37265625 0.759375 0.0578125 0.028125
0 0.22109375 0.79453125 0.028125 0.0265625
0 0.4234375 0.84453125 0.03125 0.04375
0 0.734375 0.25078125 0.0546875 0.0171875
0 0.678125 0.7984375 0.0421875 0.034375
0 0.5234375 0.85390625 0.05625 0.01875
0 0.56875 0.3453125 0.0578125 0.0234375
0 0.590625 0.26484375 0.05 0.021875
0 0.53984375 0.6734375 0.021875 0.0359375
0 0.340625 0.4671875 0.0578125 0.015625
0 0.37421875 0.88125 0.0484375 0.0296875
0 0.83359375 0.43671875 0.025 0.0359375
0 0.221875 0.3171875 0.053125 0.01875
0 0.66015625 0.21875 0.059375 0.0203125
0 0.1609375 0.71796875 0.0234375 0.034375
0 0.73125 0.1234375 0.0265625 0.04375
0 0.1578125 0.56875 0.021875 0.0390625
0 0.82578125 0.7828125 0.0234375 0.046875
0 0.18359375 0.83984375 0.0234375 0.0421875
0 0.265625 0.62890625 0.01875 0.0296875
0 0.265625 0.65234375 0.0171875 0.0296875
0 0.215625 0.84765625 0.03125 0.0484375
0 0.41015625 0.64453125 0.0625 0.01875
0 0.15625 0.9015625 0.0296875 0.040625
0 0.46328125 0.6359375 0.0359375 0.021875
0 0.2078125 0.70625 0.028125 0.0375
0 0.64765625 0.171875 0.06875 0.0234375
0 0.2828125 0.1359375 0.0578125 0.01875
0 0.60234375 0.290625 0.03125 0.0390625
0 0.34140625 0.8671875 0.028125 0.0390625
0 0.24453125 0.4828125 0.05 0.046875
0 0.396875 0.8484375 0.0359375 0.034375
0 0.6078125 0.3734375 0.05625 0.0359375
0 0.4578125 0.7484375 0.059375 0.0234375
0 0.15078125 0.79296875 0.025 0.0421875
0 0.55234375 0.74375 0.0421875 0.0265625
0 0.26484375 0.26953125 0.03125 0.0484375
0 0.41953125 0.5734375 0.0609375 0.025
0 0.278125 0.45546875 0.0546875 0.025
0 0.54453125 0.434375 0.0359375 0.028125
0 0.31484375 0.58984375 0.034375 0.0453125
0 0.48046875 0.18203125 0.025 0.0390625
0 0.28515625 0.83125 0.05625 0.01875
0 0.2578125 0.76875 0.0453125 0.0171875
0 0.35546875 0.81640625 0.065625 0.015625
0 0.4484375 0.7203125 0.053125 0.021875
0 0.4515625 0.65390625 0.028125 0.01875
0 0.47578125 0.69453125 0.05 0.0265625
0 0.46953125 0.56796875 0.034375 0.040625
0 0.5125 0.56328125 0.05 0.0265625
0 0.41171875 0.5140625 0.053125 0.0234375
0 0.50078125 0.44140625 0.0421875 0.028125
0 0.35 0.390625 0.0484375 0.025
0 0.771875 0.32578125 0.0296875 0.0375
0 0.5328125 0.1078125 0.0484375 0.0140625
0 0.26875 0.15078125 0.0234375 0.0234375