0 0.540625 0.09453125 0.0609375 0.059375
0 0.66171875 0.19765625 0.046875 0.046875
0 0.659375 0.15390625 0.0625 0.0375
0 0.11640625 0.36328125 0.0328125 0.04375
0 0.1640625 0.3109375 0.0390625 0.0453125
0 0.1109375 0.41484375 0.03125 0.0390625
0 0.1328125 0.4109375 0.0296875 0.0453125
0 0.3 0.3671875 0.0390625 0.046875
0 0.353125 0.33125 0.0640625 0.034375
0 0.396875 0.36953125 0.0296875 0.0421875
0 0.43046875 0.32734375 0.040625 0.0296875
0 0.45234375 0.37734375 0.059375 0.0296875
0 0.4828125 0.34140625 0.040625 0.05
0 0.5578125 0.26796875 0.053125 0.053125
0 0.58046875 0.334375 0.0296875 0.0390625
0 0.596875 0.31328125 0.028125 0.034375
0 0.61171875 0.27890625 0.0546875 0.0328125
0 0.67578125 0.2921875 0.05 0.0265625
0 0.6671875 0.26640625 0.0546875 0.0234375
0 0.509375 0.47421875 0.040625 0.0390625
0 0.51171875 0.43828125 0.0453125 0.025
0 0.55234375 0.425 0.021875 0.04375
0 0.6078125 0.4234375 0.0421875 0.034375
0 0.6125 0.39140625 0.0375 0.0421875
0 0.6515625 0.35546875 0.0421875 0.05
0 0.17109375 0.47734375 0.0296875 0.0421875
0 0.2 0.440625 0.04375 0.0390625
0 0.30078125 0.434375 0.0578125 0.025
0 0.38203125 0.43203125 0.05625 0.034375
0 0.16796875 0.53046875 0.0328125 0.0453125
0 0.20390625 0.48984375 0.015625 0.034375
0 0.21953125 0.47890625 0.028125 0.0328125
0 0.528125 0.409375 0.0390625 0.0203125
0 0.4046875 0.46484375 0.05 0.0390625
0 0.609375 0.5390625 0.0484375 0.03125
0 0.609375 0.50546875 0.0296875 0.0390625
0 0.634375 0.46484375 0.040625 0.0328125
0 0.65546875 0.44375 0.021875 0.0234375
0 0.7375 0.44609375 0.0421875 0.0484375
0 0.76875 0.3953125 0.0375 0.040625
0 0.8015625 0.44375 0.0359375 0.0421875
0 0.81796875 0.475 0.028125 0.0265625
0 0.69921875 0.50703125 0.0515625 0.0265625
0 0.528125 0.56953125 0.0609375 0.028125
0 0.5234375 0.55234375 0.03125 0.028125
0 0.5375 0.50859375 0.028125 0.025
0 0.56640625 0.5078125 0.0390625 0.0234375
0 0.15625 0.57890625 0.0234375 0.0421875
0 0.18203125 0.615625 0.034375 0.05
0 0.2171875 0.56484375 0.025 0.0390625
0 0.225 0.53203125 0.040625 0.0453125
0 0.2453125 0.61953125 0.0375 0.040625
0 0.2953125 0.58671875 0.0359375 0.046875
0 0.278125 0.55390625 0.0328125 0.0421875
0 0.35234375 0.60859375 0.0359375 0.053125
0 0.4015625 0.57578125 0.03125 0.0421875
0 0.45 0.55390625 0.053125 0.028125
0 0.7875 0.521875 0.05 0.0296875
0 0.59140625 0.5828125 0.06875 0.0265625
0 0.6203125 0.5875 0.059375 0.028125
0 0.740625 0.61484375 0.05 0.028125
0 0.7484375 0.58125 0.0546875 0.0375
0 0.84921875 0.56875 0.04375 0.0484375
0 0.8296875 0.62734375 0.05625 0.0515625
0 0.640625 0.63359375 0.065625 0.040625
0 0.55703125 0.61875 0.059375 0.040625
0 0.46015625 0.6296875 0.034375 0.0453125
0 0.17734375 0.7171875 0.03125 0.04375
0 0.19921875 0.7125 0.0328125 0.0484375
0 0.28046875 0.72421875 0.0703125 0.0390625
0 0.42421875 0.71640625 0.046875 0.0421875
0 0.53203125 0.684375 0.05625 0.04375
0 0.5109375 0.66171875 0.0578125 0.0421875
0 0.60546875 0.7 0.053125 0.040625
0 0.72578125 0.66875 0.040625 0.0453125
0 0.7140625 0.71796875 0.059375 0.0453125
0 0.86640625 0.72109375 0.065625 0.0390625
0 0.6125 0.78046875 0.0609375 0.0328125
0 0.65 0.75390625 0.0546875 0.03125
0 0.52734375 0.7890625 0.0640625 0.059375
0 0.4328125 0.8015625 0.0515625 0.0421875
0 0.365625 0.78359375 0.040625 0.046875
0 0.253125 0.79296875 0.046875 0.05
0 0.28671875 0.91328125 0.0640625 0.0359375
0 0.278125 0.89140625 0.0453125 0.034375
0 0.23671875 0.971875 0.046875 0.0421875
0 0.38203125 0.93046875 0.053125 0.025
0 0.3796875 0.9203125 0.0578125 0.0234375
0 0.4671875 0.88828125 0.0546875 0.0234375
0 0.46484375 0.846875 0.0484375 0.0296875
0 0.55390625 0.8671875 0.0578125 0.03125
0 0.56015625 0.83203125 0.0671875 0.0265625
0 0.51875 0.86796875 0.0453125 0.021875
0 0.5234375 0.91484375 0.065625 0.0265625
0 0.66640625 0.86640625 0.0484375 0.0390625
0 0.64453125 0.81015625 0.0671875 0.0375
0 0.7109375 0.809375 0.040625 0.0390625
0 0.765625 0.83046875 0.059375 0.025
0 0.8484375 0.8 0.0484375 0.0453125
0 0.79765625 0.7703125 0.053125 0.03125