0 0.63515625 0.71640625 0.0453125 0.0375
0 0.75078125 0.70703125 0.0375 0.04375
0 0.64140625 0.58046875 0.046875 0.03125
0 0.29453125 0.33125 0.040625 0.0375
0 0.671875 0.2828125 0.04375 0.04375
0 0.4765625 0.271875 0.059375 0.0453125
0 0.76953125 0.3703125 0.034375 0.04375
0 0.721875 0.79453125 0.0546875 0.034375
0 0.76875 0.09609375 0.04375 0.0359375
0 0.5859375 0.3109375 0.0296875 0.046875
0 0.61484375 0.54765625 0.0640625 0.0265625
0 0.39921875 0.92265625 0.0671875 0.0296875
0 0.534375 0.73359375 0.0734375 0.0296875
0 0.15859375 0.740625 0.05 0.028125
0 0.38984375 0.80546875 0.0234375 0.046875
0 0.2875 0.88984375 0.025 0.046875
0 0.7109375 0.5984375 0.0609375 0.0265625
0 0.32265625 0.66640625 0.0375 0.0390625
0 0.740625 0.50859375 0.046875 0.0375
0 0.6625 0.81875 0.0390625 0.0421875
0 0.38046875 0.55390625 0.0296875 0.0453125
0 0.35390625 0.73828125 0.05 0.0375
0 0.15625 0.8375 0.053125 0.021875
0 0.34453125 0.10546875 0.0546875 0.034375
0 0.528125 0.68671875 0.021875 0.01875
0 0.4640625 0.39609375 0.0625 0.0296875
0 0.56640625 0.4015625 0.0515625 0.03125
0 0.70078125 0.3984375 0.0578125 0.025
0 0.3875 0.35625 0.0640625 0.0375
0 0.290625 0.64765625 0.0328125 0.04375
0 0.3328125 0.55390625 0.05625 0.034375
0 0.34140625 0.81484375 0.0375 0.0375
0 0.825 0.584375 0.0234375 0.0359375
0 0.275 0.84765625 0.05625 0.0375
0 0.3640625 0.70234375 0.0515625 0.0375
0 0.58984375 0.240625 0.0640625 0.0265625
0 0.5765625 0.6625 0.0484375 0.0171875
0 0.40625 0.321875 0.0515625 0.0375
0 0.76171875 0.91328125 0.046875 0.04375
0 0.784375 0.13515625 0.05625 0.034375
0 0.39765625 0.4625 0.0625 0.0375
0 0.62265625 0.51328125 0.0484375 0.0265625
0 0.56875 0.11015625 0.0859375 0.0234375
0 0.35078125 0.2828125 0.06875 0.0234375
0 0.2640625 0.78203125 0.0265625 0.021875
0 0.2890625 0.8 0.03125 0.021875
0 0.22890625 0.7 0.0640625 0.0296875
0 0.58515625 0.59296875 0.05 0.0328125
0 0.6484375 0.38125 0.05 0.0421875
0 0.4984375 0.3078125 0.046875 0.040625
0 0.2703125 0.746875 0.0453125 0.0484375
0 0.65390625 0.75625 0.0515625 0.0375
0 0.825 0.5234375 0.0203125 0.040625
0 0.55390625 0.5109375 0.028125 0.0328125
0 0.20390625 0.76953125 0.0265625 0.0546875
0 0.40390625 0.73984375 0.0515625 0.0359375
0 0.81640625 0.553125 0.0515625 0.0296875
0 0.2078125 0.9078125 0.0234375 0.03125
0 0.25078125 0.2390625 0.059375 0.0359375
0 0.178125 0.8875 0.059375 0.015625
0 0.33984375 0.5265625 0.0546875 0.0171875
0 0.22421875 0.50625 0.03125 0.0171875
0 0.11015625 0.76796875 0.0265625 0.0390625
0 0.12734375 0.65625 0.034375 0.0484375
0 0.68671875 0.61953125 0.0734375 0.01875
0 0.76484375 0.6515625 0.059375 0.0203125
0 0.1109375 0.88359375 0.03125 0.0484375
0 0.490625 0.1609375 0.0640625 0.0265625
0 0.64921875 0.484375 0.0328125 0.0203125
0 0.20390625 0.34453125 0.05625 0.0328125
0 0.25625 0.209375 0.075 0.028125
0 0.6078125 0.80390625 0.0625 0.01875
0 0.33359375 0.065625 0.04375 0.04375
0 0.5515625 0.778125 0.0234375 0.034375
0 0.628125 0.19765625 0.053125 0.0265625
0 0.53203125 0.82734375 0.0265625 0.0296875
0 0.834375 0.75078125 0.05 0.0265625
0 0.68359375 0.4328125 0.075 0.025
0 0.4515625 0.446875 0.0578125 0.025
0 0.51015625 0.59375 0.0484375 0.0359375
0 0.77265625 0.62109375 0.0234375 0.0328125
0 0.80703125 0.64453125 0.0296875 0.0171875
0 0.4640625 0.42109375 0.03125 0.0265625
0 0.4234375 0.80390625 0.021875 0.046875
0 0.69140625 0.19296875 0.05625 0.0265625
0 0.33984375 0.87109375 0.0546875 0.0328125
0 0.35 0.62578125 0.059375 0.0359375
0 0.42265625 0.840625 0.028125 0.0296875
0 0.54921875 0.80546875 0.05625 0.015625
0 0.81015625 0.6828125 0.04375 0.0453125
0 0.50859375 0.690625 0.021875 0.021875
0 0.21328125 0.4875 0.0296875 0.0203125
0 0.50703125 0.46484375 0.0609375 0.0234375
0 0.84921875 0.57265625 0.0203125 0.01875
0 0.6546875 0.50234375 0.0171875 0.0125
0 0.81640625 0.34921875 0.0296875 0.05
0 0.3359375 0.35 0.040625 0.0265625
0 0.5703125 0.196875 0.0609375 0.025
0 0.3640625 0.1875 0.0609375 0.0296875