0 0.8375 0.1625 0.0734375 0.0328125
0 0.7375 0.16796875 0.046875 0.0515625
0 0.6953125 0.17734375 0.0421875 0.046875
0 0.628125 0.15234375 0.0671875 0.03125
0 0.57578125 0.17890625 0.0578125 0.0453125
0 0.5015625 0.18203125 0.065625 0.0375
0 0.70078125 0.23125 0.0625 0.0421875
0 0.65078125 0.25078125 0.0578125 0.0328125
0 0.84921875 0.2109375 0.03125 0.0484375
0 0.82421875 0.2125 0.0296875 0.046875
0 0.8046875 0.2546875 0.0578125 0.04375
0 0.81328125 0.3 0.0546875 0.046875
0 0.74375 0.3140625 0.046875 0.053125
0 0.6640625 0.29609375 0.065625 0.0484375
0 0.63828125 0.3609375 0.059375 0.05
0 0.7375 0.36015625 0.08125 0.0359375
0 0.5578125 0.26171875 0.034375 0.03125
0 0.5296875 0.2453125 0.0296875 0.0296875
0 0.49296875 0.24453125 0.040625 0.0375
0 0.45234375 0.26015625 0.0359375 0.0328125
0 0.38046875 0.18828125 0.0703125 0.028125
0 0.35078125 0.21875 0.03125 0.05
0 0.29921875 0.1828125 0.0421875 0.0390625
0 0.28046875 0.1296875 0.028125 0.01875
0 0.2671875 0.11484375 0.0328125 0.01875
0 0.3953125 0.2546875 0.040625 0.053125
0 0.35390625 0.26640625 0.028125 0.0296875
0 0.31328125 0.25859375 0.0625 0.03125
0 0.309375 0.3015625 0.034375 0.0296875
0 0.28515625 0.3171875 0.04375 0.034375
0 0.25390625 0.30625 0.0265625 0.04375
0 0.23515625 0.33359375 0.0234375 0.025
0 0.33984375 0.3109375 0.0203125 0.0453125
0 0.371875 0.30703125 0.0484375 0.03125
0 0.4671875 0.29140625 0.0359375 0.0328125
0 0.4765625 0.31796875 0.0421875 0.0265625
0 0.5140625 0.303125 0.0546875 0.0375
0 0.3953125 0.36328125 0.0390625 0.0453125
0 0.39375 0.3984375 0.053125 0.0359375
0 0.334375 0.40234375 0.0453125 0.053125
0 0.3265625 0.4375 0.025 0.0203125
0 0.29765625 0.4546875 0.0328125 0.0421875
0 0.2421875 0.43515625 0.0296875 0.028125
0 0.25703125 0.46328125 0.034375 0.025
0 0.22734375 0.48671875 0.0390625 0.0421875
0 0.26328125 0.496875 0.0296875 0.04375
0 0.3359375 0.49765625 0.0328125 0.0484375
0 0.42265625 0.43203125 0.021875 0.0484375
0 0.46015625 0.42421875 0.0453125 0.0234375
0 0.48984375 0.446875 0.0265625 0.040625
0 0.5125 0.4046875 0.0328125 0.0265625
0 0.5765625 0.40859375 0.0296875 0.0515625
0 0.534375 0.45625 0.0359375 0.05625
0 0.57890625 0.48359375 0.0390625 0.0421875
0 0.52421875 0.5296875 0.0375 0.0453125
0 0.45 0.50859375 0.0484375 0.0328125
0 0.4640625 0.5421875 0.046875 0.0484375
0 0.57734375 0.5296875 0.065625 0.0375
0 0.646875 0.4796875 0.034375 0.05
0 0.68984375 0.4515625 0.0390625 0.0515625
0 0.75703125 0.42890625 0.034375 0.0515625
0 0.78359375 0.4875 0.065625 0.0328125
0 0.7859375 0.52734375 0.0453125 0.05
0 0.7234375 0.5078125 0.0234375 0.0234375
0 0.71328125 0.521875 0.0609375 0.0203125
0 0.65234375 0.5953125 0.028125 0.0421875
0 0.69921875 0.6109375 0.046875 0.0515625
0 0.5890625 0.57890625 0.04375 0.0515625
0 0.53984375 0.58046875 0.0453125 0.0515625
0 0.5046875 0.60625 0.040625 0.05
0 0.36875 0.53359375 0.0296875 0.0203125
0 0.35859375 0.56171875 0.0265625 0.046875
0 0.3203125 0.5546875 0.040625 0.05
0 0.2734375 0.58359375 0.040625 0.059375
0 0.215625 0.5390625 0.0296875 0.0546875
0 0.2234375 0.62734375 0.0375 0.0625
0 0.18046875 0.62578125 0.025 0.021875
0 0.18671875 0.6578125 0.0296875 0.04375
0 0.2984375 0.63046875 0.03125 0.0265625
0 0.325 0.6625 0.0390625 0.046875
0 0.346875 0.59921875 0.0578125 0.0296875
0 0.3921875 0.6125 0.040625 0.0359375
0 0.2046875 0.6984375 0.0546875 0.03125
0 0.28125 0.71875 0.059375 0.046875
0 0.2359375 0.74609375 0.0234375 0.0234375
0 0.28203125 0.83984375 0.059375 0.040625
0 0.54140625 0.75859375 0.06875 0.0484375
0 0.528125 0.6453125 0.0640625 0.0359375
0 0.5765625 0.6609375 0.05 0.053125
0 0.65390625 0.725 0.0359375 0.0546875
0 0.7046875 0.69765625 0.0390625 0.0578125
0 0.7453125 0.6515625 0.0453125 0.05
0 0.7875 0.759375 0.0546875 0.053125
0 0.7390625 0.82734375 0.0765625 0.0453125
0 0.71015625 0.86640625 0.065625 0.0546875
0 0.63984375 0.81484375 0.0625 0.0515625
0 0.60390625 0.86171875 0.0546875 0.05
0 0.23125 0.7234375 0.015625 0.0203125
0 0.4921875 0.3875 0.021875 0.04375
0 0.440625 0.44453125 0.0296875 0.0390625