0 0.66875 0.090625 0.04375 0.0234375
0 0.60859375 0.09296875 0.0703125 0.0203125
0 0.8078125 0.11953125 0.078125 0.0359375
0 0.7109375 0.146875 0.0703125 0.021875
0 0.4109375 0.10390625 0.0578125 0.0515625
0 0.72421875 0.18125 0.0515625 0.0453125
0 0.7921875 0.19921875 0.034375 0.0625
0 0.725 0.225 0.0390625 0.028125
0 0.6796875 0.234375 0.0375 0.03125
0 0.63515625 0.21015625 0.0359375 0.046875
0 0.57578125 0.20703125 0.053125 0.0234375
0 0.5265625 0.22734375 0.0390625 0.0515625
0 0.559375 0.25859375 0.025 0.0234375
0 0.53359375 0.26796875 0.028125 0.021875
0 0.34453125 0.12265625 0.034375 0.053125
0 0.275 0.1046875 0.06875 0.0328125
0 0.103125 0.090625 0.0328125 0.046875
0 0.13203125 0.11875 0.0359375 0.0421875
0 0.18046875 0.13203125 0.028125 0.0140625
0 0.09765625 0.17421875 0.0359375 0.04375
0 0.1265625 0.20390625 0.06875 0.025
0 0.19296875 0.1875 0.0640625 0.0234375
0 0.23125 0.1765625 0.0203125 0.0453125
0 0.3 0.19609375 0.034375 0.0578125
0 0.359375 0.215625 0.0296875 0.0515625
0 0.11640625 0.2453125 0.0296875 0.0421875
0 0.11640625 0.28515625 0.03125 0.0328125
0 0.14765625 0.275 0.021875 0.0234375
0 0.21875 0.28125 0.053125 0.04375
0 0.2203125 0.31953125 0.0609375 0.0328125
0 0.33671875 0.2859375 0.0734375 0.0171875
0 0.309375 0.3046875 0.0484375 0.0265625
0 0.35703125 0.3171875 0.046875 0.0296875
0 0.40234375 0.3078125 0.0484375 0.05
0 0.4921875 0.31875 0.0609375 0.0484375
0 0.46875 0.35859375 0.0703125 0.040625
0 0.39140625 0.36328125 0.0640625 0.0296875
0 0.68046875 0.35625 0.0421875 0.0578125
0 0.59765625 0.4015625 0.0203125 0.0515625
0 0.58125 0.3828125 0.015625 0.01875
0 0.4875 0.4015625 0.034375 0.0515625
0 0.32578125 0.3859375 0.075 0.03125
0 0.2484375 0.38828125 0.0515625 0.0453125
0 0.178125 0.35390625 0.053125 0.04375
0 0.12578125 0.346875 0.0296875 0.0578125
0 0.3453125 0.4328125 0.046875 0.0515625
0 0.228125 0.45234375 0.04375 0.0625
0 0.17578125 0.465625 0.0359375 0.040625
0 0.19453125 0.496875 0.040625 0.03125
0 0.32890625 0.48984375 0.0703125 0.03125
0 0.33828125 0.5265625 0.0484375 0.0515625
0 0.39296875 0.54296875 0.0328125 0.0421875
0 0.48828125 0.4796875 0.0421875 0.0609375
0 0.58515625 0.5140625 0.065625 0.04375
0 0.75546875 0.49609375 0.04375 0.0640625
0 0.8 0.5734375 0.0390625 0.0640625
0 0.6671875 0.58984375 0.0453125 0.05
0 0.57734375 0.5765625 0.0609375 0.059375
0 0.5046875 0.578125 0.04375 0.0578125
0 0.4296875 0.56328125 0.05625 0.0265625
0 0.58671875 0.61875 0.0765625 0.028125
0 0.3640625 0.61484375 0.0296875 0.040625
0 0.33828125 0.5734375 0.034375 0.0453125
0 0.32109375 0.621875 0.046875 0.053125
0 0.2359375 0.57109375 0.0484375 0.028125
0 0.209375 0.55546875 0.03125 0.0234375
0 0.16796875 0.6015625 0.0640625 0.0359375
0 0.13828125 0.64921875 0.028125 0.05
0 0.1875 0.63984375 0.0328125 0.0390625
0 0.1703125 0.68125 0.034375 0.05
0 0.21796875 0.62890625 0.025 0.0515625
0 0.2390625 0.66484375 0.034375 0.053125
0 0.3484375 0.6546875 0.0734375 0.0234375
0 0.3875 0.6921875 0.0375 0.0515625
0 0.246875 0.7296875 0.0640625 0.05
0 0.4671875 0.71953125 0.053125 0.05625
0 0.54765625 0.73515625 0.053125 0.0359375
0 0.53515625 0.76328125 0.071875 0.0296875
0 0.59609375 0.72890625 0.0578125 0.0625
0 0.684375 0.690625 0.06875 0.034375
0 0.64140625 0.7796875 0.0421875 0.05
0 0.7 0.7578125 0.0453125 0.0625
0 0.77109375 0.840625 0.05625 0.034375
0 0.671875 0.8734375 0.071875 0.040625
0 0.48203125 0.81796875 0.05625 0.04375
0 0.45546875 0.86953125 0.0703125 0.0453125
0 0.38359375 0.9234375 0.084375 0.03125
0 0.3875 0.80625 0.0328125 0.025
0 0.34453125 0.80625 0.0375 0.01875
0 0.27734375 0.80078125 0.0734375 0.0328125
0 0.24296875 0.8328125 0.0765625 0.034375
0 0.1890625 0.81640625 0.040625 0.0640625
0 0.1515625 0.85703125 0.0328125 0.0484375
0 0.121875 0.83984375 0.028125 0.0578125
0 0.1578125 0.896875 0.0515625 0.0375
0 0.2390625 0.8734375 0.025 0.025
0 0.228125 0.90859375 0.028125 0.0421875
0 0.28359375 0.8828125 0.0703125 0.046875
0 0.79140625 0.27734375 0.0359375 0.059375
0 0.178125 0.11953125 0.01875 0.0140625