0 0.2859375 0.796875 0.05 0.0390625
0 0.6296875 0.72890625 0.0578125 0.03359375
0 0.4171875 0.30546875 0.04765625 0.03359375
0 0.54921875 0.84765625 0.06328125 0.053125
0 0.73359375 0.57109375 0.05 0.02421875
0 0.3296875 0.48515625 0.04140625 0.0234375
0 0.82578125 0.79453125 0.04375 0.04921875
0 0.51015625 0.51640625 0.05 0.02421875
0 0.55078125 0.38671875 0.03046875 0.03671875
0 0.23203125 0.45546875 0.03671875 0.040625
0 0.32734375 0.72421875 0.03203125 0.04765625
0 0.73515625 0.6125 0.028125 0.0390625
0 0.5859375 0.325 0.046875 0.04140625
0 0.79140625 0.38046875 0.03125 0.03828125
0 0.5015625 0.59921875 0.05 0.02890625
0 0.58359375 0.6953125 0.046875 0.03515625
0 0.25703125 0.6328125 0.05390625 0.03203125
0 0.34375 0.57109375 0.0453125 0.03046875
0 0.42109375 0.61640625 0.0453125 0.0296875
0 0.66953125 0.59921875 0.02421875 0.0546875
0 0.46484375 0.21328125 0.03359375 0.03203125
0 0.3203125 0.23046875 0.0546875 0.0140625
0 0.8140625 0.27421875 0.03828125 0.0359375
0 0.4203125 0.4109375 0.05234375 0.02890625
0 0.66484375 0.440625 0.01953125 0.03984375
0 0.74296875 0.7546875 0.0296875 0.046875
0 0.7390625 0.521875 0.04140625 0.034375
0 0.39453125 0.24765625 0.046875 0.0328125
0 0.54296875 0.7359375 0.02578125 0.05234375
0 0.55625 0.26875 0.0609375 0.0265625
0 0.5 0.39375 0.03046875 0.034375
0 0.71328125 0.8390625 0.0546875 0.021875
0 0.35625 0.4203125 0.0578125 0.0203125
0 0.64453125 0.5640625 0.0328125 0.0296875
0 0.7671875 0.46875 0.028125 0.05
0 0.32265625 0.86328125 0.06484375 0.0328125
0 0.55390625 0.42265625 0.0359375 0.03203125
0 0.22578125 0.196875 0.02421875 0.0359375
0 0.73515625 0.91796875 0.06640625 0.021875
0 0.6765625 0.31953125 0.0265625 0.04453125
0 0.4046875 0.34296875 0.04609375 0.01875
0 0.81953125 0.3765625 0.03046875 0.0421875
0 0.4078125 0.675 0.03515625 0.04609375
0 0.55703125 0.6328125 0.04453125 0.03203125
0 0.60390625 0.1625 0.02734375 0.03515625
0 0.2078125 0.3890625 0.01640625 0.034375
0 0.72109375 0.16953125 0.07265625 0.01640625
0 0.3 0.43203125 0.02890625 0.0453125
0 0.20859375 0.2953125 0.028125 0.05
0 0.1671875 0.33359375 0.021875 0.04765625
0 0.46484375 0.44765625 0.021875 0.0578125
0 0.225 0.7125 0.05078125 0.0328125
0 0.33828125 0.61015625 0.0625 0.01640625
0 0.55703125 0.47109375 0.040625 0.04375
0 0.8203125 0.56953125 0.046875 0.01875
0 0.6078125 0.61171875 0.05859375 0.015625
0 0.29375 0.19609375 0.06953125 0.025
0 0.42578125 0.20859375 0.0296875 0.04140625
0 0.77421875 0.71640625 0.0453125 0.04140625
0 0.3328125 0.17421875 0.0765625 0.015625
0 0.57890625 0.446875 0.03359375 0.01796875
0 0.32109375 0.44453125 0.01640625 0.04375
0 0.51484375 0.2296875 0.0578125 0.0140625
0 0.471875 0.175 0.0625 0.02109375
0 0.2140625 0.35625 0.028125 0.02890625
0 0.30546875 0.35078125 0.0625 0.03359375
0 0.32734375 0.278125 0.03828125 0.0296875
0 0.634375 0.49765625 0.025 0.03515625
0 0.8234375 0.89375 0.0609375 0.01875
0 0.65859375 0.24296875 0.0546875 0.02421875
0 0.540625 0.55234375 0.03203125 0.03515625
0 0.3984375 0.3734375 0.05546875 0.03203125
0 0.5578125 0.14921875 0.0640625 0.0296875
0 0.68671875 0.503125 0.03671875 0.04140625
0 0.14375 0.32265625 0.0265625 0.05
0 0.1984375 0.2265625 0.08203125 0.0234375
0 0.5046875 0.48828125 0.05625 0.01640625
0 0.75625 0.2609375 0.021875 0.046875
0 0.19140625 0.184375 0.03828125 0.03828125
0 0.8296875 0.71640625 0.0640625 0.0171875
0 0.7578125 0.31875 0.0484375 0.01875
0 0.49609375 0.31328125 0.0171875 0.04375
0 0.75390625 0.86171875 0.06171875 0.01875
0 0.2953125 0.5640625 0.05234375 0.03828125
0 0.74140625 0.41953125 0.02109375 0.0515625
0 0.4984375 0.77109375 0.04140625 0.0453125
0 0.6828125 0.27734375 0.06328125 0.02109375
0 0.18359375 0.253125 0.08125 0.021875
0 0.26328125 0.2484375 0.065625 0.02421875
0 0.3359375 0.24921875 0.0328125 0.025
0 0.37578125 0.29375 0.03359375 0.05
0 0.621875 0.28828125 0.03125 0.04375
0 0.7109375 0.3109375 0.0453125 0.034375
0 0.1859375 0.378125 0.02578125 0.0171875
0 0.8125 0.42421875 0.0359375 0.0359375
0 0.62109375 0.46171875 0.01875 0.0328125
0 0.78828125 0.6296875 0.028125 0.0546875
0 0.49765625 0.80859375 0.0609375 0.02578125