0 0.77109375 0.4875 0.0453125 0.0390625
0 0.73515625 0.5265625 0.0328125 0.0375
0 0.54453125 0.4734375 0.05 0.03125
0 0.47265625 0.6984375 0.0390625 0.0375
0 0.57109375 0.38984375 0.0359375 0.04375
0 0.721875 0.42109375 0.034375 0.034375
0 0.4828125 0.49296875 0.034375 0.046875
0 0.3953125 0.51796875 0.03125 0.040625
0 0.78046875 0.83359375 0.04375 0.0390625
0 0.3671875 0.725 0.04375 0.046875
0 0.496875 0.6140625 0.040625 0.04375
0 0.27734375 0.2296875 0.046875 0.0421875
0 0.83671875 0.68828125 0.028125 0.01875
0 0.5828125 0.72421875 0.040625 0.0359375
0 0.778125 0.54921875 0.04375 0.0265625
0 0.6890625 0.28515625 0.0375 0.040625
0 0.46484375 0.55546875 0.021875 0.0296875
0 0.55703125 0.55 0.0296875 0.0390625
0 0.7125 0.328125 0.0453125 0.0390625
0 0.6890625 0.684375 0.04375 0.0296875
0 0.58125 0.2546875 0.0546875 0.0265625
0 0.15859375 0.9265625 0.0375 0.0390625
0 0.6046875 0.2875 0.04375 0.0296875
0 0.76875 0.87890625 0.0546875 0.025
0 0.4984375 0.91953125 0.034375 0.034375
0 0.1390625 0.31328125 0.046875 0.053125
0 0.69765625 0.709375 0.0515625 0.0234375
0 0.50546875 0.6765625 0.05 0.0265625
0 0.33828125 0.66484375 0.05 0.0328125
0 0.09375 0.1546875 0.040625 0.0515625
0 0.58203125 0.4875 0.0265625 0.04375
0 0.56640625 0.33671875 0.0421875 0.046875
0 0.23515625 0.69140625 0.0546875 0.0375
0 0.2609375 0.7984375 0.04375 0.0328125
0 0.853125 0.81640625 0.0484375 0.0421875
0 0.66484375 0.7546875 0.0546875 0.0296875
0 0.46171875 0.74140625 0.06875 0.0234375
0 0.15 0.1109375 0.053125 0.0234375
0 0.3765625 0.27578125 0.0515625 0.028125
0 0.63515625 0.43125 0.0171875 0.0421875
0 0.45625 0.41171875 0.065625 0.0265625
0 0.3859375 0.8328125 0.0390625 0.0421875
0 0.18515625 0.3296875 0.0453125 0.0421875
0 0.19140625 0.77265625 0.0359375 0.0375
0 0.73984375 0.75859375 0.0515625 0.0203125
0 0.63984375 0.70234375 0.025 0.0453125
0 0.659375 0.4890625 0.0421875 0.0390625
0 0.43984375 0.63984375 0.028125 0.04375
0 0.23046875 0.61796875 0.05625 0.03125
0 0.2265625 0.82109375 0.0265625 0.0359375
0 0.25390625 0.82734375 0.0421875 0.040625
0 0.69375 0.89375 0.03125 0.040625
0 0.2265625 0.4375 0.0484375 0.0421875
0 0.40078125 0.22265625 0.0546875 0.040625
0 0.3734375 0.56171875 0.03125 0.040625
0 0.6671875 0.58984375 0.0546875 0.021875
0 0.11171875 0.2109375 0.0546875 0.04375
0 0.1828125 0.60703125 0.04375 0.0453125
0 0.1359375 0.56171875 0.065625 0.021875
0 0.15703125 0.1765625 0.0578125 0.025
0 0.8265625 0.86875 0.03125 0.0296875
0 0.65234375 0.57265625 0.0546875 0.03125
0 0.48125 0.89296875 0.05 0.0375
0 0.43046875 0.5125 0.0328125 0.0390625
0 0.5859375 0.871875 0.05 0.0328125
0 0.34296875 0.6078125 0.065625 0.0265625
0 0.45078125 0.609375 0.0453125 0.0234375
0 0.18359375 0.265625 0.021875 0.04375
0 0.8125 0.54375 0.025 0.04375
0 0.18203125 0.63359375 0.0484375 0.0234375
0 0.30234375 0.703125 0.040625 0.0578125
0 0.459375 0.9296875 0.0609375 0.028125
0 0.06640625 0.11796875 0.0359375 0.04375
0 0.46953125 0.33359375 0.028125 0.0515625
0 0.3125 0.58828125 0.0484375 0.01875
0 0.71875 0.79609375 0.0296875 0.046875
0 0.73359375 0.23359375 0.0609375 0.0234375
0 0.359375 0.45 0.0453125 0.034375
0 0.86171875 0.8671875 0.0484375 0.05625
0 0.35234375 0.37734375 0.0359375 0.0546875
0 0.68359375 0.4234375 0.025 0.03125
0 0.409375 0.11328125 0.065625 0.0234375
0 0.34140625 0.15078125 0.065625 0.0265625
0 0.75078125 0.7 0.0546875 0.021875
0 0.77265625 0.346875 0.0296875 0.0546875
0 0.16640625 0.87421875 0.034375 0.0515625
0 0.59921875 0.42265625 0.0546875 0.01875
0 0.4875 0.76015625 0.071875 0.0234375
0 0.57890625 0.61953125 0.059375 0.0328125
0 0.15859375 0.79609375 0.028125 0.04375
0 0.81015625 0.8890625 0.0359375 0.025
0 0.52734375 0.8546875 0.05 0.0234375
0 0.17109375 0.9765625 0.0328125 0.046875
0 0.73203125 0.81796875 0.015625 0.0234375
0 0.5515625 0.72109375 0.0234375 0.05
0 0.67578125 0.6 0.0578125 0.0234375
0 0.63125 0.3984375 0.0359375 0.025
0 0.66015625 0.4328125 0.0390625 0.0171875