0 0.771875 0.07421875 0.0703125 0.03125
0 0.709375 0.10078125 0.0703125 0.0265625
0 0.6375 0.0828125 0.0375 0.0171875
0 0.6546875 0.0953125 0.021875 0.015625
0 0.57890625 0.11171875 0.0625 0.025
0 0.4984375 0.1 0.0671875 0.0265625
0 0.5171875 0.125 0.040625 0.0359375
0 0.43984375 0.14765625 0.0375 0.0578125
0 0.2984375 0.0984375 0.0734375 0.0390625
0 0.56796875 0.16640625 0.04375 0.04375
0 0.52265625 0.165625 0.03125 0.040625
0 0.77421875 0.16953125 0.0421875 0.05
0 0.70625 0.209375 0.0796875 0.0265625
0 0.6625 0.19453125 0.021875 0.0234375
0 0.6390625 0.19140625 0.021875 0.021875
0 0.62578125 0.2140625 0.0234375 0.040625
0 0.43828125 0.209375 0.0515625 0.04375
0 0.37734375 0.2 0.06875 0.0390625
0 0.25 0.190625 0.059375 0.0359375
0 0.16796875 0.2296875 0.034375 0.059375
0 0.2625 0.2328125 0.0421875 0.025
0 0.25625 0.26953125 0.0296875 0.053125
0 0.35859375 0.24609375 0.034375 0.0203125
0 0.43359375 0.24609375 0.025 0.021875
0 0.51171875 0.24375 0.065625 0.0375
0 0.51875 0.284375 0.078125 0.03125
0 0.4875 0.328125 0.046875 0.05
0 0.58515625 0.33046875 0.06875 0.0390625
0 0.6375 0.31015625 0.0390625 0.0515625
0 0.67578125 0.2890625 0.0375 0.0515625
0 0.325 0.32421875 0.034375 0.0546875
0 0.36953125 0.35078125 0.05625 0.0515625
0 0.13046875 0.28046875 0.078125 0.0296875
0 0.10546875 0.334375 0.0765625 0.025
0 0.09140625 0.36484375 0.0640625 0.040625
0 0.1546875 0.37734375 0.0390625 0.0609375
0 0.18359375 0.35390625 0.028125 0.025
0 0.2171875 0.4078125 0.0453125 0.05
0 0.32109375 0.4203125 0.040625 0.0515625
0 0.41484375 0.4140625 0.0328125 0.05
0 0.1140625 0.4734375 0.0484375 0.05
0 0.45 0.38046875 0.0359375 0.0453125
0 0.47421875 0.41015625 0.0609375 0.025
0 0.51953125 0.4078125 0.0390625 0.0484375
0 0.634375 0.41328125 0.0421875 0.0484375
0 0.68515625 0.40390625 0.0578125 0.0265625
0 0.74375 0.4015625 0.0359375 0.05
0 0.72109375 0.43671875 0.0359375 0.03125
0 0.67578125 0.47890625 0.0484375 0.0453125
0 0.75234375 0.5203125 0.04375 0.0640625
0 0.509375 0.484375 0.0390625 0.0453125
0 0.37109375 0.47109375 0.028125 0.0328125
0 0.3546875 0.503125 0.021875 0.0296875
0 0.30078125 0.52890625 0.0359375 0.0421875
0 0.24140625 0.51640625 0.0375 0.0265625
0 0.18671875 0.5 0.0453125 0.0421875
0 0.14140625 0.53203125 0.0328125 0.0484375
0 0.16953125 0.56953125 0.0234375 0.0515625
0 0.14296875 0.57890625 0.034375 0.0453125
0 0.2203125 0.57890625 0.03125 0.05625
0 0.27109375 0.6078125 0.0484375 0.05
0 0.20078125 0.540625 0.04375 0.03125
0 0.325 0.56015625 0.06875 0.025
0 0.45234375 0.5671875 0.0390625 0.0515625
0 0.459375 0.6453125 0.075 0.0328125
0 0.34609375 0.6609375 0.0609375 0.0375
0 0.15625 0.64296875 0.04375 0.0609375
0 0.14140625 0.7078125 0.071875 0.0375
0 0.671875 0.5859375 0.0375 0.05
0 0.734375 0.64453125 0.0375 0.0609375
0 0.62421875 0.6046875 0.0375 0.021875
0 0.58984375 0.63046875 0.0515625 0.03125
0 0.55703125 0.70625 0.0671875 0.0328125
0 0.40859375 0.69765625 0.0578125 0.046875
0 0.3078125 0.73515625 0.0328125 0.053125
0 0.290625 0.79375 0.0421875 0.065625
0 0.35 0.771875 0.0453125 0.05
0 0.24453125 0.81796875 0.0390625 0.05
0 0.17578125 0.77578125 0.028125 0.0515625
0 0.14765625 0.79609375 0.03125 0.059375
0 0.1859375 0.82421875 0.046875 0.05
0 0.28671875 0.84453125 0.0515625 0.0390625
0 0.425 0.81640625 0.0359375 0.05625
0 0.3859375 0.85625 0.0515625 0.0515625
0 0.5 0.77109375 0.0484375 0.0359375
0 0.546875 0.77265625 0.046875 0.0234375
0 0.55625 0.82578125 0.0515625 0.0390625
0 0.50625 0.84765625 0.05625 0.034375
0 0.746875 0.72109375 0.04375 0.0546875
0 0.78671875 0.715625 0.025 0.05625
0 0.7859375 0.67578125 0.0296875 0.03125
0 0.8453125 0.71484375 0.046875 0.053125
0 0.73828125 0.78828125 0.025 0.0328125
0 0.70625 0.7921875 0.0375 0.0296875
0 0.840625 0.85859375 0.0671875 0.0375
0 0.52578125 0.90546875 0.0578125 0.021875
0 0.5140625 0.93203125 0.0359375 0.028125
0 0.18671875 0.8828125 0.04375 0.046875