0 0.6546875 0.73046875 0.0484375 0.028125
0 0.1953125 0.2796875 0.05 0.0484375
0 0.2828125 0.68671875 0.0375 0.05
0 0.7546875 0.65078125 0.0484375 0.0328125
0 0.78203125 0.68125 0.0484375 0.03125
0 0.3609375 0.80234375 0.028125 0.0390625
0 0.29140625 0.73671875 0.0359375 0.03125
0 0.58515625 0.67890625 0.040625 0.04375
0 0.846875 0.7234375 0.0484375 0.0359375
0 0.79296875 0.62578125 0.0484375 0.0234375
0 0.6640625 0.63671875 0.0578125 0.040625
0 0.628125 0.7625 0.0359375 0.0265625
0 0.2015625 0.5828125 0.04375 0.0390625
0 0.3890625 0.43203125 0.0265625 0.040625
0 0.33203125 0.56171875 0.0265625 0.05
0 0.18203125 0.6359375 0.028125 0.04375
0 0.37734375 0.74609375 0.04375 0.0390625
0 0.5875 0.86171875 0.0578125 0.0328125
0 0.41640625 0.790625 0.0546875 0.034375
0 0.378125 0.30546875 0.0484375 0.040625
0 0.178125 0.8 0.028125 0.05625
0 0.49921875 0.41328125 0.0453125 0.0359375
0 0.5546875 0.45546875 0.0328125 0.0234375
0 0.4171875 0.2640625 0.0453125 0.028125
0 0.73125 0.56875 0.028125 0.0390625
0 0.45078125 0.42890625 0.03125 0.0390625
0 0.26875 0.31484375 0.0515625 0.034375
0 0.825 0.821875 0.06875 0.01875
0 0.353125 0.49140625 0.025 0.0421875
0 0.34296875 0.6609375 0.0328125 0.0421875
0 0.64453125 0.78671875 0.053125 0.0265625
0 0.603125 0.57265625 0.040625 0.0421875
0 0.14375 0.365625 0.03125 0.028125
0 0.60390625 0.35625 0.0296875 0.046875
0 0.3453125 0.6203125 0.05 0.028125
0 0.4828125 0.53046875 0.04375 0.0328125
0 0.21484375 0.32734375 0.046875 0.04375
0 0.4234375 0.3828125 0.01875 0.034375
0 0.55390625 0.39140625 0.0265625 0.05
0 0.7453125 0.26640625 0.0546875 0.040625
0 0.5984375 0.52265625 0.0296875 0.0484375
0 0.4796875 0.80546875 0.034375 0.0359375
0 0.65859375 0.4640625 0.028125 0.040625
0 0.2046875 0.74609375 0.0234375 0.0453125
0 0.30078125 0.5015625 0.0265625 0.046875
0 0.45078125 0.709375 0.0375 0.0296875
0 0.34921875 0.5265625 0.0359375 0.025
0 0.14609375 0.5515625 0.0234375 0.0453125
0 0.52578125 0.81015625 0.0375 0.028125
0 0.59765625 0.72421875 0.021875 0.0390625
0 0.4890625 0.86640625 0.0578125 0.0203125
0 0.45234375 0.4703125 0.0328125 0.04375
0 0.18671875 0.40703125 0.05 0.0234375
0 0.790625 0.73671875 0.0296875 0.0390625
0 0.7890625 0.75859375 0.0421875 0.021875
0 0.75625 0.48359375 0.0265625 0.0453125
0 0.84921875 0.78671875 0.06875 0.0171875
0 0.55234375 0.65859375 0.021875 0.0359375
0 0.1953125 0.5171875 0.0296875 0.046875
0 0.54296875 0.7109375 0.0234375 0.0359375
0 0.475 0.3453125 0.05 0.034375
0 0.64375 0.52265625 0.05 0.025
0 0.31796875 0.23046875 0.028125 0.0515625
0 0.32734375 0.74609375 0.03125 0.0359375
0 0.64609375 0.4125 0.0546875 0.01875
0 0.70703125 0.7515625 0.021875 0.05625
0 0.70546875 0.50390625 0.0609375 0.021875
0 0.25703125 0.44375 0.028125 0.05625
0 0.58984375 0.43125 0.0265625 0.0453125
0 0.534375 0.51171875 0.01875 0.0453125
0 0.15859375 0.43046875 0.025 0.0359375
0 0.12890625 0.43046875 0.025 0.04375
0 0.66953125 0.2609375 0.05 0.025
0 0.278125 0.2796875 0.04375 0.034375
0 0.1578125 0.4734375 0.0328125 0.0421875
0 0.33984375 0.26796875 0.0296875 0.040625
0 0.34140625 0.43046875 0.0296875 0.0515625
0 0.3640625 0.3796875 0.04375 0.0125
0 0.734375 0.74296875 0.025 0.0546875
0 0.4390625 0.653125 0.025 0.04375
0 0.84140625 0.446875 0.0265625 0.040625
0 0.225 0.45 0.03125 0.046875
0 0.4390625 0.84140625 0.0578125 0.021875
0 0.25859375 0.7921875 0.025 0.028125
0 0.22890625 0.821875 0.046875 0.0296875
0 0.8140625 0.7703125 0.0578125 0.0140625
0 0.66484375 0.68515625 0.034375 0.0421875
0 0.534375 0.61171875 0.021875 0.04375
0 0.47421875 0.62578125 0.0546875 0.0296875
0 0.2515625 0.68203125 0.028125 0.0484375
0 0.49375 0.4796875 0.0578125 0.0234375
0 0.653125 0.4359375 0.028125 0.025
0 0.53203125 0.3734375 0.0265625 0.0546875
0 0.4078125 0.3578125 0.0234375 0.0421875
0 0.33984375 0.3625 0.0296875 0.0359375
0 0.13515625 0.390625 0.025 0.0296875
0 0.51484375 0.21640625 0.028125 0.0546875