0 0.65859375 0.240625 0.0375 0.0375
0 0.7546875 0.1578125 0.025 0.0390625
0 0.4546875 0.47890625 0.025 0.0390625
0 0.51015625 0.5125 0.0359375 0.03125
0 0.40546875 0.41015625 0.0421875 0.0296875
0 0.27734375 0.31484375 0.053125 0.0296875
0 0.38828125 0.12109375 0.053125 0.040625
0 0.3546875 0.14765625 0.034375 0.0375
0 0.528125 0.2890625 0.05 0.0328125
0 0.590625 0.26875 0.046875 0.0265625
0 0.290625 0.27109375 0.046875 0.0359375
0 0.4390625 0.9265625 0.04375 0.0484375
0 0.76484375 0.5296875 0.028125 0.0453125
0 0.8109375 0.3265625 0.0234375 0.0421875
0 0.3765625 0.6234375 0.0453125 0.0390625
0 0.378125 0.29375 0.046875 0.025
0 0.57578125 0.60859375 0.0359375 0.0359375
0 0.74375 0.340625 0.0265625 0.046875
0 0.55078125 0.55703125 0.0484375 0.0234375
0 0.80625 0.37421875 0.0234375 0.040625
0 0.7140625 0.3375 0.025 0.053125
0 0.1640625 0.5171875 0.0453125 0.0265625
0 0.15703125 0.446875 0.0375 0.0234375
0 0.2125 0.63203125 0.05625 0.0375
0 0.27578125 0.775 0.0328125 0.0515625
0 0.51640625 0.4796875 0.05 0.0234375
0 0.60546875 0.5671875 0.0265625 0.0359375
0 0.6453125 0.39453125 0.021875 0.04375
0 0.28984375 0.571875 0.0234375 0.046875
0 0.73359375 0.48515625 0.0359375 0.0328125
0 0.5671875 0.48046875 0.0375 0.0359375
0 0.43125 0.19375 0.0265625 0.0375
0 0.675 0.5859375 0.0375 0.034375
0 0.35859375 0.70625 0.0453125 0.04375
0 0.36171875 0.821875 0.028125 0.040625
0 0.57109375 0.66796875 0.0234375 0.0375
0 0.8265625 0.57890625 0.034375 0.040625
0 0.83203125 0.4578125 0.0296875 0.0453125
0 0.29453125 0.63671875 0.046875 0.03125
0 0.309375 0.21875 0.0265625 0.0453125
0 0.69453125 0.609375 0.0390625 0.040625
0 0.37890625 0.34765625 0.0296875 0.040625
0 0.66015625 0.28828125 0.04375 0.0359375
0 0.4109375 0.5265625 0.040625 0.0421875
0 0.309375 0.409375 0.0234375 0.04375
0 0.45625 0.37109375 0.025 0.046875
0 0.24453125 0.1453125 0.0359375 0.0296875
0 0.2296875 0.12265625 0.0484375 0.0328125
0 0.41953125 0.58359375 0.0359375 0.0328125
0 0.1921875 0.140625 0.0359375 0.0234375
0 0.1984375 0.19765625 0.034375 0.040625
0 0.60703125 0.3484375 0.0296875 0.0328125
0 0.8640625 0.45546875 0.025 0.0359375
0 0.271875 0.82734375 0.04375 0.040625
0 0.52421875 0.7171875 0.0328125 0.0421875
0 0.13984375 0.5578125 0.040625 0.0359375
0 0.45625 0.17265625 0.0375 0.0328125
0 0.853125 0.359375 0.021875 0.0484375
0 0.15703125 0.3078125 0.021875 0.04375
0 0.5859375 0.52265625 0.0265625 0.05
0 0.46171875 0.58046875 0.025 0.0484375
0 0.30546875 0.678125 0.0328125 0.04375
0 0.69609375 0.69453125 0.025 0.0390625
0 0.44453125 0.25 0.015625 0.025
0 0.4625 0.2328125 0.021875 0.0296875
0 0.2421875 0.1875 0.0203125 0.053125
0 0.37421875 0.8859375 0.0546875 0.0203125
0 0.571875 0.44375 0.0296875 0.034375
0 0.384375 0.20234375 0.0515625 0.021875
0 0.6328125 0.315625 0.0359375 0.028125
0 0.1609375 0.3703125 0.053125 0.01875
0 0.83203125 0.82109375 0.028125 0.0390625
0 0.33984375 0.225 0.0578125 0.01875
0 0.83125 0.7265625 0.0234375 0.0390625
0 0.140625 0.49609375 0.0375 0.0203125
0 0.184375 0.39453125 0.0234375 0.046875
0 0.2953125 0.128125 0.0578125 0.015625
0 0.65078125 0.1375 0.028125 0.0484375
0 0.7203125 0.38671875 0.0421875 0.04375
0 0.45703125 0.68359375 0.0328125 0.0453125
0 0.28828125 0.4765625 0.0265625 0.040625
0 0.41953125 0.240625 0.028125 0.04375
0 0.515625 0.21875 0.0609375 0.025
0 0.22109375 0.3453125 0.03125 0.0296875
0 0.60078125 0.378125 0.0375 0.015625
0 0.16171875 0.77734375 0.028125 0.046875
0 0.490625 0.1234375 0.0625 0.0171875
0 0.46328125 0.19921875 0.0375 0.01875
0 0.37109375 0.18125 0.05625 0.0171875
0 0.675 0.34609375 0.05 0.021875
0 0.8390625 0.3109375 0.025 0.028125
0 0.74609375 0.446875 0.028125 0.034375
0 0.6296875 0.45859375 0.0296875 0.040625
0 0.58984375 0.47578125 0.028125 0.021875
0 0.596875 0.503125 0.015625 0.028125
0 0.70859375 0.5828125 0.025 0.0234375
0 0.1453125 0.478125 0.01875 0.01875
0 0.80234375 0.6453125 0.021875 0.0375