0 0.7921875 0.85 0.04375 0.0296875
0 0.34140625 0.2953125 0.025 0.0390625
0 0.36875 0.3484375 0.0265625 0.046875
0 0.47890625 0.54453125 0.0625 0.0421875
0 0.78984375 0.78203125 0.0453125 0.05625
0 0.18203125 0.8125 0.0546875 0.028125
0 0.24921875 0.34921875 0.040625 0.05625
0 0.63984375 0.53515625 0.0265625 0.0421875
0 0.4703125 0.4765625 0.0453125 0.0453125
0 0.30390625 0.4390625 0.0234375 0.040625
0 0.62109375 0.8421875 0.059375 0.025
0 0.56953125 0.71484375 0.0609375 0.028125
0 0.25546875 0.60078125 0.0546875 0.0390625
0 0.315625 0.7921875 0.0359375 0.0453125
0 0.83359375 0.8203125 0.059375 0.03125
0 0.48203125 0.68125 0.0421875 0.034375
0 0.6953125 0.43515625 0.0453125 0.0390625
0 0.5609375 0.76171875 0.0265625 0.03125
0 0.64921875 0.39765625 0.0359375 0.0390625
0 0.2453125 0.84140625 0.0609375 0.0234375
0 0.3671875 0.471875 0.0328125 0.0390625
0 0.61171875 0.15546875 0.034375 0.0421875
0 0.6546875 0.7875 0.0390625 0.04375
0 0.7734375 0.2890625 0.0328125 0.0390625
0 0.4734375 0.19765625 0.0484375 0.0328125
0 0.39453125 0.2609375 0.01875 0.028125
0 0.834375 0.88515625 0.0265625 0.03125
0 0.646875 0.6671875 0.03125 0.0453125
0 0.34375 0.74140625 0.0375 0.04375
0 0.64140625 0.75390625 0.046875 0.0359375
0 0.36640625 0.08203125 0.0453125 0.04375
0 0.53515625 0.25078125 0.034375 0.0484375
0 0.684375 0.740625 0.040625 0.0453125
0 0.7484375 0.56171875 0.040625 0.0390625
0 0.1859375 0.32890625 0.0453125 0.0359375
0 0.79609375 0.6109375 0.0296875 0.0375
0 0.36015625 0.51953125 0.03125 0.05
0 0.4328125 0.09765625 0.0546875 0.0296875
0 0.74296875 0.109375 0.0625 0.03125
0 0.4109375 0.34375 0.0546875 0.0328125
0 0.3328125 0.61875 0.03125 0.0453125
0 0.7078125 0.5265625 0.025 0.04375
0 0.71796875 0.8078125 0.028125 0.0359375
0 0.4953125 0.6203125 0.0515625 0.0359375
0 0.825 0.915625 0.03125 0.0359375
0 0.57421875 0.55859375 0.0609375 0.028125
0 0.4 0.57734375 0.0234375 0.0484375
0 0.734375 0.775 0.059375 0.0359375
0 0.73828125 0.378125 0.0484375 0.0328125
0 0.2453125 0.21796875 0.0375 0.0421875
0 0.73046875 0.27578125 0.0328125 0.0453125
0 0.7859375 0.3671875 0.03125 0.0390625
0 0.80078125 0.39453125 0.028125 0.046875
0 0.30078125 0.84453125 0.059375 0.0234375
0 0.2984375 0.39296875 0.04375 0.0375
0 0.38203125 0.29375 0.03125 0.046875
0 0.52578125 0.50390625 0.046875 0.040625
0 0.7625 0.50859375 0.0578125 0.021875
0 0.60078125 0.50234375 0.0296875 0.0484375
0 0.24453125 0.8125 0.0375 0.0234375
0 0.68359375 0.34375 0.021875 0.0390625
0 0.42578125 0.146875 0.0640625 0.028125
0 0.703125 0.6984375 0.0359375 0.04375
0 0.81171875 0.484375 0.034375 0.0421875
0 0.77109375 0.225 0.040625 0.0453125
0 0.415625 0.78515625 0.040625 0.0359375
0 0.72734375 0.8703125 0.0390625 0.034375
0 0.63515625 0.346875 0.034375 0.0453125
0 0.82421875 0.30078125 0.0328125 0.05625
0 0.4421875 0.59296875 0.040625 0.0359375
0 0.21875 0.13828125 0.0171875 0.0390625
0 0.19765625 0.20390625 0.05 0.0296875
0 0.21953125 0.11015625 0.0515625 0.025
0 0.64296875 0.6125 0.0234375 0.040625
0 0.68359375 0.49609375 0.0265625 0.0453125
0 0.67890625 0.83671875 0.06875 0.021875
0 0.6796875 0.88671875 0.05625 0.028125
0 0.7546875 0.85 0.0328125 0.0375
0 0.5890625 0.7609375 0.0359375 0.0359375
0 0.6265625 0.6796875 0.015625 0.0171875
0 0.5171875 0.684375 0.0359375 0.0484375
0 0.3625 0.7734375 0.059375 0.0265625
0 0.37578125 0.8046875 0.0546875 0.0265625
0 0.39453125 0.875 0.0640625 0.025
0 0.25234375 0.828125 0.0265625 0.0171875
0 0.796875 0.64375 0.0421875 0.0328125
0 0.7171875 0.56328125 0.0234375 0.034375
0 0.6390625 0.42421875 0.028125 0.01875
0 0.62265625 0.5671875 0.03125 0.0421875
0 0.396875 0.665625 0.0203125 0.01875
0 0.39140625 0.640625 0.021875 0.0375
0 0.2375 0.296875 0.0328125 0.0453125
0 0.259375 0.2546875 0.03125 0.0296875
0 0.2890625 0.21171875 0.0546875 0.0265625
0 0.4140625 0.27109375 0.0265625 0.0265625
0 0.4359375 0.06875 0.025 0.0328125
0 0.56328125 0.1375 0.065625 0.0234375
0 0.7671875 0.3890625 0.021875 0.0359375