0 0.37734375 0.84921875 0.05625 0.05
0 0.7328125 0.8296875 0.040625 0.05
0 0.63046875 0.81796875 0.0390625 0.040625
0 0.5328125 0.834375 0.0546875 0.0359375
0 0.53125 0.77734375 0.03125 0.04375
0 0.47109375 0.753125 0.0453125 0.021875
0 0.390625 0.75859375 0.0265625 0.0359375
0 0.27265625 0.8015625 0.0421875 0.0390625
0 0.2390625 0.796875 0.025 0.0453125
0 0.16328125 0.8046875 0.0359375 0.0390625
0 0.17734375 0.76875 0.0421875 0.034375
0 0.28671875 0.73984375 0.0421875 0.0421875
0 0.334375 0.71796875 0.04375 0.021875
0 0.2875 0.69609375 0.0265625 0.0421875
0 0.209375 0.70859375 0.034375 0.034375
0 0.209375 0.65703125 0.028125 0.040625
0 0.4 0.6421875 0.0234375 0.04375
0 0.35078125 0.66875 0.0609375 0.0171875
0 0.33359375 0.64609375 0.0234375 0.0359375
0 0.43125 0.6609375 0.0328125 0.034375
0 0.45546875 0.6953125 0.0234375 0.046875
0 0.56796875 0.71875 0.0296875 0.05
0 0.54296875 0.70546875 0.0234375 0.0453125
0 0.590625 0.73984375 0.0296875 0.0515625
0 0.63828125 0.75625 0.0296875 0.0421875
0 0.78359375 0.765625 0.0484375 0.0421875
0 0.753125 0.675 0.025 0.0453125
0 0.71484375 0.709375 0.025 0.0484375
0 0.65078125 0.684375 0.0265625 0.04375
0 0.6625 0.62265625 0.028125 0.05
0 0.5828125 0.5765625 0.0390625 0.040625
0 0.5109375 0.58359375 0.04375 0.0359375
0 0.4609375 0.58671875 0.046875 0.0375
0 0.39375 0.575 0.03125 0.04375
0 0.315625 0.5671875 0.0328125 0.04375
0 0.2640625 0.5671875 0.034375 0.04375
0 0.2078125 0.57265625 0.0359375 0.046875
0 0.71015625 0.57265625 0.0265625 0.0453125
0 0.69609375 0.5359375 0.0359375 0.0375
0 0.7609375 0.53984375 0.0453125 0.0296875
0 0.62890625 0.5421875 0.0453125 0.0265625
0 0.56875 0.51484375 0.053125 0.0328125
0 0.45390625 0.53359375 0.046875 0.034375
0 0.44296875 0.49296875 0.034375 0.0453125
0 0.33125 0.4640625 0.0265625 0.040625
0 0.29609375 0.5171875 0.025 0.046875
0 0.22109375 0.4703125 0.025 0.046875
0 0.24765625 0.4265625 0.021875 0.0390625
0 0.209375 0.42578125 0.028125 0.0359375
0 0.17265625 0.40546875 0.03125 0.04375
0 0.3 0.34765625 0.01875 0.05625
0 0.26796875 0.36015625 0.03125 0.0390625
0 0.26328125 0.39609375 0.021875 0.025
0 0.48046875 0.40390625 0.0265625 0.046875
0 0.4296875 0.43828125 0.0421875 0.03125
0 0.41484375 0.4171875 0.0375 0.025
0 0.40390625 0.3921875 0.0328125 0.03125
0 0.38515625 0.37265625 0.0234375 0.0375
0 0.328125 0.37109375 0.034375 0.0421875
0 0.54921875 0.41484375 0.0484375 0.0546875
0 0.55 0.45546875 0.025 0.03125
0 0.53359375 0.47890625 0.0515625 0.021875
0 0.65390625 0.4984375 0.053125 0.021875
0 0.6421875 0.4453125 0.0359375 0.0484375
0 0.2140625 0.34296875 0.0328125 0.034375
0 0.19453125 0.3640625 0.0375 0.0375
0 0.2640625 0.2515625 0.0484375 0.021875
0 0.21328125 0.2640625 0.0328125 0.0484375
0 0.178125 0.2765625 0.0265625 0.046875
0 0.29296875 0.29375 0.0515625 0.0359375
0 0.415625 0.25234375 0.034375 0.046875
0 0.38828125 0.28359375 0.01875 0.046875
0 0.3671875 0.30546875 0.0234375 0.05625
0 0.45 0.27578125 0.0265625 0.04375
0 0.446875 0.3390625 0.05 0.03125
0 0.53125 0.37421875 0.0375 0.028125
0 0.5171875 0.36015625 0.0328125 0.03125
0 0.5015625 0.3421875 0.0265625 0.05
0 0.64765625 0.3109375 0.0265625 0.0359375
0 0.6265625 0.3421875 0.03125 0.0375
0 0.5875 0.36875 0.0375 0.0421875
0 0.68984375 0.35390625 0.0234375 0.046875
0 0.80234375 0.36484375 0.04375 0.0453125
0 0.7328125 0.29453125 0.034375 0.0484375
0 0.596875 0.29765625 0.0453125 0.0359375
0 0.54765625 0.303125 0.05 0.0265625
0 0.67578125 0.25625 0.0484375 0.0390625
0 0.59296875 0.21328125 0.0390625 0.0484375
0 0.5359375 0.22109375 0.04375 0.05
0 0.459375 0.221875 0.0578125 0.0328125
0 0.325 0.2359375 0.0453125 0.059375
0 0.2734375 0.178125 0.0296875 0.0390625
0 0.24296875 0.19609375 0.0578125 0.0296875
0 0.23828125 0.2265625 0.04375 0.0359375
0 0.3375 0.14375 0.028125 0.0390625
0 0.390625 0.17109375 0.0484375 0.0390625
0 0.35078125 0.16328125 0.03125 0.03125
0 0.44921875 0.15859375 0.0390625 0.0421875
0 0.48125 0.184375 0.059375 0.0234375
0 0.77890625 0.2015625 0.0609375 0.040625