0 0.6078125 0.58125 0.03828125 0.046875
0 0.6015625 0.8625 0.0578125 0.03359375
0 0.61171875 0.45859375 0.02734375 0.0375
0 0.28984375 0.2015625 0.04140625 0.02109375
0 0.63671875 0.17109375 0.03828125 0.03359375
0 0.38125 0.2875 0.03984375 0.0328125
0 0.703125 0.67734375 0.03984375 0.0375
0 0.56484375 0.3234375 0.04453125 0.05390625
0 0.76953125 0.63046875 0.03359375 0.03828125
0 0.52265625 0.58203125 0.05859375 0.02734375
0 0.29140625 0.45390625 0.0234375 0.03828125
0 0.7890625 0.58203125 0.0359375 0.03984375
0 0.3546875 0.16328125 0.04921875 0.0265625
0 0.69296875 0.56953125 0.040625 0.0328125
0 0.7703125 0.7953125 0.02734375 0.05546875
0 0.7984375 0.32421875 0.0203125 0.0453125
0 0.6515625 0.36171875 0.0609375 0.0171875
0 0.471875 0.79453125 0.0375 0.04140625
0 0.6703125 0.70078125 0.03671875 0.02890625
0 0.64296875 0.69765625 0.0234375 0.03828125
0 0.2984375 0.15859375 0.02578125 0.05234375
0 0.4609375 0.38125 0.04453125 0.025
0 0.3265625 0.46484375 0.0359375 0.03671875
0 0.22734375 0.31640625 0.0421875 0.04453125
0 0.20390625 0.6109375 0.02734375 0.040625
0 0.58359375 0.1609375 0.0515625 0.03359375
0 0.7359375 0.4328125 0.0265625 0.04140625
0 0.1515625 0.4421875 0.04921875 0.0359375
0 0.3859375 0.78984375 0.0375 0.04140625
0 0.61640625 0.746875 0.03515625 0.04921875
0 0.66796875 0.73125 0.0265625 0.03671875
0 0.4734375 0.48515625 0.0265625 0.03671875
0 0.1953125 0.1515625 0.04375 0.03125
0 0.6859375 0.83046875 0.0578125 0.0265625
0 0.59140625 0.26640625 0.03046875 0.0484375
0 0.82734375 0.3953125 0.0359375 0.04765625
0 0.44296875 0.29296875 0.0546875 0.015625
0 0.41875 0.46171875 0.0515625 0.02265625
0 0.68984375 0.6140625 0.0484375 0.04375
0 0.2671875 0.40078125 0.0609375 0.0296875
0 0.34453125 0.134375 0.0484375 0.03203125
0 0.7296875 0.5625 0.03203125 0.0359375
0 0.37734375 0.3546875 0.06484375 0.02578125
0 0.16328125 0.6921875 0.04140625 0.04296875
0 0.5265625 0.5140625 0.02421875 0.03671875
0 0.41875 0.403125 0.046875 0.02578125
0 0.55390625 0.64140625 0.0640625 0.021875
0 0.1984375 0.525 0.02734375 0.053125
0 0.5546875 0.4625 0.02421875 0.03359375
0 0.4671875 0.609375 0.06640625 0.0171875
0 0.34609375 0.2859375 0.02734375 0.0390625
0 0.29140625 0.5046875 0.0578125 0.02890625
0 0.59140625 0.890625 0.06171875 0.0234375
0 0.4328125 0.27109375 0.05859375 0.0171875
0 0.4609375 0.18359375 0.0578125 0.03203125
0 0.3625 0.8203125 0.02109375 0.04453125
0 0.80390625 0.878125 0.03828125 0.03125
0 0.36796875 0.88515625 0.05703125 0.01796875
0 0.76015625 0.49609375 0.028125 0.04609375
0 0.17109375 0.18984375 0.025 0.01953125
0 0.2046875 0.18125 0.028125 0.0421875
0 0.8359375 0.66875 0.0234375 0.0390625
0 0.14609375 0.1578125 0.05 0.03515625
0 0.8265625 0.740625 0.028125 0.0453125
0 0.58515625 0.82578125 0.06171875 0.02578125
0 0.77265625 0.390625 0.0234375 0.046875
0 0.42109375 0.5515625 0.05625 0.0234375
0 0.15390625 0.49921875 0.0359375 0.04375
0 0.43203125 0.67734375 0.05703125 0.021875
0 0.18125 0.375 0.03515625 0.05234375
0 0.828125 0.59140625 0.0203125 0.03515625
0 0.80546875 0.4359375 0.0265625 0.04609375
0 0.16171875 0.28203125 0.0265625 0.05859375
0 0.340625 0.19765625 0.046875 0.01953125
0 0.7078125 0.715625 0.025 0.03984375
0 0.4953125 0.71796875 0.03671875 0.040625
0 0.8390625 0.53984375 0.0234375 0.0421875
0 0.6359375 0.41640625 0.01875 0.04453125
0 0.80703125 0.51015625 0.01796875 0.040625
0 0.82421875 0.490625 0.0203125 0.040625
0 0.5578125 0.39765625 0.0515625 0.0171875
0 0.346875 0.559375 0.06328125 0.0359375
0 0.43515625 0.6484375 0.02265625 0.03359375
0 0.190625 0.73046875 0.03515625 0.046875
0 0.3125 0.38671875 0.03515625 0.04609375
0 0.1875 0.121875 0.0640625 0.0265625
0 0.40234375 0.2484375 0.02109375 0.025
0 0.7546875 0.2859375 0.01953125 0.02109375
0 0.69296875 0.31796875 0.05859375 0.0140625
0 0.77734375 0.4390625 0.025 0.04921875
0 0.80234375 0.6515625 0.0203125 0.02890625
0 0.8171875 0.6671875 0.015625 0.02109375
0 0.68828125 0.77890625 0.025 0.0265625
0 0.7046875 0.76484375 0.01875 0.01875
0 0.7515625 0.875 0.0609375 0.02734375
0 0.8484375 0.90625 0.0265625 0.01328125
0 0.8328125 0.91953125 0.01953125 0.01484375