0 0.22421875 0.915625 0.0609375 0.0453125
0 0.4421875 0.85625 0.078125 0.0390625
0 0.553125 0.8609375 0.0359375 0.03125
0 0.71484375 0.84609375 0.0734375 0.0421875
0 0.6375 0.81796875 0.0515625 0.046875
0 0.6453125 0.76171875 0.0546875 0.0375
0 0.6765625 0.790625 0.0328125 0.0359375
0 0.57734375 0.77578125 0.034375 0.0546875
0 0.5390625 0.75625 0.05 0.025
0 0.5078125 0.7859375 0.04375 0.0484375
0 0.44765625 0.7484375 0.040625 0.053125
0 0.34921875 0.775 0.0328125 0.05625
0 0.39296875 0.79609375 0.034375 0.053125
0 0.315625 0.7984375 0.046875 0.0265625
0 0.38671875 0.7375 0.0515625 0.0453125
0 0.40546875 0.69453125 0.046875 0.0421875
0 0.47109375 0.70859375 0.028125 0.04375
0 0.51640625 0.6828125 0.0390625 0.0515625
0 0.56953125 0.70078125 0.059375 0.025
0 0.615625 0.72109375 0.0328125 0.04375
0 0.584375 0.66015625 0.04375 0.0578125
0 0.69296875 0.675 0.0359375 0.053125
0 0.7203125 0.6046875 0.034375 0.053125
0 0.74453125 0.63828125 0.0234375 0.025
0 0.80546875 0.61171875 0.05 0.046875
0 0.68359375 0.565625 0.05625 0.0390625
0 0.7375 0.5484375 0.0515625 0.046875
0 0.78203125 0.5390625 0.0265625 0.0484375
0 0.62734375 0.5921875 0.025 0.0265625
0 0.62421875 0.56640625 0.0265625 0.0265625
0 0.55078125 0.60859375 0.0375 0.034375
0 0.5109375 0.62890625 0.0390625 0.0234375
0 0.4421875 0.65703125 0.0609375 0.034375
0 0.4703125 0.61171875 0.028125 0.059375
0 0.5125 0.58828125 0.059375 0.0359375
0 0.5640625 0.559375 0.0515625 0.0484375
0 0.48984375 0.553125 0.04375 0.05625
0 0.415625 0.57421875 0.0375 0.05625
0 0.38515625 0.5671875 0.0390625 0.05
0 0.3453125 0.546875 0.046875 0.0640625
0 0.33515625 0.69921875 0.0390625 0.05
0 0.1859375 0.7625 0.0359375 0.0515625
0 0.21328125 0.709375 0.05625 0.04375
0 0.29921875 0.665625 0.03125 0.0546875
0 0.1984375 0.65078125 0.040625 0.0390625
0 0.18125 0.6171875 0.046875 0.04375
0 0.2484375 0.5640625 0.0265625 0.028125
0 0.290625 0.54296875 0.0515625 0.0609375
0 0.18046875 0.5765625 0.0265625 0.01875
0 0.22421875 0.5875 0.0515625 0.0296875
0 0.165625 0.55625 0.0203125 0.0234375
0 0.23203125 0.49375 0.040625 0.046875
0 0.23984375 0.45625 0.0546875 0.0375
0 0.18828125 0.46015625 0.053125 0.0328125
0 0.15 0.48515625 0.0484375 0.0453125
0 0.2265625 0.38671875 0.05625 0.0671875
0 0.31328125 0.46484375 0.0375 0.0640625
0 0.32890625 0.4125 0.034375 0.053125
0 0.421875 0.38984375 0.084375 0.040625
0 0.3546875 0.35859375 0.040625 0.053125
0 0.3015625 0.35 0.071875 0.0484375
0 0.5015625 0.3796875 0.046875 0.0546875
0 0.43359375 0.471875 0.0671875 0.0375
0 0.39609375 0.5140625 0.059375 0.05
0 0.496875 0.50546875 0.046875 0.028125
0 0.54765625 0.4875 0.0640625 0.040625
0 0.5203125 0.45703125 0.053125 0.046875
0 0.6140625 0.43046875 0.046875 0.0484375
0 0.61796875 0.5046875 0.0390625 0.0546875
0 0.675 0.4546875 0.046875 0.0640625
0 0.721875 0.47734375 0.034375 0.0546875
0 0.6890625 0.3859375 0.0546875 0.046875
0 0.603125 0.3859375 0.0640625 0.0328125
0 0.6671875 0.3375 0.0578125 0.04375
0 0.6171875 0.3234375 0.0390625 0.05
0 0.55859375 0.3796875 0.0265625 0.0296875
0 0.52578125 0.31328125 0.065625 0.034375
0 0.45859375 0.3171875 0.0578125 0.05625
0 0.5140625 0.28671875 0.075 0.034375
0 0.559375 0.2296875 0.04375 0.05625
0 0.628125 0.27734375 0.0328125 0.0546875
0 0.66328125 0.26015625 0.04375 0.05
0 0.67578125 0.21953125 0.0390625 0.0453125
0 0.64296875 0.2078125 0.034375 0.0515625
0 0.6 0.16328125 0.0578125 0.0484375
0 0.496875 0.16484375 0.065625 0.053125
0 0.7171875 0.16328125 0.0421875 0.059375
0 0.728125 0.26328125 0.034375 0.059375
0 0.7875 0.25234375 0.0390625 0.05
0 0.75546875 0.16171875 0.0390625 0.0546875
0 0.78359375 0.159375 0.028125 0.0546875
0 0.771875 0.29140625 0.0265625 0.0421875
0 0.7796875 0.31953125 0.028125 0.0203125
0 0.7890625 0.3453125 0.053125 0.0421875
0 0.7953125 0.40390625 0.0578125 0.0484375
0 0.75234375 0.3859375 0.0484375 0.05625
0 0.7953125 0.48203125 0.0765625 0.0328125
0 0.55234375 0.3453125 0.025 0.0453125