0 0.44921875 0.4640625 0.046875 0.0359375
0 0.46953125 0.765625 0.046875 0.034375
0 0.1328125 0.18984375 0.0390625 0.04375
0 0.62109375 0.759375 0.046875 0.0296875
0 0.2875 0.3140625 0.034375 0.0453125
0 0.41015625 0.2765625 0.034375 0.0375
0 0.37890625 0.2359375 0.04375 0.04375
0 0.7375 0.5 0.034375 0.0375
0 0.375 0.2828125 0.040625 0.0390625
0 0.63515625 0.353125 0.0453125 0.028125
0 0.54609375 0.0734375 0.028125 0.040625
0 0.57578125 0.0875 0.034375 0.05
0 0.8359375 0.79296875 0.0234375 0.034375
0 0.78515625 0.27890625 0.0484375 0.028125
0 0.3140625 0.40390625 0.028125 0.04375
0 0.56953125 0.50703125 0.0421875 0.034375
0 0.425 0.65 0.0390625 0.0375
0 0.6609375 0.78046875 0.028125 0.046875
0 0.45859375 0.3046875 0.0390625 0.046875
0 0.646875 0.26640625 0.025 0.0390625
0 0.5078125 0.4875 0.0265625 0.0421875
0 0.55546875 0.19765625 0.0484375 0.021875
0 0.73359375 0.425 0.021875 0.046875
0 0.85625 0.8453125 0.0359375 0.0375
0 0.3421875 0.7390625 0.0421875 0.040625
0 0.7015625 0.7484375 0.0359375 0.0171875
0 0.2859375 0.6921875 0.0453125 0.03125
0 0.28828125 0.72421875 0.0453125 0.034375
0 0.30390625 0.5625 0.028125 0.025
0 0.33125 0.5609375 0.0328125 0.0390625
0 0.2484375 0.63984375 0.04375 0.0484375
0 0.41640625 0.80859375 0.0296875 0.0359375
0 0.76953125 0.1484375 0.0234375 0.04375
0 0.56875 0.8140625 0.0234375 0.04375
0 0.828125 0.66015625 0.04375 0.0453125
0 0.83046875 0.59375 0.0328125 0.0390625
0 0.67265625 0.64296875 0.0375 0.04375
0 0.39609375 0.58046875 0.0484375 0.0265625
0 0.178125 0.7171875 0.03125 0.01875
0 0.2140625 0.69921875 0.0296875 0.0421875
0 0.509375 0.35234375 0.0515625 0.01875
0 0.17578125 0.21953125 0.03125 0.0265625
0 0.22265625 0.4890625 0.0421875 0.0359375
0 0.73125 0.34921875 0.0390625 0.0328125
0 0.27109375 0.19375 0.0484375 0.0390625
0 0.27734375 0.4484375 0.0421875 0.040625
0 0.44140625 0.73828125 0.0625 0.0234375
0 0.465625 0.40546875 0.0265625 0.0421875
0 0.64296875 0.51796875 0.04375 0.0171875
0 0.36953125 0.36484375 0.0453125 0.0359375
0 0.66328125 0.57734375 0.040625 0.03125
0 0.45390625 0.58203125 0.021875 0.053125
0 0.6140625 0.58828125 0.046875 0.0265625
0 0.6640625 0.171875 0.0390625 0.0375
0 0.3734375 0.4234375 0.034375 0.0515625
0 0.37578125 0.62890625 0.0390625 0.0390625
0 0.2453125 0.73984375 0.0359375 0.0375
0 0.171875 0.684375 0.0390625 0.0421875
0 0.13125 0.1390625 0.05625 0.025
0 0.39921875 0.334375 0.0578125 0.0171875
0 0.5625 0.59375 0.025 0.05
0 0.47734375 0.5109375 0.0234375 0.0265625
0 0.584375 0.6734375 0.0578125 0.0265625
0 0.82734375 0.265625 0.01875 0.0484375
0 0.19453125 0.2515625 0.05625 0.01875
0 0.88203125 0.865625 0.025 0.0328125
0 0.71640625 0.5421875 0.046875 0.0359375
0 0.1609375 0.61484375 0.025 0.04375
0 0.28125 0.803125 0.0328125 0.0328125
0 0.66171875 0.7390625 0.021875 0.0375
0 0.5375 0.44140625 0.025 0.046875
0 0.59921875 0.2109375 0.0578125 0.0234375
0 0.1875 0.40078125 0.0515625 0.034375
0 0.72109375 0.6078125 0.028125 0.0546875
0 0.2703125 0.5140625 0.0546875 0.0375
0 0.66484375 0.60234375 0.0515625 0.0203125
0 0.190625 0.7453125 0.0328125 0.0375
0 0.7640625 0.38515625 0.0265625 0.0390625
0 0.13984375 0.37890625 0.0234375 0.0421875
0 0.478125 0.6328125 0.046875 0.0203125
0 0.7703125 0.80390625 0.0359375 0.04375
0 0.596875 0.64375 0.05 0.0203125
0 0.81015625 0.859375 0.059375 0.0234375
0 0.5140625 0.64765625 0.0421875 0.0203125
0 0.49140625 0.56015625 0.0453125 0.028125
0 0.2125 0.2203125 0.025 0.0453125
0 0.21328125 0.14375 0.06875 0.0265625
0 0.3765625 0.39140625 0.0671875 0.015625
0 0.57734375 0.36953125 0.059375 0.0265625
0 0.68671875 0.43515625 0.028125 0.0421875
0 0.79140625 0.47578125 0.05 0.0234375
0 0.30859375 0.528125 0.025 0.040625
0 0.18359375 0.5375 0.0203125 0.0421875
0 0.2421875 0.66953125 0.034375 0.021875
0 0.75078125 0.64453125 0.0609375 0.028125
0 0.88515625 0.74921875 0.0296875 0.0515625
0 0.81640625 0.775 0.028125 0.028125
0 0.44453125 0.628125 0.021875 0.0375