0 0.446875 0.58203125 0.03203125 0.04375
0 0.4859375 0.60234375 0.02890625 0.03671875
0 0.7328125 0.30234375 0.03359375 0.03515625
0 0.41796875 0.4734375 0.0265625 0.0359375
0 0.31875 0.80390625 0.04921875 0.03984375
0 0.671875 0.58515625 0.03125 0.040625
0 0.4203125 0.7578125 0.06015625 0.03515625
0 0.45390625 0.25625 0.0328125 0.03203125
0 0.63828125 0.540625 0.025 0.03125
0 0.25078125 0.471875 0.0390625 0.03671875
0 0.5484375 0.28125 0.02890625 0.03046875
0 0.57578125 0.27578125 0.028125 0.02890625
0 0.65 0.69375 0.0375 0.04609375
0 0.671875 0.42890625 0.01953125 0.0390625
0 0.58828125 0.63359375 0.034375 0.034375
0 0.740625 0.484375 0.02421875 0.03359375
0 0.7640625 0.4765625 0.0265625 0.03515625
0 0.50546875 0.22890625 0.034375 0.0328125
0 0.35390625 0.284375 0.0421875 0.03359375
0 0.25859375 0.1453125 0.0421875 0.02265625
0 0.6359375 0.50859375 0.0234375 0.03359375
0 0.64375 0.4 0.02265625 0.03671875
0 0.56796875 0.4515625 0.034375 0.0359375
0 0.46796875 0.53046875 0.028125 0.0375
0 0.77421875 0.15078125 0.0453125 0.02265625
0 0.721875 0.35390625 0.0484375 0.01953125
0 0.33046875 0.584375 0.025 0.0453125
0 0.671875 0.26015625 0.04921875 0.028125
0 0.37578125 0.35 0.0390625 0.0390625
0 0.7359375 0.7625 0.01484375 0.02421875
0 0.75703125 0.73828125 0.05625 0.02421875
0 0.5359375 0.5171875 0.040625 0.02109375
0 0.73359375 0.2140625 0.034375 0.03046875
0 0.3875 0.65390625 0.05625 0.02265625
0 0.2828125 0.59296875 0.03046875 0.04140625
0 0.728125 0.7796875 0.01640625 0.01953125
0 0.2390625 0.846875 0.0578125 0.04140625
0 0.76875 0.52890625 0.03671875 0.03515625
0 0.65625 0.2828125 0.03515625 0.02109375
0 0.7078125 0.4421875 0.01640625 0.0390625
0 0.77109375 0.57890625 0.0234375 0.0421875
0 0.2078125 0.2515625 0.03359375 0.04140625
0 0.22578125 0.2234375 0.04140625 0.03203125
0 0.225 0.80078125 0.06171875 0.028125
0 0.4703125 0.46015625 0.01953125 0.046875
0 0.74140625 0.1625 0.0359375 0.03046875
0 0.17734375 0.728125 0.04140625 0.03984375
0 0.16640625 0.35390625 0.025 0.04609375
0 0.37109375 0.5125 0.05390625 0.01796875
0 0.20625 0.48671875 0.02421875 0.03515625
0 0.525 0.54765625 0.0375 0.04375
0 0.34140625 0.16484375 0.0328125 0.03203125
0 0.5125 0.4453125 0.0140625 0.04140625
0 0.27578125 0.271875 0.02109375 0.03671875
0 0.67109375 0.49140625 0.02421875 0.0296875
0 0.22890625 0.57890625 0.02421875 0.04296875
0 0.51015625 0.33125 0.04453125 0.01640625
0 0.6890625 0.6296875 0.025 0.04296875
0 0.3203125 0.121875 0.03984375 0.034375
0 0.765625 0.34609375 0.02421875 0.03984375
0 0.4609375 0.165625 0.025 0.04296875
0 0.34609375 0.8515625 0.04921875 0.025
0 0.66171875 0.328125 0.025 0.0390625
0 0.64609375 0.21484375 0.04765625 0.0203125
0 0.71328125 0.596875 0.01640625 0.03671875
0 0.734375 0.5328125 0.0265625 0.0390625
0 0.18359375 0.51171875 0.05390625 0.0171875
0 0.33984375 0.21171875 0.05078125 0.02421875
0 0.40234375 0.5609375 0.034375 0.0375
0 0.671875 0.86796875 0.04765625 0.025
0 0.346875 0.4625 0.0234375 0.0546875
0 0.80078125 0.67421875 0.02265625 0.028125
0 0.75859375 0.665625 0.02578125 0.04453125
0 0.70546875 0.2171875 0.04296875 0.028125
0 0.31640625 0.42734375 0.03125 0.05546875
0 0.58515625 0.421875 0.01953125 0.04453125
0 0.284375 0.3375 0.06015625 0.01953125
0 0.41015625 0.14453125 0.05703125 0.0140625
0 0.27265625 0.6546875 0.028125 0.04375
0 0.68671875 0.74609375 0.05078125 0.034375
0 0.2484375 0.3953125 0.03671875 0.03984375
0 0.48828125 0.41171875 0.01796875 0.025
0 0.51015625 0.40703125 0.02890625 0.02734375
0 0.44609375 0.6515625 0.0453125 0.01953125
0 0.790625 0.703125 0.02578125 0.0421875
0 0.4296875 0.40625 0.0234375 0.04375
0 0.2078125 0.18515625 0.02421875 0.03046875
0 0.3546875 0.2390625 0.05859375 0.015625
0 0.51328125 0.18359375 0.046875 0.03203125
0 0.615625 0.25234375 0.02265625 0.0421875
0 0.62421875 0.35 0.02890625 0.040625
0 0.3125 0.72421875 0.03359375 0.04375
0 0.19140625 0.1578125 0.01796875 0.034375
0 0.67890625 0.3046875 0.01953125 0.0328125
0 0.77734375 0.3671875 0.0140625 0.03046875
0 0.47109375 0.23984375 0.040625 0.01640625
0 0.5046875 0.31328125 0.0390625 0.0203125
0 0.54453125 0.4296875 0.04140625 0.0140625
0 0.6828125 0.46796875 0.0390625 0.01953125
0 0.62890625 0.6234375 0.05078125 0.02265625