0 0.26640625 0.88046875 0.04375 0.0546875
0 0.38671875 0.83671875 0.078125 0.028125
0 0.45390625 0.8546875 0.0484375 0.0609375
0 0.42578125 0.796875 0.0609375 0.0421875
0 0.4984375 0.796875 0.046875 0.0359375
0 0.51640625 0.84921875 0.034375 0.0375
0 0.53984375 0.8234375 0.06875 0.0265625
0 0.56171875 0.79765625 0.0640625 0.0328125
0 0.515625 0.76640625 0.0671875 0.03125
0 0.6359375 0.7625 0.0734375 0.0296875
0 0.6125 0.73046875 0.04375 0.0515625
0 0.66328125 0.72265625 0.06875 0.0359375
0 0.584375 0.70078125 0.03125 0.0390625
0 0.534375 0.68515625 0.034375 0.046875
0 0.48671875 0.7171875 0.05 0.04375
0 0.44140625 0.72890625 0.0375 0.0359375
0 0.40625 0.71875 0.034375 0.05
0 0.35625 0.721875 0.0375 0.0546875
0 0.23125 0.6859375 0.0546875 0.04375
0 0.4015625 0.6609375 0.065625 0.0421875
0 0.671875 0.6890625 0.0203125 0.015625
0 0.8515625 0.7375 0.0203125 0.0515625
0 0.7125 0.6515625 0.0328125 0.05
0 0.7390625 0.61796875 0.0328125 0.046875
0 0.71171875 0.57734375 0.0328125 0.046875
0 0.6578125 0.60234375 0.06875 0.028125
0 0.6328125 0.63203125 0.065625 0.03125
0 0.775 0.584375 0.0609375 0.046875
0 0.83125 0.57265625 0.0390625 0.0359375
0 0.83359375 0.534375 0.0359375 0.04375
0 0.77109375 0.51875 0.071875 0.034375
0 0.69609375 0.53984375 0.0671875 0.0265625
0 0.70234375 0.4984375 0.053125 0.046875
0 0.6625 0.47265625 0.0671875 0.0359375
0 0.61640625 0.5265625 0.046875 0.046875
0 0.56640625 0.57109375 0.05625 0.046875
0 0.55390625 0.621875 0.053125 0.0390625
0 0.5125 0.63671875 0.0484375 0.0359375
0 0.46171875 0.634375 0.040625 0.05
0 0.50625 0.5953125 0.0546875 0.0265625
0 0.51640625 0.55859375 0.0484375 0.0546875
0 0.446875 0.57734375 0.0609375 0.046875
0 0.39375 0.62421875 0.025 0.025
0 0.3859375 0.59609375 0.01875 0.01875
0 0.328125 0.61015625 0.0359375 0.05
0 0.3140625 0.64765625 0.034375 0.0390625
0 0.2578125 0.6203125 0.0390625 0.053125
0 0.2859375 0.59921875 0.034375 0.04375
0 0.21796875 0.571875 0.0640625 0.0421875
0 0.28125 0.56640625 0.028125 0.0328125
0 0.2875 0.5296875 0.040625 0.0421875
0 0.3171875 0.51171875 0.03125 0.059375
0 0.3828125 0.5375 0.0390625 0.05625
0 0.49453125 0.5203125 0.05 0.05
0 0.4953125 0.4703125 0.05 0.04375
0 0.44296875 0.44765625 0.0421875 0.05625
0 0.55625 0.4671875 0.0484375 0.053125
0 0.80703125 0.46640625 0.059375 0.0453125
0 0.765625 0.43046875 0.078125 0.021875
0 0.7984375 0.38046875 0.0359375 0.05
0 0.6625 0.41484375 0.0390625 0.05
0 0.74375 0.4046875 0.0234375 0.021875
0 0.740625 0.37265625 0.025 0.0296875
0 0.73359375 0.32421875 0.078125 0.0265625
0 0.7453125 0.2796875 0.053125 0.0578125
0 0.64140625 0.35703125 0.0515625 0.0515625
0 0.60234375 0.33359375 0.0515625 0.0515625
0 0.54375 0.38984375 0.0828125 0.0328125
0 0.46171875 0.3859375 0.04375 0.0546875
0 0.3734375 0.4640625 0.0453125 0.0546875
0 0.33203125 0.45078125 0.0453125 0.04375
0 0.2859375 0.440625 0.046875 0.05
0 0.2234375 0.4609375 0.0421875 0.0515625
0 0.18671875 0.48671875 0.0625 0.0484375
0 0.16875 0.42109375 0.0734375 0.0390625
0 0.184375 0.37421875 0.0234375 0.03125
0 0.17265625 0.39765625 0.034375 0.0203125
0 0.1671875 0.353125 0.034375 0.0203125
0 0.21796875 0.3359375 0.0296875 0.053125
0 0.2578125 0.28203125 0.0453125 0.0484375
0 0.2625 0.34921875 0.059375 0.025
0 0.27421875 0.32265625 0.0375 0.0328125
0 0.35546875 0.29921875 0.0671875 0.0296875
0 0.33125 0.31875 0.028125 0.0203125
0 0.3171875 0.3375 0.025 0.025
0 0.33828125 0.36640625 0.034375 0.0484375
0 0.29765625 0.39765625 0.0609375 0.0359375
0 0.37109375 0.4234375 0.059375 0.0234375
0 0.4078125 0.4046875 0.0265625 0.0296875
0 0.40078125 0.3671875 0.0359375 0.0453125
0 0.478125 0.31875 0.04375 0.0546875
0 0.36015625 0.25625 0.0375 0.053125
0 0.31328125 0.2078125 0.053125 0.0546875
0 0.41328125 0.1875 0.05625 0.0515625
0 0.2015625 0.23984375 0.040625 0.0578125
0 0.1328125 0.25078125 0.0484375 0.0578125
0 0.15234375 0.19609375 0.078125 0.0359375