0 0.33515625 0.73671875 0.04375 0.034375
0 0.425 0.51640625 0.05 0.03125
0 0.27734375 0.1375 0.05 0.034375
0 0.2984375 0.71640625 0.046875 0.0296875
0 0.44453125 0.7078125 0.0484375 0.0375
0 0.278125 0.9234375 0.05 0.03125
0 0.3734375 0.54453125 0.0453125 0.040625
0 0.7671875 0.63515625 0.028125 0.0375
0 0.221875 0.20078125 0.046875 0.040625
0 0.734375 0.20625 0.0390625 0.034375
0 0.17890625 0.51171875 0.0421875 0.0296875
0 0.671875 0.43203125 0.0390625 0.04375
0 0.2609375 0.4265625 0.0515625 0.025
0 0.60390625 0.2375 0.0375 0.040625
0 0.2375 0.478125 0.021875 0.04375
0 0.6671875 0.83515625 0.053125 0.028125
0 0.24765625 0.840625 0.015625 0.0265625
0 0.29921875 0.846875 0.05 0.021875
0 0.5515625 0.73671875 0.0203125 0.03125
0 0.41171875 0.58671875 0.0421875 0.0359375
0 0.51328125 0.39375 0.0453125 0.021875
0 0.79453125 0.74765625 0.0171875 0.046875
0 0.1609375 0.54375 0.04375 0.034375
0 0.6109375 0.28828125 0.0328125 0.046875
0 0.76875 0.46328125 0.0265625 0.04375
0 0.72109375 0.67890625 0.053125 0.03125
0 0.54609375 0.46796875 0.06875 0.015625
0 0.5234375 0.4890625 0.0484375 0.021875
0 0.82421875 0.76875 0.03125 0.04375
0 0.509375 0.7578125 0.03125 0.0375
0 0.28515625 0.640625 0.03125 0.034375
0 0.25625 0.66953125 0.04375 0.021875
0 0.6 0.740625 0.059375 0.0265625
0 0.78828125 0.3578125 0.0390625 0.040625
0 0.4953125 0.6515625 0.046875 0.0328125
0 0.77578125 0.30859375 0.0546875 0.034375
0 0.134375 0.42265625 0.03125 0.046875
0 0.3078125 0.5546875 0.05625 0.0296875
0 0.49140625 0.709375 0.0296875 0.0265625
0 0.4140625 0.47421875 0.0515625 0.0265625
0 0.65703125 0.67890625 0.046875 0.0234375
0 0.73203125 0.375 0.028125 0.05
0 0.23984375 0.8515625 0.015625 0.025
0 0.21953125 0.884375 0.01875 0.0359375
0 0.196875 0.75859375 0.03125 0.0453125
0 0.74453125 0.1515625 0.034375 0.0421875
0 0.64296875 0.384375 0.0234375 0.040625
0 0.446875 0.61328125 0.021875 0.04375
0 0.56640625 0.59453125 0.0453125 0.028125
0 0.66953125 0.28984375 0.028125 0.040625
0 0.671875 0.70390625 0.0703125 0.015625
0 0.67109375 0.72734375 0.0546875 0.025
0 0.42265625 0.1578125 0.059375 0.03125
0 0.73515625 0.8328125 0.065625 0.0109375
0 0.33125 0.35 0.04375 0.028125
0 0.4046875 0.2671875 0.05625 0.0171875
0 0.76328125 0.41640625 0.053125 0.028125
0 0.465625 0.37421875 0.040625 0.0421875
0 0.83828125 0.58515625 0.03125 0.05
0 0.8140625 0.61875 0.0375 0.034375
0 0.5765625 0.7953125 0.025 0.04375
0 0.57265625 0.79609375 0.0515625 0.015625
0 0.40859375 0.71875 0.03125 0.021875
0 0.26640625 0.61484375 0.05 0.0125
0 0.71875 0.5171875 0.0296875 0.046875
0 0.34375 0.79453125 0.025 0.04375
0 0.6171875 0.47890625 0.028125 0.046875
0 0.1984375 0.8953125 0.0421875 0.015625
0 0.16015625 0.86328125 0.015625 0.034375
0 0.15078125 0.88125 0.028125 0.028125
0 0.38203125 0.78984375 0.046875 0.021875
0 0.22421875 0.68671875 0.05 0.021875
0 0.23984375 0.63984375 0.025 0.046875
0 0.190625 0.6328125 0.04375 0.025
0 0.20234375 0.57265625 0.059375 0.0125
0 0.4421875 0.56171875 0.05 0.028125
0 0.58515625 0.875 0.0609375 0.01875
0 0.7484375 0.8671875 0.071875 0.0171875
0 0.7640625 0.82265625 0.0625 0.0140625
0 0.75234375 0.78203125 0.06875 0.021875
0 0.74375 0.73203125 0.05625 0.0203125
0 0.58203125 0.68671875 0.0609375 0.03125
0 0.61875 0.634375 0.0625 0.01875
0 0.5 0.59609375 0.0328125 0.0484375
0 0.3703125 0.6546875 0.034375 0.053125
0 0.76015625 0.57421875 0.0703125 0.01875
0 0.6625 0.57890625 0.034375 0.0515625
0 0.43671875 0.38203125 0.01875 0.05
0 0.1921875 0.4140625 0.0515625 0.01875
0 0.18984375 0.31875 0.06875 0.0234375
0 0.33046875 0.3171875 0.0578125 0.0203125
0 0.15703125 0.2484375 0.059375 0.025
0 0.36640625 0.21875 0.0328125 0.0484375
0 0.6953125 0.18671875 0.053125 0.04375
0 0.74296875 0.228125 0.0203125 0.03125
0 0.7703125 0.2484375 0.0171875 0.04375
0 0.8078125 0.259375 0.0640625 0.0203125
0 0.8171875 0.30703125 0.0234375 0.046875