0 0.490625 0.28203125 0.0515625 0.0453125
0 0.4453125 0.19296875 0.046875 0.0296875
0 0.384375 0.5453125 0.0453125 0.0484375
0 0.6859375 0.453125 0.0390625 0.05
0 0.1875 0.75078125 0.0515625 0.046875
0 0.51484375 0.48984375 0.0625 0.04375
0 0.778125 0.690625 0.040625 0.0515625
0 0.76015625 0.73984375 0.0375 0.0484375
0 0.18203125 0.390625 0.04375 0.0453125
0 0.7609375 0.35625 0.046875 0.0359375
0 0.2609375 0.14921875 0.0546875 0.0421875
0 0.63984375 0.21640625 0.053125 0.0203125
0 0.8453125 0.4390625 0.0453125 0.0453125
0 0.70234375 0.834375 0.05 0.046875
0 0.26171875 0.09921875 0.03125 0.0265625
0 0.29921875 0.3484375 0.0515625 0.0390625
0 0.2578125 0.196875 0.040625 0.0546875
0 0.6484375 0.84296875 0.0484375 0.046875
0 0.4265625 0.4734375 0.053125 0.0421875
0 0.39453125 0.43984375 0.0453125 0.0390625
0 0.19140625 0.4359375 0.0546875 0.0421875
0 0.3625 0.35546875 0.059375 0.03125
0 0.26875 0.2734375 0.053125 0.0390625
0 0.603125 0.4953125 0.071875 0.05
0 0.71796875 0.2984375 0.0546875 0.03125
0 0.2265625 0.81953125 0.0578125 0.040625
0 0.25546875 0.53359375 0.0671875 0.040625
0 0.67265625 0.59609375 0.0421875 0.0484375
0 0.38828125 0.0796875 0.0546875 0.046875
0 0.43203125 0.72421875 0.046875 0.0484375
0 0.69765625 0.88671875 0.04375 0.053125
0 0.1375 0.5140625 0.0390625 0.05625
0 0.63203125 0.5484375 0.028125 0.0421875
0 0.284375 0.2234375 0.0296875 0.0546875
0 0.31953125 0.25390625 0.0390625 0.0453125
0 0.5359375 0.40390625 0.05 0.0546875
0 0.18828125 0.6328125 0.04375 0.0453125
0 0.5109375 0.60859375 0.0578125 0.03125
0 0.59921875 0.421875 0.05625 0.0453125
0 0.65546875 0.2765625 0.0625 0.0453125
0 0.31328125 0.06875 0.0453125 0.0234375
0 0.28671875 0.053125 0.028125 0.0546875
0 0.8796875 0.28984375 0.0375 0.05
0 0.43984375 0.43359375 0.0515625 0.0359375
0 0.31484375 0.28828125 0.0484375 0.03125
0 0.58828125 0.796875 0.0578125 0.0359375
0 0.4046875 0.178125 0.0359375 0.05
0 0.5921875 0.7328125 0.04375 0.065625
0 0.47578125 0.6640625 0.0390625 0.0453125
0 0.43671875 0.6125 0.034375 0.053125
0 0.77109375 0.5859375 0.034375 0.0515625
0 0.765625 0.63125 0.0640625 0.0421875
0 0.51171875 0.3421875 0.0265625 0.0453125
0 0.7328125 0.509375 0.0375 0.0484375
0 0.48046875 0.37421875 0.0265625 0.053125
0 0.39765625 0.24609375 0.021875 0.021875
0 0.73515625 0.19140625 0.059375 0.0375
0 0.54375 0.2890625 0.040625 0.0375
0 0.79921875 0.3109375 0.0703125 0.0265625
0 0.35703125 0.69609375 0.0375 0.053125
0 0.2390625 0.32109375 0.046875 0.0421875
0 0.8359375 0.5859375 0.0328125 0.0546875
0 0.82890625 0.22578125 0.06875 0.0265625
0 0.57578125 0.2390625 0.0265625 0.0546875
0 0.41640625 0.32265625 0.034375 0.059375
0 0.4359375 0.1453125 0.059375 0.028125
0 0.1859375 0.53046875 0.0578125 0.034375
0 0.3859375 0.2734375 0.06875 0.03125
0 0.65625 0.3875 0.0671875 0.025
0 0.84765625 0.39921875 0.0453125 0.0421875
0 0.6484375 0.73671875 0.0421875 0.0515625
0 0.3359375 0.7609375 0.0328125 0.0546875
0 0.71796875 0.3265625 0.06875 0.0265625
0 0.78359375 0.47109375 0.0640625 0.0328125
0 0.37421875 0.8265625 0.065625 0.0421875
0 0.80234375 0.40859375 0.034375 0.04375
0 0.81484375 0.26171875 0.0734375 0.028125
0 0.68046875 0.92578125 0.0703125 0.0265625
0 0.78515625 0.86328125 0.0484375 0.05
0 0.61953125 0.32578125 0.0578125 0.0375
0 0.696875 0.34921875 0.053125 0.034375
0 0.7234375 0.6859375 0.040625 0.0546875
0 0.5578125 0.5421875 0.0734375 0.034375
0 0.7421875 0.7953125 0.025 0.040625
0 0.82578125 0.17890625 0.0828125 0.0390625
0 0.7796875 0.7921875 0.065625 0.0328125
0 0.50390625 0.45703125 0.071875 0.028125
0 0.8 0.20546875 0.0671875 0.028125
0 0.1296875 0.6921875 0.075 0.0390625
0 0.509375 0.11875 0.0796875 0.0453125
0 0.24921875 0.478125 0.0375 0.0578125
0 0.23203125 0.37734375 0.059375 0.028125
0 0.28671875 0.08671875 0.0234375 0.01875
0 0.31875 0.10078125 0.034375 0.0390625
0 0.60546875 0.26640625 0.0375 0.040625
0 0.4046875 0.23203125 0.0234375 0.0171875
0 0.63125 0.6421875 0.0359375 0.05625
0 0.31328125 0.6546875 0.0734375 0.034375