0 0.515625 0.79609375 0.0515625 0.0390625
0 0.5359375 0.9640625 0.0453125 0.0484375
0 0.18671875 0.771875 0.0484375 0.05
0 0.359375 0.50625 0.040625 0.0453125
0 0.4 0.48125 0.040625 0.0453125
0 0.82578125 0.315625 0.0484375 0.0375
0 0.240625 0.8734375 0.046875 0.03125
0 0.1734375 0.0796875 0.0453125 0.0328125
0 0.75859375 0.509375 0.034375 0.0421875
0 0.58125 0.840625 0.0453125 0.04375
0 0.215625 0.9296875 0.04375 0.04375
0 0.14453125 0.82890625 0.0375 0.034375
0 0.8640625 0.5515625 0.0390625 0.053125
0 0.6875 0.43125 0.04375 0.0453125
0 0.6875 0.1453125 0.0484375 0.0515625
0 0.31015625 0.35859375 0.0296875 0.0484375
0 0.57421875 0.58828125 0.05625 0.028125
0 0.3703125 0.42421875 0.046875 0.053125
0 0.4984375 0.42265625 0.0359375 0.04375
0 0.1671875 0.52578125 0.0359375 0.040625
0 0.2390625 0.28125 0.0515625 0.0421875
0 0.26015625 0.78515625 0.0265625 0.0265625
0 0.0921875 0.678125 0.028125 0.0546875
0 0.30234375 0.06015625 0.028125 0.0359375
0 0.45 0.8828125 0.06875 0.0390625
0 0.46328125 0.94765625 0.034375 0.0484375
0 0.17578125 0.2546875 0.0296875 0.0453125
0 0.81171875 0.275 0.059375 0.034375
0 0.60625 0.54140625 0.05625 0.025
0 0.46171875 0.76015625 0.0265625 0.053125
0 0.43828125 0.30390625 0.0359375 0.053125
0 0.82890625 0.86171875 0.025 0.04375
0 0.8625 0.77421875 0.0609375 0.0453125
0 0.8046875 0.825 0.05625 0.025
0 0.32578125 0.92421875 0.04375 0.0390625
0 0.3921875 0.5890625 0.0453125 0.034375
0 0.6671875 0.28203125 0.0546875 0.021875
0 0.65390625 0.2328125 0.0421875 0.0484375
0 0.10703125 0.48359375 0.0296875 0.0421875
0 0.315625 0.26796875 0.0203125 0.0421875
0 0.303125 0.54921875 0.0296875 0.0515625
0 0.434375 0.08203125 0.0609375 0.0203125
0 0.34296875 0.06640625 0.0484375 0.0203125
0 0.83203125 0.98203125 0.0515625 0.0234375
0 0.39609375 0.71171875 0.0515625 0.0203125
0 0.446875 0.4671875 0.0328125 0.05
0 0.659375 0.32421875 0.0390625 0.04375
0 0.23515625 0.5859375 0.03125 0.0515625
0 0.071875 0.8015625 0.028125 0.05
0 0.85390625 0.83203125 0.03125 0.0421875
0 0.36796875 0.93828125 0.046875 0.0359375
0 0.7890625 0.98984375 0.034375 0.0203125
0 0.78671875 0.85390625 0.040625 0.0453125
0 0.159375 0.87265625 0.03125 0.0546875
0 0.1125 0.9078125 0.028125 0.0328125
0 0.08671875 0.896875 0.0359375 0.0203125
0 0.540625 0.40078125 0.0515625 0.01875
0 0.54140625 0.66171875 0.03125 0.04375
0 0.70859375 0.9109375 0.0515625 0.0203125
0 0.21015625 0.034375 0.0578125 0.0390625
0 0.10859375 0.85390625 0.0234375 0.040625
0 0.14921875 0.9203125 0.0390625 0.0453125
0 0.59375 0.465625 0.046875 0.021875
0 0.478125 0.64609375 0.03125 0.05
0 0.49296875 0.6015625 0.0625 0.0296875
0 0.215625 0.82734375 0.0296875 0.0546875
0 0.20546875 0.44375 0.0453125 0.0203125
0 0.3078125 0.09140625 0.0359375 0.01875
0 0.11953125 0.9390625 0.05625 0.0203125
0 0.43359375 0.55546875 0.0390625 0.0453125
0 0.29375 0.653125 0.0328125 0.0515625
0 0.7171875 0.953125 0.046875 0.0421875
0 0.2828125 0.52265625 0.04375 0.025
0 0.728125 0.325 0.0625 0.0265625
0 0.41484375 0.8390625 0.0609375 0.0203125
0 0.84921875 0.94375 0.0265625 0.0359375
0 0.19765625 0.63515625 0.028125 0.0609375
0 0.521875 0.33671875 0.0578125 0.0203125
0 0.0828125 0.63046875 0.028125 0.0375
0 0.1984375 0.1078125 0.059375 0.021875
0 0.14765625 0.55546875 0.03125 0.053125
0 0.26484375 0.03046875 0.0671875 0.0171875
0 0.5421875 0.07109375 0.0734375 0.03125
0 0.4140625 0.3359375 0.0390625 0.0328125
0 0.1953125 0.3984375 0.0390625 0.034375
0 0.51796875 0.390625 0.028125 0.0453125
0 0.10859375 0.575 0.0234375 0.046875
0 0.12421875 0.56171875 0.01875 0.04375
0 0.70390625 0.87890625 0.0421875 0.028125
0 0.7546875 0.91953125 0.046875 0.03125
0 0.82265625 0.93828125 0.028125 0.0328125
0 0.846875 0.9078125 0.0359375 0.04375
0 0.78125 0.9703125 0.0640625 0.0234375
0 0.39609375 0.9609375 0.065625 0.021875
0 0.0546875 0.890625 0.034375 0.0234375
0 0.0796875 0.8625 0.05625 0.021875
0 0.2828125 0.78125 0.0390625 0.0203125
0 0.11953125 0.61796875 0.065625 0.0265625