0 0.6125 0.66171875 0.0515625 0.0390625
0 0.290625 0.78671875 0.04375 0.034375
0 0.6828125 0.63046875 0.04375 0.0390625
0 0.6671875 0.846875 0.0453125 0.0234375
0 0.7703125 0.38203125 0.046875 0.034375
0 0.4390625 0.56875 0.0453125 0.0453125
0 0.4640625 0.3875 0.0375 0.04375
0 0.56328125 0.80390625 0.0515625 0.034375
0 0.51640625 0.509375 0.0359375 0.0390625
0 0.61328125 0.73828125 0.05625 0.0328125
0 0.7359375 0.57421875 0.0375 0.0421875
0 0.42890625 0.41640625 0.0375 0.0453125
0 0.6171875 0.36796875 0.0546875 0.0328125
0 0.65859375 0.56015625 0.05 0.028125
0 0.77890625 0.68046875 0.028125 0.0390625
0 0.6046875 0.61328125 0.0515625 0.0375
0 0.24453125 0.6671875 0.0390625 0.0421875
0 0.3640625 0.63203125 0.040625 0.0375
0 0.2796875 0.68828125 0.021875 0.0421875
0 0.7296875 0.51640625 0.0375 0.05
0 0.31953125 0.8171875 0.040625 0.025
0 0.4546875 0.73515625 0.0546875 0.0265625
0 0.23125 0.79921875 0.053125 0.034375
0 0.27265625 0.24453125 0.0484375 0.0328125
0 0.55703125 0.45546875 0.0328125 0.0453125
0 0.55859375 0.309375 0.05 0.034375
0 0.48359375 0.7984375 0.0203125 0.0484375
0 0.20078125 0.625 0.0640625 0.0328125
0 0.359375 0.5328125 0.025 0.04375
0 0.6890625 0.70703125 0.0484375 0.0578125
0 0.33203125 0.66875 0.053125 0.034375
0 0.3484375 0.325 0.0484375 0.0390625
0 0.68203125 0.434375 0.04375 0.021875
0 0.4796875 0.428125 0.0515625 0.0296875
0 0.35390625 0.39375 0.0484375 0.034375
0 0.8046875 0.80625 0.028125 0.0484375
0 0.775 0.7265625 0.025 0.04375
0 0.521875 0.69375 0.040625 0.034375
0 0.45625 0.65625 0.053125 0.0296875
0 0.64375 0.50859375 0.0296875 0.03125
0 0.78203125 0.4734375 0.0453125 0.0375
0 0.6796875 0.8046875 0.0234375 0.0390625
0 0.3875 0.54375 0.0234375 0.0375
0 0.2828125 0.6421875 0.0375 0.040625
0 0.86953125 0.43359375 0.025 0.0484375
0 0.7625 0.796875 0.0265625 0.046875
0 0.26875 0.54609375 0.03125 0.0421875
0 0.43046875 0.50078125 0.0609375 0.028125
0 0.525 0.61015625 0.0328125 0.03125
0 0.1875 0.67109375 0.0484375 0.025
0 0.696875 0.5484375 0.025 0.0421875
0 0.72578125 0.625 0.021875 0.04375
0 0.62734375 0.7890625 0.0453125 0.03125
0 0.47734375 0.47421875 0.0578125 0.0203125
0 0.37109375 0.5828125 0.0609375 0.021875
0 0.8359375 0.5296875 0.06875 0.025
0 0.328125 0.71015625 0.0515625 0.025
0 0.85 0.565625 0.021875 0.040625
0 0.20703125 0.77890625 0.0234375 0.046875
0 0.49609375 0.74296875 0.0328125 0.0203125
0 0.19609375 0.71796875 0.0328125 0.0421875
0 0.52265625 0.6703125 0.0578125 0.025
0 0.38671875 0.7015625 0.0265625 0.046875
0 0.696875 0.22265625 0.0296875 0.0515625
0 0.7296875 0.74921875 0.034375 0.0203125
0 0.45390625 0.60234375 0.0546875 0.021875
0 0.74375 0.32890625 0.053125 0.0296875
0 0.76328125 0.621875 0.0609375 0.0203125
0 0.4 0.83125 0.0625 0.021875
0 0.5015625 0.209375 0.03125 0.0421875
0 0.821875 0.28671875 0.0625 0.0375
0 0.5984375 0.4265625 0.0296875 0.046875
0 0.67265625 0.3859375 0.0515625 0.0421875
0 0.39921875 0.340625 0.03125 0.05
0 0.4359375 0.778125 0.06875 0.0203125
0 0.25390625 0.73359375 0.0578125 0.0203125
0 0.628125 0.1296875 0.0484375 0.028125
0 0.55 0.56875 0.04375 0.028125
0 0.859375 0.62890625 0.0546875 0.0234375
0 0.52265625 0.82421875 0.0296875 0.0484375
0 0.73984375 0.409375 0.0546875 0.025
0 0.1953125 0.396875 0.03125 0.0484375
0 0.5703125 0.8328125 0.0546875 0.021875
0 0.16015625 0.7875 0.0609375 0.025
0 0.1328125 0.75 0.0765625 0.021875
0 0.7484375 0.765625 0.03125 0.0234375
0 0.6203125 0.70390625 0.0609375 0.0265625
0 0.3 0.58125 0.0234375 0.0578125
0 0.65390625 0.58671875 0.0328125 0.03125
0 0.83203125 0.59453125 0.0234375 0.053125
0 0.62421875 0.48203125 0.0671875 0.01875
0 0.44765625 0.52421875 0.025 0.034375
0 0.29765625 0.48046875 0.0640625 0.0265625
0 0.73984375 0.43046875 0.0265625 0.0390625
0 0.815625 0.41484375 0.059375 0.03125
0 0.5515625 0.265625 0.0703125 0.0265625
0 0.36328125 0.36015625 0.025 0.0328125