0 0.23515625 0.23359375 0.04296875 0.0328125
0 0.60234375 0.38984375 0.0359375 0.03359375
0 0.38203125 0.35703125 0.04296875 0.03203125
0 0.56796875 0.45546875 0.025 0.04375
0 0.25625 0.271875 0.04296875 0.02578125
0 0.29140625 0.32578125 0.03984375 0.04375
0 0.3796875 0.13984375 0.04296875 0.028125
0 0.48828125 0.421875 0.03984375 0.025
0 0.51328125 0.58125 0.04296875 0.028125
0 0.51328125 0.171875 0.0390625 0.028125
0 0.6 0.22109375 0.03046875 0.034375
0 0.4765625 0.3015625 0.040625 0.0296875
0 0.3375 0.29140625 0.0453125 0.03515625
0 0.70625 0.3578125 0.03125 0.034375
0 0.75078125 0.46640625 0.01953125 0.03359375
0 0.765625 0.44921875 0.02578125 0.03359375
0 0.6765625 0.7015625 0.02734375 0.03671875
0 0.2375 0.16796875 0.03046875 0.02578125
0 0.684375 0.5671875 0.02734375 0.03828125
0 0.53671875 0.5234375 0.0453125 0.0296875
0 0.22578125 0.42421875 0.015625 0.03984375
0 0.25234375 0.42734375 0.0421875 0.0390625
0 0.634375 0.41015625 0.01875 0.0390625
0 0.36171875 0.453125 0.04375 0.01640625
0 0.44609375 0.5703125 0.02578125 0.04296875
0 0.73515625 0.55 0.03828125 0.03125
0 0.2046875 0.390625 0.021875 0.0359375
0 0.58046875 0.35078125 0.03046875 0.03671875
0 0.59453125 0.15859375 0.0421875 0.02421875
0 0.79609375 0.41171875 0.02265625 0.034375
0 0.32734375 0.1359375 0.04296875 0.0203125
0 0.60078125 0.4515625 0.02109375 0.046875
0 0.4734375 0.47109375 0.021875 0.0453125
0 0.32421875 0.80390625 0.046875 0.0421875
0 0.34375 0.21875 0.05 0.021875
0 0.403125 0.55 0.03671875 0.0453125
0 0.47890625 0.53671875 0.0265625 0.03359375
0 0.58359375 0.2765625 0.05 0.021875
0 0.5828125 0.190625 0.0171875 0.0375
0 0.32109375 0.58671875 0.0140625 0.04375
0 0.1625 0.18046875 0.02890625 0.03984375
0 0.26328125 0.334375 0.021875 0.04453125
0 0.20859375 0.7578125 0.03125 0.04375
0 0.40078125 0.46953125 0.04765625 0.015625
0 0.415625 0.415625 0.04921875 0.0171875
0 0.41953125 0.16484375 0.0453125 0.02578125
0 0.71328125 0.17734375 0.04921875 0.021875
0 0.53828125 0.2375 0.021875 0.04140625
0 0.25859375 0.7765625 0.0484375 0.03671875
0 0.5828125 0.31640625 0.02265625 0.02890625
0 0.60625 0.29296875 0.025 0.021875
0 0.6328125 0.27890625 0.02734375 0.02734375
0 0.64921875 0.2671875 0.03515625 0.0203125
0 0.65859375 0.24765625 0.02890625 0.028125
0 0.209375 0.32109375 0.0234375 0.040625
0 0.4 0.6484375 0.02734375 0.04609375
0 0.75703125 0.63828125 0.02734375 0.04921875
0 0.703125 0.234375 0.04453125 0.01171875
0 0.53203125 0.55625 0.03984375 0.03046875
0 0.72734375 0.7765625 0.0234375 0.03515625
0 0.76640625 0.74453125 0.0296875 0.0375
0 0.6609375 0.33203125 0.0203125 0.040625
0 0.17421875 0.14609375 0.046875 0.025
0 0.6625 0.87734375 0.0578125 0.0375
0 0.26796875 0.62734375 0.02109375 0.0453125
0 0.590625 0.60703125 0.02265625 0.03671875
0 0.74375 0.25859375 0.02578125 0.040625
0 0.165625 0.259375 0.02109375 0.04140625
0 0.55546875 0.178125 0.04375 0.01875
0 0.79453125 0.62421875 0.02109375 0.03515625
0 0.52890625 0.14921875 0.0453125 0.02421875
0 0.21640625 0.6609375 0.02578125 0.04609375
0 0.7578125 0.525 0.021875 0.0359375
0 0.68203125 0.490625 0.028125 0.040625
0 0.78203125 0.509375 0.02890625 0.03984375
0 0.44296875 0.27578125 0.02578125 0.03515625
0 0.29140625 0.4875 0.0671875 0.01796875
0 0.63828125 0.2265625 0.04375 0.0140625
0 0.1859375 0.4328125 0.03125 0.04609375
0 0.75390625 0.3671875 0.02734375 0.04453125
0 0.3390625 0.1796875 0.02109375 0.0453125
0 0.78515625 0.70546875 0.02578125 0.03984375
0 0.42578125 0.18203125 0.04609375 0.02421875
0 0.2609375 0.153125 0.0234375 0.01953125
0 0.43125 0.246875 0.05625 0.01640625
0 0.52421875 0.315625 0.0171875 0.04140625
0 0.61640625 0.321875 0.0234375 0.034375
0 0.53828125 0.434375 0.05234375 0.01875
0 0.65546875 0.42734375 0.02109375 0.04296875
0 0.68984375 0.40078125 0.025 0.05
0 0.72109375 0.428125 0.0171875 0.0390625
0 0.753125 0.41328125 0.02265625 0.03828125
0 0.25703125 0.46796875 0.0484375 0.01875
0 0.1859375 0.6265625 0.021875 0.03984375
0 0.2453125 0.6828125 0.025 0.04609375
0 0.3359375 0.57734375 0.01796875 0.0328125
0 0.46875 0.63203125 0.0234375 0.0515625
0 0.6890625 0.77265625 0.02265625 0.05
0 0.3078125 0.74921875 0.06640625 0.02734375