0 0.35546875 0.5484375 0.03515625 0.03984375
0 0.634375 0.51640625 0.03515625 0.0421875
0 0.76796875 0.12421875 0.04375 0.03203125
0 0.2375 0.51015625 0.03359375 0.03671875
0 0.53828125 0.41171875 0.02890625 0.03828125
0 0.50703125 0.28125 0.04765625 0.03046875
0 0.73359375 0.32734375 0.02578125 0.03828125
0 0.39609375 0.13125 0.04765625 0.01484375
0 0.46484375 0.2203125 0.0453125 0.0375
0 0.31796875 0.32109375 0.04609375 0.03125
0 0.77265625 0.49765625 0.0375 0.04921875
0 0.2453125 0.16171875 0.03359375 0.0328125
0 0.265625 0.72578125 0.02890625 0.04296875
0 0.71796875 0.5734375 0.034375 0.03828125
0 0.80078125 0.39140625 0.04609375 0.0265625
0 0.659375 0.39375 0.04609375 0.021875
0 0.8265625 0.43828125 0.0265625 0.04140625
0 0.6953125 0.29453125 0.03359375 0.0390625
0 0.415625 0.21171875 0.03515625 0.034375
0 0.60703125 0.271875 0.04609375 0.0234375
0 0.4359375 0.175 0.03984375 0.0375
0 0.20078125 0.29765625 0.03515625 0.0390625
0 0.2015625 0.14375 0.05078125 0.02265625
0 0.8265625 0.38359375 0.03203125 0.03828125
0 0.325 0.653125 0.04453125 0.034375
0 0.72890625 0.46015625 0.0390625 0.03359375
0 0.64375 0.18671875 0.025 0.040625
0 0.4015625 0.56796875 0.0234375 0.025
0 0.51953125 0.63203125 0.034375 0.03984375
0 0.8 0.671875 0.04296875 0.028125
0 0.58125 0.59765625 0.02578125 0.0265625
0 0.29765625 0.58828125 0.01953125 0.0375
0 0.83125 0.55703125 0.0328125 0.03828125
0 0.56015625 0.46875 0.0390625 0.03203125
0 0.7703125 0.34453125 0.03203125 0.03359375
0 0.20703125 0.63828125 0.0609375 0.028125
0 0.63125 0.12734375 0.021875 0.05078125
0 0.30859375 0.2421875 0.02578125 0.02578125
0 0.421875 0.525 0.040625 0.03828125
0 0.509375 0.534375 0.0484375 0.0265625
0 0.59296875 0.53046875 0.02109375 0.04921875
0 0.31171875 0.6765625 0.0390625 0.0359375
0 0.31328125 0.72265625 0.0453125 0.0203125
0 0.51484375 0.478125 0.05234375 0.01953125
0 0.36015625 0.2703125 0.01640625 0.04296875
0 0.834375 0.290625 0.01953125 0.03984375
0 0.540625 0.71484375 0.0296875 0.040625
0 0.56796875 0.5078125 0.0328125 0.03671875
0 0.58203125 0.57109375 0.025 0.02890625
0 0.4375 0.5671875 0.02109375 0.04609375
0 0.38515625 0.81875 0.025 0.0390625
0 0.6265625 0.44609375 0.02265625 0.046875
0 0.6421875 0.41015625 0.0359375 0.0203125
0 0.5203125 0.2109375 0.04609375 0.01015625
0 0.1671875 0.184375 0.0265625 0.03125
0 0.634375 0.2390625 0.01796875 0.034375
0 0.84140625 0.3171875 0.01796875 0.034375
0 0.671875 0.559375 0.0421875 0.03203125
0 0.4015625 0.3828125 0.02734375 0.0390625
0 0.38828125 0.43125 0.0453125 0.03046875
0 0.709375 0.68203125 0.02421875 0.0453125
0 0.16640625 0.42890625 0.02265625 0.0390625
0 0.67890625 0.27578125 0.05546875 0.01328125
0 0.44453125 0.328125 0.02265625 0.04453125
0 0.8015625 0.3421875 0.021875 0.040625
0 0.5171875 0.45859375 0.04921875 0.02109375
0 0.34765625 0.190625 0.071875 0.01640625
0 0.28359375 0.48671875 0.0265625 0.04375
0 0.1484375 0.22890625 0.025 0.0390625
0 0.18359375 0.2171875 0.05234375 0.03828125
0 0.1625 0.4890625 0.02734375 0.040625
0 0.146875 0.35078125 0.01953125 0.05
0 0.7140625 0.37734375 0.03203125 0.0359375
0 0.85078125 0.79140625 0.025 0.0390625
0 0.59296875 0.3765625 0.0203125 0.04140625
0 0.33125 0.1234375 0.05625 0.02421875
0 0.5515625 0.165625 0.053125 0.015625
0 0.66328125 0.33828125 0.046875 0.0171875
0 0.384375 0.32265625 0.0203125 0.04296875
0 0.43046875 0.26015625 0.0203125 0.0390625
0 0.3 0.86328125 0.05703125 0.01640625
0 0.46015625 0.52578125 0.04296875 0.01875
0 0.4359375 0.91484375 0.0546875 0.01796875
0 0.14921875 0.559375 0.0234375 0.0421875
0 0.78515625 0.4296875 0.0265625 0.046875
0 0.30703125 0.4203125 0.02734375 0.046875
0 0.3046875 0.2109375 0.075 0.01015625
0 0.284375 0.18671875 0.025 0.03125
0 0.2140625 0.80546875 0.05703125 0.0203125
0 0.8125 0.62421875 0.03203125 0.05703125
0 0.58984375 0.12421875 0.0578125 0.01875
0 0.425 0.128125 0.0296875 0.01875
0 0.23125 0.14140625 0.0203125 0.02578125
0 0.1828125 0.33828125 0.0265625 0.04296875
0 0.3453125 0.23046875 0.02578125 0.02578125
0 0.53203125 0.2015625 0.03671875 0.01015625
0 0.74375 0.428125 0.021875 0.02734375
0 0.1796875 0.39921875 0.02890625 0.028125
0 0.46640625 0.56953125 0.0234375 0.0421875
0 0.18671875 0.76328125 0.0171875 0.03359375