0 0.36484375 0.89609375 0.075 0.0421875
0 0.5 0.8171875 0.046875 0.0546875
0 0.5921875 0.74609375 0.0484375 0.0515625
0 0.47109375 0.69765625 0.05625 0.0421875
0 0.3640625 0.7359375 0.0375 0.05
0 0.6578125 0.66171875 0.05625 0.046875
0 0.59609375 0.63046875 0.0671875 0.046875
0 0.38125 0.684375 0.0171875 0.0140625
0 0.36796875 0.70078125 0.028125 0.0234375
0 0.265625 0.6875 0.05 0.0421875
0 0.303125 0.6765625 0.0421875 0.046875
0 0.240625 0.65625 0.053125 0.05
0 0.37265625 0.60390625 0.071875 0.0390625
0 0.4328125 0.61796875 0.0578125 0.0375
0 0.37734375 0.56953125 0.05625 0.040625
0 0.30546875 0.5546875 0.0515625 0.0546875
0 0.20703125 0.54296875 0.046875 0.0578125
0 0.34765625 0.53515625 0.0515625 0.0390625
0 0.21875 0.47421875 0.0421875 0.0453125
0 0.15078125 0.47890625 0.028125 0.0234375
0 0.39453125 0.51328125 0.01875 0.0203125
0 0.52421875 0.56171875 0.059375 0.0375
0 0.4484375 0.52734375 0.0453125 0.0484375
0 0.47421875 0.503125 0.05 0.0515625
0 0.52578125 0.4953125 0.0625 0.0421875
0 0.528125 0.45 0.05625 0.0515625
0 0.61015625 0.56796875 0.0375 0.053125
0 0.6765625 0.54453125 0.0578125 0.05625
0 0.71640625 0.5921875 0.0453125 0.0578125
0 0.621875 0.515625 0.040625 0.0484375
0 0.72578125 0.5 0.0515625 0.05625
0 0.84296875 0.52578125 0.053125 0.05
0 0.83671875 0.465625 0.0359375 0.0578125
0 0.80546875 0.44140625 0.0390625 0.05625
0 0.7515625 0.45390625 0.0671875 0.04375
0 0.67890625 0.4234375 0.021875 0.0203125
0 0.68203125 0.43828125 0.0234375 0.0171875
0 0.84453125 0.40625 0.046875 0.0515625
0 0.8015625 0.35625 0.04375 0.046875
0 0.72578125 0.38125 0.0640625 0.053125
0 0.7828125 0.32421875 0.071875 0.0484375
0 0.80625 0.26953125 0.040625 0.0515625
0 0.7734375 0.2359375 0.04375 0.05
0 0.72421875 0.23125 0.046875 0.0453125
0 0.69375 0.234375 0.03125 0.0484375
0 0.63125 0.23828125 0.0625 0.0359375
0 0.55703125 0.225 0.05 0.04375
0 0.609375 0.2109375 0.0453125 0.0375
0 0.62734375 0.17265625 0.053125 0.0375
0 0.69375 0.1765625 0.0578125 0.0484375
0 0.7625 0.17578125 0.0375 0.05
0 0.75234375 0.1296875 0.0453125 0.05
0 0.759375 0.0765625 0.034375 0.0359375
0 0.73828125 0.05078125 0.0203125 0.0265625
0 0.65234375 0.12890625 0.0359375 0.05
0 0.63046875 0.07109375 0.06875 0.034375
0 0.65625 0.0375 0.0390625 0.0484375
0 0.7125 0.01640625 0.06875 0.0328125
0 0.575 0.13125 0.053125 0.046875
0 0.534375 0.1546875 0.034375 0.0484375
0 0.5265625 0.11484375 0.0484375 0.046875
0 0.51171875 0.19296875 0.040625 0.0546875
0 0.44765625 0.153125 0.0578125 0.0390625
0 0.39453125 0.16640625 0.0671875 0.0578125
0 0.37734375 0.21796875 0.053125 0.046875
0 0.2828125 0.21640625 0.04375 0.0515625
0 0.29921875 0.1796875 0.0703125 0.040625
0 0.2046875 0.2328125 0.0765625 0.05
0 0.23828125 0.28671875 0.0375 0.028125
0 0.2828125 0.290625 0.04375 0.0328125
0 0.36484375 0.28125 0.0546875 0.05
0 0.365625 0.25 0.065625 0.0359375
0 0.21953125 0.33359375 0.0640625 0.0421875
0 0.16640625 0.3765625 0.078125 0.04375
0 0.1125 0.271875 0.0296875 0.0265625
0 0.11875 0.23046875 0.0234375 0.01875
0 0.1859375 0.42265625 0.0484375 0.05625
0 0.2203125 0.4140625 0.046875 0.0640625
0 0.26953125 0.41640625 0.05 0.0609375
0 0.35390625 0.40390625 0.059375 0.0578125
0 0.396875 0.353125 0.0359375 0.0484375
0 0.43828125 0.36484375 0.0515625 0.03125
0 0.4171875 0.4015625 0.04375 0.053125
0 0.48046875 0.39609375 0.0578125 0.053125
0 0.36953125 0.4359375 0.0671875 0.0390625
0 0.42578125 0.4640625 0.05625 0.0609375
0 0.58125 0.37109375 0.0390625 0.05
0 0.5796875 0.32421875 0.046875 0.05
0 0.61484375 0.3234375 0.040625 0.053125
0 0.59453125 0.290625 0.0703125 0.0390625
0 0.490625 0.290625 0.040625 0.053125
0 0.66953125 0.278125 0.03125 0.03125
0 0.725 0.2765625 0.0359375 0.0265625