0 0.490625 0.359375 0.040625 0.0421875
0 0.75234375 0.3515625 0.03125 0.0421875
0 0.625 0.32421875 0.0359375 0.0453125
0 0.38203125 0.57421875 0.0546875 0.03125
0 0.85390625 0.13203125 0.0703125 0.028125
0 0.14140625 0.28984375 0.046875 0.0421875
0 0.140625 0.25546875 0.034375 0.0296875
0 0.20078125 0.234375 0.0625 0.0375
0 0.65546875 0.5171875 0.0390625 0.0375
0 0.4046875 0.29765625 0.0390625 0.0359375
0 0.72578125 0.7140625 0.0578125 0.0375
0 0.49375 0.22421875 0.05 0.028125
0 0.7234375 0.303125 0.03125 0.0484375
0 0.725 0.903125 0.04375 0.0375
0 0.4109375 0.2078125 0.03125 0.046875
0 0.61171875 0.51875 0.025 0.0453125
0 0.234375 0.30625 0.0640625 0.03125
0 0.34375 0.628125 0.0375 0.0328125
0 0.5375 0.5953125 0.0515625 0.0453125
0 0.18203125 0.31796875 0.0296875 0.04375
0 0.36796875 0.715625 0.034375 0.040625
0 0.690625 0.64296875 0.0296875 0.046875
0 0.5578125 0.52109375 0.040625 0.0578125
0 0.69375 0.26875 0.0265625 0.04375
0 0.2890625 0.25078125 0.0421875 0.0359375
0 0.4234375 0.9234375 0.04375 0.040625
0 0.55 0.42109375 0.0234375 0.046875
0 0.27421875 0.578125 0.0390625 0.0375
0 0.346875 0.09375 0.0546875 0.01875
0 0.55859375 0.85234375 0.0546875 0.034375
0 0.18203125 0.38203125 0.0296875 0.0515625
0 0.23125 0.628125 0.0328125 0.0484375
0 0.590625 0.7390625 0.0640625 0.01875
0 0.4984375 0.86796875 0.0265625 0.040625
0 0.4171875 0.14921875 0.0265625 0.0484375
0 0.25 0.4421875 0.0453125 0.0234375
0 0.3453125 0.45078125 0.059375 0.0453125
0 0.23125 0.13359375 0.0328125 0.034375
0 0.4828125 0.7640625 0.0484375 0.0296875
0 0.6375 0.4828125 0.028125 0.0359375
0 0.68671875 0.2015625 0.053125 0.0359375
0 0.25 0.16796875 0.021875 0.05
0 0.1921875 0.19375 0.040625 0.034375
0 0.5078125 0.184375 0.0234375 0.046875
0 0.49296875 0.78984375 0.05 0.0296875
0 0.2703125 0.3546875 0.0234375 0.0359375
0 0.3015625 0.3578125 0.046875 0.0375
0 0.203125 0.1453125 0.034375 0.0328125
0 0.3421875 0.1328125 0.0328125 0.0453125
0 0.30546875 0.13359375 0.0484375 0.0234375
0 0.15625 0.1609375 0.0265625 0.0515625
0 0.6015625 0.70625 0.0234375 0.03125
0 0.56171875 0.3859375 0.0296875 0.034375
0 0.26953125 0.671875 0.0296875 0.040625
0 0.496875 0.28828125 0.065625 0.0265625
0 0.70390625 0.125 0.065625 0.0203125
0 0.4671875 0.178125 0.05 0.028125
0 0.54140625 0.33359375 0.0265625 0.0421875
0 0.79609375 0.175 0.025 0.04375
0 0.5640625 0.33984375 0.028125 0.0390625
0 0.5125 0.90234375 0.0578125 0.021875
0 0.46484375 0.61015625 0.0578125 0.0234375
0 0.4703125 0.53203125 0.0640625 0.0265625
0 0.840625 0.36328125 0.0265625 0.04375
0 0.33203125 0.1703125 0.0296875 0.01875
0 0.44921875 0.33984375 0.028125 0.0484375
0 0.45 0.296875 0.0578125 0.0234375
0 0.740625 0.75390625 0.0578125 0.01875
0 0.828125 0.4234375 0.053125 0.0265625
0 0.25078125 0.3859375 0.0484375 0.0375
0 0.2640625 0.1015625 0.0671875 0.0203125
0 0.5390625 0.809375 0.0640625 0.0328125
0 0.39921875 0.6421875 0.0640625 0.0296875
0 0.4984375 0.49375 0.059375 0.0359375
0 0.40625 0.48671875 0.0625 0.028125
0 0.4796875 0.82265625 0.0265625 0.0390625
0 0.3 0.65 0.0265625 0.05
0 0.8171875 0.31796875 0.021875 0.0453125
0 0.61015625 0.58828125 0.065625 0.01875
0 0.76796875 0.5796875 0.0265625 0.05
0 0.5 0.45859375 0.0265625 0.0421875
0 0.5109375 0.43359375 0.0390625 0.0171875
0 0.4484375 0.45625 0.059375 0.025
0 0.77265625 0.64296875 0.0359375 0.0546875
0 0.38515625 0.3578125 0.0671875 0.0296875
0 0.334375 0.29140625 0.0609375 0.0296875
0 0.2125 0.43359375 0.0328125 0.0328125
0 0.24296875 0.5265625 0.0359375 0.05
0 0.35625 0.61015625 0.0265625 0.015625
0 0.58046875 0.65703125 0.0265625 0.0328125
0 0.56015625 0.6921875 0.0296875 0.0390625
0 0.40234375 0.875 0.0578125 0.03125
0 0.2796875 0.86328125 0.08125 0.0375
0 0.4640625 0.25390625 0.059375 0.028125
0 0.390625 0.09140625 0.025 0.0203125
0 0.37109375 0.078125 0.025 0.0234375
0 0.30390625 0.16640625 0.0296875 0.0203125
0 0.146875 0.09140625 0.0265625 0.021875
0 0.16953125 0.11953125 0.0265625 0.0390625
0 0.17578125 0.1609375 0.0234375 0.0421875