0 0.628125 0.1203125 0.03046875 0.04375
0 0.5125 0.17265625 0.0640625 0.02109375
0 0.16015625 0.15625 0.02734375 0.0359375
0 0.16171875 0.20234375 0.01953125 0.03828125
0 0.16484375 0.1828125 0.053125 0.0140625
0 0.19453125 0.16640625 0.0328125 0.03828125
0 0.17578125 0.2375 0.0328125 0.03671875
0 0.19609375 0.221875 0.015625 0.03515625
0 0.1484375 0.271875 0.01171875 0.0328125
0 0.16796875 0.28671875 0.0234375 0.03984375
0 0.25 0.30078125 0.03828125 0.04375
0 0.16015625 0.36328125 0.02421875 0.040625
0 0.20390625 0.340625 0.01953125 0.04453125
0 0.53984375 0.2359375 0.05234375 0.0375
0 0.74921875 0.22265625 0.01953125 0.046875
0 0.48828125 0.25390625 0.03125 0.0421875
0 0.33671875 0.3421875 0.0453125 0.046875
0 0.43125 0.3625 0.0375 0.046875
0 0.490625 0.34921875 0.025 0.0421875
0 0.5171875 0.36328125 0.02265625 0.0453125
0 0.61484375 0.29765625 0.03828125 0.034375
0 0.65859375 0.31953125 0.0546875 0.025
0 0.7171875 0.34765625 0.03046875 0.0171875
0 0.74765625 0.3265625 0.02578125 0.0390625
0 0.68828125 0.39296875 0.0375 0.03515625
0 0.653125 0.38203125 0.0328125 0.0359375
0 0.615625 0.36171875 0.0234375 0.03828125
0 0.58984375 0.40234375 0.01640625 0.0421875
0 0.61015625 0.42421875 0.02421875 0.015625
0 0.79296875 0.459375 0.02890625 0.046875
0 0.6875 0.45 0.03828125 0.0375
0 0.6328125 0.45859375 0.028125 0.05078125
0 0.52109375 0.44453125 0.06171875 0.02890625
0 0.41875 0.4125 0.0546875 0.02578125
0 0.36484375 0.39140625 0.0578125 0.0171875
0 0.24140625 0.40859375 0.0265625 0.0390625
0 0.15390625 0.41640625 0.01953125 0.0421875
0 0.22421875 0.48203125 0.02734375 0.0390625
0 0.2015625 0.546875 0.0265625 0.05078125
0 0.23359375 0.53828125 0.02734375 0.04140625
0 0.265625 0.50859375 0.01640625 0.04375
0 0.2890625 0.5375 0.028125 0.0390625
0 0.38515625 0.5109375 0.02890625 0.04921875
0 0.428125 0.4703125 0.05546875 0.0234375
0 0.334375 0.57265625 0.01875 0.0515625
0 0.46875 0.55546875 0.071875 0.02734375
0 0.5359375 0.5515625 0.0265625 0.02265625
0 0.54921875 0.52265625 0.021875 0.025
0 0.56875 0.528125 0.0328125 0.02109375
0 0.60703125 0.53515625 0.0359375 0.0375
0 0.64921875 0.51953125 0.02265625 0.025
0 0.671875 0.49453125 0.03203125 0.01875
0 0.80859375 0.51875 0.0265625 0.04375
0 0.82265625 0.546875 0.02421875 0.03828125
0 0.7765625 0.5734375 0.05625 0.0234375
0 0.6890625 0.553125 0.040625 0.02734375
0 0.628125 0.5640625 0.05 0.021875
0 0.5265625 0.5875 0.05703125 0.01484375
0 0.40234375 0.6125 0.04765625 0.0296875
0 0.48046875 0.65234375 0.01953125 0.04921875
0 0.16640625 0.61796875 0.025 0.04140625
0 0.16796875 0.6703125 0.0359375 0.03671875
0 0.23046875 0.68359375 0.05859375 0.028125
0 0.35078125 0.6859375 0.06484375 0.01484375
0 0.54140625 0.63828125 0.053125 0.03125
0 0.59921875 0.61640625 0.07421875 0.01015625
0 0.6734375 0.61640625 0.065625 0.0125
0 0.73125 0.64375 0.0546875 0.03203125
0 0.7734375 0.6203125 0.02578125 0.0390625
0 0.7984375 0.61875 0.0234375 0.0453125
0 0.81953125 0.6734375 0.03671875 0.04375
0 0.71171875 0.67265625 0.0484375 0.0234375
0 0.6234375 0.6671875 0.05546875 0.02890625
0 0.5171875 0.71640625 0.0515625 0.03125
0 0.53828125 0.684375 0.0609375 0.02265625
0 0.69453125 0.72265625 0.04375 0.04140625
0 0.6734375 0.77578125 0.04609375 0.04375
0 0.81953125 0.8078125 0.06015625 0.02265625
0 0.59375 0.78671875 0.06328125 0.015625
0 0.35078125 0.79453125 0.07265625 0.02421875
0 0.31484375 0.7578125 0.03671875 0.0390625
0 0.16640625 0.75234375 0.03125 0.0484375
0 0.246875 0.8328125 0.05859375 0.02890625
0 0.353125 0.8703125 0.0625 0.025
0 0.3078125 0.8984375 0.05 0.0171875
0 0.2265625 0.890625 0.04765625 0.02265625
0 0.1515625 0.90546875 0.05 0.0265625
0 0.3875 0.92265625 0.0328125 0.02578125
0 0.390625 0.89453125 0.0546875 0.02421875
0 0.515625 0.88515625 0.08046875 0.02890625
0 0.48359375 0.825 0.04921875 0.0296875
0 0.62734375 0.8328125 0.06484375 0.01796875
0 0.646875 0.859375 0.0125 0.04765625
0 0.70078125 0.890625 0.0671875 0.0140625
0 0.678125 0.8734375 0.046875 0.01640625
0 0.78046875 0.88203125 0.0484375 0.04453125
0 0.7421875 0.83984375 0.06328125 0.025