0 0.74375 0.2296875 0.04375 0.01640625
0 0.5203125 0.4203125 0.03984375 0.0296875
0 0.7265625 0.34921875 0.040625 0.0328125
0 0.32421875 0.5765625 0.0453125 0.04765625
0 0.76953125 0.41640625 0.03359375 0.02734375
0 0.3921875 0.58359375 0.0453125 0.0375
0 0.34296875 0.196875 0.0546875 0.02734375
0 0.61171875 0.74140625 0.03984375 0.034375
0 0.134375 0.30078125 0.03984375 0.05078125
0 0.47265625 0.1359375 0.0578125 0.0234375
0 0.54765625 0.3890625 0.0265625 0.0359375
0 0.325 0.16875 0.05390625 0.02265625
0 0.26875 0.18359375 0.0328125 0.034375
0 0.39921875 0.42265625 0.0359375 0.04296875
0 0.57578125 0.85078125 0.0546875 0.03125
0 0.65546875 0.275 0.04453125 0.02890625
0 0.48984375 0.55078125 0.05 0.03125
0 0.68125 0.1703125 0.053125 0.0203125
0 0.23359375 0.38671875 0.02734375 0.04296875
0 0.4078125 0.21875 0.0484375 0.02890625
0 0.471875 0.49921875 0.03046875 0.04453125
0 0.7109375 0.63984375 0.05 0.02109375
0 0.5421875 0.4765625 0.02265625 0.034375
0 0.83125 0.759375 0.06171875 0.02109375
0 0.5609375 0.33125 0.0515625 0.0328125
0 0.65859375 0.4734375 0.05234375 0.0171875
0 0.16953125 0.23671875 0.028125 0.04140625
0 0.45390625 0.184375 0.04609375 0.03125
0 0.41328125 0.15 0.03828125 0.046875
0 0.4171875 0.2875 0.05546875 0.0328125
0 0.83671875 0.27890625 0.03046875 0.04921875
0 0.3015625 0.8203125 0.0453125 0.03984375
0 0.46015625 0.28984375 0.01953125 0.040625
0 0.459375 0.40390625 0.0515625 0.02109375
0 0.196875 0.4796875 0.0328125 0.04765625
0 0.62421875 0.3890625 0.06015625 0.0140625
0 0.22578125 0.44609375 0.053125 0.01953125
0 0.21640625 0.340625 0.02890625 0.0359375
0 0.328125 0.4375 0.0234375 0.046875
0 0.28125 0.39609375 0.0421875 0.03984375
0 0.84375 0.12265625 0.0234375 0.04296875
0 0.346875 0.4578125 0.02734375 0.04765625
0 0.85703125 0.5875 0.0203125 0.034375
0 0.8 0.14140625 0.040625 0.01171875
0 0.82890625 0.459375 0.04140625 0.03359375
0 0.33359375 0.32734375 0.05625 0.0265625
0 0.74921875 0.1046875 0.053125 0.01640625
0 0.384375 0.37109375 0.05 0.0375
0 0.490625 0.25 0.0328125 0.0421875
0 0.771875 0.80625 0.0453125 0.0390625
0 0.259375 0.80390625 0.03515625 0.04140625
0 0.82734375 0.15546875 0.04375 0.0203125
0 0.28125 0.2296875 0.01796875 0.0375
0 0.47734375 0.321875 0.0171875 0.03671875
0 0.58984375 0.278125 0.046875 0.01953125
0 0.38046875 0.7171875 0.02890625 0.04609375
0 0.2984375 0.2546875 0.04609375 0.03984375
0 0.4765625 0.346875 0.04609375 0.015625
0 0.2484375 0.85625 0.03828125 0.0453125
0 0.76953125 0.24609375 0.0296875 0.028125
0 0.815625 0.49921875 0.04765625 0.03125
0 0.30234375 0.12890625 0.03046875 0.04375
0 0.340625 0.665625 0.03046875 0.040625
0 0.240625 0.14296875 0.07734375 0.015625
0 0.86484375 0.6484375 0.06015625 0.015625
0 0.19375 0.63515625 0.0265625 0.05546875
0 0.56484375 0.54609375 0.03203125 0.03046875
0 0.73046875 0.58203125 0.053125 0.0125
0 0.746875 0.27890625 0.01875 0.0375
0 0.3671875 0.478125 0.0265625 0.0328125
0 0.796875 0.1515625 0.0546875 0.015625
0 0.33515625 0.303125 0.053125 0.0171875
0 0.42578125 0.7578125 0.0640625 0.0203125
0 0.65546875 0.69375 0.0671875 0.015625
0 0.70078125 0.55390625 0.0484375 0.01328125
0 0.72265625 0.44296875 0.0328125 0.03671875
0 0.221875 0.76796875 0.01640625 0.04921875
0 0.18125 0.7265625 0.02890625 0.05234375
0 0.571875 0.3046875 0.053125 0.021875
0 0.56171875 0.08984375 0.06640625 0.0125
0 0.80390625 0.5953125 0.05 0.015625
0 0.18984375 0.26796875 0.0234375 0.05
0 0.75546875 0.525 0.02265625 0.0515625
0 0.61953125 0.8 0.03203125 0.053125
0 0.159375 0.48671875 0.02265625 0.04296875
0 0.69296875 0.52734375 0.01796875 0.03984375
0 0.3671875 0.53046875 0.0265625 0.04609375
0 0.74296875 0.178125 0.02578125 0.05
0 0.25546875 0.61640625 0.02734375 0.04375
0 0.50078125 0.65625 0.025 0.0375
0 0.83125 0.3109375 0.03515625 0.02421875
0 0.26484375 0.1234375 0.0375 0.01640625
0 0.23359375 0.18359375 0.04765625 0.015625
0 0.83359375 0.08984375 0.0453125 0.01484375
0 0.7453125 0.39375 0.021875 0.034375
0 0.7953125 0.43671875 0.05625 0.0140625
0 0.59140625 0.56328125 0.0515625 0.0203125
0 0.696875 0.86796875 0.0640625 0.0171875