0 0.24375 0.8203125 0.0609375 0.0375
0 0.67109375 0.45546875 0.03125 0.0421875
0 0.33125 0.41640625 0.0328125 0.04375
0 0.7203125 0.77421875 0.0390625 0.0390625
0 0.5546875 0.2640625 0.028125 0.05
0 0.23125 0.35703125 0.0421875 0.0421875
0 0.24765625 0.25703125 0.0296875 0.0453125
0 0.73671875 0.51953125 0.0203125 0.0421875
0 0.49765625 0.1328125 0.0375 0.0421875
0 0.63515625 0.2796875 0.0484375 0.040625
0 0.26328125 0.40703125 0.0515625 0.0421875
0 0.52421875 0.49609375 0.0359375 0.0453125
0 0.6390625 0.38671875 0.034375 0.0375
0 0.7515625 0.2796875 0.0453125 0.03125
0 0.41953125 0.6296875 0.0421875 0.040625
0 0.77421875 0.40625 0.05625 0.03125
0 0.36953125 0.5625 0.0296875 0.0203125
0 0.721875 0.74296875 0.0265625 0.0296875
0 0.1984375 0.29453125 0.065625 0.03125
0 0.29453125 0.15078125 0.0390625 0.034375
0 0.59765625 0.6484375 0.025 0.046875
0 0.41484375 0.21875 0.059375 0.0390625
0 0.590625 0.21796875 0.0265625 0.0453125
0 0.20078125 0.4453125 0.05625 0.03125
0 0.32109375 0.35703125 0.0359375 0.04375
0 0.52578125 0.5953125 0.025 0.0453125
0 0.628125 0.790625 0.0578125 0.028125
0 0.553125 0.1359375 0.0265625 0.040625
0 0.71796875 0.23046875 0.053125 0.034375
0 0.5109375 0.36953125 0.0359375 0.04375
0 0.79140625 0.7703125 0.0234375 0.05
0 0.6046875 0.4203125 0.05625 0.0375
0 0.35 0.24921875 0.0234375 0.0390625
0 0.37109375 0.26640625 0.0359375 0.0390625
0 0.6015625 0.4875 0.053125 0.025
0 0.728125 0.6921875 0.0421875 0.0375
0 0.5515625 0.184375 0.059375 0.0296875
0 0.40390625 0.3765625 0.040625 0.0328125
0 0.83671875 0.40234375 0.0265625 0.0453125
0 0.65078125 0.52421875 0.0375 0.0484375
0 0.825 0.46328125 0.0265625 0.046875
0 0.2546875 0.32890625 0.021875 0.0171875
0 0.27890625 0.33828125 0.034375 0.03125
0 0.18125 0.17421875 0.0265625 0.046875
0 0.1921875 0.55234375 0.05625 0.04375
0 0.60078125 0.54375 0.0359375 0.034375
0 0.24296875 0.18359375 0.0375 0.0421875
0 0.421875 0.12890625 0.0171875 0.040625
0 0.44140625 0.14140625 0.028125 0.0203125
0 0.68125 0.6265625 0.0515625 0.03125
0 0.796875 0.9109375 0.05 0.0359375
0 0.64296875 0.22265625 0.065625 0.01875
0 0.45078125 0.3578125 0.0578125 0.0203125
0 0.77421875 0.55703125 0.0265625 0.05
0 0.41953125 0.278125 0.028125 0.04375
0 0.19296875 0.1359375 0.03125 0.0359375
0 0.8421875 0.73828125 0.0234375 0.05
0 0.70234375 0.3546875 0.0609375 0.0375
0 0.703125 0.321875 0.0609375 0.0296875
0 0.5359375 0.3328125 0.025 0.040625
0 0.49140625 0.696875 0.028125 0.0453125
0 0.59140625 0.51171875 0.0421875 0.0265625
0 0.49296875 0.534375 0.0640625 0.0203125
0 0.76640625 0.44765625 0.0609375 0.0359375
0 0.49609375 0.10078125 0.05 0.021875
0 0.35859375 0.096875 0.0578125 0.0265625
0 0.2359375 0.09765625 0.028125 0.040625
0 0.328125 0.296875 0.05625 0.021875
0 0.47578125 0.2609375 0.05625 0.034375
0 0.25390625 0.45 0.0296875 0.046875
0 0.20234375 0.109375 0.0484375 0.0296875
0 0.44765625 0.8078125 0.0671875 0.025
0 0.41640625 0.83828125 0.0703125 0.021875
0 0.746875 0.63515625 0.0484375 0.040625
0 0.48125 0.19765625 0.025 0.0546875
0 0.6640625 0.2515625 0.06875 0.0234375
0 0.81796875 0.33125 0.025 0.0453125
0 0.61640625 0.465625 0.05625 0.0203125
0 0.453125 0.0953125 0.034375 0.01875
0 0.809375 0.86640625 0.0296875 0.034375
0 0.82578125 0.8375 0.0234375 0.03125
0 0.81328125 0.75 0.021875 0.0234375
0 0.603125 0.6875 0.05625 0.0234375
0 0.5890625 0.709375 0.034375 0.021875
0 0.8125 0.67109375 0.015625 0.0234375
0 0.82890625 0.6859375 0.025 0.0203125
0 0.55390625 0.71015625 0.0375 0.0328125
0 0.38984375 0.54609375 0.025 0.040625
0 0.653125 0.603125 0.0296875 0.0171875
0 0.66015625 0.578125 0.0296875 0.0234375
0 0.62890625 0.5625 0.0296875 0.0171875
0 0.4109375 0.434375 0.05625 0.0265625
0 0.565625 0.39140625 0.028125 0.05
0 0.67890625 0.38671875 0.0546875 0.0234375
0 0.7703125 0.34453125 0.0296875 0.0421875
0 0.775 0.30546875 0.0203125 0.0296875
0 0.6203125 0.32109375 0.065625 0.0296875
0 0.2515625 0.31015625 0.01875 0.021875
0 0.3203125 0.11875 0.059375 0.0234375