0 0.40859375 0.83515625 0.0359375 0.04140625
0 0.384375 0.17109375 0.05234375 0.03828125
0 0.15234375 0.53984375 0.0421875 0.02734375
0 0.2953125 0.82578125 0.04140625 0.03203125
0 0.7984375 0.0984375 0.04609375 0.0375
0 0.609375 0.32890625 0.05078125 0.03515625
0 0.175 0.28984375 0.0375 0.0375
0 0.5734375 0.17890625 0.0484375 0.03359375
0 0.48046875 0.76484375 0.05859375 0.025
0 0.58671875 0.70703125 0.0421875 0.03203125
0 0.3578125 0.35390625 0.03984375 0.03359375
0 0.703125 0.178125 0.03046875 0.04921875
0 0.19609375 0.71796875 0.03515625 0.04296875
0 0.36484375 0.51484375 0.0296875 0.03984375
0 0.25703125 0.64375 0.04921875 0.021875
0 0.2359375 0.28984375 0.05078125 0.04296875
0 0.42265625 0.1390625 0.0390625 0.0203125
0 0.79765625 0.52421875 0.0359375 0.04609375
0 0.2578125 0.54453125 0.0390625 0.0328125
0 0.64296875 0.265625 0.034375 0.0421875
0 0.68046875 0.3140625 0.03515625 0.04765625
0 0.81953125 0.6390625 0.0578125 0.02734375
0 0.79296875 0.79765625 0.03515625 0.02890625
0 0.7234375 0.51953125 0.046875 0.03671875
0 0.51953125 0.65859375 0.0515625 0.03046875
0 0.5328125 0.38828125 0.03984375 0.04296875
0 0.36953125 0.62109375 0.04140625 0.04296875
0 0.6125 0.465625 0.04765625 0.0203125
0 0.2421875 0.75 0.03984375 0.04765625
0 0.15859375 0.4921875 0.03671875 0.040625
0 0.465625 0.17265625 0.0515625 0.01640625
0 0.69296875 0.70234375 0.0265625 0.0390625
0 0.1609375 0.15390625 0.06015625 0.0296875
0 0.1578125 0.4453125 0.03515625 0.03671875
0 0.76171875 0.41171875 0.04375 0.02890625
0 0.778125 0.22421875 0.05390625 0.0234375
0 0.81875 0.590625 0.0453125 0.03828125
0 0.50234375 0.48515625 0.05078125 0.0171875
0 0.8546875 0.36953125 0.0328125 0.04296875
0 0.2625 0.35078125 0.04765625 0.03125
0 0.73203125 0.1203125 0.0421875 0.03203125
0 0.40546875 0.40390625 0.0359375 0.03828125
0 0.396875 0.35 0.04375 0.0265625
0 0.21328125 0.5125 0.0546875 0.01640625
0 0.1171875 0.45625 0.0484375 0.01875
0 0.284375 0.6953125 0.03125 0.03984375
0 0.11875 0.27265625 0.0359375 0.03515625
0 0.72578125 0.2765625 0.05546875 0.01640625
0 0.5203125 0.85078125 0.0265625 0.0484375
0 0.53828125 0.84296875 0.0578125 0.01484375
0 0.58671875 0.82421875 0.02109375 0.04765625
0 0.85625 0.56484375 0.0203125 0.053125
0 0.7140625 0.48671875 0.04765625 0.02421875
0 0.2890625 0.38671875 0.0265625 0.0421875
0 0.1296875 0.41640625 0.0296875 0.03359375
0 0.12890625 0.1375 0.03203125 0.04140625
0 0.15859375 0.35703125 0.02578125 0.04140625
0 0.56953125 0.2359375 0.0203125 0.05703125
0 0.35390625 0.26328125 0.0609375 0.0125
0 0.3125 0.4875 0.03203125 0.02890625
0 0.8921875 0.34609375 0.0359375 0.0375
0 0.184375 0.5765625 0.05859375 0.0125
0 0.8328125 0.12578125 0.02265625 0.05
0 0.8671875 0.78046875 0.04375 0.05234375
0 0.17578125 0.89296875 0.034375 0.0203125
0 0.8359375 0.81015625 0.059375 0.03515625
0 0.534375 0.35234375 0.0265625 0.03828125
0 0.8546875 0.13046875 0.02109375 0.05234375
0 0.37265625 0.08046875 0.05703125 0.01796875
0 0.25625 0.1171875 0.04921875 0.01796875
0 0.1296875 0.353125 0.02890625 0.04296875
0 0.334375 0.69140625 0.05546875 0.021875
0 0.40390625 0.3109375 0.0328125 0.03828125
0 0.4328125 0.90390625 0.06640625 0.01796875
0 0.30546875 0.9203125 0.0578125 0.01171875
0 0.18984375 0.59921875 0.0671875 0.01640625
0 0.61953125 0.290625 0.02890625 0.0390625
0 0.5140625 0.9328125 0.0671875 0.025
0 0.20703125 0.27734375 0.01796875 0.04609375
0 0.146875 0.7484375 0.05625 0.02578125
0 0.53515625 0.57265625 0.0359375 0.01640625
0 0.6234375 0.36875 0.04609375 0.015625
0 0.665625 0.55546875 0.05234375 0.0203125
0 0.3015625 0.95546875 0.0703125 0.0140625
0 0.39609375 0.959375 0.07109375 0.01796875
0 0.43984375 0.4203125 0.02890625 0.03984375
0 0.1671875 0.37734375 0.05234375 0.00859375
0 0.7578125 0.48125 0.0265625 0.0375
0 0.2828125 0.553125 0.01953125 0.04375
0 0.31171875 0.5859375 0.028125 0.040625
0 0.56484375 0.65703125 0.0328125 0.05
0 0.4328125 0.7203125 0.0671875 0.0203125
0 0.26015625 0.82890625 0.02109375 0.05
0 0.1421875 0.89921875 0.03515625 0.01328125
0 0.365625 0.92890625 0.06953125 0.0140625
0 0.21796875 0.94140625 0.025 0.03984375
0 0.54296875 0.809375 0.0546875 0.0265625