0 0.290625 0.69765625 0.0375 0.0421875
0 0.3390625 0.62421875 0.0375 0.0453125
0 0.27265625 0.81484375 0.0453125 0.04375
0 0.31796875 0.3625 0.0421875 0.0453125
0 0.56015625 0.73203125 0.04375 0.040625
0 0.171875 0.096875 0.0453125 0.0453125
0 0.63828125 0.4765625 0.05 0.0375
0 0.69296875 0.46484375 0.0421875 0.04375
0 0.4671875 0.92890625 0.0515625 0.0203125
0 0.59921875 0.3734375 0.0265625 0.0390625
0 0.3171875 0.759375 0.0453125 0.034375
0 0.28984375 0.45390625 0.0234375 0.0421875
0 0.60546875 0.57265625 0.0546875 0.021875
0 0.78046875 0.221875 0.0734375 0.040625
0 0.3 0.93984375 0.0484375 0.0484375
0 0.4390625 0.66640625 0.040625 0.0390625
0 0.4203125 0.96953125 0.0375 0.025
0 0.525 0.50546875 0.053125 0.03125
0 0.48203125 0.72578125 0.0484375 0.0375
0 0.1328125 0.36640625 0.03125 0.0453125
0 0.18515625 0.59921875 0.0296875 0.053125
0 0.73125 0.053125 0.0546875 0.01875
0 0.146875 0.6640625 0.0359375 0.0375
0 0.16484375 0.221875 0.0515625 0.034375
0 0.5203125 0.41875 0.04375 0.040625
0 0.828125 0.66875 0.0625 0.0453125
0 0.51328125 0.3875 0.0375 0.04375
0 0.596875 0.52734375 0.059375 0.0359375
0 0.1890625 0.99375 0.053125 0.0125
0 0.76015625 0.103125 0.0265625 0.0453125
0 0.51484375 0.91875 0.0546875 0.01875
0 0.87421875 0.5796875 0.0484375 0.0296875
0 0.7046875 0.85625 0.034375 0.05
0 0.8140625 0.76171875 0.053125 0.0375
0 0.309375 0.159375 0.065625 0.0203125
0 0.52265625 0.8390625 0.0640625 0.01875
0 0.453125 0.6140625 0.0265625 0.0234375
0 0.4234375 0.6046875 0.0421875 0.034375
0 0.2453125 0.93203125 0.0203125 0.0484375
0 0.48515625 0.31796875 0.03125 0.04375
0 0.615625 0.696875 0.0453125 0.0234375
0 0.35234375 0.53203125 0.0546875 0.0234375
0 0.38515625 0.37578125 0.05 0.028125
0 0.3453125 0.96796875 0.0328125 0.0359375
0 0.8734375 0.8484375 0.040625 0.04375
0 0.86640625 0.75625 0.028125 0.0140625
0 0.8484375 0.74765625 0.021875 0.0421875
0 0.40546875 0.3484375 0.05625 0.0203125
0 0.22421875 0.9359375 0.025 0.0328125
0 0.19296875 0.94140625 0.034375 0.03125
0 0.89296875 0.92734375 0.0546875 0.03125
0 0.64609375 0.8671875 0.0625 0.0328125
0 0.89140625 0.7953125 0.0296875 0.0546875
0 0.16640625 0.8453125 0.025 0.053125
0 0.1609375 0.62890625 0.046875 0.0234375
0 0.12578125 0.14765625 0.0390625 0.03125
0 0.60078125 0.26171875 0.0578125 0.028125
0 0.8421875 0.921875 0.059375 0.01875
0 0.43046875 0.9546875 0.0484375 0.01875
0 0.16640625 0.8 0.040625 0.0296875
0 0.13671875 0.10703125 0.0234375 0.0375
0 0.52421875 0.696875 0.0328125 0.0515625
0 0.20234375 0.13984375 0.0546875 0.0234375
0 0.86171875 0.71484375 0.0390625 0.0421875
0 0.4953125 0.596875 0.05625 0.0234375
0 0.48359375 0.58671875 0.0234375 0.040625
0 0.1421875 0.84609375 0.025 0.0375
0 0.328125 0.98671875 0.034375 0.021875
0 0.2265625 0.5703125 0.021875 0.040625
0 0.93828125 0.7671875 0.046875 0.0484375
0 0.1921875 0.78125 0.0421875 0.0359375
0 0.41484375 0.065625 0.053125 0.03125
0 0.1703125 0.76328125 0.028125 0.040625
0 0.1515625 0.71171875 0.025 0.0421875
0 0.90625 0.55546875 0.0453125 0.0328125
0 0.26875 0.11484375 0.065625 0.021875
0 0.37578125 0.88046875 0.04375 0.0171875
0 0.846875 0.90234375 0.0578125 0.0265625
0 0.9375 0.8875 0.034375 0.0421875
0 0.68203125 0.10390625 0.0546875 0.034375
0 0.18828125 0.34453125 0.053125 0.021875
0 0.896875 0.69453125 0.034375 0.05
0 0.11953125 0.11640625 0.0125 0.0265625
0 0.09765625 0.12421875 0.0234375 0.0234375
0 0.10390625 0.1 0.0171875 0.0265625
0 0.41796875 0.2625 0.021875 0.053125
0 0.25625 0.65 0.040625 0.0453125
0 0.14453125 0.74296875 0.0265625 0.03125
0 0.728125 0.828125 0.05 0.0234375
0 0.8984375 0.90234375 0.0484375 0.0203125
0 0.93828125 0.91953125 0.0421875 0.021875
0 0.340625 0.88828125 0.046875 0.0234375
0 0.16171875 0.98359375 0.0359375 0.021875
0 0.14375 0.96640625 0.0203125 0.040625
0 0.1703125 0.95078125 0.01875 0.0296875