0 0.26015625 0.49921875 0.028125 0.028125
0 0.528125 0.621875 0.03125 0.04375
0 0.6421875 0.84296875 0.04375 0.04375
0 0.55625 0.8703125 0.021875 0.0421875
0 0.4546875 0.7078125 0.0546875 0.040625
0 0.6921875 0.390625 0.05 0.0421875
0 0.72734375 0.88828125 0.0484375 0.028125
0 0.490625 0.48984375 0.0484375 0.0375
0 0.2703125 0.64140625 0.0296875 0.0578125
0 0.43515625 0.52109375 0.040625 0.0234375
0 0.509375 0.8265625 0.0421875 0.0359375
0 0.14375 0.4765625 0.0375 0.0421875
0 0.31015625 0.83515625 0.0328125 0.05625
0 0.4765625 0.5171875 0.053125 0.021875
0 0.57578125 0.53203125 0.040625 0.040625
0 0.66171875 0.19140625 0.028125 0.0375
0 0.71484375 0.1421875 0.0390625 0.046875
0 0.5859375 0.07890625 0.0484375 0.0484375
0 0.62890625 0.38515625 0.053125 0.0421875
0 0.34140625 0.58515625 0.025 0.05
0 0.1796875 0.3921875 0.040625 0.0421875
0 0.3296875 0.65703125 0.0546875 0.0375
0 0.1828125 0.6046875 0.021875 0.0515625
0 0.1828125 0.646875 0.0453125 0.0296875
0 0.3046875 0.73828125 0.0453125 0.0421875
0 0.5765625 0.484375 0.0421875 0.040625
0 0.55546875 0.70859375 0.025 0.028125
0 0.5421875 0.73203125 0.04375 0.025
0 0.22890625 0.44921875 0.0328125 0.0453125
0 0.490625 0.27890625 0.034375 0.0453125
0 0.578125 0.7796875 0.04375 0.040625
0 0.3609375 0.52421875 0.028125 0.046875
0 0.7125 0.74453125 0.0609375 0.025
0 0.315625 0.69296875 0.0421875 0.0375
0 0.4375 0.31015625 0.0453125 0.0421875
0 0.43359375 0.38046875 0.034375 0.0390625
0 0.58046875 0.34609375 0.0390625 0.03125
0 0.82109375 0.45078125 0.0390625 0.046875
0 0.57109375 0.67890625 0.0265625 0.0421875
0 0.18984375 0.1546875 0.0265625 0.040625
0 0.85390625 0.41640625 0.040625 0.0515625
0 0.75546875 0.83125 0.0296875 0.053125
0 0.703125 0.33125 0.0328125 0.0515625
0 0.5078125 0.77578125 0.034375 0.04375
0 0.4234375 0.4109375 0.0484375 0.0421875
0 0.31953125 0.37109375 0.0296875 0.028125
0 0.3 0.38046875 0.021875 0.0234375
0 0.29140625 0.39375 0.034375 0.0265625
0 0.52734375 0.7953125 0.0609375 0.03125
0 0.7484375 0.35234375 0.05625 0.0421875
0 0.2296875 0.6578125 0.0328125 0.0453125
0 0.53828125 0.50078125 0.0328125 0.0453125
0 0.39453125 0.48515625 0.021875 0.0375
0 0.41640625 0.45546875 0.046875 0.05
0 0.80859375 0.653125 0.0640625 0.025
0 0.71015625 0.43671875 0.025 0.0484375
0 0.54921875 0.37421875 0.0453125 0.0484375
0 0.72421875 0.82421875 0.028125 0.0515625
0 0.58359375 0.42109375 0.0359375 0.0375
0 0.7421875 0.2359375 0.03125 0.0453125
0 0.85078125 0.50703125 0.0625 0.0234375
0 0.66015625 0.703125 0.025 0.05
0 0.69921875 0.82578125 0.0328125 0.0515625
0 0.8328125 0.56484375 0.0359375 0.0328125
0 0.77265625 0.58984375 0.0234375 0.0375
0 0.7078125 0.53984375 0.028125 0.0453125
0 0.13203125 0.61171875 0.025 0.046875
0 0.18359375 0.23828125 0.0296875 0.0359375
0 0.453125 0.77578125 0.0609375 0.0265625
0 0.55078125 0.31171875 0.03125 0.05
0 0.65390625 0.121875 0.05 0.0296875
0 0.203125 0.32109375 0.0296875 0.0515625
0 0.3765625 0.65390625 0.0296875 0.0234375
0 0.1828125 0.6859375 0.0296875 0.040625
0 0.41171875 0.584375 0.0359375 0.0453125
0 0.26484375 0.59140625 0.0359375 0.040625
0 0.80546875 0.5796875 0.03125 0.05
0 0.603125 0.653125 0.0359375 0.04375
0 0.4171875 0.359375 0.0328125 0.0515625
0 0.4140625 0.73125 0.06875 0.028125
0 0.16015625 0.50859375 0.0375 0.040625
0 0.78671875 0.746875 0.034375 0.0484375
0 0.675 0.61015625 0.0359375 0.04375
0 0.8796875 0.18359375 0.0265625 0.0375
0 0.596875 0.82734375 0.05625 0.0234375
0 0.3171875 0.63515625 0.05625 0.025
0 0.69921875 0.89453125 0.0359375 0.028125
0 0.53046875 0.7546875 0.025 0.0265625
0 0.56796875 0.75546875 0.0375 0.0265625
0 0.6296875 0.71640625 0.0484375 0.021875
0 0.825 0.67890625 0.0265625 0.0265625
0 0.39296875 0.61015625 0.0578125 0.01875
0 0.24296875 0.52421875 0.0296875 0.0421875
0 0.834375 0.5171875 0.05 0.021875
0 0.31484375 0.28125 0.0359375 0.05625