0 0.4859375 0.28046875 0.0421875 0.040625
0 0.58828125 0.1234375 0.046875 0.0359375
0 0.828125 0.45546875 0.053125 0.025
0 0.6453125 0.60546875 0.0453125 0.0390625
0 0.2921875 0.37578125 0.0375 0.0390625
0 0.7703125 0.484375 0.0234375 0.046875
0 0.753125 0.09453125 0.0390625 0.040625
0 0.515625 0.92734375 0.04375 0.0453125
0 0.61015625 0.24765625 0.0453125 0.0421875
0 0.18125 0.178125 0.046875 0.021875
0 0.74609375 0.2078125 0.0421875 0.0234375
0 0.15703125 0.4125 0.0453125 0.028125
0 0.7171875 0.2703125 0.0265625 0.05
0 0.28671875 0.6953125 0.0578125 0.04375
0 0.58828125 0.6359375 0.03125 0.0265625
0 0.6140625 0.628125 0.034375 0.0421875
0 0.2078125 0.53671875 0.0234375 0.03125
0 0.65 0.23671875 0.04375 0.0375
0 0.62421875 0.36953125 0.025 0.0421875
0 0.31328125 0.2953125 0.0625 0.03125
0 0.38515625 0.27578125 0.0421875 0.0234375
0 0.43515625 0.68359375 0.0421875 0.0328125
0 0.34296875 0.62578125 0.0265625 0.0390625
0 0.32890625 0.8234375 0.0296875 0.046875
0 0.4234375 0.534375 0.04375 0.040625
0 0.85234375 0.71328125 0.0421875 0.0359375
0 0.68515625 0.29140625 0.025 0.0390625
0 0.4 0.37109375 0.0234375 0.0390625
0 0.56484375 0.4671875 0.053125 0.0421875
0 0.38828125 0.5421875 0.0296875 0.0421875
0 0.61015625 0.6734375 0.046875 0.040625
0 0.38203125 0.89375 0.04375 0.046875
0 0.3609375 0.159375 0.028125 0.053125
0 0.8171875 0.64921875 0.0234375 0.021875
0 0.23984375 0.5703125 0.025 0.0375
0 0.4640625 0.66015625 0.0296875 0.0265625
0 0.48984375 0.6328125 0.05 0.021875
0 0.7046875 0.5984375 0.0328125 0.05
0 0.88203125 0.7734375 0.025 0.040625
0 0.4796875 0.5375 0.0390625 0.0375
0 0.3015625 0.60546875 0.0265625 0.04375
0 0.20390625 0.325 0.0578125 0.021875
0 0.7515625 0.27734375 0.028125 0.0453125
0 0.22890625 0.66015625 0.0453125 0.0421875
0 0.4765625 0.5046875 0.0203125 0.0203125
0 0.49765625 0.4796875 0.05 0.025
0 0.55078125 0.78671875 0.03125 0.04375
0 0.40390625 0.1828125 0.0359375 0.0296875
0 0.82421875 0.41328125 0.025 0.0546875
0 0.4328125 0.5953125 0.0328125 0.0421875
0 0.18671875 0.56171875 0.040625 0.0203125
0 0.6984375 0.34609375 0.0296875 0.03125
0 0.64296875 0.31875 0.0578125 0.0140625
0 0.15859375 0.52109375 0.04375 0.0375
0 0.58203125 0.51796875 0.0328125 0.0390625
0 0.6921875 0.384375 0.0203125 0.0375
0 0.415625 0.8390625 0.0296875 0.0421875
0 0.6859375 0.64375 0.0328125 0.04375
0 0.734375 0.40859375 0.0265625 0.0359375
0 0.53515625 0.2375 0.0296875 0.0375
0 0.23515625 0.3 0.040625 0.0375
0 0.8234375 0.3515625 0.021875 0.0375
0 0.1296875 0.4765625 0.0234375 0.0453125
0 0.3984375 0.63203125 0.053125 0.0390625
0 0.2984375 0.4390625 0.028125 0.040625
0 0.8390625 0.54765625 0.021875 0.04375
0 0.7421875 0.6828125 0.0296875 0.04375
0 0.33984375 0.428125 0.0203125 0.04375
0 0.29140625 0.1671875 0.0359375 0.028125
0 0.60390625 0.53671875 0.034375 0.05625
0 0.3390625 0.73359375 0.03125 0.0515625
0 0.77421875 0.32109375 0.025 0.040625
0 0.22109375 0.26953125 0.021875 0.0265625
0 0.23671875 0.25234375 0.025 0.040625
0 0.34296875 0.240625 0.0625 0.028125
0 0.53515625 0.478125 0.0265625 0.0421875
0 0.40703125 0.2515625 0.0515625 0.0203125
0 0.54765625 0.36484375 0.0421875 0.01875
0 0.4734375 0.21796875 0.0609375 0.021875
0 0.63046875 0.44609375 0.028125 0.0453125
0 0.44296875 0.90078125 0.0578125 0.021875
0 0.8265625 0.6 0.0296875 0.0484375
0 0.490625 0.6859375 0.0296875 0.0484375
0 0.57734375 0.30078125 0.0234375 0.059375
0 0.34296875 0.3203125 0.0546875 0.0296875
0 0.759375 0.5671875 0.04375 0.0328125
0 0.20234375 0.7453125 0.0359375 0.0515625
0 0.4359375 0.421875 0.03125 0.0453125
0 0.496875 0.2546875 0.0578125 0.021875
0 0.20234375 0.16328125 0.0375 0.028125
0 0.2890625 0.19921875 0.0578125 0.0140625
0 0.41953125 0.2296875 0.0203125 0.028125
0 0.39296875 0.29609375 0.0421875 0.0234375
0 0.17265625 0.33203125 0.0234375 0.04375
0 0.15546875 0.38828125 0.0265625 0.0265625
0 0.55859375 0.3796875 0.021875 0.01875
0 0.65546875 0.30625 0.0359375 0.0171875
0 0.27890625 0.509375 0.03125 0.046875
0 0.16796875 0.575 0.0578125 0.0171875
0 0.20234375 0.91484375 0.0265625 0.05