0 0.18046875 0.10546875 0.084375 0.028125
0 0.3453125 0.1453125 0.04453125 0.0359375
0 0.40078125 0.17265625 0.07265625 0.01953125
0 0.34140625 0.19296875 0.05 0.03046875
0 0.2984375 0.18359375 0.0359375 0.05390625
0 0.2203125 0.1609375 0.0359375 0.03828125
0 0.23046875 0.203125 0.0546875 0.03046875
0 0.23984375 0.22421875 0.03515625 0.0140625
0 0.215625 0.25 0.04453125 0.0359375
0 0.28046875 0.275 0.03984375 0.0484375
0 0.38515625 0.21875 0.05 0.025
0 0.36953125 0.2671875 0.06015625 0.03828125
0 0.48828125 0.16875 0.0390625 0.03203125
0 0.56328125 0.1765625 0.05859375 0.02734375
0 0.678125 0.13515625 0.06328125 0.0296875
0 0.675 0.1609375 0.07109375 0.025
0 0.6640625 0.1890625 0.071875 0.021875
0 0.746875 0.190625 0.04296875 0.03984375
0 0.75390625 0.26328125 0.03828125 0.0484375
0 0.575 0.2515625 0.04296875 0.034375
0 0.63046875 0.2734375 0.059375 0.0328125
0 0.4890625 0.2671875 0.0578125 0.04375
0 0.5078125 0.3015625 0.05703125 0.03125
0 0.5796875 0.31015625 0.04296875 0.04375
0 0.69375 0.284375 0.01953125 0.0203125
0 0.71640625 0.2953125 0.02109375 0.03515625
0 0.746875 0.32890625 0.04921875 0.025
0 0.77890625 0.31875 0.02421875 0.04140625
0 0.790625 0.35078125 0.01796875 0.021875
0 0.703125 0.346875 0.02890625 0.05078125
0 0.67734375 0.3125 0.03515625 0.02265625
0 0.65 0.33359375 0.0203125 0.04140625
0 0.62421875 0.3296875 0.03046875 0.04375
0 0.66796875 0.3796875 0.0265625 0.04609375
0 0.596875 0.38046875 0.03203125 0.04140625
0 0.5046875 0.35625 0.0359375 0.02890625
0 0.4921875 0.38359375 0.0609375 0.0234375
0 0.459375 0.3296875 0.05703125 0.021875
0 0.4375 0.3609375 0.0375 0.028125
0 0.39453125 0.3375 0.03984375 0.0328125
0 0.29140625 0.31875 0.071875 0.0203125
0 0.259375 0.3828125 0.03125 0.046875
0 0.33046875 0.40625 0.0484375 0.04453125
0 0.3671875 0.434375 0.03828125 0.053125
0 0.2671875 0.4484375 0.075 0.01875
0 0.28828125 0.48046875 0.03359375 0.04375
0 0.21875 0.47734375 0.03203125 0.04375
0 0.43203125 0.471875 0.04140625 0.0390625
0 0.48203125 0.43984375 0.034375 0.05078125
0 0.55078125 0.4234375 0.05625 0.021875
0 0.59375 0.4421875 0.03203125 0.03984375
0 0.55546875 0.45 0.04140625 0.03359375
0 0.51015625 0.47890625 0.05546875 0.02734375
0 0.584375 0.48828125 0.03046875 0.04921875
0 0.67421875 0.440625 0.0234375 0.046875
0 0.57421875 0.51953125 0.04921875 0.03046875
0 0.5421875 0.52421875 0.021875 0.0296875
0 0.51953125 0.54375 0.0296875 0.0203125
0 0.4875 0.52421875 0.03828125 0.03046875
0 0.4578125 0.56328125 0.04375 0.04921875
0 0.3703125 0.55625 0.02265625 0.05390625
0 0.34296875 0.56015625 0.03046875 0.05
0 0.3109375 0.54296875 0.0390625 0.04921875
0 0.25078125 0.6078125 0.03515625 0.046875
0 0.49296875 0.5953125 0.0375 0.04609375
0 0.5546875 0.61953125 0.03125 0.04765625
0 0.603125 0.615625 0.03828125 0.04140625
0 0.6703125 0.50234375 0.0265625 0.0390625
0 0.67109375 0.546875 0.02734375 0.04296875
0 0.7421875 0.515625 0.0265625 0.046875
0 0.7890625 0.5421875 0.05 0.0359375
0 0.728125 0.59453125 0.03125 0.04765625
0 0.7765625 0.60703125 0.02734375 0.040625
0 0.76171875 0.64765625 0.034375 0.046875
0 0.63671875 0.59765625 0.025 0.01796875
0 0.65625 0.58984375 0.0234375 0.0171875
0 0.70390625 0.46796875 0.0171875 0.01953125
0 0.715625 0.4546875 0.01875 0.01953125
0 0.778125 0.4625 0.02421875 0.04296875
0 0.75625 0.48203125 0.02890625 0.025
0 0.4078125 0.63046875 0.040625 0.05
0 0.453125 0.6609375 0.04453125 0.04609375
0 0.34375 0.66875 0.03046875 0.05234375
0 0.2828125 0.65859375 0.03125 0.05390625
0 0.19140625 0.70859375 0.0453125 0.046875
0 0.2328125 0.784375 0.06328125 0.0359375
0 0.25390625 0.82265625 0.059375 0.03515625
0 0.31171875 0.8125 0.06171875 0.02109375
0 0.36171875 0.82890625 0.04765625 0.03984375
0 0.43671875 0.7390625 0.05234375 0.040625
0 0.48828125 0.72109375 0.0484375 0.03984375
0 0.66640625 0.66875 0.04296875 0.0453125
0 0.6859375 0.73359375 0.06484375 0.025
0 0.7328125 0.728125 0.028125 0.0296875
0 0.78046875 0.72109375 0.05 0.03828125
0 0.8015625 0.68203125 0.03125 0.04296875
0 0.81484375 0.65390625 0.0171875 0.01796875
0 0.68984375 0.846875 0.0671875 0.03203125