0 0.37421875 0.1765625 0.040625 0.0453125
0 0.41953125 0.8390625 0.05625 0.04375
0 0.15 0.496875 0.0453125 0.03125
0 0.2625 0.19765625 0.04375 0.0359375
0 0.8390625 0.86796875 0.05 0.0421875
0 0.6265625 0.65859375 0.0546875 0.040625
0 0.1984375 0.74296875 0.040625 0.040625
0 0.60625 0.81171875 0.0515625 0.0390625
0 0.453125 0.23828125 0.0609375 0.03125
0 0.56484375 0.28515625 0.0453125 0.0359375
0 0.37421875 0.66015625 0.04375 0.0375
0 0.7359375 0.79921875 0.0359375 0.0515625
0 0.175 0.31484375 0.0390625 0.046875
0 0.3640625 0.49921875 0.034375 0.0421875
0 0.24296875 0.3828125 0.0515625 0.0265625
0 0.259375 0.73671875 0.0546875 0.0484375
0 0.4609375 0.8671875 0.040625 0.025
0 0.79375 0.44453125 0.040625 0.05
0 0.2546875 0.48125 0.0421875 0.0359375
0 0.66640625 0.71796875 0.0390625 0.0453125
0 0.69921875 0.66640625 0.040625 0.0515625
0 0.803125 0.328125 0.0609375 0.0328125
0 0.76015625 0.1734375 0.0375 0.0328125
0 0.7203125 0.45703125 0.05 0.0421875
0 0.503125 0.33984375 0.0546875 0.0359375
0 0.54453125 0.6078125 0.04375 0.046875
0 0.3578125 0.39296875 0.0453125 0.046875
0 0.615625 0.52265625 0.05 0.025
0 0.2171875 0.278125 0.0453125 0.0515625
0 0.1609375 0.54375 0.040625 0.04375
0 0.5 0.82890625 0.053125 0.021875
0 0.67109375 0.27890625 0.03125 0.0421875
0 0.19921875 0.8796875 0.0625 0.0359375
0 0.165625 0.58984375 0.0390625 0.040625
0 0.76953125 0.56015625 0.046875 0.0328125
0 0.80546875 0.7453125 0.05625 0.0296875
0 0.8078125 0.3765625 0.0484375 0.0421875
0 0.50390625 0.51484375 0.0515625 0.021875
0 0.86640625 0.59296875 0.0375 0.046875
0 0.2796875 0.6734375 0.05 0.0359375
0 0.7703125 0.853125 0.0453125 0.0359375
0 0.41640625 0.60546875 0.0390625 0.0421875
0 0.41328125 0.66015625 0.046875 0.03125
0 0.21328125 0.5171875 0.05625 0.021875
0 0.12421875 0.58359375 0.05 0.0234375
0 0.26484375 0.328125 0.0359375 0.0421875
0 0.14453125 0.765625 0.0390625 0.0390625
0 0.74765625 0.6984375 0.05625 0.021875
0 0.48359375 0.14921875 0.03125 0.0515625
0 0.50234375 0.1546875 0.059375 0.0203125
0 0.55234375 0.16875 0.0265625 0.05
0 0.84765625 0.3984375 0.025 0.0546875
0 0.7140625 0.490625 0.05 0.0296875
0 0.30234375 0.634375 0.03125 0.0453125
0 0.140625 0.621875 0.0328125 0.0359375
0 0.16875 0.89921875 0.0359375 0.04375
0 0.17578125 0.678125 0.0296875 0.04375
0 0.596875 0.75546875 0.0265625 0.059375
0 0.3796875 0.75078125 0.0625 0.01875
0 0.31484375 0.53203125 0.034375 0.0328125
0 0.90625 0.61171875 0.0390625 0.040625
0 0.178125 0.45703125 0.059375 0.01875
0 0.8703125 0.8375 0.028125 0.0515625
0 0.8359375 0.1828125 0.0484375 0.05625
0 0.13671875 0.14296875 0.0359375 0.0234375
0 0.8015625 0.15625 0.0625 0.040625
0 0.55 0.64296875 0.0296875 0.040625
0 0.89140625 0.83046875 0.0265625 0.0546875
0 0.4171875 0.93046875 0.059375 0.0234375
0 0.29765625 0.90625 0.0515625 0.0234375
0 0.146875 0.68515625 0.0328125 0.0453125
0 0.315625 0.32734375 0.0578125 0.028125
0 0.42421875 0.6984375 0.0359375 0.0421875
0 0.390625 0.10546875 0.0671875 0.025
0 0.2625 0.10234375 0.059375 0.0171875
0 0.18125 0.43359375 0.06875 0.0234375
0 0.640625 0.69609375 0.0328125 0.0421875
0 0.46875 0.06796875 0.06875 0.03125
0 0.23203125 0.75234375 0.0234375 0.0484375
0 0.12265625 0.28984375 0.059375 0.03125
0 0.52734375 0.42421875 0.0375 0.0203125
0 0.63671875 0.61796875 0.046875 0.0203125
0 0.65859375 0.42734375 0.0546875 0.025
0 0.2546875 0.06796875 0.071875 0.021875
0 0.3484375 0.05390625 0.071875 0.025
0 0.4484375 0.58515625 0.0328125 0.0421875
0 0.18203125 0.65703125 0.053125 0.0140625
0 0.75859375 0.49140625 0.0296875 0.040625
0 0.278125 0.46953125 0.0234375 0.0453125
0 0.30390625 0.434375 0.0328125 0.04375
0 0.5484375 0.33671875 0.0375 0.053125
0 0.41015625 0.28828125 0.06875 0.0265625
0 0.22734375 0.19765625 0.0265625 0.0515625
0 0.10234375 0.140625 0.0359375 0.0171875
0 0.321875 0.0875 0.0703125 0.021875
0 0.1734375 0.090625 0.0296875 0.0421875
0 0.51015625 0.1875 0.0578125 0.0328125