0 0.3671875 0.971875 0.0828125 0.053125
0 0.27890625 0.99453125 0.0546875 0.0109375
0 0.45234375 0.93828125 0.078125 0.0359375
0 0.2328125 0.9421875 0.034375 0.05
0 0.2796875 0.93125 0.0640625 0.05
0 0.4015625 0.925 0.0796875 0.0375
0 0.9109375 0.50703125 0.03125 0.0578125
0 0.790625 0.4453125 0.0578125 0.0390625
0 0.7359375 0.4328125 0.071875 0.05
0 0.7453125 0.46796875 0.05625 0.0390625
0 0.25703125 0.8390625 0.03125 0.053125
0 0.20625 0.8359375 0.040625 0.0640625
0 0.24375 0.79140625 0.0390625 0.0546875
0 0.35078125 0.8515625 0.0625 0.04375
0 0.23671875 0.98671875 0.0671875 0.0265625
0 0.296875 0.97890625 0.028125 0.0421875
0 0.40390625 0.86015625 0.0609375 0.05
0 0.46484375 0.86171875 0.071875 0.034375
0 0.4734375 0.834375 0.0484375 0.0375
0 0.578125 0.80078125 0.06875 0.0546875
0 0.7609375 0.7921875 0.059375 0.0515625
0 0.7375 0.75859375 0.0421875 0.046875
0 0.7609375 0.7328125 0.06875 0.040625
0 0.81640625 0.73515625 0.0515625 0.0453125
0 0.853125 0.7828125 0.0609375 0.0609375
0 0.89140625 0.74375 0.0515625 0.0515625
0 0.94765625 0.7671875 0.046875 0.0515625
0 0.8890625 0.70078125 0.0703125 0.05
0 0.7328125 0.68515625 0.03125 0.053125
0 0.76328125 0.66796875 0.0375 0.053125
0 0.7859375 0.703125 0.08125 0.0375
0 0.68125 0.64921875 0.0390625 0.0625
0 0.62421875 0.72734375 0.053125 0.0609375
0 0.525 0.71171875 0.084375 0.0453125
0 0.46953125 0.6921875 0.0734375 0.0421875
0 0.4046875 0.75078125 0.04375 0.0578125
0 0.37734375 0.803125 0.053125 0.053125
0 0.32578125 0.76015625 0.0609375 0.0453125
0 0.3765625 0.71875 0.0765625 0.03125
0 0.284375 0.66953125 0.046875 0.0453125
0 0.3171875 0.6796875 0.0390625 0.0453125
0 0.33203125 0.69921875 0.0453125 0.034375
0 0.22578125 0.66015625 0.065625 0.04375
0 0.36640625 0.6359375 0.0609375 0.034375
0 0.40078125 0.559375 0.0359375 0.0625
0 0.44453125 0.59453125 0.0703125 0.0375
0 0.33828125 0.55 0.0421875 0.05
0 0.20390625 0.578125 0.040625 0.0625
0 0.24921875 0.52734375 0.0390625 0.0546875
0 0.3328125 0.50625 0.075 0.0328125
0 0.4203125 0.503125 0.0390625 0.046875
0 0.46640625 0.48984375 0.0546875 0.040625
0 0.61796875 0.50703125 0.071875 0.0375
0 0.55 0.59296875 0.0453125 0.0484375
0 0.584375 0.6078125 0.046875 0.05
0 0.62265625 0.5890625 0.028125 0.0484375
0 0.63515625 0.6390625 0.0515625 0.0390625
0 0.8265625 0.54453125 0.0640625 0.0515625
0 0.84375 0.45234375 0.0453125 0.0515625
0 0.68515625 0.4125 0.078125 0.034375
0 0.78828125 0.3765625 0.040625 0.053125
0 0.86328125 0.36484375 0.0328125 0.046875
0 0.5578125 0.42578125 0.040625 0.0453125
0 0.3890625 0.4625 0.05625 0.046875
0 0.4640625 0.4109375 0.040625 0.053125
0 0.38125 0.4125 0.0390625 0.0234375
0 0.32734375 0.440625 0.025 0.0421875
0 0.2359375 0.47421875 0.040625 0.053125
0 0.5703125 0.34453125 0.0671875 0.0390625
0 0.65703125 0.3125 0.0484375 0.040625
0 0.83046875 0.29921875 0.059375 0.0375
0 0.71015625 0.259375 0.034375 0.05
0 0.678125 0.22578125 0.034375 0.053125
0 0.5796875 0.284375 0.0578125 0.04375
0 0.440625 0.3203125 0.040625 0.0484375
0 0.1890625 0.35703125 0.0375 0.0484375
0 0.22578125 0.3171875 0.04375 0.053125
0 0.13515625 0.334375 0.0546875 0.0375
0 0.225 0.23046875 0.034375 0.0609375
0 0.25546875 0.22890625 0.0546875 0.040625
0 0.4703125 0.2359375 0.0421875 0.05
0 0.484375 0.19296875 0.0453125 0.0296875
0 0.54375 0.16640625 0.034375 0.0640625
0 0.49921875 0.15859375 0.0625 0.0296875
0 0.6171875 0.1546875 0.059375 0.053125
0 0.59609375 0.22421875 0.0609375 0.0453125
0 0.78359375 0.1484375 0.0484375 0.0328125
0 0.79765625 0.11796875 0.053125 0.0453125
0 0.83125 0.15078125 0.040625 0.05
0 0.640625 0.12421875 0.046875 0.053125
0 0.58125 0.12109375 0.0375 0.0421875
0 0.66484375 0.07109375 0.065625 0.0359375
0 0.72734375 0.025 0.0546875 0.05
0 0.51640625 0.090625 0.0609375 0.0421875
0 0.584375 0.02890625 0.0421875 0.0546875
0 0.21015625 0.13203125 0.071875 0.034375
0 0.1203125 0.1828125 0.06875 0.0421875