0 0.60390625 0.2828125 0.04375 0.0328125
0 0.46875 0.3875 0.0546875 0.04375
0 0.271875 0.4953125 0.046875 0.0375
0 0.6125 0.4859375 0.0296875 0.0484375
0 0.29296875 0.18203125 0.0546875 0.034375
0 0.3296875 0.3109375 0.065625 0.0359375
0 0.24375 0.1734375 0.0390625 0.040625
0 0.340625 0.71875 0.040625 0.05
0 0.28359375 0.365625 0.0453125 0.0546875
0 0.51953125 0.41875 0.0375 0.0515625
0 0.39296875 0.525 0.03125 0.053125
0 0.6546875 0.43828125 0.0625 0.0359375
0 0.45390625 0.4984375 0.059375 0.04375
0 0.2265625 0.24453125 0.059375 0.0359375
0 0.215625 0.34375 0.0375 0.0453125
0 0.765625 0.9046875 0.059375 0.0578125
0 0.7203125 0.47578125 0.0546875 0.040625
0 0.35390625 0.43203125 0.0453125 0.040625
0 0.5015625 0.17734375 0.0375 0.0390625
0 0.22890625 0.30078125 0.046875 0.0421875
0 0.82734375 0.19375 0.0640625 0.034375
0 0.7390625 0.78828125 0.040625 0.04375
0 0.65859375 0.20703125 0.040625 0.0296875
0 0.28046875 0.271875 0.053125 0.0328125
0 0.65 0.24765625 0.0515625 0.046875
0 0.18671875 0.32109375 0.034375 0.040625
0 0.1953125 0.61328125 0.0484375 0.03125
0 0.78515625 0.5671875 0.0390625 0.05
0 0.20625 0.3984375 0.0328125 0.0234375
0 0.446875 0.3390625 0.046875 0.0515625
0 0.465625 0.2375 0.053125 0.0359375
0 0.17265625 0.5671875 0.0359375 0.0375
0 0.58515625 0.81796875 0.0578125 0.0515625
0 0.42890625 0.43671875 0.0546875 0.0328125
0 0.21796875 0.678125 0.0609375 0.0390625
0 0.59765625 0.203125 0.03125 0.0546875
0 0.78203125 0.29921875 0.0390625 0.0453125
0 0.65859375 0.47109375 0.0671875 0.0328125
0 0.2015625 0.1625 0.0546875 0.03125
0 0.65625 0.33984375 0.0625 0.021875
0 0.8171875 0.375 0.0234375 0.04375
0 0.30234375 0.753125 0.0234375 0.0515625
0 0.69453125 0.9078125 0.0546875 0.0234375
0 0.43046875 0.28984375 0.0640625 0.01875
0 0.8203125 0.2703125 0.0515625 0.0421875
0 0.84140625 0.3703125 0.0265625 0.0453125
0 0.51796875 0.34296875 0.0578125 0.0390625
0 0.69140625 0.18046875 0.0640625 0.021875
0 0.66953125 0.57421875 0.0265625 0.0484375
0 0.378125 0.16796875 0.05625 0.0265625
0 0.2 0.7 0.0609375 0.025
0 0.72734375 0.16171875 0.0609375 0.021875
0 0.33125 0.66640625 0.0640625 0.0328125
0 0.21484375 0.46640625 0.0265625 0.053125
0 0.54375 0.25859375 0.065625 0.028125
0 0.3171875 0.9078125 0.05 0.034375
0 0.7375 0.446875 0.0578125 0.034375
0 0.31015625 0.8796875 0.05625 0.025
0 0.3859375 0.35625 0.028125 0.015625
0 0.5640625 0.91796875 0.0765625 0.040625
0 0.28671875 0.15 0.0671875 0.021875
0 0.58046875 0.57734375 0.025 0.0421875
0 0.61171875 0.37109375 0.059375 0.0203125
0 0.33125 0.5390625 0.0328125 0.05625
0 0.87578125 0.22421875 0.03125 0.05
0 0.78046875 0.5046875 0.0375 0.053125
0 0.26875 0.1296875 0.059375 0.01875
0 0.809375 0.7125 0.0296875 0.05625
0 0.74453125 0.259375 0.0296875 0.0515625
0 0.71796875 0.94765625 0.08125 0.0375
0 0.58046875 0.15390625 0.065625 0.0234375
0 0.6515625 0.53046875 0.0265625 0.053125
0 0.54765625 0.18984375 0.046875 0.0328125
0 0.265625 0.590625 0.0640625 0.0265625
0 0.21953125 0.2765625 0.0453125 0.01875
0 0.66171875 0.796875 0.0421875 0.04375
0 0.19921875 0.7796875 0.0609375 0.03125
0 0.6546875 0.409375 0.0875 0.0234375
0 0.63125 0.7046875 0.071875 0.0265625
0 0.20546875 0.5734375 0.0328125 0.05625
0 0.25703125 0.7484375 0.0609375 0.028125
0 0.3953125 0.24921875 0.06875 0.021875
0 0.39609375 0.67265625 0.0703125 0.028125
0 0.7765625 0.2078125 0.0375 0.0546875
0 0.73203125 0.3015625 0.0609375 0.025
0 0.4296875 0.2171875 0.0328125 0.0203125
0 0.43671875 0.18203125 0.03125 0.04375
0 0.35 0.146875 0.0234375 0.021875
0 0.22265625 0.13046875 0.03125 0.01875
0 0.2078125 0.2140625 0.0609375 0.0328125
0 0.3625 0.228125 0.0640625 0.0203125
0 0.61640625 0.32734375 0.025 0.0359375
0 0.17578125 0.36953125 0.0359375 0.0390625
0 0.56015625 0.5703125 0.0265625 0.053125
0 0.640625 0.76015625 0.0765625 0.0375
0 0.8 0.6453125 0.0359375 0.053125
0 0.6421875 0.91875 0.04375 0.0328125
0 0.475 0.87265625 0.0703125 0.0296875