0 0.3890625 0.1953125 0.0453125 0.040625
0 0.54453125 0.54921875 0.0375 0.04609375
0 0.7609375 0.5859375 0.04765625 0.03984375
0 0.7078125 0.546875 0.0375 0.03984375
0 0.8 0.7953125 0.03515625 0.05234375
0 0.7671875 0.453125 0.028125 0.046875
0 0.328125 0.41875 0.0328125 0.03828125
0 0.7578125 0.53984375 0.0515625 0.0375
0 0.7359375 0.2328125 0.05859375 0.03359375
0 0.2265625 0.2625 0.05078125 0.04453125
0 0.61015625 0.7453125 0.0453125 0.046875
0 0.603125 0.2078125 0.06171875 0.03046875
0 0.315625 0.18984375 0.046875 0.0390625
0 0.42578125 0.57734375 0.040625 0.05625
0 0.63984375 0.48359375 0.021875 0.04921875
0 0.640625 0.7078125 0.0375 0.03828125
0 0.39140625 0.4234375 0.02890625 0.04921875
0 0.5546875 0.428125 0.0515625 0.05
0 0.68671875 0.428125 0.0453125 0.03359375
0 0.48046875 0.59296875 0.0390625 0.04765625
0 0.734375 0.68203125 0.040625 0.05859375
0 0.67578125 0.3671875 0.06328125 0.04140625
0 0.44140625 0.278125 0.0296875 0.0421875
0 0.27734375 0.35703125 0.03984375 0.04296875
0 0.49765625 0.63359375 0.03203125 0.03828125
0 0.39296875 0.6859375 0.0421875 0.03671875
0 0.27421875 0.490625 0.046875 0.03359375
0 0.47578125 0.5125 0.04609375 0.040625
0 0.71015625 0.19140625 0.05234375 0.040625
0 0.23984375 0.16171875 0.04296875 0.03515625
0 0.3265625 0.228125 0.06328125 0.03203125
0 0.3203125 0.30625 0.03203125 0.04921875
0 0.52109375 0.71953125 0.06015625 0.0421875
0 0.5703125 0.47109375 0.03671875 0.04453125
0 0.33515625 0.73828125 0.0359375 0.053125
0 0.37421875 0.584375 0.0375 0.04453125
0 0.79921875 0.68203125 0.02734375 0.04375
0 0.4296875 0.3484375 0.06640625 0.02890625
0 0.21171875 0.2234375 0.05234375 0.03203125
0 0.321875 0.52265625 0.0296875 0.03671875
0 0.284375 0.7109375 0.0359375 0.04609375
0 0.490625 0.3125 0.0390625 0.04453125
0 0.33203125 0.821875 0.03359375 0.03671875
0 0.66953125 0.56015625 0.0375 0.04375
0 0.8390625 0.803125 0.04140625 0.04921875
0 0.79375 0.4171875 0.0234375 0.04765625
0 0.80703125 0.50859375 0.06171875 0.02578125
0 0.5640625 0.6140625 0.02265625 0.03828125
0 0.57890625 0.59140625 0.03125 0.02734375
0 0.7671875 0.8390625 0.04140625 0.046875
0 0.3546875 0.35234375 0.028125 0.05078125
0 0.20703125 0.17421875 0.021875 0.0453125
0 0.2984375 0.41015625 0.040625 0.03671875
0 0.828125 0.69453125 0.03359375 0.05078125
0 0.525 0.5046875 0.02734375 0.0390625
0 0.19765625 0.48984375 0.028125 0.0234375
0 0.8796875 0.6765625 0.0390625 0.03359375
0 0.4375 0.18125 0.05703125 0.028125
0 0.534375 0.78125 0.04609375 0.03515625
0 0.8375 0.38828125 0.03046875 0.04609375
0 0.678125 0.76015625 0.06484375 0.0265625
0 0.74921875 0.80078125 0.03515625 0.02734375
0 0.6828125 0.671875 0.040625 0.04453125
0 0.35546875 0.54453125 0.05078125 0.01875
0 0.5984375 0.1015625 0.02734375 0.0546875
0 0.4921875 0.7921875 0.03515625 0.040625
0 0.83984375 0.63515625 0.05 0.02578125
0 0.76953125 0.36875 0.05703125 0.0390625
0 0.48359375 0.13671875 0.07890625 0.0234375
0 0.6515625 0.803125 0.03203125 0.05
0 0.209375 0.57578125 0.04453125 0.040625
0 0.2578125 0.56640625 0.046875 0.03359375
0 0.71796875 0.46015625 0.01875 0.0453125
0 0.3828125 0.4890625 0.0515625 0.01796875
0 0.41015625 0.246875 0.0484375 0.0390625
0 0.265625 0.78828125 0.05859375 0.028125
0 0.7 0.15390625 0.06015625 0.021875
0 0.45703125 0.659375 0.06171875 0.01796875
0 0.3171875 0.62421875 0.03125 0.03671875
0 0.3046875 0.4515625 0.0296875 0.04453125
0 0.1703125 0.359375 0.025 0.04765625
0 0.5484375 0.65 0.05 0.02109375
0 0.40390625 0.8140625 0.03359375 0.04453125
0 0.44140625 0.69921875 0.0296875 0.04765625
0 0.821875 0.2421875 0.0609375 0.02109375
0 0.709375 0.5046875 0.0578125 0.0328125
0 0.56484375 0.3546875 0.0375 0.053125
0 0.68828125 0.28828125 0.03984375 0.040625
0 0.8359375 0.3125 0.06796875 0.0265625
0 0.24765625 0.19453125 0.025 0.02734375
0 0.31953125 0.3453125 0.03125 0.0234375
0 0.678125 0.63046875 0.07109375 0.025
0 0.61953125 0.56328125 0.02734375 0.05234375
0 0.32265625 0.59296875 0.05703125 0.0296875
0 0.646875 0.68046875 0.0375 0.02421875
0 0.3953125 0.72421875 0.05390625 0.034375
0 0.8703125 0.83671875 0.071875 0.02421875
0 0.24296875 0.509375 0.02265625 0.03828125
0 0.2203125 0.51171875 0.0203125 0.03203125