0 0.765625 0.14140625 0.0390625 0.05078125
0 0.6421875 0.17421875 0.07734375 0.02109375
0 0.5765625 0.15078125 0.04375 0.05703125
0 0.6 0.2109375 0.0578125 0.0375
0 0.52734375 0.2046875 0.04453125 0.0328125
0 0.5140625 0.15078125 0.03125 0.034375
0 0.48828125 0.17421875 0.0671875 0.02109375
0 0.4640625 0.1984375 0.0625 0.02734375
0 0.5078125 0.23359375 0.065625 0.02578125
0 0.3875 0.2265625 0.07109375 0.02421875
0 0.4078125 0.2609375 0.03984375 0.04765625
0 0.35703125 0.2640625 0.065625 0.03046875
0 0.43359375 0.29296875 0.028125 0.0375
0 0.48203125 0.3125 0.03125 0.04453125
0 0.53203125 0.28515625 0.046875 0.0390625
0 0.578125 0.27734375 0.034375 0.03359375
0 0.6125 0.290625 0.03046875 0.046875
0 0.6625 0.29140625 0.03359375 0.0515625
0 0.78359375 0.33828125 0.0515625 0.03984375
0 0.61171875 0.3484375 0.06328125 0.03671875
0 0.3453125 0.296875 0.01875 0.0140625
0 0.1703125 0.2328125 0.01640625 0.05
0 0.3015625 0.33046875 0.02890625 0.04765625
0 0.271875 0.36171875 0.0296875 0.04453125
0 0.29609375 0.4046875 0.0296875 0.04453125
0 0.3515625 0.384375 0.06640625 0.02265625
0 0.37890625 0.35703125 0.0640625 0.025
0 0.23359375 0.3921875 0.0578125 0.04140625
0 0.1765625 0.3984375 0.03671875 0.03359375
0 0.1703125 0.43671875 0.0328125 0.040625
0 0.23125 0.4578125 0.0703125 0.02890625
0 0.3078125 0.44296875 0.065625 0.02109375
0 0.2984375 0.48359375 0.04921875 0.04296875
0 0.3359375 0.51328125 0.06484375 0.03046875
0 0.38671875 0.46328125 0.04375 0.04375
0 0.43984375 0.4234375 0.05234375 0.04296875
0 0.45703125 0.37421875 0.05078125 0.03515625
0 0.49921875 0.3625 0.04609375 0.03203125
0 0.55 0.36953125 0.03671875 0.04765625
0 0.50234375 0.4046875 0.05234375 0.021875
0 0.4890625 0.43984375 0.04375 0.05078125
0 0.559375 0.42734375 0.0578125 0.04140625
0 0.61640625 0.38515625 0.0234375 0.02265625
0 0.621875 0.4140625 0.01796875 0.01796875
0 0.68046875 0.40546875 0.03203125 0.04765625
0 0.6984375 0.36875 0.03125 0.0359375
0 0.7515625 0.4015625 0.03515625 0.05
0 0.721875 0.41953125 0.03046875 0.040625
0 0.7875 0.453125 0.0609375 0.03671875
0 0.7234375 0.453125 0.025 0.03046875
0 0.7140625 0.4890625 0.0375 0.0390625
0 0.6828125 0.50390625 0.02578125 0.0578125
0 0.6203125 0.47265625 0.03515625 0.05390625
0 0.50703125 0.48046875 0.046875 0.0453125
0 0.50234375 0.5296875 0.046875 0.0390625
0 0.55234375 0.55703125 0.0375 0.053125
0 0.44140625 0.528125 0.04375 0.04921875
0 0.19140625 0.50703125 0.05625 0.040625
0 0.2296875 0.54609375 0.07734375 0.015625
0 0.1921875 0.59296875 0.03125 0.04765625
0 0.33046875 0.5703125 0.03515625 0.046875
0 0.24921875 0.5734375 0.02109375 0.01953125
0 0.24921875 0.60625 0.02265625 0.02734375
0 0.25234375 0.6546875 0.07734375 0.0203125
0 0.23671875 0.6984375 0.0484375 0.05390625
0 0.346875 0.63046875 0.04765625 0.046875
0 0.38359375 0.65703125 0.046875 0.046875
0 0.446875 0.60625 0.08046875 0.02578125
0 0.528125 0.6171875 0.03984375 0.05078125
0 0.62265625 0.546875 0.040625 0.05078125
0 0.66328125 0.5640625 0.04140625 0.03984375
0 0.7078125 0.578125 0.04296875 0.04609375
0 0.771875 0.56328125 0.03828125 0.0484375
0 0.8109375 0.540625 0.059375 0.04375
0 0.8234375 0.6078125 0.0703125 0.0328125
0 0.803125 0.653125 0.02109375 0.0296875
0 0.8171875 0.63046875 0.03359375 0.0171875
0 0.81875 0.675 0.0328125 0.0171875
0 0.76640625 0.68828125 0.02578125 0.05078125
0 0.72265625 0.73828125 0.04140625 0.0453125
0 0.7234375 0.67109375 0.0578125 0.01953125
0 0.709375 0.69609375 0.034375 0.0296875
0 0.6265625 0.7125 0.065625 0.02421875
0 0.65234375 0.6953125 0.02734375 0.01796875
0 0.66796875 0.678125 0.0234375 0.02265625
0 0.64921875 0.646875 0.03125 0.04609375
0 0.69296875 0.61953125 0.05859375 0.03125
0 0.621875 0.5875 0.05859375 0.01875
0 0.58359375 0.603125 0.02421875 0.02734375
0 0.5875 0.640625 0.0328125 0.0421875
0 0.50625 0.6828125 0.03984375 0.0515625
0 0.61796875 0.7546875 0.0328125 0.05
0 0.6609375 0.80703125 0.04921875 0.05
0 0.559375 0.81875 0.053125 0.046875
0 0.775 0.78515625 0.03515625 0.05546875
0 0.84375 0.78046875 0.04453125 0.0546875
0 0.81953125 0.8328125 0.07578125 0.0296875