0 0.7375 0.153125 0.07890625 0.0234375
0 0.63828125 0.17734375 0.0359375 0.03515625
0 0.5671875 0.17890625 0.03359375 0.0453125
0 0.47109375 0.24375 0.025 0.040625
0 0.58203125 0.3171875 0.04453125 0.0359375
0 0.653125 0.34140625 0.0234375 0.03828125
0 0.6796875 0.33671875 0.02578125 0.01640625
0 0.77109375 0.37265625 0.03203125 0.021875
0 0.7359375 0.38046875 0.03125 0.034375
0 0.38203125 0.3078125 0.04609375 0.046875
0 0.41875 0.3578125 0.05078125 0.02734375
0 0.3109375 0.36953125 0.03359375 0.03984375
0 0.17109375 0.3921875 0.03359375 0.040625
0 0.33671875 0.4109375 0.0328125 0.03671875
0 0.49140625 0.43828125 0.05234375 0.0265625
0 0.5875 0.3984375 0.03125 0.0375
0 0.61328125 0.43203125 0.05546875 0.0203125
0 0.7 0.4515625 0.05234375 0.01796875
0 0.63671875 0.46640625 0.0390625 0.0265625
0 0.1640625 0.44609375 0.02421875 0.03671875
0 0.19375 0.44375 0.03984375 0.04453125
0 0.278125 0.45390625 0.03046875 0.04375
0 0.38125 0.46015625 0.01640625 0.04296875
0 0.40546875 0.4828125 0.0203125 0.0453125
0 0.47265625 0.5046875 0.04609375 0.0265625
0 0.52734375 0.50625 0.0359375 0.0328125
0 0.55234375 0.49296875 0.0265625 0.0328125
0 0.61484375 0.5078125 0.0203125 0.0390625
0 0.65 0.50625 0.040625 0.0203125
0 0.69140625 0.50078125 0.0328125 0.03125
0 0.77890625 0.42265625 0.034375 0.01953125
0 0.79609375 0.4078125 0.01953125 0.03515625
0 0.83671875 0.42578125 0.01875 0.05
0 0.81328125 0.4890625 0.05390625 0.02421875
0 0.8109375 0.52109375 0.0234375 0.0359375
0 0.7171875 0.56640625 0.028125 0.040625
0 0.6828125 0.58515625 0.053125 0.028125
0 0.81171875 0.58203125 0.0390625 0.02265625
0 0.7671875 0.60390625 0.0296875 0.03515625
0 0.60859375 0.5984375 0.06171875 0.01640625
0 0.56328125 0.55859375 0.03203125 0.04609375
0 0.49296875 0.56171875 0.04609375 0.028125
0 0.37265625 0.54296875 0.0203125 0.046875
0 0.30859375 0.52578125 0.03515625 0.03671875
0 0.2453125 0.4953125 0.059375 0.02109375
0 0.1390625 0.50625 0.04921875 0.03515625
0 0.203125 0.53359375 0.05703125 0.01484375
0 0.275 0.55546875 0.078125 0.015625
0 0.17421875 0.5765625 0.075 0.01796875
0 0.1515625 0.61796875 0.028125 0.0421875
0 0.278125 0.5921875 0.04453125 0.03984375
0 0.296875 0.6234375 0.0546875 0.01875
0 0.34609375 0.60546875 0.02734375 0.03671875
0 0.38671875 0.609375 0.0203125 0.0421875
0 0.3984375 0.64375 0.02734375 0.0375
0 0.4875 0.6109375 0.046875 0.0421875
0 0.55390625 0.628125 0.01875 0.034375
0 0.5703125 0.65234375 0.0515625 0.01484375
0 0.621875 0.62734375 0.0328125 0.03515625
0 0.6875 0.675 0.04296875 0.0203125
0 0.19609375 0.6421875 0.06015625 0.03203125
0 0.14609375 0.6546875 0.02109375 0.0265625
0 0.28359375 0.65234375 0.03671875 0.028125
0 0.2375 0.67421875 0.0625 0.01328125
0 0.20546875 0.703125 0.03671875 0.03984375
0 0.2453125 0.70703125 0.015625 0.03359375
0 0.13984375 0.6953125 0.01875 0.034375
0 0.175 0.71796875 0.03203125 0.04453125
0 0.30703125 0.72578125 0.06328125 0.0203125
0 0.3609375 0.72890625 0.02734375 0.0421875
0 0.38984375 0.7296875 0.01953125 0.04296875
0 0.38203125 0.7625 0.0515625 0.0171875
0 0.4484375 0.71953125 0.0140625 0.04296875
0 0.528125 0.74453125 0.0234375 0.03828125
0 0.57890625 0.74921875 0.0359375 0.03359375
0 0.67421875 0.7625 0.05078125 0.0296875
0 0.79765625 0.709375 0.0578125 0.02109375
0 0.7453125 0.7453125 0.0359375 0.04140625
0 0.8203125 0.80390625 0.02734375 0.040625
0 0.77265625 0.79921875 0.015625 0.034375
0 0.775 0.78125 0.0359375 0.02890625
0 0.684375 0.79609375 0.05078125 0.01796875
0 0.56640625 0.77890625 0.06171875 0.01328125
0 0.47890625 0.7859375 0.04140625 0.03203125
0 0.4265625 0.80625 0.0453125 0.03359375
0 0.36953125 0.821875 0.03515625 0.0421875
0 0.31640625 0.8484375 0.03203125 0.0328125
0 0.25546875 0.8234375 0.0296875 0.040625
0 0.21953125 0.77265625 0.0234375 0.0421875
0 0.16328125 0.79375 0.01328125 0.04140625
0 0.1828125 0.78671875 0.0375 0.0296875
0 0.14609375 0.84453125 0.01796875 0.04296875
0 0.221875 0.90390625 0.03359375 0.03984375
0 0.465625 0.8578125 0.04296875 0.015625
0 0.51015625 0.85625 0.04140625 0.0296875
0 0.4953125 0.8265625 0.065625 0.02734375
0 0.61875 0.865625 0.059375 0.02109375
0 0.71875 0.8359375 0.0609375 0.025