0 0.48046875 0.51640625 0.0375 0.028125
0 0.640625 0.48515625 0.04375 0.0375
0 0.43203125 0.74140625 0.034375 0.025
0 0.3265625 0.48984375 0.021875 0.040625
0 0.659375 0.7984375 0.0453125 0.025
0 0.678125 0.57265625 0.0328125 0.0484375
0 0.528125 0.8421875 0.0375 0.0296875
0 0.23046875 0.34921875 0.0328125 0.046875
0 0.665625 0.196875 0.04375 0.0390625
0 0.76875 0.78203125 0.05 0.0375
0 0.43046875 0.55 0.0359375 0.03125
0 0.296875 0.2640625 0.0515625 0.034375
0 0.5890625 0.35625 0.0328125 0.0421875
0 0.62578125 0.76875 0.0453125 0.025
0 0.70390625 0.4125 0.0375 0.046875
0 0.51015625 0.3953125 0.0296875 0.0390625
0 0.43125 0.703125 0.03125 0.0296875
0 0.25703125 0.8015625 0.028125 0.034375
0 0.65390625 0.84375 0.0359375 0.0328125
0 0.21796875 0.48984375 0.0390625 0.0375
0 0.7390625 0.16015625 0.0515625 0.0390625
0 0.640625 0.54375 0.0234375 0.0515625
0 0.5421875 0.42734375 0.028125 0.0375
0 0.3578125 0.3890625 0.028125 0.0234375
0 0.5234375 0.55390625 0.0234375 0.0515625
0 0.63125 0.15078125 0.04375 0.0484375
0 0.721875 0.7125 0.0390625 0.0390625
0 0.5234375 0.475 0.028125 0.0359375
0 0.70546875 0.82890625 0.01875 0.0453125
0 0.54609375 0.3625 0.04375 0.03125
0 0.6203125 0.66328125 0.0375 0.0375
0 0.81640625 0.80625 0.034375 0.04375
0 0.42578125 0.66484375 0.03125 0.0390625
0 0.765625 0.20078125 0.05625 0.034375
0 0.24296875 0.5109375 0.028125 0.0234375
0 0.7890625 0.73359375 0.0421875 0.0359375
0 0.196875 0.31171875 0.021875 0.0453125
0 0.3453125 0.803125 0.053125 0.015625
0 0.4015625 0.63828125 0.04375 0.015625
0 0.3078125 0.1390625 0.0484375 0.021875
0 0.271875 0.39609375 0.028125 0.046875
0 0.64609375 0.71484375 0.0453125 0.021875
0 0.29609375 0.70703125 0.015625 0.0265625
0 0.47734375 0.68046875 0.0546875 0.0140625
0 0.48203125 0.70078125 0.04375 0.0234375
0 0.38671875 0.37265625 0.053125 0.0375
0 0.3296875 0.32265625 0.021875 0.040625
0 0.56875 0.528125 0.03125 0.040625
0 0.66328125 0.30625 0.025 0.0421875
0 0.41640625 0.41171875 0.05 0.0296875
0 0.215625 0.26953125 0.046875 0.0234375
0 0.4578125 0.45625 0.025 0.04375
0 0.5875 0.8640625 0.0546875 0.0171875
0 0.78359375 0.5078125 0.021875 0.0515625
0 0.7765625 0.5484375 0.05625 0.0171875
0 0.31484375 0.43203125 0.0296875 0.04375
0 0.25703125 0.23046875 0.0203125 0.01875
0 0.7125 0.66796875 0.0609375 0.0125
0 0.32109375 0.66015625 0.025 0.03125
0 0.23359375 0.853125 0.0265625 0.0203125
0 0.56328125 0.24921875 0.05625 0.034375
0 0.7421875 0.60703125 0.0203125 0.040625
0 0.48359375 0.625 0.0171875 0.034375
0 0.22109375 0.675 0.0234375 0.046875
0 0.715625 0.509375 0.021875 0.0421875
0 0.290625 0.52734375 0.025 0.0390625
0 0.56328125 0.47578125 0.040625 0.0265625
0 0.453125 0.56875 0.053125 0.0171875
0 0.80625 0.27421875 0.0375 0.040625
0 0.7140625 0.32578125 0.0296875 0.046875
0 0.5109375 0.7359375 0.0296875 0.03125
0 0.45 0.815625 0.04375 0.0234375
0 0.43359375 0.47890625 0.04375 0.01875
0 0.43515625 0.6015625 0.053125 0.01875
0 0.29375 0.6671875 0.0203125 0.0390625
0 0.35390625 0.68671875 0.0203125 0.0421875
0 0.78828125 0.8265625 0.015625 0.040625
0 0.1828125 0.3390625 0.0234375 0.0390625
0 0.25703125 0.48203125 0.028125 0.034375
0 0.75234375 0.38046875 0.0328125 0.0359375
0 0.7859375 0.87578125 0.0484375 0.0234375
0 0.25546875 0.665625 0.040625 0.03125
0 0.590625 0.38984375 0.0328125 0.0234375
0 0.659375 0.425 0.03125 0.0484375
0 0.271875 0.85703125 0.0546875 0.01875
0 0.25 0.73046875 0.0234375 0.05
0 0.31015625 0.71015625 0.021875 0.015625
0 0.21015625 0.64296875 0.028125 0.028125
0 0.325 0.68046875 0.0328125 0.0140625
0 0.378125 0.6140625 0.01875 0.0328125
0 0.31796875 0.58046875 0.01875 0.040625
0 0.559375 0.60078125 0.028125 0.0375
0 0.409375 0.56640625 0.01875 0.0359375
0 0.3078125 0.5484375 0.0234375 0.0140625
0 0.2234375 0.53125 0.025 0.0359375
0 0.34140625 0.40390625 0.025 0.025
0 0.215625 0.43671875 0.021875 0.040625
0 0.30390625 0.35078125 0.0296875 0.0265625
0 0.2484375 0.2484375 0.01875 0.01875