0 0.4546875 0.4578125 0.046875 0.0359375
0 0.4328125 0.75859375 0.046875 0.034375
0 0.1796875 0.14140625 0.0390625 0.04375
0 0.58359375 0.7734375 0.046875 0.0296875
0 0.31484375 0.28671875 0.034375 0.0453125
0 0.4421875 0.26640625 0.034375 0.0375
0 0.4171875 0.221875 0.04375 0.04375
0 0.73515625 0.5328125 0.034375 0.0375
0 0.40625 0.26796875 0.040625 0.0390625
0 0.6546875 0.3734375 0.0453125 0.028125
0 0.60546875 0.08359375 0.028125 0.040625
0 0.6328125 0.10234375 0.034375 0.05
0 0.7921875 0.83671875 0.0234375 0.034375
0 0.81328125 0.3203125 0.0484375 0.028125
0 0.32890625 0.37890625 0.028125 0.04375
0 0.56796875 0.51640625 0.0421875 0.034375
0 0.4046875 0.63828125 0.0390625 0.0375
0 0.6203125 0.8 0.028125 0.046875
0 0.48671875 0.30078125 0.0390625 0.046875
0 0.67734375 0.2890625 0.025 0.0390625
0 0.509375 0.4890625 0.0265625 0.0421875
0 0.596875 0.20859375 0.0484375 0.021875
0 0.74140625 0.4578125 0.021875 0.046875
0 0.8046875 0.89140625 0.0359375 0.0375
0 0.31015625 0.71484375 0.0421875 0.040625
0 0.66484375 0.77421875 0.0359375 0.0171875
0 0.26171875 0.66015625 0.0453125 0.03125
0 0.259375 0.6921875 0.0453125 0.034375
0 0.296875 0.534375 0.028125 0.025
0 0.32421875 0.53671875 0.0328125 0.0390625
0 0.23125 0.603125 0.04375 0.0484375
0 0.37421875 0.79453125 0.0296875 0.0359375
0 0.81640625 0.1890625 0.0234375 0.04375
0 0.52421875 0.8203125 0.0234375 0.04375
0 0.803125 0.7046875 0.04375 0.0453125
0 0.81484375 0.6390625 0.0328125 0.0390625
0 0.6515625 0.665625 0.0375 0.04375
0 0.3859375 0.56484375 0.0484375 0.0265625
0 0.1515625 0.6703125 0.03125 0.01875
0 0.1890625 0.6578125 0.0296875 0.0421875
0 0.5296875 0.3546875 0.0515625 0.01875
0 0.21796875 0.17734375 0.03125 0.0265625
0 0.22734375 0.45 0.0421875 0.0359375
0 0.75 0.3828125 0.0390625 0.0328125
0 0.315625 0.165625 0.0484375 0.0390625
0 0.28671875 0.41796875 0.0421875 0.040625
0 0.40859375 0.728125 0.0625 0.0234375
0 0.4796875 0.4015625 0.0265625 0.0421875
0 0.6390625 0.53828125 0.04375 0.0171875
0 0.3890625 0.3484375 0.0453125 0.0359375
0 0.6515625 0.59921875 0.040625 0.03125
0 0.44296875 0.575 0.021875 0.053125
0 0.60078125 0.603125 0.046875 0.0265625
0 0.70859375 0.1984375 0.0390625 0.0375
0 0.38515625 0.40625 0.034375 0.0515625
0 0.359375 0.6109375 0.0390625 0.0390625
0 0.2140625 0.7015625 0.0359375 0.0375
0 0.15 0.63671875 0.0390625 0.0421875
0 0.18515625 0.09140625 0.05625 0.025
0 0.4234375 0.32265625 0.0578125 0.0171875
0 0.5484375 0.6015625 0.025 0.05
0 0.47578125 0.5078125 0.0234375 0.0265625
0 0.559375 0.68359375 0.0578125 0.0265625
0 0.85703125 0.31328125 0.01875 0.0484375
0 0.23203125 0.2109375 0.05625 0.01875
0 0.82734375 0.915625 0.025 0.0328125
0 0.70859375 0.571875 0.046875 0.0359375
0 0.1484375 0.56640625 0.025 0.04375
0 0.24140625 0.7703125 0.0328125 0.0328125
0 0.6265625 0.759375 0.021875 0.0375
0 0.5453125 0.44765625 0.025 0.046875
0 0.63828125 0.22734375 0.0578125 0.0234375
0 0.2046875 0.3578125 0.0515625 0.034375
0 0.70390625 0.6375 0.028125 0.0546875
0 0.2703125 0.48125 0.0546875 0.0375
0 0.6484375 0.62421875 0.0515625 0.0203125
0 0.159375 0.7 0.0328125 0.0375
0 0.77734375 0.4234375 0.0265625 0.0390625
0 0.16015625 0.3296875 0.0234375 0.0421875
0 0.459375 0.62890625 0.046875 0.0203125
0 0.725 0.83828125 0.0359375 0.04375
0 0.57578125 0.65546875 0.05 0.0203125
0 0.75703125 0.89921875 0.059375 0.0234375
0 0.49375 0.6484375 0.0421875 0.0203125
0 0.48359375 0.55859375 0.0453125 0.028125
0 0.2546875 0.1828125 0.025 0.0453125
0 0.265625 0.1078125 0.06875 0.0265625
0 0.39296875 0.375 0.0671875 0.015625
0 0.59453125 0.38125 0.059375 0.0265625
0 0.69375 0.46171875 0.028125 0.0421875
0 0.79140625 0.51640625 0.05 0.0234375
0 0.30625 0.5015625 0.025 0.040625
0 0.18203125 0.49375 0.0203125 0.0421875
0 0.22109375 0.63203125 0.034375 0.021875
0 0.728125 0.678125 0.0609375 0.028125
0 0.846875 0.80078125 0.0296875 0.0515625
0 0.775 0.81640625 0.028125 0.028125
0 0.42734375 0.61953125 0.021875 0.0375