0 0.4484375 0.19921875 0.0390625 0.0375
0 0.45078125 0.2609375 0.046875 0.03359375
0 0.25546875 0.4109375 0.03828125 0.0375
0 0.4828125 0.41953125 0.03046875 0.03515625
0 0.24609375 0.16328125 0.040625 0.034375
0 0.709375 0.63515625 0.0515625 0.03671875
0 0.7 0.3609375 0.028125 0.04140625
0 0.7921875 0.69375 0.03671875 0.0390625
0 0.4578125 0.36171875 0.05 0.01953125
0 0.72421875 0.70234375 0.0453125 0.03359375
0 0.4234375 0.384375 0.03046875 0.0359375
0 0.76953125 0.5671875 0.03515625 0.040625
0 0.71484375 0.2328125 0.0359375 0.0375
0 0.575 0.55859375 0.0453125 0.034375
0 0.33828125 0.603125 0.05703125 0.03125
0 0.3484375 0.52578125 0.053125 0.03828125
0 0.23828125 0.45859375 0.03515625 0.040625
0 0.64921875 0.39609375 0.04609375 0.0296875
0 0.3453125 0.41640625 0.02734375 0.03984375
0 0.4265625 0.61953125 0.03203125 0.0421875
0 0.50625 0.4875 0.04296875 0.02578125
0 0.83984375 0.73359375 0.053125 0.02578125
0 0.55390625 0.484375 0.02890625 0.040625
0 0.7265625 0.56796875 0.03671875 0.04375
0 0.5265625 0.60234375 0.0390625 0.04296875
0 0.86796875 0.528125 0.0484375 0.0328125
0 0.671875 0.7625 0.04375 0.03203125
0 0.26171875 0.2859375 0.0171875 0.05
0 0.290625 0.39921875 0.0359375 0.03984375
0 0.3453125 0.3890625 0.040625 0.021875
0 0.715625 0.503125 0.0359375 0.01640625
0 0.678125 0.17734375 0.0546875 0.02265625
0 0.27265625 0.54765625 0.03203125 0.0390625
0 0.6140625 0.21484375 0.0421875 0.03984375
0 0.85390625 0.775 0.04453125 0.0359375
0 0.39296875 0.54921875 0.02109375 0.04140625
0 0.42734375 0.30703125 0.02265625 0.04140625
0 0.3390625 0.30703125 0.02890625 0.04375
0 0.5484375 0.43828125 0.0390625 0.0375
0 0.64609375 0.2203125 0.02578125 0.046875
0 0.684375 0.4203125 0.040625 0.02734375
0 0.76796875 0.4640625 0.0234375 0.04375
0 0.5703125 0.784375 0.0296875 0.04765625
0 0.27578125 0.20078125 0.059375 0.0140625
0 0.5359375 0.1890625 0.04609375 0.03125
0 0.33828125 0.6984375 0.053125 0.01640625
0 0.44765625 0.5265625 0.0265625 0.0390625
0 0.69375 0.67734375 0.0546875 0.02578125
0 0.6 0.8703125 0.03671875 0.04140625
0 0.23125 0.6625 0.02265625 0.04609375
0 0.36015625 0.31953125 0.0171875 0.0421875
0 0.23125 0.21484375 0.01953125 0.0421875
0 0.34609375 0.20078125 0.0375 0.01875
0 0.309375 0.36015625 0.0375 0.0328125
0 0.4828125 0.17421875 0.0546875 0.0140625
0 0.47421875 0.1546875 0.02109375 0.0296875
0 0.578125 0.40234375 0.03046875 0.03828125
0 0.6234375 0.29921875 0.028125 0.04140625
0 0.321875 0.4796875 0.021875 0.053125
0 0.35 0.73203125 0.03125 0.04453125
0 0.509375 0.2515625 0.021875 0.046875
0 0.40234375 0.3515625 0.0375 0.03984375
0 0.20703125 0.871875 0.0546875 0.040625
0 0.859375 0.58203125 0.034375 0.025
0 0.371875 0.23671875 0.0609375 0.01484375
0 0.16875 0.72578125 0.02109375 0.04296875
0 0.84609375 0.32890625 0.02421875 0.04765625
0 0.63046875 0.4609375 0.01953125 0.06171875
0 0.8296875 0.4140625 0.02734375 0.03984375
0 0.86328125 0.38203125 0.021875 0.04140625
0 0.60703125 0.73125 0.0578125 0.01328125
0 0.76015625 0.5234375 0.0234375 0.053125
0 0.7546875 0.396875 0.0265625 0.04453125
0 0.784375 0.77109375 0.02109375 0.0421875
0 0.2234375 0.26015625 0.03359375 0.0390625
0 0.2265625 0.5375 0.021875 0.05078125
0 0.34140625 0.2796875 0.034375 0.02734375
0 0.22578125 0.2984375 0.0265625 0.040625
0 0.1546875 0.28046875 0.02265625 0.04140625
0 0.5296875 0.51953125 0.02265625 0.0328125
0 0.625 0.6046875 0.04921875 0.01640625
0 0.6921875 0.2859375 0.05546875 0.0140625
0 0.18671875 0.2765625 0.03125 0.03671875
0 0.25625 0.14609375 0.06484375 0.01484375
0 0.36875 0.2140625 0.05234375 0.01640625
0 0.7671875 0.246875 0.05234375 0.025
0 0.18671875 0.24375 0.02265625 0.02890625
0 0.21796875 0.4328125 0.0234375 0.03984375
0 0.1875 0.43125 0.0234375 0.04375
0 0.1828125 0.49453125 0.0265625 0.04453125
0 0.69296875 0.45703125 0.02578125 0.0484375
0 0.82109375 0.46953125 0.0171875 0.04453125
0 0.809375 0.50546875 0.02421875 0.04609375
0 0.87890625 0.62109375 0.028125 0.0359375
0 0.7859375 0.6171875 0.0203125 0.04609375
0 0.475 0.46484375 0.03125 0.02578125
0 0.1765625 0.78515625 0.0265625 0.05
0 0.80859375 0.86484375 0.04609375 0.04765625