0 0.5328125 0.8921875 0.046875 0.0359375
0 0.44765625 0.46796875 0.046875 0.04375
0 0.72734375 0.50078125 0.034375 0.04375
0 0.37578125 0.56875 0.0375 0.0390625
0 0.24765625 0.365625 0.0515625 0.0515625
0 0.6671875 0.2734375 0.0453125 0.0484375
0 0.54375 0.82421875 0.0484375 0.0390625
0 0.41875 0.74765625 0.046875 0.0328125
0 0.34609375 0.2640625 0.05625 0.0359375
0 0.89609375 0.846875 0.065625 0.0421875
0 0.25625 0.62890625 0.0390625 0.0421875
0 0.765625 0.74453125 0.0453125 0.0390625
0 0.503125 0.41171875 0.0328125 0.040625
0 0.603125 0.43359375 0.028125 0.04375
0 0.49921875 0.36484375 0.0421875 0.05
0 0.56796875 0.61953125 0.0265625 0.0484375
0 0.7421875 0.33515625 0.0328125 0.0484375
0 0.38046875 0.42578125 0.0296875 0.0484375
0 0.34765625 0.6828125 0.0359375 0.0421875
0 0.46875 0.3296875 0.053125 0.0375
0 0.4171875 0.615625 0.0453125 0.046875
0 0.6765625 0.5453125 0.0359375 0.0296875
0 0.8046875 0.5609375 0.0359375 0.046875
0 0.71796875 0.43984375 0.0328125 0.040625
0 0.2421875 0.75546875 0.0359375 0.0515625
0 0.575 0.3484375 0.053125 0.04375
0 0.315625 0.39609375 0.04375 0.0421875
0 0.68828125 0.2375 0.0546875 0.034375
0 0.265625 0.546875 0.0453125 0.0390625
0 0.740625 0.2875 0.0328125 0.0484375
0 0.59140625 0.884375 0.046875 0.028125
0 0.2625 0.20078125 0.0640625 0.0296875
0 0.7046875 0.31328125 0.0421875 0.0328125
0 0.20078125 0.44140625 0.0546875 0.0296875
0 0.21328125 0.13359375 0.0625 0.0265625
0 0.678125 0.64453125 0.0453125 0.0484375
0 0.4765625 0.659375 0.0484375 0.0375
0 0.17421875 0.3390625 0.028125 0.05
0 0.58046875 0.81953125 0.0484375 0.021875
0 0.65546875 0.32265625 0.0328125 0.021875
0 0.35859375 0.61171875 0.05625 0.0265625
0 0.75078125 0.65546875 0.025 0.04375
0 0.78828125 0.659375 0.03125 0.0484375
0 0.74609375 0.6828125 0.04375 0.0390625
0 0.496875 0.7546875 0.025 0.05
0 0.4359375 0.14375 0.0546875 0.0203125
0 0.19609375 0.93046875 0.040625 0.0390625
0 0.08125 0.14140625 0.0625 0.0375
0 0.41640625 0.78828125 0.0453125 0.0375
0 0.77578125 0.63125 0.04375 0.034375
0 0.33984375 0.484375 0.0484375 0.0265625
0 0.8265625 0.7828125 0.034375 0.046875
0 0.46171875 0.53359375 0.046875 0.0453125
0 0.3765625 0.1234375 0.0671875 0.0234375
0 0.146875 0.32578125 0.034375 0.0484375
0 0.22265625 0.69453125 0.03125 0.046875
0 0.61875 0.5203125 0.028125 0.0484375
0 0.30859375 0.68671875 0.0359375 0.046875
0 0.28671875 0.13828125 0.0609375 0.0203125
0 0.1796875 0.53203125 0.034375 0.046875
0 0.49140625 0.90078125 0.04375 0.046875
0 0.18515625 0.23515625 0.03125 0.0515625
0 0.546875 0.521875 0.0484375 0.040625
0 0.13671875 0.17421875 0.059375 0.0359375
0 0.5546875 0.71484375 0.0515625 0.0296875
0 0.5515625 0.21796875 0.034375 0.046875
0 0.396875 0.72578125 0.0484375 0.034375
0 0.3125 0.76015625 0.034375 0.04375
0 0.5625 0.45703125 0.03125 0.0421875
0 0.05703125 0.1875 0.0546875 0.0359375
0 0.44453125 0.1859375 0.0359375 0.0234375
0 0.86796875 0.79765625 0.040625 0.05
0 0.296875 0.45703125 0.0453125 0.03125
0 0.49140625 0.60546875 0.0609375 0.025
0 0.10390625 0.309375 0.028125 0.021875
0 0.83671875 0.8515625 0.04375 0.0296875
0 0.790625 0.60078125 0.0296875 0.04375
0 0.58828125 0.77890625 0.028125 0.0453125
0 0.70859375 0.40859375 0.046875 0.028125
0 0.221875 0.96171875 0.0578125 0.0265625
0 0.61484375 0.39296875 0.0453125 0.0296875
0 0.1515625 0.19921875 0.059375 0.0234375
0 0.74765625 0.21796875 0.0578125 0.028125
0 0.58359375 0.74375 0.0546875 0.03125
0 0.17109375 0.6734375 0.0328125 0.0578125
0 0.27421875 0.48203125 0.0515625 0.0265625
0 0.17734375 0.87578125 0.040625 0.0703125
0 0.29375 0.28046875 0.0640625 0.0390625
0 0.3015625 0.59609375 0.059375 0.0328125
0 0.2359375 0.94453125 0.025 0.028125
0 0.71484375 0.8515625 0.0671875 0.0296875
0 0.37265625 0.665625 0.0328125 0.0390625
0 0.6828125 0.57109375 0.0328125 0.040625
0 0.4625 0.50234375 0.0328125 0.0296875
0 0.65625 0.35 0.0203125 0.0390625
0 0.1234375 0.28828125 0.028125 0.0234375
0 0.43046875 0.203125 0.0359375 0.01875