0 0.71015625 0.1390625 0.0640625 0.028125
0 0.5609375 0.19453125 0.0375 0.0390625
0 0.45546875 0.240625 0.0390625 0.0515625
0 0.3671875 0.31796875 0.05625 0.040625
0 0.43125 0.3515625 0.0484375 0.0296875
0 0.56796875 0.31640625 0.0609375 0.0359375
0 0.6703125 0.290625 0.028125 0.0421875
0 0.63984375 0.3328125 0.028125 0.0375
0 0.6640625 0.3296875 0.028125 0.015625
0 0.72265625 0.36875 0.0453125 0.0421875
0 0.76328125 0.36171875 0.040625 0.025
0 0.78671875 0.4015625 0.03125 0.03125
0 0.58515625 0.40390625 0.03125 0.040625
0 0.62421875 0.428125 0.0734375 0.0171875
0 0.69140625 0.4421875 0.0578125 0.0171875
0 0.63125 0.459375 0.0375 0.0328125
0 0.4859375 0.4421875 0.06875 0.03125
0 0.328125 0.421875 0.0421875 0.034375
0 0.296875 0.37578125 0.046875 0.04375
0 0.1625 0.41015625 0.0421875 0.0484375
0 0.15625 0.46875 0.0328125 0.0421875
0 0.18984375 0.46015625 0.04375 0.0390625
0 0.275 0.459375 0.040625 0.0515625
0 0.37734375 0.4671875 0.0265625 0.046875
0 0.40703125 0.46015625 0.0359375 0.0421875
0 0.79765625 0.459375 0.021875 0.0421875
0 0.8234375 0.45625 0.0328125 0.053125
0 0.60859375 0.50625 0.028125 0.0375
0 0.6515625 0.49609375 0.04375 0.0296875
0 0.69453125 0.4875 0.0359375 0.0375
0 0.52578125 0.503125 0.0375 0.04375
0 0.55078125 0.48671875 0.034375 0.04375
0 0.46875 0.50703125 0.046875 0.0328125
0 0.240625 0.50234375 0.065625 0.0265625
0 0.134375 0.52890625 0.0484375 0.0359375
0 0.19765625 0.54921875 0.0609375 0.028125
0 0.30625 0.53203125 0.028125 0.04375
0 0.34375 0.54453125 0.053125 0.0265625
0 0.24609375 0.57890625 0.05 0.0359375
0 0.26953125 0.56484375 0.071875 0.0203125
0 0.4859375 0.56171875 0.0515625 0.03125
0 0.565625 0.5546875 0.05625 0.0515625
0 0.83515625 0.5203125 0.0296875 0.0453125
0 0.69296875 0.5984375 0.0296875 0.0515625
0 0.7140625 0.5875 0.0234375 0.0515625
0 0.771875 0.5515625 0.0171875 0.0421875
0 0.76875 0.59296875 0.0359375 0.025
0 0.80390625 0.5828125 0.0515625 0.0328125
0 0.62734375 0.6203125 0.0421875 0.0421875
0 0.61328125 0.59140625 0.05625 0.0265625
0 0.55859375 0.61875 0.034375 0.0390625
0 0.49453125 0.609375 0.0484375 0.0359375
0 0.34140625 0.625 0.0265625 0.0421875
0 0.38828125 0.61484375 0.034375 0.0390625
0 0.2671875 0.64140625 0.0484375 0.0375
0 0.28359375 0.66484375 0.046875 0.0265625
0 0.15234375 0.7484375 0.0234375 0.04375
0 0.18203125 0.74453125 0.028125 0.0359375
0 0.22109375 0.72890625 0.0328125 0.0421875
0 0.2484375 0.68671875 0.0609375 0.021875
0 0.15859375 0.69140625 0.0171875 0.0484375
0 0.20234375 0.65625 0.053125 0.040625
0 0.1609375 0.62265625 0.03125 0.0453125
0 0.25 0.73203125 0.0203125 0.0421875
0 0.39296875 0.6578125 0.028125 0.0453125
0 0.54921875 0.64921875 0.0703125 0.0171875
0 0.31796875 0.7390625 0.0609375 0.0203125
0 0.39140625 0.7671875 0.0453125 0.0359375
0 0.41953125 0.74609375 0.0203125 0.0453125
0 0.4359375 0.70703125 0.04375 0.028125
0 0.46796875 0.71796875 0.034375 0.0421875
0 0.540625 0.734375 0.0375 0.0421875
0 0.58203125 0.77265625 0.053125 0.021875
0 0.58671875 0.74609375 0.03125 0.03125
0 0.66953125 0.6890625 0.03125 0.0421875
0 0.81328125 0.68828125 0.0546875 0.021875
0 0.75703125 0.734375 0.03125 0.0421875
0 0.6828125 0.75078125 0.0625 0.025
0 0.6953125 0.7890625 0.0625 0.0171875
0 0.4375 0.8109375 0.0421875 0.0375
0 0.471875 0.77421875 0.04375 0.0203125
0 0.32890625 0.7828125 0.053125 0.0421875
0 0.2296875 0.78984375 0.025 0.0453125
0 0.18203125 0.81484375 0.0484375 0.0390625
0 0.2703125 0.83828125 0.0234375 0.0421875
0 0.78984375 0.81328125 0.0171875 0.034375
0 0.81953125 0.78125 0.0546875 0.015625
0 0.73125 0.82734375 0.0515625 0.028125
0 0.63203125 0.85859375 0.0578125 0.0234375
0 0.53671875 0.8578125 0.0578125 0.0359375
0 0.52421875 0.825 0.065625 0.0203125
0 0.48125 0.86171875 0.053125 0.0234375
0 0.31796875 0.875 0.0375 0.0421875
0 0.36484375 0.84921875 0.0484375 0.0375
0 0.2515625 0.92421875 0.046875 0.034375
0 0.16328125 0.90625 0.01875 0.0515625
0 0.1828125 0.88125 0.0328125 0.0515625