0 0.45 0.58359375 0.0328125 0.0453125
0 0.48984375 0.603125 0.0296875 0.0375
0 0.72578125 0.29453125 0.034375 0.0359375
0 0.4171875 0.4765625 0.028125 0.0375
0 0.3296875 0.81015625 0.05 0.0421875
0 0.675 0.57890625 0.0328125 0.0421875
0 0.4296875 0.76015625 0.0609375 0.0375
0 0.4453125 0.2578125 0.034375 0.0328125
0 0.63984375 0.5359375 0.0265625 0.0328125
0 0.25 0.48046875 0.040625 0.0375
0 0.540625 0.2796875 0.0296875 0.03125
0 0.56796875 0.2734375 0.0296875 0.0296875
0 0.65703125 0.68828125 0.0390625 0.046875
0 0.66953125 0.42265625 0.0203125 0.0390625
0 0.59296875 0.63046875 0.0359375 0.0359375
0 0.73984375 0.47578125 0.025 0.034375
0 0.76328125 0.4671875 0.028125 0.0359375
0 0.49609375 0.22890625 0.0359375 0.034375
0 0.34609375 0.28984375 0.04375 0.034375
0 0.24609375 0.15390625 0.0421875 0.0234375
0 0.6359375 0.50390625 0.025 0.034375
0 0.63984375 0.3953125 0.0234375 0.0375
0 0.56640625 0.44921875 0.0359375 0.0375
0 0.46875 0.53125 0.0296875 0.0390625
0 0.76171875 0.14140625 0.0453125 0.025
0 0.71640625 0.34609375 0.0484375 0.021875
0 0.33359375 0.590625 0.0265625 0.046875
0 0.66328125 0.2546875 0.05 0.0296875
0 0.3703125 0.3546875 0.040625 0.040625
0 0.7453125 0.75390625 0.015625 0.025
0 0.76484375 0.72890625 0.0578125 0.0265625
0 0.53671875 0.515625 0.040625 0.021875
0 0.7234375 0.20625 0.0359375 0.03125
0 0.39296875 0.6578125 0.05625 0.025
0 0.2859375 0.60078125 0.03125 0.0421875
0 0.7375 0.771875 0.0171875 0.0203125
0 0.2515625 0.85546875 0.059375 0.04375
0 0.76953125 0.51953125 0.0375 0.0359375
0 0.6484375 0.27734375 0.0359375 0.021875
0 0.70546875 0.43515625 0.0171875 0.0390625
0 0.7734375 0.56953125 0.025 0.04375
0 0.19921875 0.26171875 0.034375 0.0421875
0 0.21640625 0.2328125 0.0421875 0.0328125
0 0.2359375 0.81015625 0.0625 0.0296875
0 0.46875 0.4609375 0.021875 0.046875
0 0.7296875 0.15390625 0.0375 0.03125
0 0.18515625 0.7390625 0.0421875 0.040625
0 0.16171875 0.365625 0.0265625 0.046875
0 0.371875 0.5171875 0.0546875 0.0203125
0 0.20625 0.496875 0.025 0.0359375
0 0.5265625 0.546875 0.0390625 0.0453125
0 0.3296875 0.1703125 0.034375 0.0328125
0 0.5109375 0.44453125 0.015625 0.0421875
0 0.26796875 0.2796875 0.021875 0.0375
0 0.6703125 0.48515625 0.025 0.03125
0 0.23203125 0.58828125 0.025 0.04375
0 0.50390625 0.33125 0.0453125 0.0171875
0 0.69375 0.62265625 0.0265625 0.04375
0 0.30703125 0.128125 0.040625 0.0359375
0 0.76015625 0.33671875 0.025 0.040625
0 0.44921875 0.1671875 0.0265625 0.04375
0 0.35859375 0.85703125 0.05 0.0265625
0 0.65546875 0.32265625 0.0265625 0.040625
0 0.6359375 0.21015625 0.0484375 0.021875
0 0.71640625 0.5890625 0.0171875 0.0375
0 0.73515625 0.525 0.028125 0.040625
0 0.184375 0.52265625 0.0546875 0.01875
0 0.3296875 0.2171875 0.0515625 0.0265625
0 0.4046875 0.5640625 0.0359375 0.0390625
0 0.684375 0.86171875 0.0484375 0.0265625
0 0.3453125 0.46796875 0.025 0.05625
0 0.80703125 0.66328125 0.0234375 0.028125
0 0.7640625 0.65625 0.0265625 0.0453125
0 0.6953125 0.21015625 0.04375 0.0296875
0 0.3140625 0.43359375 0.0328125 0.05625
0 0.58203125 0.41875 0.0203125 0.0453125
0 0.27890625 0.3453125 0.0609375 0.021875
0 0.39765625 0.14765625 0.0578125 0.015625
0 0.278125 0.6625 0.0296875 0.0453125
0 0.6953125 0.7390625 0.0515625 0.0359375
0 0.2453125 0.40390625 0.0375 0.040625
0 0.48515625 0.4125 0.01875 0.025
0 0.50703125 0.40703125 0.0296875 0.028125
0 0.4515625 0.653125 0.0453125 0.021875
0 0.79765625 0.69296875 0.0265625 0.04375
0 0.4265625 0.40859375 0.025 0.0453125
0 0.196875 0.1953125 0.025 0.03125
0 0.3453125 0.24453125 0.059375 0.0171875
0 0.50234375 0.18359375 0.0484375 0.034375
0 0.60703125 0.2484375 0.0234375 0.0421875
0 0.61875 0.34609375 0.0296875 0.0421875
0 0.3203125 0.73046875 0.034375 0.0453125
0 0.1796875 0.16875 0.01875 0.034375
0 0.671875 0.2984375 0.0203125 0.0328125
0 0.77265625 0.3578125 0.015625 0.03125
0 0.46171875 0.240625 0.040625 0.0171875
0 0.4984375 0.31328125 0.0390625 0.021875
0 0.5421875 0.428125 0.0421875 0.015625
0 0.68125 0.46171875 0.0390625 0.0203125
0 0.6328125 0.61875 0.0515625 0.025