0 0.73046875 0.2578125 0.04609375 0.040625
0 0.6421875 0.36171875 0.0546875 0.03671875
0 0.546875 0.79140625 0.0390625 0.03359375
0 0.1859375 0.14765625 0.04296875 0.03671875
0 0.3890625 0.60625 0.04375 0.0390625
0 0.665625 0.42578125 0.0296875 0.03359375
0 0.56875 0.20234375 0.059375 0.02421875
0 0.7375 0.81953125 0.02890625 0.0421875
0 0.67578125 0.1109375 0.0359375 0.04375
0 0.5359375 0.59921875 0.03828125 0.04296875
0 0.58125 0.825 0.046875 0.02578125
0 0.4203125 0.42734375 0.0515625 0.0359375
0 0.26484375 0.41796875 0.02734375 0.04140625
0 0.640625 0.6421875 0.05625 0.03203125
0 0.35625 0.83046875 0.03828125 0.04140625
0 0.68125 0.85078125 0.05859375 0.02890625
0 0.82578125 0.2671875 0.02578125 0.0453125
0 0.60546875 0.49609375 0.03125 0.0484375
0 0.65546875 0.28359375 0.03125 0.04453125
0 0.19296875 0.19296875 0.040625 0.0375
0 0.521875 0.70546875 0.046875 0.04140625
0 0.2953125 0.390625 0.0296875 0.0453125
0 0.38125 0.2296875 0.03515625 0.04296875
0 0.42109375 0.27265625 0.04140625 0.03203125
0 0.384375 0.796875 0.0296875 0.04296875
0 0.29296875 0.2984375 0.03125 0.0390625
0 0.2875 0.18125 0.04609375 0.0375
0 0.36171875 0.35078125 0.0390625 0.03984375
0 0.23046875 0.446875 0.05703125 0.02890625
0 0.79296875 0.13359375 0.0296875 0.0515625
0 0.17421875 0.39140625 0.05390625 0.0265625
0 0.246875 0.584375 0.0359375 0.03984375
0 0.2359375 0.76875 0.02734375 0.0484375
0 0.23515625 0.70078125 0.03125 0.04765625
0 0.803125 0.6828125 0.04140625 0.0375
0 0.37890625 0.27734375 0.04140625 0.0328125
0 0.3203125 0.73984375 0.03984375 0.04921875
0 0.76171875 0.40546875 0.0296875 0.046875
0 0.70625 0.6421875 0.02421875 0.04375
0 0.54921875 0.4046875 0.0375 0.034375
0 0.27109375 0.340625 0.034375 0.03984375
0 0.63203125 0.4578125 0.05703125 0.0265625
0 0.73125 0.384375 0.02734375 0.046875
0 0.45625 0.5015625 0.02421875 0.04609375
0 0.38671875 0.690625 0.02421875 0.04921875
0 0.253125 0.8609375 0.04921875 0.02890625
0 0.728125 0.52109375 0.028125 0.0484375
0 0.4953125 0.34375 0.03359375 0.02265625
0 0.63515625 0.68828125 0.03359375 0.040625
0 0.6671875 0.7125 0.02734375 0.04765625
0 0.528125 0.509375 0.05234375 0.028125
0 0.31640625 0.80078125 0.028125 0.0515625
0 0.22734375 0.34765625 0.0265625 0.05
0 0.4875 0.09609375 0.05625 0.03671875
0 0.840625 0.9046875 0.0328125 0.0453125
0 0.5921875 0.7625 0.0546875 0.025
0 0.76953125 0.90078125 0.04921875 0.0265625
0 0.6359375 0.60546875 0.04921875 0.02578125
0 0.41640625 0.64453125 0.0296875 0.0390625
0 0.1390625 0.76328125 0.028125 0.04765625
0 0.68125 0.18203125 0.0375 0.04453125
0 0.1328125 0.0875 0.03046875 0.04375
0 0.1453125 0.3515625 0.0296875 0.0453125
0 0.17890625 0.23671875 0.07578125 0.02265625
0 0.6125 0.221875 0.0640625 0.01953125
0 0.71484375 0.703125 0.0265625 0.04140625
0 0.27109375 0.759375 0.02578125 0.04296875
0 0.6875 0.51953125 0.05546875 0.01875
0 0.59375 0.603125 0.03359375 0.0203125
0 0.146875 0.1671875 0.0390625 0.03828125
0 0.1421875 0.43828125 0.02734375 0.0484375
0 0.37421875 0.521875 0.04453125 0.0203125
0 0.3671875 0.4109375 0.02890625 0.0484375
0 0.34765625 0.56953125 0.06796875 0.02421875
0 0.5078125 0.4015625 0.0421875 0.0296875
0 0.1625 0.71640625 0.03203125 0.04765625
0 0.1625 0.8140625 0.02421875 0.04375
0 0.19609375 0.8359375 0.02734375 0.04921875
0 0.840625 0.79140625 0.028125 0.0421875
0 0.77890625 0.4953125 0.0515625 0.02421875
0 0.815625 0.621875 0.03125 0.04765625
0 0.71171875 0.4390625 0.05078125 0.02578125
0 0.2296875 0.8203125 0.02734375 0.04375
0 0.58671875 0.68828125 0.05546875 0.028125
0 0.6359375 0.80546875 0.07265625 0.0203125
0 0.7 0.88046875 0.06015625 0.02578125
0 0.68828125 0.590625 0.0546875 0.0296875
0 0.59140625 0.56640625 0.02265625 0.05
0 0.74453125 0.65625 0.046875 0.021875
0 0.18984375 0.753125 0.034375 0.04765625
0 0.2859375 0.54765625 0.0515625 0.03515625
0 0.465625 0.30703125 0.0296875 0.0375
0 0.22734375 0.209375 0.025 0.04453125
0 0.45 0.34375 0.04765625 0.02109375
0 0.58046875 0.37109375 0.05625 0.0265625
0 0.53515625 0.53984375 0.03359375 0.0296875
0 0.80234375 0.875 0.01875 0.0390625
0 0.8265625 0.86484375 0.0296875 0.03828125