0 0.1734375 0.1109375 0.084375 0.0296875
0 0.3390625 0.1484375 0.0453125 0.0359375
0 0.3953125 0.17421875 0.0734375 0.0203125
0 0.3359375 0.19609375 0.05 0.03125
0 0.29296875 0.1875 0.0375 0.0546875
0 0.2140625 0.165625 0.0359375 0.0390625
0 0.225 0.2078125 0.0546875 0.03125
0 0.23515625 0.22890625 0.0359375 0.0140625
0 0.2109375 0.2546875 0.0453125 0.0359375
0 0.2765625 0.27890625 0.040625 0.0484375
0 0.38046875 0.22109375 0.05 0.0265625
0 0.365625 0.26953125 0.0609375 0.0390625
0 0.4828125 0.16875 0.0390625 0.0328125
0 0.5578125 0.17578125 0.059375 0.028125
0 0.671875 0.13203125 0.0640625 0.03125
0 0.66875 0.1578125 0.071875 0.0265625
0 0.65859375 0.1859375 0.071875 0.0234375
0 0.74140625 0.18671875 0.04375 0.040625
0 0.75 0.25859375 0.0390625 0.0484375
0 0.5703125 0.25 0.04375 0.034375
0 0.6265625 0.27109375 0.059375 0.034375
0 0.48515625 0.2671875 0.0578125 0.0453125
0 0.5046875 0.3015625 0.0578125 0.0328125
0 0.5765625 0.30859375 0.04375 0.04375
0 0.68984375 0.28125 0.0203125 0.0203125
0 0.7125 0.29140625 0.021875 0.0359375
0 0.74375 0.325 0.05 0.0265625
0 0.77578125 0.3140625 0.025 0.0421875
0 0.78828125 0.34609375 0.01875 0.021875
0 0.70078125 0.34296875 0.0296875 0.0515625
0 0.67421875 0.309375 0.0359375 0.0234375
0 0.646875 0.33125 0.0203125 0.0421875
0 0.62109375 0.32734375 0.03125 0.04375
0 0.665625 0.3765625 0.028125 0.046875
0 0.59453125 0.37890625 0.0328125 0.0421875
0 0.50234375 0.35625 0.0359375 0.0296875
0 0.48984375 0.38359375 0.0609375 0.025
0 0.45625 0.33046875 0.0578125 0.0234375
0 0.43515625 0.36171875 0.0375 0.028125
0 0.39140625 0.3390625 0.040625 0.0328125
0 0.28828125 0.32265625 0.071875 0.021875
0 0.25703125 0.38671875 0.0328125 0.046875
0 0.32890625 0.409375 0.0484375 0.0453125
0 0.36640625 0.43671875 0.0390625 0.053125
0 0.26640625 0.45234375 0.075 0.0203125
0 0.28828125 0.484375 0.034375 0.04375
0 0.21875 0.48203125 0.0328125 0.04375
0 0.43125 0.4734375 0.0421875 0.0390625
0 0.48125 0.43984375 0.0359375 0.0515625
0 0.54921875 0.42265625 0.05625 0.0234375
0 0.59296875 0.440625 0.0328125 0.040625
0 0.5546875 0.44921875 0.0421875 0.034375
0 0.51015625 0.47890625 0.05625 0.028125
0 0.584375 0.48671875 0.03125 0.05
0 0.6734375 0.4375 0.025 0.046875
0 0.57421875 0.51796875 0.05 0.03125
0 0.54296875 0.5234375 0.021875 0.0296875
0 0.5203125 0.54375 0.0296875 0.0203125
0 0.48828125 0.52421875 0.0390625 0.03125
0 0.45859375 0.5640625 0.0453125 0.05
0 0.37109375 0.55859375 0.0234375 0.0546875
0 0.34375 0.5625 0.03125 0.05
0 0.31171875 0.54609375 0.040625 0.05
0 0.25234375 0.6125 0.0359375 0.046875
0 0.49453125 0.5953125 0.0390625 0.046875
0 0.55703125 0.61875 0.0328125 0.0484375
0 0.60546875 0.6140625 0.0390625 0.0421875
0 0.6703125 0.49921875 0.0265625 0.0390625
0 0.671875 0.54375 0.028125 0.04375
0 0.7421875 0.51171875 0.028125 0.046875
0 0.78984375 0.5375 0.05 0.0375
0 0.7296875 0.590625 0.0328125 0.0484375
0 0.778125 0.60234375 0.028125 0.040625
0 0.7640625 0.64296875 0.0359375 0.046875
0 0.63828125 0.5953125 0.025 0.01875
0 0.6578125 0.58671875 0.0234375 0.0171875
0 0.703125 0.4640625 0.0171875 0.0203125
0 0.71484375 0.45078125 0.01875 0.0203125
0 0.77734375 0.4578125 0.025 0.04375
0 0.75625 0.47734375 0.0296875 0.025
0 0.41015625 0.63203125 0.0421875 0.05
0 0.45625 0.66171875 0.0453125 0.046875
0 0.346875 0.67109375 0.03125 0.053125
0 0.2859375 0.6625 0.0328125 0.0546875
0 0.1953125 0.7140625 0.046875 0.0484375
0 0.2375 0.7890625 0.0640625 0.0375
0 0.259375 0.8265625 0.059375 0.0359375
0 0.3171875 0.815625 0.0625 0.021875
0 0.3671875 0.83125 0.0484375 0.040625
0 0.440625 0.73984375 0.053125 0.0421875
0 0.4921875 0.72109375 0.0484375 0.040625
0 0.66953125 0.665625 0.04375 0.0453125
0 0.68984375 0.73046875 0.065625 0.0265625
0 0.73671875 0.72421875 0.028125 0.0296875
0 0.784375 0.71640625 0.05 0.0390625
0 0.8046875 0.6765625 0.03125 0.04375
0 0.8171875 0.6484375 0.0171875 0.01875
0 0.69609375 0.84375 0.0671875 0.0328125