0 0.70546875 0.13125 0.06875 0.028125
0 0.621875 0.1625 0.0546875 0.0484375
0 0.52734375 0.14375 0.046875 0.0453125
0 0.58203125 0.2359375 0.0390625 0.0421875
0 0.615625 0.2578125 0.0328125 0.0515625
0 0.5171875 0.25859375 0.0515625 0.0421875
0 0.45390625 0.24609375 0.040625 0.05
0 0.53125 0.3109375 0.0578125 0.0421875
0 0.671875 0.29296875 0.05625 0.0375
0 0.7921875 0.296875 0.05 0.0546875
0 0.66015625 0.34453125 0.053125 0.040625
0 0.36796875 0.3265625 0.0546875 0.05
0 0.3015625 0.39296875 0.0375 0.046875
0 0.51796875 0.39296875 0.0359375 0.053125
0 0.46484375 0.4078125 0.0578125 0.0453125
0 0.5875 0.428125 0.06875 0.0296875
0 0.77578125 0.3546875 0.0625 0.040625
0 0.7734375 0.39609375 0.0578125 0.0421875
0 0.334375 0.43203125 0.034375 0.015625
0 0.22265625 0.37265625 0.0296875 0.0484375
0 0.178125 0.34296875 0.034375 0.05
0 0.221875 0.44609375 0.0421875 0.05625
0 0.12734375 0.46640625 0.0328125 0.05
0 0.1484375 0.5171875 0.040625 0.05
0 0.240625 0.54375 0.025 0.028125
0 0.26328125 0.53125 0.0328125 0.025
0 0.3828125 0.46796875 0.046875 0.0390625
0 0.48046875 0.47421875 0.05625 0.0453125
0 0.4015625 0.50234375 0.065625 0.0375
0 0.33125 0.525 0.0328125 0.040625
0 0.1890625 0.56484375 0.03125 0.05
0 0.15078125 0.58671875 0.0484375 0.05
0 0.41953125 0.53515625 0.0703125 0.0203125
0 0.36015625 0.56796875 0.0375 0.0265625
0 0.3875 0.55625 0.0234375 0.0421875
0 0.27109375 0.603125 0.0546875 0.0453125
0 0.321875 0.621875 0.06875 0.04375
0 0.37578125 0.60078125 0.0328125 0.046875
0 0.5078125 0.53828125 0.0484375 0.04375
0 0.5578125 0.4890625 0.040625 0.0578125
0 0.646875 0.4578125 0.05625 0.040625
0 0.81484375 0.43359375 0.04375 0.0484375
0 0.784375 0.4609375 0.040625 0.0484375
0 0.71328125 0.48125 0.046875 0.046875
0 0.66796875 0.49375 0.0515625 0.0296875
0 0.6296875 0.51484375 0.0390625 0.0515625
0 0.59140625 0.54296875 0.0421875 0.0375
0 0.58203125 0.571875 0.03125 0.0296875
0 0.809375 0.5046875 0.0375 0.0484375
0 0.73984375 0.53984375 0.0375 0.059375
0 0.6734375 0.56640625 0.0390625 0.0375
0 0.68125 0.58984375 0.065625 0.028125
0 0.80390625 0.575 0.05 0.05
0 0.8078125 0.6203125 0.0546875 0.046875
0 0.80703125 0.6578125 0.053125 0.0390625
0 0.6828125 0.634375 0.065625 0.0359375
0 0.63515625 0.61640625 0.03125 0.05625
0 0.50703125 0.64765625 0.0734375 0.0359375
0 0.48515625 0.60078125 0.0484375 0.0484375
0 0.446875 0.59296875 0.0515625 0.046875
0 0.4046875 0.63359375 0.034375 0.05
0 0.40234375 0.6890625 0.0421875 0.0375
0 0.3953125 0.66796875 0.0359375 0.0203125
0 0.44765625 0.69375 0.046875 0.0296875
0 0.4828125 0.69921875 0.03125 0.04375
0 0.5390625 0.68203125 0.04375 0.0484375
0 0.55625 0.72890625 0.059375 0.05625
0 0.61328125 0.7546875 0.0484375 0.034375
0 0.55 0.76953125 0.0734375 0.025
0 0.5 0.7625 0.0328125 0.0421875
0 0.48828125 0.7328125 0.034375 0.0296875
0 0.353125 0.7375 0.0375 0.05
0 0.33515625 0.6765625 0.0421875 0.053125
0 0.24609375 0.68125 0.0609375 0.0375
0 0.17734375 0.71171875 0.0296875 0.0421875
0 0.19921875 0.69140625 0.0328125 0.0296875
0 0.23671875 0.7390625 0.0296875 0.0453125
0 0.22890625 0.7078125 0.0296875 0.0234375
0 0.275 0.7265625 0.0359375 0.0546875
0 0.30234375 0.77890625 0.05625 0.0515625
0 0.3734375 0.79140625 0.0375 0.0609375
0 0.43046875 0.809375 0.0515625 0.0375
0 0.48359375 0.82890625 0.0390625 0.0484375
0 0.52265625 0.80859375 0.05 0.05
0 0.2984375 0.86875 0.046875 0.0546875
0 0.24765625 0.82109375 0.0453125 0.053125
0 0.19140625 0.784375 0.0453125 0.05625
0 0.44140625 0.871875 0.0703125 0.046875
0 0.51953125 0.871875 0.065625 0.03125
0 0.67265625 0.87109375 0.0796875 0.0359375
0 0.6359375 0.775 0.059375 0.021875
0 0.73203125 0.7546875 0.025 0.034375
0 0.73046875 0.73203125 0.0296875 0.01875
0 0.7703125 0.7875 0.0421875 0.046875
0 0.78671875 0.73359375 0.04375 0.0484375
0 0.8265625 0.68828125 0.06875 0.0296875
0 0.86953125 0.7859375 0.0453125 0.046875
0 0.77578125 0.82890625 0.0765625 0.0359375
0 0.340625 0.9515625 0.0671875 0.03125