0 0.4234375 0.1484375 0.0359375 0.0515625
0 0.32421875 0.15859375 0.0453125 0.0453125
0 0.2515625 0.1609375 0.065625 0.0296875
0 0.33671875 0.2234375 0.06875 0.0234375
0 0.465625 0.1828125 0.0421875 0.0453125
0 0.51953125 0.2421875 0.0390625 0.0421875
0 0.4625 0.25859375 0.0390625 0.0375
0 0.4375 0.31953125 0.05 0.0390625
0 0.303125 0.31640625 0.046875 0.0375
0 0.35 0.34453125 0.0375 0.040625
0 0.18984375 0.32578125 0.046875 0.05
0 0.6109375 0.30703125 0.05 0.046875
0 0.765625 0.3296875 0.0296875 0.046875
0 0.8046875 0.29609375 0.0328125 0.05
0 0.6859375 0.3609375 0.03125 0.0484375
0 0.878125 0.3609375 0.05625 0.0390625
0 0.7734375 0.4 0.0234375 0.0453125
0 0.84296875 0.4109375 0.0203125 0.0359375
0 0.66875 0.41015625 0.0359375 0.015625
0 0.76484375 0.4484375 0.0296875 0.0390625
0 0.8234375 0.47109375 0.028125 0.040625
0 0.86484375 0.47578125 0.0234375 0.046875
0 0.75234375 0.4921875 0.0546875 0.028125
0 0.7203125 0.52578125 0.0328125 0.028125
0 0.671875 0.5015625 0.0234375 0.0359375
0 0.61484375 0.4453125 0.05625 0.015625
0 0.56015625 0.4546875 0.03125 0.040625
0 0.553125 0.396875 0.025 0.040625
0 0.5140625 0.38671875 0.04375 0.0328125
0 0.46875 0.39453125 0.021875 0.0421875
0 0.4078125 0.434375 0.0625 0.0328125
0 0.2078125 0.39375 0.04375 0.025
0 0.2390625 0.41640625 0.0421875 0.03125
0 0.1984375 0.465625 0.034375 0.0296875
0 0.3546875 0.48125 0.0359375 0.03125
0 0.4421875 0.503125 0.025 0.0390625
0 0.37890625 0.53671875 0.0234375 0.0421875
0 0.34140625 0.5171875 0.0390625 0.021875
0 0.296875 0.51171875 0.03125 0.0359375
0 0.21875 0.50390625 0.0359375 0.025
0 0.196875 0.54765625 0.0234375 0.0359375
0 0.2625 0.553125 0.0359375 0.0375
0 0.3421875 0.5640625 0.025 0.0421875
0 0.43125 0.57734375 0.0234375 0.0203125
0 0.41640625 0.5640625 0.021875 0.0203125
0 0.496875 0.546875 0.0359375 0.04375
0 0.584375 0.5125 0.0453125 0.0359375
0 0.625 0.5375 0.025 0.046875
0 0.5421875 0.57890625 0.0578125 0.0171875
0 0.5296875 0.59296875 0.021875 0.0296875
0 0.64765625 0.57734375 0.0328125 0.0453125
0 0.61875 0.6171875 0.021875 0.0453125
0 0.38515625 0.63125 0.0171875 0.040625
0 0.34296875 0.61328125 0.053125 0.01875
0 0.20703125 0.61328125 0.04375 0.040625
0 0.23046875 0.6453125 0.0390625 0.028125
0 0.340625 0.6640625 0.065625 0.0296875
0 0.84921875 0.57109375 0.0421875 0.059375
0 0.69609375 0.59375 0.046875 0.0296875
0 0.69453125 0.63359375 0.0265625 0.040625
0 0.79296875 0.6359375 0.021875 0.0390625
0 0.771875 0.63046875 0.025 0.040625
0 0.7890625 0.6671875 0.0140625 0.0421875
0 0.7609375 0.65859375 0.0421875 0.0140625
0 0.75859375 0.68828125 0.01875 0.040625
0 0.68984375 0.68359375 0.03125 0.0484375
0 0.6265625 0.67734375 0.021875 0.040625
0 0.61015625 0.6484375 0.0671875 0.0203125
0 0.51875 0.64921875 0.065625 0.028125
0 0.55078125 0.69609375 0.025 0.028125
0 0.53203125 0.6765625 0.053125 0.025
0 0.4921875 0.70703125 0.0296875 0.04375
0 0.4640625 0.70625 0.0328125 0.04375
0 0.55078125 0.74296875 0.025 0.0484375
0 0.47578125 0.778125 0.0484375 0.028125
0 0.4328125 0.7703125 0.0328125 0.0359375
0 0.39296875 0.79140625 0.0421875 0.025
0 0.35703125 0.81015625 0.03125 0.0265625
0 0.3109375 0.78515625 0.0265625 0.034375
0 0.2484375 0.7734375 0.0375 0.04375
0 0.215625 0.73515625 0.0578125 0.021875
0 0.190625 0.69765625 0.0578125 0.025
0 0.7390625 0.7484375 0.0359375 0.034375
0 0.85078125 0.7234375 0.04375 0.046875
0 0.8 0.78125 0.028125 0.0421875
0 0.6765625 0.771875 0.028125 0.0578125
0 0.60703125 0.79609375 0.0625 0.0171875
0 0.52578125 0.80859375 0.0265625 0.03125
0 0.53828125 0.7875 0.021875 0.01875
0 0.5796875 0.84140625 0.040625 0.046875
0 0.7609375 0.840625 0.025 0.0453125
0 0.6640625 0.88203125 0.059375 0.0296875
0 0.5421875 0.875 0.0484375 0.01875
0 0.275 0.87109375 0.059375 0.0375
0 0.27265625 0.82578125 0.0296875 0.0375
0 0.16875 0.8421875 0.0421875 0.046875
0 0.38359375 0.89296875 0.0625 0.021875
0 0.68203125 0.93828125 0.06875 0.0265625