0 0.05625 0.83828125 0.05 0.0625
0 0.28125 0.83203125 0.06875 0.0609375
0 0.2125 0.73125 0.090625 0.053125
0 0.26640625 0.68828125 0.053125 0.0546875
0 0.32578125 0.6765625 0.0671875 0.0515625
0 0.43046875 0.890625 0.090625 0.0453125
0 0.46796875 0.86953125 0.0796875 0.0390625
0 0.56796875 0.91328125 0.0484375 0.0734375
0 0.715625 0.96171875 0.0734375 0.04375
0 0.7640625 0.96640625 0.03125 0.0578125
0 0.79375 0.93203125 0.040625 0.0265625
0 0.78046875 0.8984375 0.028125 0.0484375
0 0.7046875 0.91484375 0.0609375 0.040625
0 0.7890625 0.84453125 0.0453125 0.04375
0 0.6734375 0.82109375 0.071875 0.0484375
0 0.565625 0.81015625 0.0796875 0.05625
0 0.4734375 0.7875 0.0828125 0.040625
0 0.56640625 0.7390625 0.0609375 0.0609375
0 0.66328125 0.77578125 0.0578125 0.0484375
0 0.7828125 0.79375 0.04375 0.0546875
0 0.796875 0.73359375 0.059375 0.034375
0 0.76171875 0.7265625 0.025 0.0296875
0 0.64375 0.69140625 0.0515625 0.05625
0 0.56953125 0.66171875 0.06875 0.034375
0 0.57265625 0.62734375 0.04375 0.05
0 0.4625 0.63671875 0.0703125 0.04375
0 0.4640625 0.54609375 0.04375 0.05625
0 0.3625 0.5640625 0.0484375 0.053125
0 0.33828125 0.48046875 0.0296875 0.0265625
0 0.359375 0.46640625 0.03125 0.0328125
0 0.4 0.45234375 0.0765625 0.03125
0 0.4390625 0.49765625 0.040625 0.0453125
0 0.465625 0.46484375 0.059375 0.03125
0 0.21953125 0.434375 0.065625 0.0609375
0 0.15234375 0.5359375 0.046875 0.0625
0 0.16796875 0.36171875 0.040625 0.05625
0 0.23984375 0.30234375 0.0421875 0.0625
0 0.3078125 0.38203125 0.0578125 0.059375
0 0.3578125 0.38828125 0.05 0.0640625
0 0.4390625 0.42734375 0.0625 0.0296875
0 0.48515625 0.38046875 0.059375 0.0390625
0 0.475 0.34453125 0.0609375 0.0359375
0 0.3921875 0.275 0.0421875 0.059375
0 0.2859375 0.2578125 0.0578125 0.05625
0 0.3703125 0.209375 0.040625 0.0578125
0 0.2453125 0.19609375 0.04375 0.0515625
0 0.2578125 0.1515625 0.0453125 0.05
0 0.2125 0.159375 0.046875 0.059375
0 0.19609375 0.23203125 0.0375 0.059375
0 0.16875 0.23359375 0.0375 0.05625
0 0.17734375 0.125 0.0375 0.0640625
0 0.18046875 0.08515625 0.025 0.0234375
0 0.2203125 0.0921875 0.0640625 0.0296875
0 0.2875 0.1125 0.04375 0.0390625
0 0.26328125 0.0765625 0.0328125 0.05625
0 0.3 0.04140625 0.0765625 0.046875
0 0.2515625 0.02421875 0.0390625 0.0234375
0 0.20390625 0.0140625 0.025 0.028125
0 0.19296875 0.05 0.05625 0.0203125
0 0.19453125 0.0390625 0.0265625 0.0171875
0 0.2265625 0.059375 0.021875 0.01875
0 0.46875 0.08203125 0.0796875 0.0390625
0 0.57578125 0.09375 0.071875 0.0421875
0 0.525 0.1703125 0.0328125 0.03125
0 0.478125 0.16875 0.071875 0.0421875
0 0.65703125 0.18046875 0.0703125 0.0390625
0 0.71171875 0.19921875 0.0453125 0.059375
0 0.759375 0.190625 0.0375 0.03125
0 0.79609375 0.20390625 0.040625 0.0296875
0 0.84609375 0.13515625 0.03125 0.0234375
0 0.80078125 0.13515625 0.03125 0.01875
0 0.86171875 0.23515625 0.06875 0.05625
0 0.6640625 0.23046875 0.0453125 0.040625
0 0.6859375 0.27890625 0.065625 0.040625
0 0.76171875 0.31640625 0.0671875 0.053125
0 0.81328125 0.365625 0.040625 0.053125
0 0.7890625 0.39921875 0.0359375 0.034375
0 0.6296875 0.3640625 0.065625 0.040625
0 0.5953125 0.33125 0.0265625 0.0484375
0 0.5484375 0.375 0.059375 0.0625
0 0.5546875 0.44609375 0.0640625 0.028125
0 0.6 0.43203125 0.0359375 0.0640625
0 0.65390625 0.465625 0.0515625 0.046875
0 0.73515625 0.478125 0.0359375 0.05625
0 0.7671875 0.48671875 0.028125 0.028125
0 0.8140625 0.49453125 0.04375 0.05625
0 0.7796875 0.5140625 0.0234375 0.028125
0 0.75234375 0.509375 0.028125 0.028125
0 0.69140625 0.5171875 0.0328125 0.025
0 0.65859375 0.50859375 0.03125 0.034375
0 0.6125 0.51875 0.0421875 0.0609375
0 0.56171875 0.5203125 0.0484375 0.0421875
0 0.5203125 0.50625 0.0421875 0.0546875
0 0.66484375 0.6203125 0.0390625 0.0546875
0 0.72265625 0.64375 0.0484375 0.0578125
0 0.78984375 0.60625 0.0453125 0.05625
0 0.8328125 0.61484375 0.040625 0.05625
0 0.77421875 0.68203125 0.04375 0.0578125