0 0.79296875 0.971875 0.0515625 0.05625
0 0.58515625 0.88828125 0.06875 0.0609375
0 0.6859375 0.81875 0.090625 0.0546875
0 0.65078125 0.759375 0.0546875 0.0546875
0 0.59921875 0.72734375 0.0671875 0.0515625
0 0.425 0.88984375 0.090625 0.046875
0 0.39765625 0.85625 0.0796875 0.0390625
0 0.28828125 0.86171875 0.05 0.0734375
0 0.13359375 0.85390625 0.0734375 0.0453125
0 0.08671875 0.840625 0.03125 0.0578125
0 0.07109375 0.79765625 0.040625 0.028125
0 0.0953125 0.771875 0.028125 0.0484375
0 0.16015625 0.81328125 0.0609375 0.0421875
0 0.10703125 0.71796875 0.0453125 0.0453125
0 0.22265625 0.7375 0.0734375 0.0484375
0 0.32734375 0.765625 0.0796875 0.05625
0 0.421875 0.778125 0.0828125 0.0421875
0 0.35234375 0.7 0.0625 0.0609375
0 0.24921875 0.6984375 0.0578125 0.05
0 0.13046875 0.67265625 0.04375 0.0546875
0 0.1390625 0.6125 0.059375 0.0359375
0 0.175 0.6171875 0.025 0.0296875
0 0.296875 0.6265625 0.053125 0.0578125
0 0.3765625 0.62578125 0.06875 0.034375
0 0.38671875 0.5921875 0.0453125 0.05
0 0.4859375 0.64140625 0.0703125 0.0453125
0 0.5171875 0.55546875 0.0453125 0.05625
0 0.60546875 0.60859375 0.0484375 0.053125
0 0.6578125 0.5390625 0.0296875 0.0265625
0 0.64375 0.51953125 0.0328125 0.0328125
0 0.6109375 0.49140625 0.0765625 0.0328125
0 0.55703125 0.51953125 0.040625 0.0453125
0 0.54453125 0.47890625 0.0609375 0.0328125
0 0.78515625 0.53984375 0.0671875 0.0625
0 0.81171875 0.65859375 0.0484375 0.0625
0 0.859375 0.48984375 0.040625 0.05625
0 0.8140625 0.40859375 0.0421875 0.0640625
0 0.72109375 0.45859375 0.059375 0.059375
0 0.67265625 0.446875 0.0515625 0.0640625
0 0.5828125 0.45390625 0.0625 0.03125
0 0.55625 0.39375 0.059375 0.0390625
0 0.57890625 0.3640625 0.0609375 0.0375
0 0.68125 0.328125 0.04375 0.059375
0 0.78671875 0.35078125 0.0578125 0.05625
0 0.725 0.275 0.0421875 0.0578125
0 0.846875 0.3078125 0.0453125 0.0515625
0 0.85078125 0.26171875 0.0453125 0.0515625
0 0.890625 0.284375 0.046875 0.059375
0 0.8796875 0.35859375 0.0390625 0.059375
0 0.9046875 0.3703125 0.0390625 0.05625
0 0.9359375 0.265625 0.0390625 0.065625
0 0.946875 0.22734375 0.025 0.0234375
0 0.90703125 0.21953125 0.0640625 0.03125
0 0.8375 0.21484375 0.0453125 0.0390625
0 0.87265625 0.18984375 0.034375 0.05625
0 0.85078125 0.14296875 0.0765625 0.046875
0 0.90234375 0.14453125 0.0390625 0.0234375
0 0.95078125 0.15234375 0.025 0.028125
0 0.94765625 0.18984375 0.05625 0.021875
0 0.95 0.17890625 0.0265625 0.0171875
0 0.91328125 0.18671875 0.0234375 0.01875
0 0.67890625 0.12109375 0.0796875 0.040625
0 0.575 0.09375 0.071875 0.0421875
0 0.5953125 0.18359375 0.0328125 0.03125
0 0.6390625 0.1984375 0.0734375 0.04375
0 0.46796875 0.1453125 0.071875 0.0390625
0 0.41015625 0.14375 0.046875 0.059375
0 0.36875 0.11796875 0.0375 0.03125
0 0.3296875 0.1171875 0.0421875 0.03125
0 0.3078125 0.03515625 0.03125 0.0234375
0 0.35 0.0515625 0.03125 0.01875
0 0.25703125 0.1234375 0.0703125 0.05625
0 0.44296875 0.18984375 0.0453125 0.0421875
0 0.40546875 0.22734375 0.065625 0.0421875
0 0.321875 0.234375 0.06875 0.0546875
0 0.25546875 0.2625 0.0421875 0.053125
0 0.26640625 0.30234375 0.0375 0.034375
0 0.428125 0.3265625 0.065625 0.0421875
0 0.47109375 0.3078125 0.0265625 0.0484375
0 0.5 0.36640625 0.0609375 0.0625
0 0.46796875 0.43046875 0.0640625 0.0296875
0 0.43125 0.40078125 0.0359375 0.0640625
0 0.36875 0.41328125 0.053125 0.0484375
0 0.28828125 0.3953125 0.0359375 0.05625
0 0.25546875 0.3921875 0.028125 0.028125
0 0.20859375 0.38203125 0.0453125 0.05625
0 0.23359375 0.41328125 0.0234375 0.028125
0 0.2609375 0.41875 0.0296875 0.028125
0 0.315625 0.44765625 0.0328125 0.025
0 0.3484375 0.4515625 0.03125 0.034375
0 0.38828125 0.47734375 0.0421875 0.0609375
0 0.43515625 0.496875 0.0484375 0.0421875
0 0.47890625 0.4984375 0.04375 0.05625
0 0.30234375 0.553125 0.040625 0.0546875
0 0.240625 0.5546875 0.0484375 0.059375
0 0.19140625 0.4953125 0.046875 0.05625
0 0.1484375 0.48828125 0.0421875 0.05625
0 0.17890625 0.571875 0.0453125 0.059375