0 0.72109375 0.87265625 0.090625 0.0421875
0 0.53046875 0.915625 0.084375 0.05
0 0.35703125 0.86171875 0.0765625 0.0421875
0 0.3828125 0.80546875 0.0671875 0.025
0 0.34453125 0.75703125 0.053125 0.059375
0 0.24375 0.79609375 0.075 0.0546875
0 0.31015625 0.70703125 0.059375 0.0625
0 0.375 0.68828125 0.0296875 0.0296875
0 0.43984375 0.72109375 0.0796875 0.0359375
0 0.5171875 0.7140625 0.0578125 0.03125
0 0.57109375 0.684375 0.0734375 0.046875
0 0.47578125 0.68359375 0.0640625 0.04375
0 0.37578125 0.66484375 0.0234375 0.01875
0 0.4953125 0.59765625 0.0390625 0.0515625
0 0.56796875 0.6171875 0.0421875 0.05
0 0.64140625 0.61875 0.0296875 0.046875
0 0.66171875 0.659375 0.0515625 0.05625
0 0.73359375 0.63515625 0.05 0.06875
0 0.84375 0.60546875 0.0484375 0.0609375
0 0.8671875 0.59296875 0.0390625 0.0578125
0 0.84296875 0.51328125 0.0546875 0.0609375
0 0.66015625 0.5578125 0.0515625 0.0375
0 0.60390625 0.575 0.075 0.0328125
0 0.7140625 0.50546875 0.0359375 0.0421875
0 0.7453125 0.46953125 0.046875 0.0421875
0 0.740625 0.44296875 0.0671875 0.0359375
0 0.8390625 0.40703125 0.0609375 0.05625
0 0.5984375 0.5125 0.071875 0.0390625
0 0.546875 0.50078125 0.040625 0.05625
0 0.47578125 0.5375 0.05 0.0546875
0 0.45859375 0.60546875 0.05 0.0578125
0 0.38125 0.59296875 0.028125 0.0296875
0 0.40234375 0.603125 0.025 0.03125
0 0.43671875 0.52421875 0.0375 0.0515625
0 0.35 0.57578125 0.0453125 0.05625
0 0.2671875 0.6234375 0.04375 0.03125
0 0.22734375 0.64375 0.0421875 0.0546875
0 0.28203125 0.57734375 0.0234375 0.01875
0 0.30234375 0.57421875 0.0203125 0.0203125
0 0.22421875 0.55625 0.053125 0.059375
0 0.30546875 0.50546875 0.0453125 0.0546875
0 0.33984375 0.51015625 0.0328125 0.05625
0 0.40859375 0.47734375 0.05 0.05
0 0.453125 0.46015625 0.05 0.0546875
0 0.4921875 0.446875 0.05 0.0546875
0 0.54453125 0.4484375 0.0578125 0.028125
0 0.60390625 0.4171875 0.078125 0.0421875
0 0.30234375 0.596875 0.0703125 0.0265625
0 0.15703125 0.52265625 0.06875 0.0515625
0 0.196875 0.45859375 0.0421875 0.0625
0 0.128125 0.45703125 0.06875 0.0671875
0 0.25390625 0.415625 0.053125 0.0609375
0 0.31953125 0.4203125 0.0875 0.0375
0 0.3703125 0.3796875 0.071875 0.0375
0 0.4578125 0.37265625 0.071875 0.05
0 0.27265625 0.34453125 0.0453125 0.0703125
0 0.32734375 0.29921875 0.090625 0.040625
0 0.17109375 0.35703125 0.0640625 0.05
0 0.18828125 0.290625 0.071875 0.0328125
0 0.23515625 0.24609375 0.0703125 0.03125
0 0.23359375 0.2109375 0.04375 0.0578125
0 0.09140625 0.29609375 0.0453125 0.028125
0 0.10546875 0.2671875 0.0203125 0.028125
0 0.125 0.26953125 0.0234375 0.021875
0 0.16484375 0.184375 0.0296875 0.021875
0 0.1890625 0.17578125 0.034375 0.0390625
0 0.25078125 0.13515625 0.0828125 0.0390625
0 0.1125 0.12734375 0.0921875 0.05
0 0.33515625 0.15390625 0.0515625 0.05625
0 0.3328125 0.2375 0.053125 0.053125
0 0.390625 0.23125 0.065625 0.0390625
0 0.41953125 0.203125 0.0609375 0.05
0 0.39765625 0.1546875 0.0375 0.0578125
0 0.43359375 0.14921875 0.0421875 0.0296875
0 0.46796875 0.16328125 0.0375 0.0546875
0 0.459375 0.09140625 0.0734375 0.0703125
0 0.64921875 0.0671875 0.046875 0.0453125
0 0.68671875 0.03828125 0.0515625 0.0546875
0 0.7703125 0.03359375 0.046875 0.0671875
0 0.7640625 0.14296875 0.04375 0.0609375
0 0.63828125 0.11328125 0.0484375 0.046875
0 0.553125 0.1171875 0.0640625 0.0234375
0 0.56171875 0.159375 0.0328125 0.0546875
0 0.5890625 0.1453125 0.040625 0.0453125
0 0.59453125 0.1828125 0.0328125 0.0328125
0 0.62734375 0.21796875 0.0390625 0.0328125
0 0.63671875 0.15 0.025 0.0265625
0 0.6734375 0.18515625 0.040625 0.0578125
0 0.6453125 0.1828125 0.0265625 0.0453125
0 0.47578125 0.25625 0.06875 0.0546875
0 0.59140625 0.271875 0.071875 0.04375
0 0.70546875 0.26015625 0.0671875 0.05625
0 0.8375 0.26640625 0.0421875 0.053125
0 0.784375 0.28984375 0.0203125 0.0296875
0 0.80078125 0.2859375 0.021875 0.03125
0 0.71796875 0.33046875 0.0609375 0.0546875
0 0.734375 0.38125 0.021875 0.0234375
0 0.41328125 0.7703125 0.04375 0.0515625