0 0.85703125 0.10625 0.01796875 0.02890625
0 0.85859375 0.08359375 0.0234375 0.01796875
0 0.7140625 0.1078125 0.0609375 0.0171875
0 0.64765625 0.1125 0.06875 0.02109375
0 0.52890625 0.0875 0.05546875 0.0328125
0 0.515625 0.134375 0.034375 0.0546875
0 0.4359375 0.13359375 0.05 0.0609375
0 0.33203125 0.0953125 0.06640625 0.0140625
0 0.28046875 0.103125 0.0375 0.0140625
0 0.23984375 0.1171875 0.08359375 0.01640625
0 0.1515625 0.1484375 0.0453125 0.05390625
0 0.1984375 0.16015625 0.01875 0.0203125
0 0.3296875 0.18203125 0.05546875 0.03984375
0 0.21640625 0.15703125 0.01796875 0.01796875
0 0.36875 0.2078125 0.06640625 0.01875
0 0.43828125 0.215625 0.075 0.03046875
0 0.1765625 0.215625 0.02734375 0.05234375
0 0.15078125 0.24609375 0.028125 0.04453125
0 0.121875 0.23125 0.025 0.0546875
0 0.19375 0.30625 0.02265625 0.0296875
0 0.16875 0.28984375 0.01953125 0.03828125
0 0.17421875 0.31953125 0.0140625 0.01796875
0 0.1296875 0.30859375 0.021875 0.03046875
0 0.11640625 0.34453125 0.015625 0.04921875
0 0.14140625 0.34921875 0.025 0.028125
0 0.15859375 0.38203125 0.028125 0.040625
0 0.1234375 0.41328125 0.0328125 0.046875
0 0.13359375 0.47265625 0.03515625 0.05078125
0 0.2265625 0.4078125 0.05703125 0.01484375
0 0.21875 0.425 0.02109375 0.02578125
0 0.209375 0.44375 0.02421875 0.01953125
0 0.2875 0.4109375 0.03984375 0.03046875
0 0.3390625 0.4125 0.028125 0.0296875
0 0.35 0.45546875 0.03046875 0.059375
0 0.43125 0.415625 0.0484375 0.040625
0 0.36796875 0.3640625 0.0234375 0.0484375
0 0.34921875 0.321875 0.02109375 0.04921875
0 0.40625 0.315625 0.0234375 0.01484375
0 0.47734375 0.33203125 0.0265625 0.04375
0 0.51171875 0.340625 0.040625 0.046875
0 0.51484375 0.41640625 0.0453125 0.04296875
0 0.165625 0.53828125 0.0328125 0.046875
0 0.20078125 0.57578125 0.06171875 0.02421875
0 0.2625 0.57734375 0.05390625 0.04296875
0 0.21015625 0.63671875 0.0609375 0.0453125
0 0.3453125 0.63515625 0.05234375 0.02109375
0 0.38515625 0.6453125 0.02421875 0.046875
0 0.4859375 0.55703125 0.0484375 0.0421875
0 0.56875 0.6328125 0.05546875 0.0265625
0 0.5515625 0.7203125 0.0421875 0.05234375
0 0.39765625 0.68984375 0.059375 0.0265625
0 0.34375 0.70078125 0.03828125 0.046875
0 0.240625 0.72734375 0.03046875 0.028125
0 0.2109375 0.75546875 0.0328125 0.028125
0 0.2375 0.771875 0.0359375 0.0234375
0 0.240625 0.81328125 0.028125 0.04921875
0 0.13203125 0.759375 0.01953125 0.01875
0 0.15546875 0.76796875 0.02421875 0.021875
0 0.18515625 0.9078125 0.06171875 0.02109375
0 0.3171875 0.84296875 0.06640625 0.03359375
0 0.45703125 0.82265625 0.08125 0.0234375
0 0.47265625 0.8734375 0.07578125 0.02421875
0 0.396875 0.92265625 0.05703125 0.0328125
0 0.35078125 0.91640625 0.03515625 0.04375
0 0.290625 0.91015625 0.0671875 0.0234375
0 0.4359375 0.94375 0.0671875 0.01875
0 0.21015625 0.9453125 0.08203125 0.025
0 0.17109375 0.9265625 0.06171875 0.0140625
0 0.13046875 0.92578125 0.01796875 0.01484375
0 0.47734375 0.91953125 0.0421875 0.021875
0 0.5828125 0.9171875 0.06328125 0.0171875
0 0.578125 0.903125 0.0578125 0.0171875
0 0.57890625 0.94140625 0.0703125 0.02265625
0 0.6453125 0.934375 0.065625 0.021875
0 0.6890625 0.884375 0.0734375 0.02578125
0 0.746875 0.81171875 0.0359375 0.05703125
0 0.7765625 0.89296875 0.0609375 0.01484375
0 0.7640625 0.9265625 0.03125 0.0171875
0 0.771875 0.9078125 0.025 0.015625
0 0.828125 0.9171875 0.02890625 0.021875
0 0.8625 0.88984375 0.01875 0.03671875
0 0.81875 0.878125 0.02265625 0.01796875
0 0.8296875 0.86484375 0.02109375 0.01875
0 0.8625 0.846875 0.02578125 0.015625
0 0.8734375 0.8328125 0.021875 0.01875
0 0.6796875 0.725 0.02734375 0.05546875
0 0.75078125 0.6828125 0.03828125 0.0484375
0 0.82265625 0.6890625 0.03046875 0.05
0 0.8625 0.63046875 0.02890625 0.05078125
0 0.80625 0.59296875 0.071875 0.025
0 0.646875 0.475 0.04765625 0.0453125
0 0.7046875 0.46640625 0.03515625 0.03671875
0 0.7 0.42578125 0.0375 0.040625
0 0.8015625 0.409375 0.034375 0.04375
0 0.83046875 0.3671875 0.0265625 0.05234375
0 0.8234375 0.28671875 0.053125 0.0453125