0 0.090625 0.15546875 0.0453125 0.05
0 0.31953125 0.10078125 0.075 0.0328125
0 0.2078125 0.178125 0.0625 0.040625
0 0.40703125 0.19609375 0.028125 0.0515625
0 0.48671875 0.1609375 0.05625 0.0421875
0 0.61484375 0.06015625 0.0578125 0.053125
0 0.65703125 0.10625 0.0421875 0.046875
0 0.70078125 0.109375 0.0390625 0.0390625
0 0.7515625 0.0765625 0.0546875 0.0328125
0 0.7890625 0.05703125 0.0296875 0.0328125
0 0.77421875 0.14375 0.03125 0.04375
0 0.76328125 0.18203125 0.0640625 0.0265625
0 0.69140625 0.215625 0.05 0.0375
0 0.621875 0.18984375 0.0421875 0.0484375
0 0.571875 0.246875 0.03125 0.046875
0 0.4953125 0.2484375 0.04375 0.0484375
0 0.5140625 0.28515625 0.028125 0.0328125
0 0.79296875 0.22734375 0.0328125 0.04375
0 0.33515625 0.315625 0.065625 0.034375
0 0.32421875 0.29375 0.0359375 0.0296875
0 0.25625 0.296875 0.0703125 0.0421875
0 0.13671875 0.36875 0.0421875 0.05625
0 0.37265625 0.3484375 0.08125 0.0328125
0 0.4640625 0.32421875 0.0625 0.04375
0 0.58984375 0.303125 0.0328125 0.0421875
0 0.62734375 0.33828125 0.0546875 0.046875
0 0.7140625 0.3015625 0.0453125 0.0375
0 0.79921875 0.2921875 0.03125 0.040625
0 0.79296875 0.3453125 0.04375 0.05625
0 0.57265625 0.36015625 0.0390625 0.046875
0 0.5234375 0.39296875 0.04375 0.04375
0 0.46015625 0.40625 0.0625 0.0296875
0 0.38515625 0.425 0.0453125 0.059375
0 0.2578125 0.484375 0.059375 0.03125
0 0.62109375 0.39375 0.0546875 0.0359375
0 0.69609375 0.4359375 0.034375 0.04375
0 0.7265625 0.43828125 0.0296875 0.046875
0 0.75703125 0.41796875 0.04375 0.034375
0 0.765625 0.38515625 0.0609375 0.0328125
0 0.8078125 0.4109375 0.0375 0.0421875
0 0.8109375 0.48515625 0.0296875 0.0453125
0 0.846875 0.45 0.046875 0.0390625
0 0.68203125 0.478125 0.0296875 0.034375
0 0.70859375 0.48359375 0.0390625 0.0390625
0 0.57421875 0.4796875 0.0484375 0.0265625
0 0.5109375 0.4984375 0.0546875 0.0296875
0 0.46015625 0.46171875 0.0640625 0.0234375
0 0.6078125 0.5140625 0.05625 0.05
0 0.36484375 0.5578125 0.0359375 0.0421875
0 0.3265625 0.525 0.0375 0.040625
0 0.19375 0.56875 0.0515625 0.05625
0 0.12890625 0.59375 0.040625 0.0515625
0 0.35859375 0.63046875 0.0578125 0.0578125
0 0.42578125 0.60625 0.046875 0.0390625
0 0.46015625 0.58671875 0.0359375 0.0484375
0 0.5515625 0.6078125 0.0625 0.0328125
0 0.49609375 0.64765625 0.040625 0.05
0 0.60703125 0.57109375 0.0234375 0.0453125
0 0.6265625 0.61015625 0.0265625 0.04375
0 0.609375 0.6421875 0.0390625 0.0328125
0 0.665625 0.58203125 0.0296875 0.0578125
0 0.678125 0.55234375 0.03125 0.0453125
0 0.7109375 0.5828125 0.0296875 0.0546875
0 0.74609375 0.56015625 0.034375 0.0484375
0 0.77734375 0.56953125 0.028125 0.0484375
0 0.82265625 0.61171875 0.0234375 0.0375
0 0.78203125 0.6421875 0.05625 0.025
0 0.66015625 0.66796875 0.0265625 0.0390625
0 0.721875 0.69375 0.0375 0.053125
0 0.75625 0.68671875 0.03125 0.034375
0 0.8375 0.6765625 0.028125 0.046875
0 0.78359375 0.71640625 0.034375 0.0453125
0 0.55 0.71328125 0.0484375 0.0359375
0 0.61796875 0.75234375 0.034375 0.046875
0 0.68125 0.753125 0.0328125 0.046875
0 0.50703125 0.7703125 0.0296875 0.0453125
0 0.453125 0.7265625 0.0421875 0.0421875
0 0.396875 0.7453125 0.034375 0.0484375
0 0.3171875 0.7578125 0.075 0.04375
0 0.27890625 0.72578125 0.05625 0.046875
0 0.171875 0.728125 0.046875 0.0421875
0 0.15546875 0.80703125 0.03125 0.0390625
0 0.18203125 0.7890625 0.0296875 0.0390625
0 0.20078125 0.7546875 0.0546875 0.03125
0 0.18515625 0.83125 0.03125 0.040625
0 0.44453125 0.81484375 0.0734375 0.03125
0 0.5640625 0.8359375 0.06875 0.028125
0 0.40234375 0.85859375 0.0703125 0.0296875
0 0.33984375 0.88671875 0.0609375 0.0328125
0 0.36953125 0.89140625 0.0453125 0.028125
0 0.43984375 0.8984375 0.05625 0.034375
0 0.52890625 0.8921875 0.0640625 0.0265625
0 0.6796875 0.8625 0.0703125 0.0265625
0 0.4890625 0.915625 0.0515625 0.0203125
0 0.41171875 0.93984375 0.0671875 0.0234375
0 0.34921875 0.93125 0.05 0.0234375
0 0.3109375 0.9265625 0.0515625 0.01875
0 0.2109375 0.95859375 0.053125 0.0375
0 0.21640625 0.92421875 0.04375 0.0296875
0 0.16171875 0.8921875 0.04375 0.0390625