0 0.353125 0.07421875 0.02421875 0.059375
0 0.12109375 0.13828125 0.0234375 0.0359375
0 0.14140625 0.0984375 0.04921875 0.021875
0 0.12265625 0.0703125 0.021875 0.0328125
0 0.15234375 0.06640625 0.05390625 0.025
0 0.215625 0.09296875 0.03203125 0.03828125
0 0.246875 0.11015625 0.0171875 0.03828125
0 0.15546875 0.15703125 0.028125 0.04453125
0 0.21171875 0.1609375 0.03359375 0.04453125
0 0.228125 0.190625 0.0390625 0.03046875
0 0.33203125 0.1796875 0.05078125 0.02421875
0 0.3765625 0.16640625 0.02578125 0.04296875
0 0.446875 0.1296875 0.03828125 0.02421875
0 0.47109375 0.10234375 0.028125 0.028125
0 0.559375 0.12734375 0.05703125 0.040625
0 0.64765625 0.0984375 0.0578125 0.02890625
0 0.71015625 0.0796875 0.05 0.02109375
0 0.72421875 0.134375 0.0203125 0.0515625
0 0.765625 0.10078125 0.02109375 0.03671875
0 0.7796875 0.078125 0.0390625 0.025
0 0.84140625 0.0734375 0.03203125 0.02109375
0 0.8703125 0.078125 0.0265625 0.02578125
0 0.77109375 0.25625 0.03125 0.04296875
0 0.7875 0.2203125 0.02890625 0.03515625
0 0.790625 0.18671875 0.0625 0.01953125
0 0.77109375 0.165625 0.0375 0.0234375
0 0.7796875 0.1375 0.02890625 0.02109375
0 0.665625 0.12734375 0.0390625 0.02890625
0 0.5953125 0.19453125 0.04375 0.0203125
0 0.63046875 0.17578125 0.04296875 0.02265625
0 0.5421875 0.2671875 0.03125 0.04375
0 0.57578125 0.23046875 0.05703125 0.02265625
0 0.68046875 0.221875 0.03515625 0.05
0 0.8109375 0.26484375 0.02890625 0.03828125
0 0.6171875 0.3046875 0.04921875 0.03359375
0 0.62265625 0.26796875 0.0546875 0.015625
0 0.65546875 0.26015625 0.04375 0.0125
0 0.35859375 0.25859375 0.046875 0.02265625
0 0.36015625 0.23203125 0.04375 0.01796875
0 0.25234375 0.2484375 0.034375 0.03984375
0 0.29453125 0.221875 0.04296875 0.03984375
0 0.153125 0.21953125 0.03515625 0.04375
0 0.17578125 0.2796875 0.0203125 0.0359375
0 0.4859375 0.26015625 0.0328125 0.02890625
0 0.40625 0.325 0.04296875 0.0265625
0 0.51875 0.31328125 0.0359375 0.04375
0 0.57421875 0.33046875 0.0234375 0.03984375
0 0.6984375 0.290625 0.04375 0.0328125
0 0.6828125 0.3671875 0.03828125 0.04296875
0 0.72578125 0.334375 0.0265625 0.03984375
0 0.85390625 0.32578125 0.0546875 0.028125
0 0.79453125 0.39609375 0.053125 0.02109375
0 0.840625 0.425 0.0234375 0.05234375
0 0.31015625 0.33671875 0.04375 0.03671875
0 0.184375 0.33515625 0.034375 0.03671875
0 0.309375 0.38359375 0.0296875 0.0390625
0 0.38203125 0.45546875 0.05078125 0.0359375
0 0.40390625 0.415625 0.0515625 0.01484375
0 0.46640625 0.39453125 0.03984375 0.03515625
0 0.17578125 0.4109375 0.01875 0.04296875
0 0.19140625 0.39375 0.0234375 0.02734375
0 0.14921875 0.44453125 0.0578125 0.01796875
0 0.4703125 0.446875 0.07265625 0.0140625
0 0.51796875 0.52109375 0.05625 0.01640625
0 0.35390625 0.5328125 0.03046875 0.0421875
0 0.40859375 0.58125 0.0421875 0.03359375
0 0.15859375 0.52578125 0.03203125 0.04296875
0 0.18984375 0.509375 0.053125 0.01953125
0 0.1578125 0.62578125 0.02421875 0.04765625
0 0.165625 0.703125 0.0296875 0.04140625
0 0.19609375 0.67890625 0.0390625 0.03203125
0 0.22890625 0.65234375 0.02890625 0.0375
0 0.2828125 0.66875 0.05546875 0.028125
0 0.54375 0.596875 0.0375 0.040625
0 0.60546875 0.590625 0.05078125 0.03203125
0 0.80859375 0.5625 0.0578125 0.02734375
0 0.8296875 0.60703125 0.03515625 0.0421875
0 0.85078125 0.65859375 0.034375 0.03671875
0 0.77421875 0.709375 0.02890625 0.046875
0 0.13515625 0.771875 0.0375 0.0390625
0 0.18359375 0.79375 0.040625 0.04140625
0 0.44296875 0.715625 0.06015625 0.0171875
0 0.43125 0.68984375 0.0578125 0.0265625
0 0.509375 0.759375 0.03046875 0.04609375
0 0.459375 0.82578125 0.02734375 0.03359375
0 0.3203125 0.84921875 0.0671875 0.0203125
0 0.25234375 0.83515625 0.04296875 0.040625
0 0.2140625 0.87890625 0.05078125 0.034375
0 0.21328125 0.91640625 0.071875 0.01640625
0 0.1265625 0.91875 0.028125 0.0359375
0 0.14453125 0.92265625 0.02109375 0.0484375
0 0.503125 0.87734375 0.065625 0.0140625
0 0.65078125 0.921875 0.0578125 0.01875
0 0.65 0.9015625 0.0734375 0.02265625
0 0.578125 0.91875 0.0421875 0.03046875
0 0.534375 0.93046875 0.0484375 0.0203125