0 0.4453125 0.10390625 0.0375 0.0234375
0 0.32578125 0.0984375 0.05 0.0390625
0 0.2453125 0.09921875 0.046875 0.046875
0 0.49453125 0.11875 0.046875 0.0234375
0 0.603125 0.1296875 0.0796875 0.0234375
0 0.68125 0.13046875 0.0671875 0.025
0 0.6796875 0.1671875 0.0625 0.034375
0 0.74375 0.19140625 0.0734375 0.01875
0 0.81015625 0.1875 0.053125 0.025
0 0.73046875 0.22734375 0.04375 0.046875
0 0.67265625 0.259375 0.053125 0.046875
0 0.62109375 0.2265625 0.0390625 0.053125
0 0.47109375 0.21015625 0.05 0.0203125
0 0.353125 0.21171875 0.0671875 0.03125
0 0.271875 0.2375 0.05 0.0328125
0 0.22734375 0.21171875 0.0515625 0.021875
0 0.18359375 0.2078125 0.025 0.034375
0 0.15703125 0.2125 0.0296875 0.0484375
0 0.18671875 0.1640625 0.025 0.05
0 0.1546875 0.1609375 0.03125 0.05
0 0.490625 0.2765625 0.071875 0.040625
0 0.4921875 0.2453125 0.075 0.021875
0 0.4125 0.2671875 0.06875 0.028125
0 0.3140625 0.26015625 0.071875 0.0234375
0 0.21015625 0.2515625 0.0625 0.034375
0 0.58203125 0.28671875 0.0671875 0.0328125
0 0.63046875 0.29296875 0.034375 0.046875
0 0.65625 0.33828125 0.0265625 0.053125
0 0.6734375 0.30625 0.0234375 0.028125
0 0.5359375 0.3671875 0.06875 0.0265625
0 0.4875 0.32421875 0.0625 0.025
0 0.22109375 0.30859375 0.053125 0.040625
0 0.196875 0.371875 0.05 0.05
0 0.2140625 0.33828125 0.025 0.01875
0 0.2015625 0.42578125 0.0375 0.053125
0 0.17734375 0.475 0.04375 0.053125
0 0.28828125 0.3921875 0.0296875 0.059375
0 0.3890625 0.3890625 0.03125 0.0453125
0 0.41640625 0.3984375 0.025 0.0546875
0 0.3734375 0.4578125 0.075 0.0375
0 0.5578125 0.446875 0.0484375 0.046875
0 0.796875 0.4078125 0.04375 0.05
0 0.66875 0.4875 0.0609375 0.0328125
0 0.72734375 0.48671875 0.034375 0.021875
0 0.72265625 0.51796875 0.021875 0.040625
0 0.69609375 0.5359375 0.034375 0.040625
0 0.8125 0.51875 0.059375 0.034375
0 0.85859375 0.48125 0.0375 0.053125
0 0.74375 0.6 0.0390625 0.059375
0 0.84296875 0.6265625 0.0546875 0.05
0 0.734375 0.684375 0.03125 0.046875
0 0.6953125 0.6859375 0.034375 0.053125
0 0.66875 0.72890625 0.0390625 0.04375
0 0.72421875 0.7296875 0.0375 0.04375
0 0.7234375 0.7765625 0.05 0.04375
0 0.76328125 0.7875 0.0265625 0.053125
0 0.81796875 0.7578125 0.0828125 0.025
0 0.8421875 0.78671875 0.025 0.025
0 0.85546875 0.8078125 0.0328125 0.0203125
0 0.896875 0.83671875 0.0421875 0.0234375
0 0.8765625 0.8609375 0.0203125 0.04375
0 0.84609375 0.884375 0.0375 0.01875
0 0.86640625 0.91796875 0.0453125 0.01875
0 0.80859375 0.90234375 0.0625 0.0125
0 0.759375 0.91796875 0.065625 0.015625
0 0.74453125 0.875 0.0328125 0.01875
0 0.76171875 0.859375 0.040625 0.0171875
0 0.73046875 0.8359375 0.065625 0.01875
0 0.6359375 0.84296875 0.071875 0.0265625
0 0.55703125 0.88125 0.05 0.015625
0 0.590625 0.8921875 0.03125 0.0203125
0 0.64375 0.89375 0.0640625 0.021875
0 0.6015625 0.92734375 0.021875 0.015625
0 0.46953125 0.89765625 0.0625 0.021875
0 0.29921875 0.921875 0.075 0.034375
0 0.18671875 0.928125 0.053125 0.040625
0 0.2125 0.8703125 0.053125 0.0515625
0 0.20703125 0.8140625 0.0234375 0.04375
0 0.246875 0.79765625 0.028125 0.046875
0 0.171875 0.78828125 0.046875 0.0328125
0 0.22421875 0.75390625 0.03125 0.0484375
0 0.17890625 0.68515625 0.0390625 0.05
0 0.28828125 0.71328125 0.028125 0.0546875
0 0.3171875 0.70078125 0.025 0.05625
0 0.36796875 0.6828125 0.040625 0.0546875
0 0.41875 0.75390625 0.0546875 0.046875
0 0.4140625 0.8046875 0.053125 0.04375
0 0.5703125 0.75859375 0.0265625 0.0265625
0 0.59921875 0.79453125 0.046875 0.034375
0 0.6046875 0.73828125 0.046875 0.0421875
0 0.46640625 0.61015625 0.05 0.03125
0 0.54921875 0.5890625 0.04375 0.04375
0 0.36015625 0.5921875 0.059375 0.034375
0 0.40625 0.553125 0.06875 0.025
0 0.32421875 0.51796875 0.03125 0.03125
0 0.34765625 0.51015625 0.0265625 0.0578125
0 0.27265625 0.56796875 0.04375 0.0625
0 0.19140625 0.5578125 0.0265625 0.0609375