0 0.1484375 0.80390625 0.0640625 0.0515625
0 0.22890625 0.7828125 0.0453125 0.059375
0 0.32890625 0.73671875 0.046875 0.0625
0 0.3203125 0.69140625 0.0515625 0.0375
0 0.16484375 0.71875 0.0578125 0.0515625
0 0.203125 0.63671875 0.0796875 0.040625
0 0.26484375 0.57734375 0.08125 0.040625
0 0.31171875 0.54609375 0.0671875 0.040625
0 0.45 0.678125 0.078125 0.046875
0 0.4546875 0.73125 0.0484375 0.0578125
0 0.43671875 0.78515625 0.075 0.0421875
0 0.55546875 0.89609375 0.0484375 0.0671875
0 0.5859375 0.82734375 0.034375 0.0484375
0 0.59296875 0.690625 0.0734375 0.0453125
0 0.75703125 0.6828125 0.0625 0.053125
0 0.6890625 0.640625 0.053125 0.0546875
0 0.7484375 0.62109375 0.0703125 0.0546875
0 0.79609375 0.59453125 0.040625 0.0515625
0 0.76875 0.54453125 0.0421875 0.0453125
0 0.7328125 0.51875 0.05 0.028125
0 0.6625 0.50859375 0.053125 0.05625
0 0.62578125 0.528125 0.040625 0.028125
0 0.62734375 0.56328125 0.046875 0.040625
0 0.5875 0.50234375 0.0671875 0.0359375
0 0.559375 0.4671875 0.0515625 0.0515625
0 0.49140625 0.603125 0.034375 0.053125
0 0.41171875 0.58046875 0.046875 0.0609375
0 0.36953125 0.51796875 0.0359375 0.0484375
0 0.39609375 0.52578125 0.0359375 0.05
0 0.46953125 0.51484375 0.0578125 0.0484375
0 0.51015625 0.5078125 0.034375 0.05625
0 0.49375 0.44453125 0.040625 0.05
0 0.42421875 0.43046875 0.040625 0.05
0 0.3328125 0.47109375 0.0421875 0.05625
0 0.28828125 0.49375 0.0359375 0.0515625
0 0.24765625 0.4703125 0.0515625 0.0625
0 0.215625 0.50390625 0.0453125 0.046875
0 0.16953125 0.3984375 0.0453125 0.0625
0 0.12890625 0.48203125 0.071875 0.0359375
0 0.290625 0.428125 0.078125 0.040625
0 0.32265625 0.3421875 0.0484375 0.0640625
0 0.21875 0.35859375 0.0328125 0.053125
0 0.15546875 0.33671875 0.0484375 0.0578125
0 0.19296875 0.28828125 0.0546875 0.0578125
0 0.22734375 0.234375 0.0640625 0.0546875
0 0.23203125 0.18046875 0.0734375 0.0328125
0 0.2859375 0.18359375 0.0375 0.05
0 0.32109375 0.25703125 0.0453125 0.0609375
0 0.37265625 0.22734375 0.0609375 0.0515625
0 0.3171875 0.209375 0.046875 0.04375
0 0.478125 0.26796875 0.0625 0.04375
0 0.36953125 0.31796875 0.034375 0.0484375
0 0.3890625 0.334375 0.0171875 0.028125
0 0.41328125 0.3921875 0.0296875 0.0296875
0 0.4265625 0.371875 0.0296875 0.0296875
0 0.43125 0.346875 0.028125 0.028125
0 0.46875 0.3359375 0.0515625 0.0546875
0 0.5484375 0.36953125 0.05625 0.06875
0 0.52578125 0.3109375 0.046875 0.0546875
0 0.553125 0.28671875 0.0359375 0.0375
0 0.49140625 0.403125 0.0578125 0.0265625
0 0.5375 0.4234375 0.059375 0.025
0 0.6109375 0.39921875 0.046875 0.0671875
0 0.64765625 0.453125 0.075 0.0359375
0 0.73984375 0.42265625 0.05625 0.046875
0 0.8015625 0.44375 0.05625 0.0703125
0 0.69453125 0.371875 0.028125 0.059375
0 0.7125 0.38671875 0.0328125 0.0640625
0 0.65390625 0.34296875 0.040625 0.0375
0 0.61171875 0.31484375 0.0671875 0.0359375
0 0.67734375 0.30078125 0.0484375 0.05
0 0.73828125 0.34375 0.0640625 0.0375
0 0.7375 0.309375 0.04375 0.0390625
0 0.82109375 0.3671875 0.0546875 0.0328125
0 0.859375 0.34765625 0.028125 0.04375
0 0.84140625 0.29921875 0.0390625 0.05
0 0.7671875 0.31171875 0.025 0.0203125
0 0.7859375 0.321875 0.01875 0.01875
0 0.796875 0.28359375 0.0515625 0.0484375
0 0.85390625 0.2421875 0.0359375 0.053125
0 0.8078125 0.23203125 0.0515625 0.0578125
0 0.7328125 0.23828125 0.0421875 0.05625
0 0.67890625 0.22890625 0.034375 0.059375
0 0.75859375 0.17890625 0.0375 0.0609375
0 0.65078125 0.2015625 0.0265625 0.04375
0 0.64609375 0.1609375 0.0390625 0.0484375
0 0.60625 0.21328125 0.0734375 0.0328125
0 0.4796875 0.20234375 0.040625 0.05625
0 0.55234375 0.16484375 0.0765625 0.0390625
0 0.59921875 0.1140625 0.08125 0.0546875
0 0.5015625 0.11796875 0.0703125 0.0578125
0 0.45234375 0.146875 0.0515625 0.040625
0 0.3578125 0.128125 0.059375 0.0546875
0 0.28828125 0.1390625 0.0453125 0.053125
0 0.31171875 0.1015625 0.0296875 0.028125
0 0.2859375 0.09453125 0.0296875 0.0234375
0 0.35546875 0.071875 0.0671875 0.0453125
0 0.4203125 0.0796875 0.0765625 0.03125
0 0.89453125 0.1640625 0.04375 0.0609375