0 0.259375 0.090625 0.0515625 0.03046875
0 0.334375 0.128125 0.01875 0.05546875
0 0.31953125 0.096875 0.02421875 0.01953125
0 0.45390625 0.1125 0.08046875 0.02109375
0 0.48515625 0.15390625 0.03359375 0.05390625
0 0.48671875 0.08671875 0.0578125 0.0296875
0 0.38203125 0.1671875 0.07109375 0.02578125
0 0.3609375 0.215625 0.0359375 0.059375
0 0.26953125 0.1796875 0.0671875 0.02890625
0 0.2953125 0.23046875 0.03046875 0.05078125
0 0.25 0.22109375 0.0546875 0.0453125
0 0.21015625 0.25234375 0.03828125 0.028125
0 0.12890625 0.1015625 0.01875 0.01796875
0 0.13828125 0.159375 0.02421875 0.03125
0 0.20546875 0.1640625 0.0296875 0.0140625
0 0.13671875 0.246875 0.03046875 0.04375
0 0.171875 0.26328125 0.01328125 0.0453125
0 0.14375 0.28203125 0.0359375 0.0265625
0 0.2140625 0.3 0.05546875 0.0328125
0 0.2734375 0.31328125 0.02890625 0.04765625
0 0.3140625 0.278125 0.0390625 0.03984375
0 0.30546875 0.340625 0.03828125 0.04609375
0 0.15625 0.3625 0.0265625 0.0453125
0 0.1421875 0.39453125 0.02265625 0.04765625
0 0.2203125 0.4421875 0.04609375 0.05
0 0.14375 0.4578125 0.07890625 0.028125
0 0.28203125 0.5109375 0.053125 0.04609375
0 0.19609375 0.54453125 0.025 0.03359375
0 0.215625 0.52421875 0.02109375 0.0234375
0 0.22421875 0.6140625 0.03203125 0.053125
0 0.33359375 0.56015625 0.06171875 0.02734375
0 0.33125 0.5984375 0.07890625 0.02421875
0 0.325 0.6421875 0.0375 0.05703125
0 0.27734375 0.6484375 0.040625 0.05078125
0 0.4015625 0.678125 0.0671875 0.03515625
0 0.4 0.615625 0.04375 0.03984375
0 0.43515625 0.57265625 0.03046875 0.0453125
0 0.5 0.571875 0.03515625 0.05546875
0 0.52421875 0.64765625 0.0296875 0.0515625
0 0.584375 0.671875 0.040625 0.06171875
0 0.3921875 0.4890625 0.03515625 0.05625
0 0.38125 0.44453125 0.02578125 0.0296875
0 0.41953125 0.41875 0.06640625 0.0234375
0 0.47109375 0.3875 0.02890625 0.05546875
0 0.50390625 0.4640625 0.021875 0.028125
0 0.59765625 0.53203125 0.04375 0.05625
0 0.6359375 0.5828125 0.0328125 0.04921875
0 0.72421875 0.6234375 0.03203125 0.05703125
0 0.70625 0.73515625 0.040625 0.05546875
0 0.528125 0.75546875 0.06640625 0.03515625
0 0.4546875 0.740625 0.0515625 0.0375
0 0.3453125 0.759375 0.05390625 0.04765625
0 0.3546875 0.80625 0.078125 0.03125
0 0.51484375 0.84140625 0.071875 0.02890625
0 0.5890625 0.83984375 0.0453125 0.03203125
0 0.440625 0.85390625 0.06640625 0.0359375
0 0.378125 0.87421875 0.03515625 0.04453125
0 0.35625 0.9 0.0265625 0.03515625
0 0.309375 0.8984375 0.0515625 0.05
0 0.215625 0.8828125 0.0765625 0.0359375
0 0.1578125 0.83359375 0.06796875 0.0359375
0 0.58515625 0.90546875 0.0609375 0.03671875
0 0.64609375 0.9265625 0.06640625 0.02265625
0 0.65 0.8984375 0.05703125 0.0265625
0 0.71015625 0.89921875 0.0578125 0.028125
0 0.7734375 0.91875 0.04453125 0.04921875
0 0.8265625 0.8890625 0.04140625 0.06328125
0 0.825 0.5515625 0.0390625 0.04765625
0 0.7109375 0.53359375 0.04765625 0.0453125
0 0.8359375 0.46484375 0.02578125 0.05390625
0 0.80859375 0.4625 0.025 0.05703125
0 0.7359375 0.48671875 0.02421875 0.0140625
0 0.67421875 0.47421875 0.028125 0.0265625
0 0.596875 0.44921875 0.01953125 0.02109375
0 0.58828125 0.4765625 0.0234375 0.028125
0 0.64140625 0.4109375 0.053125 0.03515625
0 0.73359375 0.371875 0.02734375 0.059375
0 0.8109375 0.36171875 0.0359375 0.05
0 0.65859375 0.36015625 0.0453125 0.028125
0 0.6171875 0.3328125 0.0328125 0.04921875
0 0.74453125 0.2796875 0.03203125 0.05546875
0 0.72109375 0.23359375 0.02734375 0.05078125
0 0.80078125 0.24453125 0.07578125 0.02578125
0 0.8421875 0.2109375 0.046875 0.0390625
0 0.8203125 0.16640625 0.028125 0.04921875
0 0.76484375 0.125 0.06640625 0.04609375
0 0.8046875 0.09296875 0.0828125 0.02109375
0 0.6453125 0.09375 0.0546875 0.05859375
0 0.65859375 0.1640625 0.05390625 0.040625
0 0.60859375 0.20703125 0.01953125 0.01875
0 0.5515625 0.26640625 0.06015625 0.02734375
0 0.5171875 0.2453125 0.06328125 0.0265625
0 0.43828125 0.290625 0.034375 0.06796875
0 0.15703125 0.13984375 0.01875 0.02734375