0 0.63203125 0.9125 0.0875 0.0296875
0 0.43671875 0.91171875 0.0796875 0.0375
0 0.2796875 0.8203125 0.0734375 0.03125
0 0.3171875 0.77109375 0.065625 0.0140625
0 0.290625 0.715625 0.046875 0.053125
0 0.18359375 0.73046875 0.06875 0.0453125
0 0.26875 0.659375 0.053125 0.05625
0 0.3359375 0.65546875 0.0265625 0.0265625
0 0.39140625 0.7015625 0.078125 0.025
0 0.46796875 0.7125 0.0546875 0.0234375
0 0.52734375 0.6953125 0.06875 0.0375
0 0.43515625 0.6734375 0.0609375 0.034375
0 0.3421875 0.6328125 0.0203125 0.015625
0 0.4734375 0.59375 0.0328125 0.046875
0 0.53984375 0.6296875 0.0359375 0.0453125
0 0.6109375 0.64765625 0.0234375 0.04375
0 0.621875 0.6921875 0.0453125 0.05
0 0.696875 0.684375 0.040625 0.0640625
0 0.8109375 0.6796875 0.040625 0.05625
0 0.8375 0.6734375 0.03125 0.0546875
0 0.83125 0.590625 0.0484375 0.0546875
0 0.64296875 0.5921875 0.0484375 0.03125
0 0.584375 0.596875 0.0734375 0.021875
0 0.7078125 0.553125 0.03125 0.0375
0 0.74609375 0.52578125 0.0421875 0.0359375
0 0.746875 0.4984375 0.0640625 0.025
0 0.8515625 0.4859375 0.05625 0.0484375
0 0.59375 0.534375 0.06875 0.0296875
0 0.54609375 0.5109375 0.0328125 0.0515625
0 0.46796875 0.53125 0.04375 0.0484375
0 0.4359375 0.59296875 0.0421875 0.053125
0 0.36328125 0.5640625 0.025 0.0265625
0 0.38125 0.57890625 0.0203125 0.028125
0 0.43359375 0.509375 0.03125 0.046875
0 0.33671875 0.540625 0.0375 0.0515625
0 0.2453125 0.56796875 0.040625 0.0265625
0 0.2015625 0.57890625 0.0359375 0.05
0 0.2703125 0.5265625 0.0203125 0.015625
0 0.29140625 0.528125 0.01875 0.0171875
0 0.21875 0.4921875 0.0453125 0.053125
0 0.309375 0.4609375 0.0390625 0.0484375
0 0.34140625 0.47421875 0.025 0.0546875
0 0.41640625 0.45703125 0.04375 0.04375
0 0.46328125 0.45078125 0.04375 0.0484375
0 0.50390625 0.44609375 0.04375 0.0484375
0 0.55546875 0.459375 0.05625 0.0203125
0 0.6203125 0.4421875 0.075 0.03125
0 0.2859375 0.54921875 0.0703125 0.0171875
0 0.16015625 0.4453125 0.0625 0.0421875
0 0.2140625 0.39140625 0.034375 0.059375
0 0.146875 0.37421875 0.0609375 0.0578125
0 0.27890625 0.3625 0.0453125 0.0546875
0 0.3421875 0.38203125 0.084375 0.0234375
0 0.4 0.353125 0.06875 0.028125
0 0.4875 0.36640625 0.0671875 0.040625
0 0.31328125 0.296875 0.0359375 0.0671875
0 0.3765625 0.265625 0.0875 0.028125
0 0.21171875 0.28671875 0.0578125 0.0421875
0 0.24296875 0.22578125 0.06875 0.021875
0 0.29921875 0.19296875 0.06875 0.0203125
0 0.30546875 0.15859375 0.0359375 0.053125
0 0.14765625 0.209375 0.04375 0.0203125
0 0.16796875 0.184375 0.0171875 0.0265625
0 0.18671875 0.19140625 0.0203125 0.01875
0 0.24453125 0.1171875 0.0265625 0.01875
0 0.26953125 0.1140625 0.0296875 0.034375
0 0.3390625 0.08828125 0.08125 0.0265625
0 0.20625 0.05 0.0875 0.0359375
0 0.4171875 0.12578125 0.04375 0.05
0 0.39609375 0.20625 0.046875 0.046875
0 0.45390625 0.2140625 0.0625 0.0296875
0 0.48828125 0.1921875 0.05625 0.0421875
0 0.478125 0.140625 0.0296875 0.0546875
0 0.5140625 0.14296875 0.0390625 0.025
0 0.54453125 0.16484375 0.03125 0.0515625
0 0.55234375 0.09296875 0.065625 0.0609375
0 0.74296875 0.1125 0.0421875 0.0390625
0 0.78515625 0.09140625 0.0453125 0.0484375
0 0.86875 0.10546875 0.0375 0.065625
0 0.8375 0.21171875 0.0359375 0.05625
0 0.721875 0.1546875 0.0421875 0.040625
0 0.6375 0.1390625 0.0640625 0.0140625
0 0.63671875 0.18203125 0.025 0.053125
0 0.6671875 0.17421875 0.0359375 0.040625
0 0.66328125 0.2125 0.0296875 0.0296875
0 0.6875 0.25390625 0.0359375 0.028125
0 0.71171875 0.18984375 0.021875 0.0234375
0 0.73984375 0.2328125 0.0328125 0.0546875
0 0.71328125 0.2234375 0.01875 0.04375
0 0.53125 0.25703125 0.0625 0.0453125
0 0.640625 0.2984375 0.06875 0.0328125
0 0.7546875 0.3125 0.0609375 0.0484375
0 0.88125 0.3484375 0.0359375 0.0484375
0 0.825 0.35859375 0.0171875 0.0265625
0 0.84140625 0.35859375 0.0171875 0.028125
0 0.75 0.38359375 0.0546875 0.046875
0 0.7546875 0.43671875 0.01875 0.0203125
0 0.3546875 0.74375 0.0375 0.046875