0 0.390625 0.91875 0.0921875 0.028125
0 0.31328125 0.90078125 0.05 0.021875
0 0.175 0.896875 0.06875 0.025
0 0.2734375 0.89140625 0.025 0.0203125
0 0.1640625 0.8296875 0.0515625 0.05
0 0.234375 0.81328125 0.0703125 0.0375
0 0.26640625 0.8484375 0.0234375 0.01875
0 0.22109375 0.859375 0.0609375 0.01875
0 0.3234375 0.8546875 0.0546875 0.028125
0 0.34765625 0.83359375 0.084375 0.015625
0 0.38828125 0.8078125 0.053125 0.025
0 0.4265625 0.79140625 0.021875 0.05
0 0.55 0.75078125 0.053125 0.0671875
0 0.44453125 0.728125 0.0421875 0.05625
0 0.64453125 0.8015625 0.0765625 0.034375
0 0.68828125 0.73359375 0.0828125 0.03125
0 0.7515625 0.80234375 0.040625 0.0546875
0 0.7796875 0.74765625 0.0453125 0.05
0 0.81015625 0.85859375 0.021875 0.025
0 0.8421875 0.86875 0.0375 0.0265625
0 0.378125 0.64296875 0.04375 0.059375
0 0.203125 0.7484375 0.03125 0.046875
0 0.1296875 0.75625 0.065625 0.040625
0 0.13046875 0.709375 0.046875 0.015625
0 0.16484375 0.69140625 0.01875 0.025
0 0.1890625 0.70234375 0.025 0.0390625
0 0.18203125 0.63125 0.04375 0.046875
0 0.2640625 0.5875 0.0421875 0.05625
0 0.203125 0.5390625 0.028125 0.05
0 0.18125 0.49140625 0.021875 0.05625
0 0.20390625 0.46484375 0.025 0.0515625
0 0.3734375 0.4734375 0.04375 0.04375
0 0.44765625 0.52421875 0.06875 0.0203125
0 0.46015625 0.58984375 0.034375 0.05625
0 0.6265625 0.5921875 0.053125 0.05
0 0.79921875 0.56171875 0.0421875 0.04375
0 0.7921875 0.4875 0.065625 0.03125
0 0.73046875 0.44609375 0.040625 0.05625
0 0.63671875 0.390625 0.0328125 0.0578125
0 0.665625 0.359375 0.0484375 0.03125
0 0.753125 0.365625 0.071875 0.034375
0 0.8609375 0.40234375 0.03125 0.05625
0 0.86328125 0.4390625 0.06875 0.021875
0 0.4765625 0.478125 0.0703125 0.034375
0 0.51171875 0.44375 0.0671875 0.0421875
0 0.43984375 0.41953125 0.0296875 0.04375
0 0.45078125 0.39375 0.0203125 0.0125
0 0.3890625 0.3640625 0.06875 0.0265625
0 0.296875 0.42109375 0.046875 0.0515625
0 0.178125 0.39296875 0.03125 0.03125
0 0.1734375 0.4359375 0.01875 0.046875
0 0.2390625 0.3453125 0.0625 0.028125
0 0.1859375 0.33046875 0.028125 0.059375
0 0.159375 0.25625 0.03125 0.05625
0 0.221875 0.278125 0.0625 0.0140625
0 0.2640625 0.31015625 0.04375 0.04375
0 0.30859375 0.36015625 0.0390625 0.04375
0 0.3671875 0.33203125 0.06875 0.025
0 0.32734375 0.284375 0.0625 0.03125
0 0.27890625 0.2375 0.0671875 0.034375
0 0.39453125 0.2828125 0.0578125 0.025
0 0.44375 0.3046875 0.0375 0.0359375
0 0.490625 0.34296875 0.0265625 0.015625
0 0.515625 0.32890625 0.034375 0.01875
0 0.5578125 0.3453125 0.06875 0.01875
0 0.57890625 0.3171875 0.03125 0.0375
0 0.63984375 0.33046875 0.0625 0.0203125
0 0.62421875 0.30546875 0.0609375 0.021875
0 0.4734375 0.2515625 0.0359375 0.028125
0 0.30703125 0.18515625 0.078125 0.034375
0 0.20859375 0.18125 0.078125 0.034375
0 0.16875 0.11171875 0.015625 0.046875
0 0.18671875 0.075 0.0328125 0.0296875
0 0.1984375 0.11015625 0.0375 0.0375
0 0.25859375 0.08203125 0.053125 0.040625
0 0.3359375 0.0859375 0.053125 0.0375
0 0.3546875 0.14375 0.03125 0.034375
0 0.38125 0.11953125 0.0625 0.021875
0 0.4203125 0.16875 0.034375 0.0515625
0 0.496875 0.0921875 0.034375 0.01875
0 0.54140625 0.0859375 0.034375 0.021875
0 0.68828125 0.165625 0.059375 0.0171875
0 0.625 0.1375 0.0234375 0.01875
0 0.64453125 0.12734375 0.021875 0.0140625
0 0.6125 0.1765625 0.0359375 0.028125
0 0.57421875 0.19609375 0.0375 0.0546875
0 0.521875 0.2421875 0.0671875 0.025
0 0.53671875 0.2609375 0.0625 0.0171875
0 0.64765625 0.234375 0.059375 0.028125
0 0.6734375 0.2125 0.0609375 0.028125
0 0.74453125 0.23671875 0.075 0.0234375
0 0.74453125 0.18203125 0.0578125 0.025
0 0.7984375 0.1640625 0.0421875 0.034375
0 0.76484375 0.12265625 0.0703125 0.025
0 0.82109375 0.184375 0.021875 0.04375
0 0.828125 0.240625 0.0390625 0.0515625
0 0.8546875 0.27890625 0.034375 0.053125
0 0.8484375 0.1171875 0.075 0.025
0 0.7953125 0.0921875 0.075 0.01875
0 0.76640625 0.071875 0.090625 0.025