0 0.73984375 0.89296875 0.103125 0.040625
0 0.52421875 0.915625 0.059375 0.0484375
0 0.53359375 0.83359375 0.059375 0.0421875
0 0.48515625 0.85625 0.034375 0.0515625
0 0.49921875 0.8875 0.03125 0.025
0 0.3984375 0.89140625 0.0703125 0.025
0 0.57421875 0.8625 0.075 0.0328125
0 0.66875 0.85546875 0.065625 0.0359375
0 0.78203125 0.8015625 0.0703125 0.040625
0 0.8 0.75390625 0.046875 0.0390625
0 0.67421875 0.80390625 0.078125 0.0328125
0 0.603125 0.8078125 0.05625 0.0328125
0 0.575 0.7875 0.071875 0.0265625
0 0.3375 0.85234375 0.0703125 0.05
0 0.321875 0.790625 0.065625 0.0265625
0 0.3 0.821875 0.0625 0.034375
0 0.25546875 0.78984375 0.0453125 0.046875
0 0.5015625 0.753125 0.0234375 0.05625
0 0.45546875 0.78203125 0.06875 0.0703125
0 0.646875 0.74375 0.040625 0.028125
0 0.61875 0.759375 0.0671875 0.034375
0 0.6125 0.7359375 0.0296875 0.0265625
0 0.6875 0.71953125 0.071875 0.0203125
0 0.7234375 0.73671875 0.0609375 0.0390625
0 0.80859375 0.6859375 0.0453125 0.053125
0 0.3875 0.7140625 0.0609375 0.0265625
0 0.403125 0.7421875 0.053125 0.028125
0 0.35 0.74609375 0.0609375 0.0265625
0 0.32109375 0.7140625 0.059375 0.028125
0 0.21953125 0.7328125 0.040625 0.0484375
0 0.44375 0.6203125 0.025 0.0171875
0 0.40703125 0.63203125 0.0359375 0.05
0 0.34765625 0.6359375 0.0421875 0.0453125
0 0.3015625 0.634375 0.0453125 0.04375
0 0.28125 0.66796875 0.0421875 0.03125
0 0.26015625 0.68515625 0.028125 0.034375
0 0.18203125 0.64296875 0.034375 0.0515625
0 0.465625 0.6390625 0.0515625 0.0296875
0 0.52578125 0.61328125 0.053125 0.021875
0 0.52109375 0.68515625 0.0453125 0.0484375
0 0.46875 0.6875 0.05625 0.034375
0 0.6046875 0.67578125 0.071875 0.0359375
0 0.596875 0.62890625 0.0515625 0.0390625
0 0.67421875 0.6546875 0.0625 0.05
0 0.7734375 0.5703125 0.0421875 0.040625
0 0.7203125 0.56328125 0.0328125 0.0328125
0 0.7546875 0.59375 0.05 0.0390625
0 0.7078125 0.5984375 0.0359375 0.0390625
0 0.60703125 0.58671875 0.0671875 0.0359375
0 0.65078125 0.54296875 0.075 0.0375
0 0.6375 0.49453125 0.065625 0.0203125
0 0.6421875 0.509375 0.0265625 0.025
0 0.54140625 0.534375 0.0421875 0.040625
0 0.45078125 0.5671875 0.05625 0.0296875
0 0.40078125 0.56640625 0.04375 0.0453125
0 0.38046875 0.5875 0.034375 0.0421875
0 0.2390625 0.5859375 0.0578125 0.0515625
0 0.17578125 0.5375 0.0828125 0.03125
0 0.38359375 0.48671875 0.0453125 0.0453125
0 0.32578125 0.4890625 0.0390625 0.0375
0 0.33125 0.53359375 0.0390625 0.0234375
0 0.3015625 0.55703125 0.0578125 0.04375
0 0.3421875 0.559375 0.0359375 0.028125
0 0.57890625 0.45234375 0.0671875 0.04375
0 0.51640625 0.44921875 0.04375 0.0640625
0 0.74609375 0.39765625 0.0515625 0.0421875
0 0.72265625 0.428125 0.0390625 0.0484375
0 0.80703125 0.38515625 0.05 0.0453125
0 0.56640625 0.403125 0.034375 0.0515625
0 0.46015625 0.4390625 0.0453125 0.059375
0 0.44765625 0.50390625 0.0484375 0.0484375
0 0.4 0.38671875 0.040625 0.0515625
0 0.39453125 0.43515625 0.053125 0.0375
0 0.36484375 0.35859375 0.0421875 0.05
0 0.496875 0.359375 0.0390625 0.040625
0 0.28828125 0.41796875 0.0515625 0.046875
0 0.3265625 0.4546875 0.03125 0.0421875
0 0.296875 0.4765625 0.0234375 0.03125
0 0.2640625 0.47265625 0.046875 0.0359375
0 0.20703125 0.46640625 0.04375 0.053125
0 0.16015625 0.39921875 0.040625 0.05
0 0.2375 0.340625 0.0375 0.0484375
0 0.2 0.34375 0.028125 0.0515625
0 0.1390625 0.2828125 0.0390625 0.05625
0 0.3453125 0.275 0.0421875 0.0484375
0 0.43515625 0.32578125 0.053125 0.0484375
0 0.4875 0.2984375 0.06875 0.0265625
0 0.2890625 0.25859375 0.0515625 0.034375
0 0.25390625 0.2703125 0.0546875 0.0421875
0 0.56328125 0.2484375 0.04375 0.059375
0 0.60078125 0.25703125 0.0484375 0.040625
0 0.64765625 0.2765625 0.0375 0.0515625
0 0.7203125 0.19140625 0.0296875 0.04375
0 0.671875 0.23515625 0.078125 0.034375
0 0.52421875 0.20546875 0.075 0.0328125
0 0.45234375 0.22421875 0.065625 0.0390625
0 0.3734375 0.20546875 0.0578125 0.034375
0 0.35625 0.14453125 0.0515625 0.0515625
0 0.13046875 0.11015625 0.0515625 0.0390625
0 0.07421875 0.08984375 0.065625 0.025