0 0.11640625 0.12734375 0.0421875 0.0484375
0 0.34765625 0.0890625 0.0734375 0.028125
0 0.23125 0.15859375 0.0609375 0.0375
0 0.428125 0.18984375 0.025 0.05
0 0.5109375 0.1609375 0.053125 0.0390625
0 0.6453125 0.06953125 0.0546875 0.05
0 0.68359375 0.11796875 0.0390625 0.0453125
0 0.72734375 0.125 0.0375 0.0375
0 0.78046875 0.0953125 0.053125 0.0296875
0 0.81875 0.078125 0.028125 0.03125
0 0.7984375 0.16328125 0.028125 0.0421875
0 0.784375 0.2015625 0.0625 0.021875
0 0.7109375 0.2296875 0.0484375 0.0359375
0 0.64375 0.19921875 0.0390625 0.046875
0 0.5890625 0.25234375 0.028125 0.0453125
0 0.51328125 0.2484375 0.040625 0.0453125
0 0.52890625 0.28671875 0.0265625 0.03125
0 0.81171875 0.2484375 0.03125 0.0421875
0 0.3484375 0.3046875 0.0640625 0.03125
0 0.3390625 0.28203125 0.034375 0.028125
0 0.27109375 0.28046875 0.06875 0.0375
0 0.146875 0.34375 0.0390625 0.0546875
0 0.38359375 0.33984375 0.0796875 0.0265625
0 0.4765625 0.32265625 0.0609375 0.040625
0 0.603125 0.309375 0.03125 0.040625
0 0.63828125 0.34765625 0.053125 0.04375
0 0.72734375 0.3171875 0.0421875 0.0359375
0 0.8125 0.31328125 0.0296875 0.0390625
0 0.803125 0.36640625 0.040625 0.053125
0 0.58203125 0.365625 0.0359375 0.0453125
0 0.53125 0.3953125 0.040625 0.040625
0 0.46640625 0.40390625 0.0609375 0.025
0 0.390625 0.4171875 0.040625 0.0578125
0 0.259375 0.4671875 0.0578125 0.028125
0 0.628125 0.40234375 0.053125 0.0328125
0 0.7 0.45 0.0328125 0.0421875
0 0.73046875 0.45390625 0.0265625 0.0453125
0 0.76171875 0.4359375 0.0421875 0.03125
0 0.77265625 0.40390625 0.059375 0.028125
0 0.81328125 0.4328125 0.034375 0.0390625
0 0.81171875 0.50703125 0.0265625 0.04375
0 0.85 0.47421875 0.04375 0.0359375
0 0.68359375 0.49140625 0.028125 0.0328125
0 0.70859375 0.49765625 0.0375 0.0375
0 0.57578125 0.48515625 0.046875 0.025
0 0.5109375 0.49921875 0.053125 0.0265625
0 0.4625 0.45859375 0.0640625 0.0203125
0 0.60625 0.521875 0.053125 0.046875
0 0.3609375 0.5484375 0.0328125 0.040625
0 0.32578125 0.51328125 0.0359375 0.0375
0 0.18984375 0.54765625 0.0484375 0.053125
0 0.1234375 0.56796875 0.0375 0.0484375
0 0.35 0.6203125 0.0546875 0.0546875
0 0.41875 0.60078125 0.0453125 0.0359375
0 0.45390625 0.58359375 0.0328125 0.046875
0 0.54375 0.6109375 0.0609375 0.0296875
0 0.4859375 0.64765625 0.0375 0.046875
0 0.6015625 0.578125 0.0203125 0.0453125
0 0.61875 0.61875 0.0234375 0.0421875
0 0.59921875 0.65 0.0375 0.0296875
0 0.659375 0.59296875 0.0265625 0.05625
0 0.6734375 0.56484375 0.028125 0.04375
0 0.7046875 0.59765625 0.0265625 0.053125
0 0.74140625 0.57734375 0.03125 0.046875
0 0.771875 0.5890625 0.025 0.046875
0 0.8140625 0.63359375 0.021875 0.0375
0 0.77109375 0.6609375 0.05625 0.021875
0 0.64765625 0.678125 0.0234375 0.0375
0 0.7078125 0.70859375 0.034375 0.0515625
0 0.74296875 0.70390625 0.0296875 0.0328125
0 0.82421875 0.7 0.025 0.0453125
0 0.76796875 0.7359375 0.03125 0.04375
0 0.534375 0.71640625 0.046875 0.0328125
0 0.60078125 0.76015625 0.03125 0.0453125
0 0.66328125 0.76484375 0.0296875 0.0453125
0 0.48828125 0.7703125 0.0265625 0.0453125
0 0.4375 0.72265625 0.0390625 0.040625
0 0.38046875 0.7375 0.03125 0.046875
0 0.29921875 0.74453125 0.071875 0.0390625
0 0.2640625 0.71015625 0.0546875 0.04375
0 0.15625 0.7046875 0.0453125 0.0390625
0 0.13515625 0.78203125 0.0296875 0.0375
0 0.1625 0.76640625 0.028125 0.0375
0 0.18359375 0.7328125 0.053125 0.0265625
0 0.16328125 0.80859375 0.0296875 0.0390625
0 0.42265625 0.81015625 0.071875 0.0265625
0 0.53984375 0.8390625 0.06875 0.0234375
0 0.37734375 0.85078125 0.0703125 0.025
0 0.31328125 0.875 0.059375 0.028125
0 0.34296875 0.88125 0.04375 0.025
0 0.4125 0.89296875 0.0546875 0.03125
0 0.5015625 0.89296875 0.0625 0.021875
0 0.65390625 0.8734375 0.0703125 0.021875
0 0.46015625 0.9140625 0.0515625 0.0171875
0 0.38125 0.9328125 0.0671875 0.01875
0 0.31953125 0.91953125 0.05 0.0203125
0 0.28125 0.9125 0.05 0.015625
0 0.1796875 0.9375 0.0515625 0.034375
0 0.1875 0.903125 0.0421875 0.0265625
0 0.13515625 0.86796875 0.040625 0.0375