0 0.24765625 0.115625 0.05390625 0.01328125
0 0.36953125 0.10703125 0.0234375 0.034375
0 0.2828125 0.1375 0.0265625 0.01484375
0 0.27890625 0.1234375 0.02578125 0.01640625
0 0.38828125 0.13671875 0.02421875 0.015625
0 0.37421875 0.128125 0.01953125 0.01328125
0 0.42578125 0.1609375 0.0375 0.04375
0 0.4125 0.1890625 0.07734375 0.01875
0 0.31328125 0.19296875 0.06796875 0.02109375
0 0.2 0.159375 0.03125 0.046875
0 0.18125 0.18984375 0.0640625 0.01796875
0 0.13671875 0.19296875 0.02421875 0.0375
0 0.13203125 0.221875 0.01796875 0.0140625
0 0.2625 0.2375 0.03828125 0.04453125
0 0.36171875 0.24765625 0.0671875 0.02890625
0 0.40234375 0.22265625 0.084375 0.02265625
0 0.49921875 0.246875 0.03828125 0.04921875
0 0.578125 0.16640625 0.046875 0.021875
0 0.55703125 0.146875 0.02578125 0.01796875
0 0.625 0.1640625 0.05234375 0.04296875
0 0.6796875 0.17421875 0.04765625 0.03203125
0 0.7125 0.215625 0.03046875 0.0515625
0 0.6359375 0.2125 0.0640625 0.0390625
0 0.56875 0.21328125 0.053125 0.04765625
0 0.69296875 0.26875 0.053125 0.03125
0 0.7546875 0.2421875 0.0390625 0.0453125
0 0.775 0.16875 0.04453125 0.040625
0 0.83203125 0.14765625 0.025 0.05078125
0 0.77109375 0.31796875 0.040625 0.02421875
0 0.80625 0.30859375 0.0171875 0.04921875
0 0.65234375 0.31953125 0.04765625 0.04453125
0 0.64921875 0.36640625 0.04296875 0.04453125
0 0.71875 0.371875 0.040625 0.05625
0 0.553125 0.33515625 0.03359375 0.0484375
0 0.434375 0.34140625 0.02734375 0.0546875
0 0.35546875 0.3125 0.040625 0.05390625
0 0.19609375 0.2953125 0.02734375 0.05078125
0 0.178125 0.36015625 0.0484375 0.05078125
0 0.3171875 0.40078125 0.059375 0.03828125
0 0.40546875 0.37109375 0.03984375 0.021875
0 0.5375 0.42890625 0.0328125 0.02734375
0 0.4984375 0.434375 0.03046875 0.03203125
0 0.64453125 0.43359375 0.0453125 0.040625
0 0.67578125 0.4625 0.04140625 0.04296875
0 0.5765625 0.49453125 0.03984375 0.05234375
0 0.6625 0.521875 0.046875 0.04921875
0 0.39765625 0.44609375 0.05703125 0.028125
0 0.3796875 0.48515625 0.0328125 0.0453125
0 0.34296875 0.48046875 0.03046875 0.05390625
0 0.27890625 0.4609375 0.0359375 0.05703125
0 0.31484375 0.528125 0.0296875 0.053125
0 0.3984375 0.52421875 0.0328125 0.04765625
0 0.503125 0.56328125 0.028125 0.04921875
0 0.41171875 0.5796875 0.0703125 0.02265625
0 0.48359375 0.6046875 0.0703125 0.0203125
0 0.66796875 0.58984375 0.0375 0.02109375
0 0.6671875 0.56953125 0.025 0.01875
0 0.8171875 0.58125 0.03203125 0.053125
0 0.8421875 0.67109375 0.0265625 0.04765625
0 0.82421875 0.721875 0.0328125 0.053125
0 0.753125 0.68203125 0.07109375 0.0234375
0 0.71484375 0.65078125 0.021875 0.0359375
0 0.68828125 0.68125 0.028125 0.0421875
0 0.784375 0.7484375 0.028125 0.03046875
0 0.76015625 0.71875 0.065625 0.02578125
0 0.66953125 0.75390625 0.0515625 0.0359375
0 0.56875 0.77421875 0.07421875 0.02421875
0 0.54375 0.73515625 0.0296875 0.0484375
0 0.54296875 0.6546875 0.0609375 0.02421875
0 0.45703125 0.66953125 0.0609375 0.0296875
0 0.34453125 0.7 0.05234375 0.053125
0 0.4828125 0.83515625 0.06015625 0.034375
0 0.69375 0.8296875 0.0453125 0.02734375
0 0.7921875 0.7984375 0.02421875 0.025
0 0.77421875 0.815625 0.0203125 0.01484375
0 0.78828125 0.859375 0.0546875 0.0328125
0 0.8296875 0.89609375 0.04609375 0.03359375
0 0.70234375 0.865625 0.07578125 0.02109375
0 0.68203125 0.8875 0.07109375 0.01875
0 0.6484375 0.921875 0.02578125 0.04765625
0 0.58125 0.8875 0.071875 0.02421875
0 0.59609375 0.85625 0.07734375 0.028125
0 0.48671875 0.8640625 0.03828125 0.01953125
0 0.4984375 0.91015625 0.025 0.02421875
0 0.48515625 0.88984375 0.028125 0.01953125
0 0.45703125 0.90234375 0.0484375 0.01796875
0 0.384375 0.84140625 0.03203125 0.05234375
0 0.328125 0.8109375 0.06875 0.02421875
0 0.3140625 0.840625 0.0625 0.03515625
0 0.3359375 0.91171875 0.06953125 0.0234375
0 0.23984375 0.9078125 0.06328125 0.0359375
0 0.15390625 0.890625 0.034375 0.05234375
0 0.18203125 0.7546875 0.0484375 0.04453125
0 0.221875 0.72890625 0.0375 0.040625
0 0.21875 0.6984375 0.08984375 0.01875
0 0.1453125 0.65625 0.03046875 0.05546875
0 0.2 0.62265625 0.02890625 0.05625
0 0.2515625 0.62109375 0.02890625 0.0625