0 0.0921875 0.81484375 0.040625 0.0640625
0 0.13984375 0.8125 0.0609375 0.03125
0 0.17109375 0.77421875 0.053125 0.028125
0 0.18828125 0.79921875 0.0390625 0.0234375
0 0.2078125 0.8296875 0.0671875 0.028125
0 0.25625 0.84453125 0.059375 0.025
0 0.328125 0.84921875 0.0515625 0.0203125
0 0.3328125 0.86484375 0.0484375 0.021875
0 0.359375 0.84296875 0.0578125 0.021875
0 0.44375 0.8546875 0.0296875 0.0171875
0 0.49453125 0.82890625 0.0421875 0.0453125
0 0.51953125 0.8234375 0.0421875 0.025
0 0.61015625 0.87265625 0.059375 0.0453125
0 0.67890625 0.84921875 0.0609375 0.03125
0 0.79921875 0.8390625 0.03125 0.0578125
0 0.73359375 0.79453125 0.0375 0.0546875
0 0.625 0.78671875 0.0421875 0.04375
0 0.49296875 0.7625 0.0703125 0.0515625
0 0.43046875 0.79765625 0.0640625 0.04375
0 0.3609375 0.784375 0.0625 0.0359375
0 0.29921875 0.7796875 0.053125 0.040625
0 0.26328125 0.76015625 0.0328125 0.05
0 0.24453125 0.7265625 0.0578125 0.0265625
0 0.19921875 0.72265625 0.03125 0.05625
0 0.1984375 0.6890625 0.0609375 0.021875
0 0.221875 0.6625 0.059375 0.034375
0 0.35 0.7296875 0.0671875 0.0296875
0 0.45078125 0.7109375 0.05 0.059375
0 0.55 0.7234375 0.0328125 0.0453125
0 0.621875 0.64453125 0.0359375 0.0484375
0 0.7359375 0.67265625 0.053125 0.021875
0 0.57734375 0.61328125 0.0515625 0.0359375
0 0.4578125 0.62265625 0.059375 0.028125
0 0.315625 0.6046875 0.0328125 0.0265625
0 0.30859375 0.63359375 0.034375 0.0296875
0 0.24296875 0.6125 0.04375 0.046875
0 0.13515625 0.62890625 0.0296875 0.0375
0 0.1515625 0.5796875 0.0265625 0.0390625
0 0.17109375 0.60859375 0.0734375 0.0265625
0 0.1453125 0.53515625 0.0421875 0.0421875
0 0.228125 0.559375 0.034375 0.046875
0 0.36875 0.5421875 0.0390625 0.053125
0 0.45625 0.5703125 0.0375 0.04375
0 0.53125 0.55546875 0.0328125 0.0515625
0 0.5875 0.575 0.0328125 0.05
0 0.7125 0.5828125 0.0609375 0.034375
0 0.77421875 0.553125 0.05 0.03125
0 0.8328125 0.58125 0.0296875 0.0421875
0 0.69765625 0.5296875 0.04375 0.046875
0 0.60390625 0.5234375 0.06875 0.0421875
0 0.5484375 0.4875 0.0453125 0.0375
0 0.5765625 0.45390625 0.0453125 0.0359375
0 0.70234375 0.4671875 0.0609375 0.0328125
0 0.7796875 0.49140625 0.0296875 0.0484375
0 0.81640625 0.45390625 0.0375 0.034375
0 0.6515625 0.40234375 0.034375 0.046875
0 0.69921875 0.39296875 0.034375 0.0546875
0 0.74921875 0.396875 0.0578125 0.040625
0 0.8015625 0.409375 0.0296875 0.0515625
0 0.58203125 0.39453125 0.0421875 0.053125
0 0.4765625 0.42734375 0.059375 0.046875
0 0.32109375 0.49140625 0.0578125 0.059375
0 0.25078125 0.45625 0.0453125 0.040625
0 0.2046875 0.45859375 0.0296875 0.0484375
0 0.15 0.41015625 0.0421875 0.053125
0 0.2125 0.38828125 0.028125 0.053125
0 0.234375 0.39453125 0.0265625 0.025
0 0.29296875 0.4203125 0.03125 0.046875
0 0.38828125 0.39453125 0.0375 0.05
0 0.22890625 0.309375 0.034375 0.0421875
0 0.34765625 0.309375 0.0703125 0.0265625
0 0.4984375 0.31640625 0.0515625 0.040625
0 0.621875 0.3171875 0.046875 0.0359375
0 0.83203125 0.2734375 0.034375 0.0515625
0 0.8078125 0.22734375 0.0390625 0.0359375
0 0.69140625 0.26015625 0.0390625 0.059375
0 0.6640625 0.203125 0.040625 0.034375
0 0.7359375 0.19375 0.05625 0.0359375
0 0.5921875 0.19765625 0.0578125 0.0484375
0 0.45625 0.23515625 0.040625 0.05
0 0.428125 0.18359375 0.053125 0.03125
0 0.290625 0.1984375 0.0890625 0.0359375
0 0.18828125 0.16796875 0.06875 0.0265625
0 0.296875 0.12734375 0.0671875 0.028125
0 0.190625 0.0703125 0.046875 0.0421875
0 0.26328125 0.05859375 0.0328125 0.0421875
0 0.3078125 0.06953125 0.05625 0.0296875
0 0.2109375 0.04140625 0.059375 0.0359375
0 0.49375 0.10078125 0.0328125 0.0484375
0 0.5484375 0.1734375 0.065625 0.0265625
0 0.61796875 0.1453125 0.04375 0.04375
0 0.6578125 0.15234375 0.040625 0.05625
0 0.7546875 0.13046875 0.0390625 0.0484375
0 0.75390625 0.153125 0.0671875 0.0328125
0 0.78828125 0.12734375 0.0265625 0.0265625
0 0.8390625 0.15234375 0.0484375 0.053125
0 0.540625 0.08203125 0.0671875 0.0296875
0 0.578125 0.0578125 0.078125 0.034375