0 0.14296875 0.1015625 0.03984375 0.0453125
0 0.3765625 0.0796875 0.071875 0.0234375
0 0.25546875 0.140625 0.05859375 0.0328125
0 0.45 0.1859375 0.021875 0.0484375
0 0.534375 0.1625 0.0515625 0.03515625
0 0.675 0.08046875 0.05234375 0.04609375
0 0.71015625 0.13203125 0.03671875 0.0421875
0 0.753125 0.14140625 0.034375 0.03515625
0 0.8078125 0.115625 0.0515625 0.0265625
0 0.84765625 0.1015625 0.0265625 0.02890625
0 0.82109375 0.18515625 0.02578125 0.040625
0 0.8046875 0.221875 0.06171875 0.01796875
0 0.72890625 0.2453125 0.04609375 0.03203125
0 0.6640625 0.21015625 0.0359375 0.04375
0 0.60625 0.259375 0.02578125 0.04375
0 0.53046875 0.25 0.0375 0.04296875
0 0.54375 0.2890625 0.025 0.02890625
0 0.828125 0.27109375 0.028125 0.040625
0 0.3625 0.29453125 0.0625 0.0265625
0 0.3546875 0.27109375 0.03203125 0.02578125
0 0.28671875 0.26484375 0.06640625 0.0328125
0 0.15859375 0.31953125 0.0359375 0.05234375
0 0.3953125 0.33203125 0.07890625 0.021875
0 0.4890625 0.32109375 0.0578125 0.03671875
0 0.61640625 0.3171875 0.028125 0.03828125
0 0.6484375 0.3578125 0.05 0.040625
0 0.73984375 0.33359375 0.040625 0.0328125
0 0.825 0.3359375 0.0265625 0.0375
0 0.81171875 0.3875 0.0375 0.05078125
0 0.59140625 0.371875 0.03359375 0.04296875
0 0.53828125 0.39765625 0.03828125 0.03828125
0 0.4734375 0.4015625 0.059375 0.02109375
0 0.396875 0.41015625 0.0375 0.0546875
0 0.2625 0.45078125 0.05703125 0.02421875
0 0.634375 0.41171875 0.0515625 0.02890625
0 0.703125 0.4640625 0.0296875 0.03984375
0 0.7328125 0.4703125 0.0234375 0.04453125
0 0.765625 0.4546875 0.03984375 0.02890625
0 0.77890625 0.4234375 0.05859375 0.02421875
0 0.8171875 0.4546875 0.03203125 0.0375
0 0.81015625 0.52890625 0.0234375 0.04296875
0 0.85078125 0.4984375 0.0421875 0.03359375
0 0.68359375 0.50390625 0.02578125 0.03125
0 0.70859375 0.5125 0.03515625 0.034375
0 0.5765625 0.490625 0.04609375 0.02109375
0 0.5109375 0.5 0.0515625 0.0234375
0 0.465625 0.45625 0.0625 0.015625
0 0.6046875 0.52890625 0.05 0.04296875
0 0.3578125 0.53828125 0.03046875 0.03828125
0 0.325 0.50078125 0.0328125 0.0359375
0 0.1875 0.52578125 0.0453125 0.05078125
0 0.11953125 0.54140625 0.034375 0.046875
0 0.3421875 0.609375 0.05078125 0.05078125
0 0.41171875 0.59453125 0.04296875 0.03359375
0 0.4484375 0.58046875 0.0296875 0.0453125
0 0.5359375 0.6140625 0.059375 0.025
0 0.47578125 0.64609375 0.034375 0.0453125
0 0.59609375 0.58515625 0.01796875 0.04375
0 0.61015625 0.6265625 0.02109375 0.04140625
0 0.58828125 0.65625 0.0359375 0.02734375
0 0.65234375 0.60390625 0.02265625 0.05546875
0 0.66875 0.5765625 0.02578125 0.04140625
0 0.69765625 0.61171875 0.0234375 0.0515625
0 0.73515625 0.59375 0.02890625 0.0453125
0 0.76484375 0.6078125 0.021875 0.04609375
0 0.80390625 0.65546875 0.01875 0.0359375
0 0.759375 0.6796875 0.0546875 0.01796875
0 0.63515625 0.68828125 0.02109375 0.03671875
0 0.69296875 0.72265625 0.03046875 0.04921875
0 0.728125 0.7203125 0.02734375 0.03125
0 0.809375 0.721875 0.02265625 0.04375
0 0.75078125 0.75390625 0.028125 0.04140625
0 0.51953125 0.71796875 0.0453125 0.03046875
0 0.58203125 0.76640625 0.028125 0.04296875
0 0.64453125 0.77578125 0.0265625 0.04296875
0 0.46953125 0.76875 0.02421875 0.04296875
0 0.421875 0.71796875 0.03671875 0.0375
0 0.3640625 0.72890625 0.028125 0.04453125
0 0.2828125 0.7296875 0.0703125 0.03359375
0 0.25 0.69296875 0.0515625 0.03984375
0 0.14296875 0.68046875 0.04296875 0.0359375
0 0.11640625 0.75625 0.02734375 0.03515625
0 0.14453125 0.7421875 0.025 0.0359375
0 0.16796875 0.71015625 0.05234375 0.0234375
0 0.1421875 0.784375 0.0265625 0.03671875
0 0.4015625 0.80390625 0.07109375 0.021875
0 0.51640625 0.84140625 0.0671875 0.01953125
0 0.353125 0.84140625 0.06875 0.01953125
0 0.2875 0.8609375 0.05859375 0.02421875
0 0.31640625 0.86953125 0.0421875 0.021875
0 0.38515625 0.8859375 0.05234375 0.02734375
0 0.47421875 0.8921875 0.06171875 0.01796875
0 0.62734375 0.88359375 0.06875 0.01640625
0 0.43125 0.91015625 0.05078125 0.0140625
0 0.3515625 0.9234375 0.065625 0.0140625
0 0.290625 0.90625 0.0484375 0.0171875
0 0.253125 0.89609375 0.05 0.0125
0 0.15 0.9140625 0.04921875 0.03125
0 0.16015625 0.88046875 0.040625 0.02421875
0 0.11015625 0.84140625 0.0390625 0.034375