0 0.75078125 0.96875 0.025 0.0328125
0 0.74609375 0.9890625 0.0265625 0.021875
0 0.6125 0.93203125 0.0640625 0.03125
0 0.54921875 0.91171875 0.071875 0.0375
0 0.428125 0.90703125 0.0625 0.0453125
0 0.4265625 0.85859375 0.046875 0.0609375
0 0.34921875 0.83984375 0.0625 0.071875
0 0.2390625 0.85234375 0.0671875 0.0296875
0 0.190625 0.83203125 0.0390625 0.0234375
0 0.1546875 0.80859375 0.084375 0.0359375
0 0.0765625 0.75703125 0.05625 0.0625
0 0.125 0.75703125 0.0234375 0.025
0 0.2578125 0.7671875 0.0640625 0.0515625
0 0.1421875 0.7640625 0.021875 0.021875
0 0.30234375 0.7515625 0.06875 0.034375
0 0.37109375 0.7609375 0.0796875 0.0484375
0 0.1171875 0.69765625 0.0390625 0.0578125
0 0.1 0.66171875 0.0375 0.05
0 0.06796875 0.66953125 0.0375 0.059375
0 0.15625 0.6140625 0.0296875 0.034375
0 0.128125 0.6234375 0.028125 0.0421875
0 0.140625 0.59609375 0.01875 0.0203125
0 0.09453125 0.59609375 0.028125 0.034375
0 0.08984375 0.5578125 0.0265625 0.0515625
0 0.115625 0.559375 0.03125 0.0328125
0 0.13984375 0.53203125 0.0375 0.046875
0 0.11328125 0.49296875 0.04375 0.053125
0 0.1375 0.4375 0.046875 0.0578125
0 0.2125 0.5234375 0.059375 0.028125
0 0.20859375 0.5046875 0.0265625 0.0296875
0 0.2046875 0.484375 0.028125 0.025
0 0.27265625 0.53515625 0.0453125 0.0390625
0 0.32265625 0.54609375 0.034375 0.0359375
0 0.34375 0.50703125 0.04375 0.065625
0 0.4125 0.565625 0.05625 0.0515625
0 0.3390625 0.6 0.034375 0.053125
0 0.3109375 0.63671875 0.0328125 0.053125
0 0.3640625 0.65625 0.0265625 0.0203125
0 0.4375 0.6578125 0.0359375 0.0484375
0 0.47265625 0.6578125 0.05 0.0546875
0 0.49453125 0.584375 0.0546875 0.053125
0 0.18515625 0.38203125 0.04375 0.053125
0 0.228125 0.35390625 0.065625 0.0390625
0 0.28828125 0.3671875 0.0625 0.0546875
0 0.2515625 0.296875 0.0703125 0.059375
0 0.3828125 0.33125 0.05625 0.0328125
0 0.4234375 0.33125 0.034375 0.0515625
0 0.5 0.44140625 0.0578125 0.053125
0 0.59921875 0.3875 0.0609375 0.0390625
0 0.603125 0.2984375 0.053125 0.0609375
0 0.446875 0.29140625 0.0640625 0.040625
0 0.396875 0.2671875 0.0484375 0.0546875
0 0.303125 0.21640625 0.0359375 0.034375
0 0.28125 0.18203125 0.0390625 0.0359375
0 0.3109375 0.17265625 0.040625 0.03125
0 0.32421875 0.13359375 0.0390625 0.0546875
0 0.20546875 0.159375 0.0234375 0.0234375
0 0.23046875 0.15703125 0.028125 0.0265625
0 0.29296875 0.028125 0.065625 0.0359375
0 0.40546875 0.12265625 0.071875 0.0484375
0 0.53671875 0.1765625 0.084375 0.0421875
0 0.5640625 0.13125 0.0796875 0.0421875
0 0.50234375 0.06484375 0.0625 0.0453125
0 0.45625 0.06015625 0.0453125 0.0515625
0 0.39609375 0.0515625 0.0703125 0.0390625
0 0.5453125 0.05390625 0.0703125 0.034375
0 0.32578125 0.009375 0.0859375 0.01875
0 0.28359375 0.01015625 0.0640625 0.0203125
0 0.24453125 0.003125 0.0203125 0.00625
0 0.5796875 0.0875 0.046875 0.03125
0 0.68125 0.115625 0.065625 0.03125
0 0.6734375 0.128125 0.0609375 0.03125
0 0.68359375 0.090625 0.0734375 0.0390625
0 0.74609375 0.1140625 0.06875 0.0375
0 0.7765625 0.17265625 0.078125 0.0421875
0 0.81484375 0.25703125 0.0484375 0.0640625
0 0.86328125 0.1859375 0.0625 0.0296875
0 0.859375 0.15 0.034375 0.025
0 0.8625 0.1703125 0.028125 0.021875
0 0.91953125 0.17421875 0.0328125 0.028125
0 0.94609375 0.209375 0.0265625 0.040625
0 0.90078125 0.21015625 0.0265625 0.0234375
0 0.9078125 0.22578125 0.025 0.0234375
0 0.9359375 0.25078125 0.028125 0.021875
0 0.94296875 0.2671875 0.025 0.0234375
0 0.72890625 0.325 0.040625 0.0609375
0 0.7875 0.38359375 0.0484375 0.05625
0 0.85859375 0.39453125 0.0421875 0.05625
0 0.88359375 0.4609375 0.040625 0.05625
0 0.81953125 0.48359375 0.0765625 0.0421875
0 0.63671875 0.56015625 0.0578125 0.05625
0 0.690625 0.58203125 0.04375 0.04375
0 0.67578125 0.6203125 0.046875 0.0484375
0 0.7703125 0.6609375 0.04375 0.05
0 0.78828125 0.70859375 0.0390625 0.0578125
0 0.7625 0.78515625 0.0625 0.05625