0 0.21171875 0.06875 0.0421875 0.053125
0 0.2328125 0.11953125 0.075 0.040625
0 0.36875 0.153125 0.065625 0.0421875
0 0.509375 0.2125 0.0796875 0.040625
0 0.625 0.24765625 0.0390625 0.04375
0 0.6703125 0.11328125 0.05625 0.04375
0 0.734375 0.12890625 0.0734375 0.0328125
0 0.83671875 0.13515625 0.071875 0.028125
0 0.84140625 0.159375 0.0359375 0.0375
0 0.87578125 0.1875 0.0609375 0.025
0 0.95234375 0.18515625 0.053125 0.05
0 0.921875 0.21015625 0.065625 0.0328125
0 0.80703125 0.190625 0.05 0.0328125
0 0.7640625 0.1625 0.0453125 0.034375
0 0.80703125 0.24609375 0.0671875 0.0390625
0 0.89921875 0.27109375 0.0453125 0.05625
0 0.84140625 0.334375 0.0375 0.0515625
0 0.8703125 0.3328125 0.0375 0.0296875
0 0.90234375 0.325 0.034375 0.0453125
0 0.76953125 0.31328125 0.065625 0.0421875
0 0.6671875 0.28359375 0.0578125 0.0328125
0 0.43359375 0.24453125 0.0609375 0.0421875
0 0.32265625 0.19140625 0.0625 0.0328125
0 0.31015625 0.28671875 0.0328125 0.040625
0 0.26171875 0.2578125 0.0328125 0.040625
0 0.2609375 0.29375 0.05625 0.028125
0 0.1609375 0.23359375 0.0359375 0.0515625
0 0.18515625 0.21796875 0.0328125 0.05625
0 0.14765625 0.2859375 0.0265625 0.0390625
0 0.18984375 0.3046875 0.0390625 0.0515625
0 0.140625 0.33203125 0.028125 0.0359375
0 0.65234375 0.39375 0.0703125 0.040625
0 0.77421875 0.440625 0.04375 0.05
0 0.8328125 0.44296875 0.05625 0.0375
0 0.83046875 0.48203125 0.0390625 0.053125
0 0.84453125 0.55 0.0546875 0.0328125
0 0.85078125 0.57890625 0.040625 0.04375
0 0.71796875 0.4921875 0.053125 0.040625
0 0.6390625 0.45859375 0.04375 0.0546875
0 0.5140625 0.434375 0.0578125 0.0515625
0 0.35234375 0.43984375 0.0546875 0.0359375
0 0.2453125 0.45078125 0.05625 0.053125
0 0.11328125 0.4203125 0.0296875 0.0484375
0 0.13828125 0.40234375 0.034375 0.05625
0 0.1375 0.46171875 0.0375 0.0359375
0 0.278125 0.52109375 0.04375 0.0546875
0 0.41953125 0.55390625 0.06875 0.0421875
0 0.61796875 0.53359375 0.0375 0.040625
0 0.6453125 0.60234375 0.059375 0.046875
0 0.73515625 0.69765625 0.04375 0.053125
0 0.6296875 0.675 0.071875 0.03125
0 0.490625 0.6171875 0.0828125 0.0421875
0 0.3296875 0.60703125 0.0484375 0.0609375
0 0.20390625 0.55078125 0.0421875 0.046875
0 0.10625 0.5421875 0.0328125 0.05
0 0.1515625 0.5296875 0.0421875 0.0421875
0 0.190625 0.52890625 0.034375 0.0484375
0 0.0875 0.540625 0.0265625 0.0421875
0 0.0828125 0.5765625 0.0328125 0.0328125
0 0.11640625 0.5765625 0.0390625 0.0578125
0 0.065625 0.62265625 0.0390625 0.0546875
0 0.09921875 0.61875 0.0359375 0.046875
0 0.28203125 0.67421875 0.0625 0.0515625
0 0.325 0.6703125 0.0453125 0.0546875
0 0.46953125 0.725 0.08125 0.0375
0 0.6265625 0.70703125 0.0640625 0.034375
0 0.55 0.77890625 0.021875 0.0484375
0 0.56953125 0.7640625 0.0234375 0.04375
0 0.40390625 0.73671875 0.0625 0.0515625
0 0.09140625 0.6953125 0.0390625 0.0484375
0 0.12421875 0.67890625 0.025 0.0390625
0 0.1078125 0.66328125 0.0296875 0.0375
0 0.0328125 0.709375 0.034375 0.0421875
0 0.05234375 0.75625 0.0296875 0.04375
0 0.08046875 0.75703125 0.028125 0.0421875
0 0.1625 0.76171875 0.0671875 0.0546875
0 0.12265625 0.80390625 0.0546875 0.0421875
0 0.02734375 0.7796875 0.0421875 0.0265625
0 0.04296875 0.79296875 0.0453125 0.0359375
0 0.075 0.82421875 0.0640625 0.034375
0 0.13359375 0.84375 0.05625 0.028125
0 0.2203125 0.8375 0.0546875 0.04375
0 0.23203125 0.80859375 0.059375 0.03125
0 0.31875 0.83046875 0.0609375 0.0546875
0 0.2515625 0.7578125 0.0625 0.046875
0 0.278125 0.88671875 0.0515625 0.028125
0 0.27265625 0.8609375 0.0375 0.01875
0 0.30546875 0.87578125 0.0453125 0.025
0 0.45 0.93828125 0.0609375 0.0359375
0 0.471875 0.92109375 0.0609375 0.025
0 0.43203125 0.8765625 0.046875 0.04375
0 0.41875 0.83671875 0.046875 0.0578125
0 0.5921875 0.8828125 0.0421875 0.05
0 0.60078125 0.93359375 0.046875 0.025
0 0.5640625 0.9140625 0.046875 0.0265625
0 0.51484375 0.9234375 0.0515625 0.0515625
0 0.5984375 0.95703125 0.03125 0.028125
0 0.6390625 0.93828125 0.0484375 0.040625