0 0.5484375 0.10390625 0.0734375 0.040625
0 0.346875 0.15234375 0.0515625 0.046875
0 0.24765625 0.15390625 0.08125 0.0359375
0 0.16015625 0.17421875 0.0421875 0.05625
0 0.2140625 0.19375 0.0234375 0.025
0 0.1921875 0.1828125 0.0234375 0.0265625
0 0.26953125 0.18984375 0.06875 0.03125
0 0.1421875 0.25390625 0.0359375 0.0578125
0 0.1765625 0.2734375 0.0359375 0.075
0 0.2171875 0.27265625 0.03125 0.0375
0 0.23984375 0.2953125 0.0390625 0.015625
0 0.25234375 0.27890625 0.021875 0.0203125
0 0.1328125 0.3265625 0.0375 0.05625
0 0.175 0.33046875 0.0375 0.0390625
0 0.45390625 0.2875 0.0671875 0.053125
0 0.6515625 0.2 0.0640625 0.04375
0 0.7140625 0.20390625 0.0640625 0.034375
0 0.62421875 0.2703125 0.0546875 0.0328125
0 0.578125 0.28984375 0.0359375 0.059375
0 0.634375 0.3171875 0.0390625 0.05625
0 0.78828125 0.246875 0.0765625 0.0359375
0 0.35 0.35390625 0.0765625 0.0265625
0 0.165625 0.41328125 0.034375 0.04375
0 0.18359375 0.45390625 0.046875 0.05
0 0.23828125 0.415625 0.03125 0.0328125
0 0.24765625 0.44296875 0.028125 0.028125
0 0.28828125 0.46171875 0.05625 0.0421875
0 0.24140625 0.4953125 0.0296875 0.0515625
0 0.4765625 0.39453125 0.0671875 0.05
0 0.55703125 0.39140625 0.0546875 0.0609375
0 0.425 0.43359375 0.0578125 0.0234375
0 0.5546875 0.46875 0.053125 0.040625
0 0.5984375 0.4734375 0.04375 0.05
0 0.640625 0.42421875 0.034375 0.0515625
0 0.459375 0.48671875 0.0734375 0.0375
0 0.36953125 0.51484375 0.0703125 0.0359375
0 0.2984375 0.534375 0.0578125 0.0296875
0 0.18515625 0.5609375 0.0390625 0.0515625
0 0.33203125 0.5828125 0.046875 0.0515625
0 0.4484375 0.56875 0.040625 0.065625
0 0.54296875 0.515625 0.071875 0.0359375
0 0.7375 0.45234375 0.059375 0.04375
0 0.79453125 0.4546875 0.0640625 0.0328125
0 0.8421875 0.46875 0.06875 0.0234375
0 0.85234375 0.5171875 0.040625 0.0484375
0 0.82734375 0.55078125 0.0390625 0.04375
0 0.7390625 0.50625 0.075 0.0328125
0 0.74921875 0.56171875 0.0359375 0.053125
0 0.6640625 0.5875 0.04375 0.0234375
0 0.6390625 0.56484375 0.028125 0.0234375
0 0.8375 0.5828125 0.0703125 0.0296875
0 0.69453125 0.62421875 0.0375 0.0546875
0 0.83046875 0.6546875 0.040625 0.025
0 0.85859375 0.6828125 0.065625 0.0484375
0 0.85234375 0.62734375 0.0234375 0.0140625
0 0.73203125 0.69375 0.0359375 0.0625
0 0.63984375 0.68203125 0.046875 0.0421875
0 0.5921875 0.684375 0.0421875 0.0515625
0 0.41484375 0.69140625 0.06875 0.040625
0 0.39375 0.63046875 0.0359375 0.0671875
0 0.27109375 0.678125 0.0328125 0.0625
0 0.3546875 0.7234375 0.0359375 0.0578125
0 0.484375 0.77890625 0.0796875 0.040625
0 0.8 0.72578125 0.0640625 0.0359375
0 0.80234375 0.76328125 0.0390625 0.040625
0 0.759375 0.790625 0.0671875 0.0265625
0 0.840625 0.77421875 0.034375 0.0421875
0 0.8953125 0.7390625 0.040625 0.065625
0 0.79140625 0.8171875 0.034375 0.025
0 0.7890625 0.84609375 0.0453125 0.0296875
0 0.63671875 0.8828125 0.0828125 0.03125
0 0.71875 0.8984375 0.0703125 0.0234375
0 0.8546875 0.9 0.075 0.028125
0 0.83828125 0.8796875 0.03125 0.0234375
0 0.825 0.86171875 0.03125 0.0203125
0 0.6125 0.93671875 0.0515625 0.0265625
0 0.659375 0.93671875 0.0390625 0.0234375
0 0.6921875 0.91640625 0.06875 0.021875
0 0.51484375 0.89921875 0.0765625 0.025
0 0.484375 0.928125 0.0671875 0.0234375
0 0.44453125 0.9453125 0.0265625 0.021875
0 0.428125 0.89921875 0.0765625 0.028125
0 0.37109375 0.921875 0.0640625 0.0203125
0 0.34921875 0.95 0.0390625 0.03125
0 0.4015625 0.94609375 0.05 0.0375
0 0.26875 0.88515625 0.065625 0.025
0 0.20078125 0.83046875 0.046875 0.05
0 0.29921875 0.83203125 0.071875 0.0453125
0 0.19609375 0.96640625 0.0328125 0.028125
0 0.19296875 0.94375 0.021875 0.025
0 0.175 0.940625 0.0203125 0.034375
0 0.17421875 0.9 0.0328125 0.04375
0 0.190625 0.71875 0.04375 0.0515625
0 0.1609375 0.6703125 0.0359375 0.0484375
0 0.18359375 0.63671875 0.034375 0.053125