0 0.3625 0.1140625 0.0859375 0.05
0 0.13203125 0.18203125 0.05 0.06875
0 0.16796875 0.31796875 0.05 0.040625
0 0.67421875 0.10859375 0.078125 0.0515625
0 0.615625 0.19765625 0.0421875 0.053125
0 0.55625 0.2234375 0.0390625 0.04375
0 0.58828125 0.25234375 0.05 0.040625
0 0.7359375 0.19140625 0.0578125 0.053125
0 0.51328125 0.2875 0.053125 0.0328125
0 0.45703125 0.28671875 0.046875 0.040625
0 0.42578125 0.31796875 0.0328125 0.01875
0 0.425 0.33515625 0.0375 0.025
0 0.33359375 0.35625 0.0625 0.0421875
0 0.49296875 0.32734375 0.0640625 0.0375
0 0.71171875 0.25859375 0.0703125 0.0375
0 0.65 0.35234375 0.046875 0.03125
0 0.646875 0.39921875 0.040625 0.040625
0 0.59921875 0.38515625 0.0375 0.0296875
0 0.59765625 0.35546875 0.040625 0.028125
0 0.7296875 0.33828125 0.0328125 0.0484375
0 0.75390625 0.38515625 0.0484375 0.04375
0 0.53984375 0.3953125 0.0421875 0.0484375
0 0.57421875 0.44375 0.046875 0.0375
0 0.54375 0.42890625 0.046875 0.034375
0 0.653125 0.4546875 0.0390625 0.05
0 0.6953125 0.4296875 0.0375 0.05
0 0.7109375 0.490625 0.0625 0.0359375
0 0.8375 0.46015625 0.0640625 0.0453125
0 0.58828125 0.51796875 0.046875 0.046875
0 0.5703125 0.490625 0.0359375 0.0375
0 0.49140625 0.478125 0.0578125 0.0546875
0 0.446875 0.509375 0.0453125 0.0609375
0 0.45390625 0.41328125 0.053125 0.053125
0 0.38671875 0.434375 0.0625 0.0375
0 0.36640625 0.46015625 0.040625 0.0421875
0 0.3046875 0.43671875 0.04375 0.0453125
0 0.21484375 0.4484375 0.078125 0.0359375
0 0.1828125 0.5015625 0.0609375 0.03125
0 0.16953125 0.48203125 0.034375 0.0421875
0 0.3 0.53515625 0.05625 0.04375
0 0.29765625 0.49921875 0.06875 0.0265625
0 0.278125 0.571875 0.0703125 0.0421875
0 0.253125 0.5484375 0.0484375 0.034375
0 0.221875 0.58515625 0.0390625 0.05
0 0.18125 0.6125 0.0609375 0.0390625
0 0.55078125 0.54765625 0.0359375 0.0515625
0 0.51328125 0.5515625 0.034375 0.040625
0 0.47890625 0.55546875 0.0390625 0.0296875
0 0.40625 0.5828125 0.053125 0.0546875
0 0.51171875 0.59296875 0.059375 0.034375
0 0.2953125 0.67578125 0.05625 0.0578125
0 0.26171875 0.66171875 0.0390625 0.0421875
0 0.23359375 0.684375 0.040625 0.0453125
0 0.2109375 0.74609375 0.0640625 0.0453125
0 0.403125 0.70859375 0.046875 0.05
0 0.36875 0.7046875 0.0375 0.04375
0 0.62421875 0.621875 0.053125 0.05625
0 0.5296875 0.63203125 0.0609375 0.0328125
0 0.6671875 0.60390625 0.046875 0.0359375
0 0.76640625 0.60078125 0.0453125 0.0609375
0 0.715625 0.5796875 0.0390625 0.0546875
0 0.87265625 0.5203125 0.0453125 0.0484375
0 0.8296875 0.52265625 0.04375 0.053125
0 0.80390625 0.52734375 0.0390625 0.053125
0 0.86640625 0.60859375 0.0375 0.053125
0 0.83984375 0.62421875 0.034375 0.0578125
0 0.74140625 0.65546875 0.0390625 0.0578125
0 0.60703125 0.7109375 0.075 0.0375
0 0.5328125 0.7421875 0.0515625 0.05
0 0.45546875 0.76171875 0.0640625 0.0578125
0 0.4546875 0.8453125 0.0359375 0.0359375
0 0.42890625 0.8234375 0.0265625 0.0359375
0 0.39609375 0.78984375 0.06875 0.0328125
0 0.3921875 0.77265625 0.0703125 0.0296875
0 0.2921875 0.79375 0.065625 0.03125
0 0.26796875 0.8234375 0.0734375 0.0421875
0 0.24765625 0.86796875 0.03125 0.0421875
0 0.3078125 0.8703125 0.0546875 0.046875
0 0.35703125 0.84296875 0.05 0.0515625
0 0.51328125 0.81015625 0.0328125 0.0296875
0 0.48671875 0.81640625 0.0328125 0.0265625
0 0.490625 0.878125 0.040625 0.04375
0 0.37578125 0.90703125 0.040625 0.053125
0 0.25 0.92578125 0.03125 0.053125
0 0.253125 0.975 0.0265625 0.040625
0 0.57890625 0.84140625 0.0640625 0.0375
0 0.5703125 0.89609375 0.046875 0.0453125
0 0.59140625 0.79296875 0.0484375 0.0390625
0 0.61875 0.75859375 0.05625 0.0359375
0 0.63671875 0.7421875 0.0625 0.034375
0 0.771875 0.771875 0.0390625 0.0453125
0 0.73515625 0.74453125 0.04375 0.0421875
0 0.7140625 0.8046875 0.0484375 0.040625
0 0.77265625 0.69765625 0.05 0.0390625
0 0.83828125 0.678125 0.059375 0.0390625
0 0.88671875 0.69609375 0.0671875 0.0375
0 0.8625 0.803125 0.053125 0.04375
0 0.828125 0.80546875 0.034375 0.0421875
0 0.77109375 0.85 0.065625 0.0328125
0 0.8265625 0.8609375 0.071875 0.0359375