0 0.865625 0.23515625 0.0484375 0.046875
0 0.840625 0.26953125 0.0546875 0.0484375
0 0.87421875 0.2953125 0.0671875 0.0421875
0 0.784375 0.21875 0.0578125 0.0578125
0 0.66171875 0.1734375 0.0625 0.059375
0 0.66640625 0.25703125 0.0640625 0.0609375
0 0.6015625 0.31171875 0.040625 0.0484375
0 0.57734375 0.27265625 0.053125 0.0578125
0 0.4671875 0.11875 0.0703125 0.040625
0 0.4828125 0.09375 0.0375 0.0375
0 0.3921875 0.165625 0.0453125 0.0546875
0 0.39296875 0.2234375 0.0578125 0.05
0 0.43828125 0.26015625 0.0703125 0.0375
0 0.55234375 0.33046875 0.0625 0.0359375
0 0.28828125 0.21015625 0.0359375 0.0515625
0 0.8796875 0.40234375 0.053125 0.0703125
0 0.81640625 0.43125 0.04375 0.0640625
0 0.7625 0.52109375 0.04375 0.05625
0 0.71796875 0.5296875 0.04375 0.05
0 0.8625 0.5578125 0.06875 0.0484375
0 0.8328125 0.6546875 0.0375 0.040625
0 0.8171875 0.6265625 0.03125 0.04375
0 0.809375 0.6 0.0375 0.0484375
0 0.7546875 0.5765625 0.040625 0.046875
0 0.5984375 0.503125 0.04375 0.0484375
0 0.52578125 0.4015625 0.034375 0.05
0 0.5015625 0.421875 0.03125 0.040625
0 0.42421875 0.4765625 0.0609375 0.0484375
0 0.3125 0.45234375 0.059375 0.0375
0 0.26953125 0.41953125 0.065625 0.0515625
0 0.2625 0.34765625 0.046875 0.05625
0 0.2125 0.32109375 0.034375 0.0484375
0 0.18515625 0.390625 0.03125 0.0484375
0 0.2484375 0.45859375 0.05625 0.0296875
0 0.3234375 0.4921875 0.053125 0.0328125
0 0.4375 0.55234375 0.0515625 0.0359375
0 0.5046875 0.56796875 0.0390625 0.0546875
0 0.478125 0.575 0.046875 0.05625
0 0.5828125 0.575 0.0296875 0.0484375
0 0.621875 0.55234375 0.034375 0.046875
0 0.6703125 0.6109375 0.053125 0.0515625
0 0.821875 0.71640625 0.0359375 0.0453125
0 0.784375 0.69609375 0.053125 0.0421875
0 0.79140625 0.75546875 0.034375 0.046875
0 0.72421875 0.69375 0.0390625 0.0453125
0 0.6875 0.73515625 0.04375 0.046875
0 0.75625 0.80390625 0.0421875 0.0421875
0 0.67421875 0.8125 0.0484375 0.03125
0 0.62109375 0.78984375 0.040625 0.0515625
0 0.5859375 0.7234375 0.0515625 0.0546875
0 0.58359375 0.6640625 0.034375 0.0484375
0 0.55 0.66796875 0.0515625 0.0453125
0 0.44921875 0.6078125 0.0578125 0.040625
0 0.26796875 0.61328125 0.065625 0.04375
0 0.2390625 0.5765625 0.0453125 0.0375
0 0.1859375 0.5296875 0.03125 0.03125
0 0.1875 0.490625 0.0296875 0.0515625
0 0.1703125 0.57734375 0.028125 0.046875
0 0.178125 0.646875 0.034375 0.025
0 0.13671875 0.6375 0.034375 0.0390625
0 0.153125 0.62109375 0.0265625 0.0484375
0 0.121875 0.5796875 0.040625 0.0546875
0 0.38515625 0.6953125 0.0390625 0.0328125
0 0.45234375 0.70234375 0.053125 0.059375
0 0.51171875 0.75234375 0.0453125 0.0390625
0 0.53359375 0.81640625 0.04375 0.0375
0 0.50546875 0.784375 0.0640625 0.0296875
0 0.5828125 0.85546875 0.0546875 0.046875
0 0.6734375 0.871875 0.046875 0.0515625
0 0.62109375 0.896875 0.0328125 0.0359375
0 0.6640625 0.9109375 0.059375 0.0328125
0 0.74765625 0.96171875 0.0375 0.0296875
0 0.734375 0.984375 0.034375 0.03125
0 0.70859375 0.94921875 0.0296875 0.0234375
0 0.66484375 0.95859375 0.0625 0.0359375
0 0.60546875 0.94765625 0.0453125 0.0265625
0 0.61953125 0.9359375 0.034375 0.034375
0 0.59296875 0.91796875 0.0296875 0.021875
0 0.56640625 0.93046875 0.03125 0.0203125
0 0.5328125 0.9375 0.0484375 0.028125
0 0.5390625 0.92421875 0.0359375 0.01875
0 0.484375 0.90859375 0.053125 0.034375
0 0.503125 0.84609375 0.0625 0.0390625
0 0.3953125 0.815625 0.053125 0.05
0 0.38828125 0.7640625 0.0578125 0.0578125
0 0.28125 0.78984375 0.0625 0.0375
0 0.21328125 0.703125 0.0765625 0.0375
0 0.13984375 0.69140625 0.0515625 0.0546875
0 0.2046875 0.76484375 0.05625 0.0296875
0 0.14140625 0.7625 0.040625 0.05
0 0.1046875 0.7734375 0.0375 0.05
0 0.06640625 0.7890625 0.040625 0.05625
0 0.12578125 0.82734375 0.05 0.0296875
0 0.23125 0.828125 0.0265625 0.0484375
0 0.265625 0.82109375 0.046875 0.0328125
0 0.321875 0.83984375 0.0609375 0.0359375
0 0.359375 0.896875 0.04375 0.0484375
0 0.41328125 0.91484375 0.0578125 0.0359375
0 0.24140625 0.85625 0.0546875 0.025