0 0.384375 0.89296875 0.090625 0.071875
0 0.66640625 0.8875 0.021875 0.0203125
0 0.671875 0.81015625 0.0625 0.0453125
0 0.69453125 0.8421875 0.059375 0.0328125
0 0.6734375 0.8640625 0.0328125 0.0421875
0 0.74765625 0.78515625 0.065625 0.05625
0 0.7546875 0.828125 0.0421875 0.034375
0 0.8234375 0.83359375 0.0390625 0.0421875
0 0.84375 0.81484375 0.046875 0.05
0 0.86796875 0.78359375 0.0421875 0.0515625
0 0.61328125 0.74765625 0.05 0.025
0 0.6109375 0.7640625 0.0484375 0.0234375
0 0.63828125 0.77734375 0.06875 0.03125
0 0.8875 0.72578125 0.021875 0.034375
0 0.90703125 0.7203125 0.03125 0.034375
0 0.8875 0.67734375 0.0328125 0.0421875
0 0.8015625 0.6484375 0.04375 0.053125
0 0.8359375 0.65078125 0.0265625 0.04375
0 0.8875 0.63671875 0.03125 0.046875
0 0.90546875 0.64140625 0.0203125 0.0328125
0 0.9109375 0.66640625 0.0328125 0.0296875
0 0.74609375 0.67734375 0.0671875 0.0390625
0 0.53984375 0.8171875 0.05625 0.0484375
0 0.5609375 0.75234375 0.0546875 0.0328125
0 0.48984375 0.7390625 0.065625 0.04375
0 0.4453125 0.75859375 0.0375 0.0484375
0 0.3734375 0.709375 0.0703125 0.040625
0 0.45390625 0.64140625 0.0546875 0.0421875
0 0.52890625 0.63203125 0.0546875 0.03125
0 0.59921875 0.61484375 0.05 0.053125
0 0.625 0.578125 0.03125 0.0421875
0 0.65859375 0.6015625 0.0328125 0.0234375
0 0.7015625 0.59453125 0.0640625 0.0453125
0 0.73828125 0.63671875 0.0734375 0.04375
0 0.85625 0.59140625 0.0421875 0.0484375
0 0.765625 0.53203125 0.0484375 0.0421875
0 0.796875 0.55390625 0.0359375 0.0375
0 0.828125 0.5609375 0.0421875 0.0375
0 0.8546875 0.53359375 0.05 0.0359375
0 0.853125 0.56015625 0.0265625 0.025
0 0.84765625 0.45625 0.0453125 0.0515625
0 0.79296875 0.46953125 0.0453125 0.05625
0 0.7421875 0.45390625 0.0609375 0.0421875
0 0.73203125 0.48125 0.0265625 0.0296875
0 0.65390625 0.47109375 0.0453125 0.0546875
0 0.75625 0.4203125 0.0328125 0.0359375
0 0.5234375 0.47265625 0.0671875 0.0484375
0 0.39609375 0.5515625 0.0578125 0.0390625
0 0.3125 0.60390625 0.0734375 0.05
0 0.23203125 0.5546875 0.0375 0.0515625
0 0.1421875 0.559375 0.0359375 0.053125
0 0.18515625 0.4625 0.065625 0.040625
0 0.11796875 0.4703125 0.0484375 0.0546875
0 0.11328125 0.43359375 0.0296875 0.028125
0 0.1015625 0.4046875 0.0328125 0.0390625
0 0.15390625 0.38046875 0.0640625 0.0453125
0 0.21328125 0.371875 0.0484375 0.046875
0 0.30625 0.40234375 0.034375 0.0515625
0 0.3390625 0.3984375 0.034375 0.0546875
0 0.23359375 0.33046875 0.065625 0.03125
0 0.44765625 0.375 0.0640625 0.05
0 0.50703125 0.36640625 0.0625 0.05
0 0.57265625 0.37578125 0.0609375 0.04375
0 0.77890625 0.33046875 0.0328125 0.059375
0 0.80078125 0.309375 0.034375 0.0265625
0 0.5046875 0.31171875 0.0765625 0.0359375
0 0.5875 0.23984375 0.0484375 0.0484375
0 0.6859375 0.2390625 0.0421875 0.0515625
0 0.5109375 0.234375 0.059375 0.046875
0 0.346875 0.20546875 0.0546875 0.05
0 0.46796875 0.16171875 0.05 0.053125
0 0.55234375 0.13359375 0.05625 0.0484375
0 0.65234375 0.08046875 0.0359375 0.0421875
0 0.66484375 0.10234375 0.0421875 0.0390625
0 0.60703125 0.03203125 0.0265625 0.025
0 0.5921875 0.06171875 0.04375 0.0328125
0 0.5625 0.0453125 0.065625 0.04375
0 0.39453125 0.08828125 0.0765625 0.0375
0 0.3796875 0.1515625 0.0625 0.040625
0 0.33984375 0.16328125 0.034375 0.040625
0 0.2703125 0.18125 0.0625 0.03125
0 0.27109375 0.2140625 0.0734375 0.0390625
0 0.2 0.23203125 0.0578125 0.0296875
0 0.21171875 0.2703125 0.0796875 0.034375
0 0.10078125 0.2546875 0.059375 0.0296875
0 0.09375 0.2765625 0.059375 0.0359375
0 0.07578125 0.30859375 0.0375 0.05
0 0.04296875 0.2703125 0.040625 0.0375
0 0.0234375 0.21796875 0.0328125 0.01875
0 0.0453125 0.22421875 0.0328125 0.0453125
0 0.07734375 0.21796875 0.0359375 0.0453125
0 0.0984375 0.20859375 0.0390625 0.0546875
0 0.08515625 0.16796875 0.0640625 0.03125
0 0.15625 0.1953125 0.053125 0.0515625
0 0.20078125 0.18515625 0.04375 0.0328125
0 0.203125 0.1375 0.0609375 0.0296875
0 0.2015625 0.159375 0.0515625 0.028125
0 0.26875 0.12421875 0.0453125 0.0265625
0 0.24453125 0.14765625 0.04375 0.028125
0 0.2921875 0.13515625 0.05625 0.03125