0 0.85859375 0.88671875 0.0703125 0.0390625
0 0.7921875 0.88828125 0.0609375 0.034375
0 0.66484375 0.88203125 0.0671875 0.04375
0 0.734375 0.8578125 0.0453125 0.0515625
0 0.53984375 0.8921875 0.075 0.034375
0 0.465625 0.86875 0.06875 0.0390625
0 0.30625 0.88515625 0.046875 0.06875
0 0.22265625 0.909375 0.075 0.0359375
0 0.4 0.81171875 0.0734375 0.0359375
0 0.68984375 0.75859375 0.0421875 0.065625
0 0.73828125 0.7078125 0.053125 0.0515625
0 0.88515625 0.73125 0.078125 0.0484375
0 0.496875 0.6859375 0.0625 0.0375
0 0.32265625 0.70859375 0.0703125 0.0359375
0 0.22265625 0.74296875 0.03125 0.05
0 0.18984375 0.6984375 0.025 0.021875
0 0.18828125 0.71640625 0.04375 0.0203125
0 0.3453125 0.6578125 0.0796875 0.034375
0 0.84609375 0.48984375 0.0375 0.0578125
0 0.8859375 0.48203125 0.0375 0.0515625
0 0.88046875 0.434375 0.028125 0.04375
0 0.81015625 0.41484375 0.0328125 0.053125
0 0.58046875 0.51796875 0.071875 0.028125
0 0.87578125 0.3921875 0.0671875 0.0328125
0 0.86015625 0.3609375 0.03125 0.0453125
0 0.8765625 0.3203125 0.046875 0.0390625
0 0.8375 0.31015625 0.021875 0.021875
0 0.8125 0.32265625 0.034375 0.046875
0 0.8640625 0.2859375 0.05 0.0296875
0 0.71640625 0.3859375 0.05625 0.0390625
0 0.61484375 0.40390625 0.028125 0.0484375
0 0.54453125 0.46953125 0.075 0.05625
0 0.50703125 0.4171875 0.05 0.0515625
0 0.428125 0.44296875 0.0515625 0.046875
0 0.34140625 0.51015625 0.04375 0.0453125
0 0.31640625 0.55625 0.040625 0.05
0 0.20703125 0.61796875 0.046875 0.0578125
0 0.1640625 0.5890625 0.0546875 0.0375
0 0.15390625 0.51484375 0.0234375 0.0484375
0 0.14453125 0.48203125 0.0265625 0.0234375
0 0.20625 0.46953125 0.0296875 0.0609375
0 0.2984375 0.44921875 0.075 0.0234375
0 0.18046875 0.415625 0.0453125 0.0609375
0 0.1484375 0.4078125 0.025 0.059375
0 0.13203125 0.43359375 0.0234375 0.0515625
0 0.265625 0.3671875 0.0703125 0.040625
0 0.41015625 0.33203125 0.0734375 0.0421875
0 0.59921875 0.32734375 0.046875 0.0484375
0 0.65859375 0.31328125 0.0328125 0.05625
0 0.6984375 0.35703125 0.0828125 0.0265625
0 0.7296875 0.31015625 0.0625 0.04375
0 0.84296875 0.25546875 0.025 0.0359375
0 0.821875 0.2625 0.0234375 0.021875
0 0.87265625 0.234375 0.034375 0.05
0 0.65 0.23984375 0.0546875 0.0546875
0 0.59921875 0.265625 0.025 0.0421875
0 0.53984375 0.296875 0.0875 0.028125
0 0.48828125 0.2546875 0.0390625 0.053125
0 0.54140625 0.2515625 0.034375 0.053125
0 0.51171875 0.2125 0.05 0.034375
0 0.4625 0.19140625 0.0484375 0.0453125
0 0.41953125 0.23671875 0.0390625 0.0640625
0 0.25390625 0.2828125 0.0390625 0.0578125
0 0.18828125 0.25703125 0.0484375 0.0515625
0 0.17578125 0.31484375 0.0390625 0.059375
0 0.13046875 0.33984375 0.0390625 0.0578125
0 0.32734375 0.1328125 0.0484375 0.025
0 0.2375 0.11015625 0.0828125 0.034375
0 0.32890625 0.14921875 0.034375 0.021875
0 0.34140625 0.171875 0.0578125 0.025
0 0.4046875 0.10234375 0.0515625 0.0234375
0 0.38671875 0.0796875 0.0515625 0.0328125
0 0.46015625 0.10234375 0.0296875 0.040625
0 0.4640625 0.0734375 0.0515625 0.0171875
0 0.50625 0.08125 0.034375 0.04375
0 0.4828125 0.13359375 0.059375 0.0265625
0 0.54140625 0.125 0.05625 0.0375
0 0.55078125 0.0859375 0.0625 0.0296875
0 0.6 0.10625 0.0296875 0.0515625
0 0.67578125 0.13046875 0.0359375 0.06875
0 0.6515625 0.0640625 0.0546875 0.025
0 0.76875 0.03515625 0.0296875 0.034375
0 0.80390625 0.03046875 0.0265625 0.0375
0 0.85859375 0.0359375 0.03125 0.0203125
0 0.8609375 0.0640625 0.0234375 0.028125
0 0.809375 0.0640625 0.0265625 0.0203125
0 0.81640625 0.090625 0.0234375 0.0203125
0 0.8 0.07421875 0.015625 0.0140625
0 0.80390625 0.12890625 0.0328125 0.0390625
0 0.8328125 0.11328125 0.0203125 0.025
0 0.86953125 0.13671875 0.025 0.040625
0 0.8328125 0.1609375 0.0171875 0.028125
0 0.8421875 0.19453125 0.021875 0.046875