0 0.39765625 0.88359375 0.078125 0.040625
0 0.39609375 0.7953125 0.0703125 0.059375
0 0.275 0.75 0.059375 0.0640625
0 0.44921875 0.7796875 0.04375 0.065625
0 0.46875 0.72265625 0.053125 0.065625
0 0.571875 0.76015625 0.0515625 0.0625
0 0.528125 0.79453125 0.0859375 0.05
0 0.6140625 0.84140625 0.05625 0.0609375
0 0.6859375 0.8890625 0.075 0.0421875
0 0.596875 0.8828125 0.075 0.040625
0 0.48203125 0.8203125 0.028125 0.021875
0 0.46796875 0.84453125 0.0296875 0.0234375
0 0.71953125 0.8046875 0.0375 0.0375
0 0.7671875 0.80078125 0.065625 0.028125
0 0.78046875 0.83046875 0.0296875 0.0390625
0 0.77109375 0.87578125 0.028125 0.034375
0 0.753125 0.940625 0.04375 0.053125
0 0.68203125 0.93671875 0.0265625 0.025
0 0.72890625 0.97890625 0.0609375 0.0421875
0 0.6796875 0.9546875 0.0359375 0.0265625
0 0.60390625 0.94609375 0.0328125 0.0265625
0 0.54609375 0.92109375 0.034375 0.0390625
0 0.58515625 0.9203125 0.046875 0.0296875
0 0.54921875 0.8890625 0.0609375 0.028125
0 0.1421875 0.65625 0.0375 0.053125
0 0.16640625 0.6125 0.040625 0.05625
0 0.2515625 0.609375 0.05 0.0609375
0 0.2828125 0.6484375 0.046875 0.0640625
0 0.2203125 0.53515625 0.04375 0.053125
0 0.29453125 0.48828125 0.0453125 0.0625
0 0.3921875 0.56328125 0.04375 0.05
0 0.446875 0.54921875 0.075 0.04375
0 0.4390625 0.6421875 0.046875 0.059375
0 0.35234375 0.58203125 0.025 0.0296875
0 0.5484375 0.6375 0.0765625 0.0359375
0 0.571875 0.6890625 0.071875 0.0390625
0 0.69765625 0.67734375 0.0625 0.0625
0 0.6046875 0.61796875 0.05 0.0546875
0 0.7609375 0.64140625 0.08125 0.040625
0 0.6515625 0.590625 0.0453125 0.0578125
0 0.51484375 0.515625 0.046875 0.05625
0 0.6265625 0.54296875 0.0765625 0.0453125
0 0.81640625 0.58671875 0.0421875 0.046875
0 0.81796875 0.54140625 0.053125 0.053125
0 0.759375 0.51015625 0.0671875 0.0375
0 0.69453125 0.49296875 0.0484375 0.071875
0 0.6296875 0.4640625 0.084375 0.0484375
0 0.78125 0.4796875 0.040625 0.0359375
0 0.82890625 0.5 0.0515625 0.0421875
0 0.74296875 0.40859375 0.065625 0.0546875
0 0.61796875 0.36484375 0.0734375 0.040625
0 0.55390625 0.32734375 0.04375 0.0609375
0 0.4875 0.3046875 0.06875 0.0453125
0 0.6734375 0.3546875 0.0359375 0.0375
0 0.87578125 0.38046875 0.0421875 0.05625
0 0.70859375 0.32421875 0.0484375 0.059375
0 0.80859375 0.2828125 0.0390625 0.05625
0 0.76484375 0.2625 0.0421875 0.0640625
0 0.69140625 0.22890625 0.0765625 0.0484375
0 0.8546875 0.303125 0.0625 0.0546875
0 0.85859375 0.24296875 0.0640625 0.0609375
0 0.921875 0.23125 0.0671875 0.0453125
0 0.96640625 0.20078125 0.0328125 0.03125
0 0.95 0.18125 0.034375 0.028125
0 0.91796875 0.19296875 0.0328125 0.0328125
0 0.896875 0.1609375 0.034375 0.059375
0 0.8453125 0.1703125 0.0609375 0.0453125
0 0.8109375 0.1203125 0.0875 0.04375
0 0.7078125 0.10234375 0.0828125 0.0421875
0 0.73125 0.15 0.034375 0.034375
0 0.70390625 0.1453125 0.0359375 0.0359375
0 0.7734375 0.165625 0.05625 0.0390625
0 0.7265625 0.18671875 0.0796875 0.04375
0 0.64921875 0.13359375 0.0484375 0.034375
0 0.5953125 0.11796875 0.06875 0.040625
0 0.53984375 0.14921875 0.0546875 0.05625
0 0.596875 0.146875 0.0703125 0.034375
0 0.590625 0.09609375 0.0484375 0.03125
0 0.56171875 0.0796875 0.0453125 0.0296875
0 0.4796875 0.11015625 0.0703125 0.0546875
0 0.4296875 0.1140625 0.040625 0.0578125
0 0.4703125 0.18515625 0.0671875 0.0328125
0 0.52578125 0.23203125 0.0390625 0.059375
0 0.578125 0.2265625 0.075 0.034375
0 0.58125 0.26875 0.075 0.04375
0 0.37734375 0.21015625 0.0515625 0.0609375
0 0.38359375 0.2828125 0.053125 0.065625
0 0.3140625 0.01640625 0.04375 0.0265625
0 0.2890625 0.00546875 0.0375 0.0109375
0 0.3859375 0.38671875 0.046875 0.0609375
0 0.278125 0.41796875 0.053125 0.0609375
0 0.4578125 0.40078125 0.046875 0.05625
0 0.534375 0.42890625 0.0625 0.059375
0 0.48828125 0.46015625 0.0515625 0.046875