0 0.28125 0.0484375 0.0375 0.0640625
0 0.3359375 0.10625 0.0453125 0.05
0 0.30625 0.13359375 0.071875 0.0359375
0 0.39921875 0.15234375 0.065625 0.0375
0 0.5125 0.146875 0.053125 0.040625
0 0.621875 0.1640625 0.05 0.0515625
0 0.39765625 0.2 0.0578125 0.03125
0 0.525 0.27890625 0.053125 0.0453125
0 0.7734375 0.26796875 0.075 0.0421875
0 0.6875 0.31015625 0.059375 0.040625
0 0.8375 0.2984375 0.028125 0.04375
0 0.85390625 0.340625 0.06875 0.0359375
0 0.59609375 0.359375 0.0453125 0.0453125
0 0.32890625 0.34375 0.04375 0.0515625
0 0.2203125 0.340625 0.0375 0.05
0 0.19375 0.39296875 0.0390625 0.05625
0 0.175 0.346875 0.028125 0.0453125
0 0.2890625 0.4078125 0.0515625 0.0484375
0 0.34921875 0.403125 0.0625 0.0296875
0 0.39921875 0.38671875 0.0515625 0.0390625
0 0.2703125 0.29453125 0.0359375 0.05625
0 0.26953125 0.2578125 0.025 0.0296875
0 0.5203125 0.39453125 0.0765625 0.028125
0 0.6140625 0.4234375 0.0453125 0.0546875
0 0.55 0.42265625 0.053125 0.0421875
0 0.45859375 0.4265625 0.05625 0.046875
0 0.5625 0.48515625 0.0453125 0.0453125
0 0.503125 0.49140625 0.0515625 0.04375
0 0.37890625 0.46953125 0.0625 0.0421875
0 0.6640625 0.46328125 0.0390625 0.0546875
0 0.72734375 0.53828125 0.05625 0.0265625
0 0.74453125 0.5171875 0.0578125 0.034375
0 0.84375 0.571875 0.05625 0.021875
0 0.6546875 0.54765625 0.0515625 0.046875
0 0.8015625 0.6421875 0.04375 0.05
0 0.77109375 0.60625 0.04375 0.0390625
0 0.7328125 0.5921875 0.0546875 0.0546875
0 0.671875 0.59296875 0.065625 0.03125
0 0.4328125 0.5421875 0.04375 0.0625
0 0.34140625 0.4921875 0.0328125 0.040625
0 0.1921875 0.459375 0.0359375 0.046875
0 0.31171875 0.53046875 0.0453125 0.0390625
0 0.58828125 0.61171875 0.0484375 0.0375
0 0.5703125 0.5921875 0.0453125 0.040625
0 0.75234375 0.69296875 0.0578125 0.04375
0 0.65390625 0.66875 0.0296875 0.053125
0 0.81484375 0.7 0.0375 0.05625
0 0.54296875 0.6953125 0.040625 0.05
0 0.5359375 0.6609375 0.0578125 0.0421875
0 0.39375 0.66171875 0.0546875 0.0375
0 0.36796875 0.590625 0.0359375 0.0578125
0 0.32734375 0.66640625 0.0390625 0.025
0 0.2625 0.5078125 0.0359375 0.04375
0 0.240625 0.50625 0.028125 0.0375
0 0.22734375 0.55078125 0.0390625 0.0484375
0 0.21171875 0.5921875 0.0453125 0.0453125
0 0.18203125 0.54375 0.0265625 0.05
0 0.14453125 0.5625 0.0375 0.0453125
0 0.1625 0.53515625 0.0234375 0.040625
0 0.14765625 0.50546875 0.03125 0.0546875
0 0.16484375 0.64609375 0.0734375 0.0375
0 0.1140625 0.6625 0.0359375 0.0421875
0 0.3421875 0.75234375 0.0609375 0.0390625
0 0.66640625 0.75859375 0.0328125 0.04375
0 0.82265625 0.75390625 0.0421875 0.0484375
0 0.80625 0.87890625 0.025 0.0296875
0 0.8125 0.8484375 0.025 0.0375
0 0.81796875 0.82421875 0.0265625 0.0265625
0 0.81328125 0.7984375 0.0296875 0.0421875
0 0.7921875 0.77421875 0.0359375 0.040625
0 0.7515625 0.82265625 0.065625 0.0515625
0 0.67421875 0.85234375 0.05625 0.034375
0 0.73515625 0.93203125 0.0359375 0.046875
0 0.7234375 0.89140625 0.040625 0.0484375
0 0.78515625 0.9265625 0.040625 0.0546875
0 0.7375 0.98125 0.0484375 0.03125
0 0.73515625 0.9640625 0.0296875 0.0265625
0 0.675 0.9640625 0.05625 0.03125
0 0.63671875 0.9796875 0.0609375 0.0328125
0 0.5296875 0.91015625 0.0703125 0.0359375
0 0.42890625 0.909375 0.06875 0.0359375
0 0.44375 0.89140625 0.0734375 0.03125
0 0.4578125 0.928125 0.0609375 0.03125
0 0.5109375 0.9484375 0.065625 0.0359375
0 0.3609375 0.90078125 0.0703125 0.0328125
0 0.31953125 0.8546875 0.0703125 0.028125
0 0.2625 0.790625 0.071875 0.053125
0 0.25703125 0.8609375 0.053125 0.0265625
0 0.1921875 0.8328125 0.078125 0.04375
0 0.16015625 0.8546875 0.0484375 0.0234375
0 0.13046875 0.83359375 0.053125 0.0390625
0 0.11953125 0.7875 0.0265625 0.0234375
0 0.10078125 0.78125 0.025 0.0171875
0 0.10703125 0.76171875 0.0375 0.0359375
0 0.1375 0.73671875 0.053125 0.0359375
0 0.12109375 0.72109375 0.0359375 0.040625