0 0.2953125 0.0875 0.1 0.03203125
0 0.5125 0.08359375 0.05546875 0.04375
0 0.4953125 0.16484375 0.05625 0.03671875
0 0.54609375 0.14609375 0.0296875 0.04921875
0 0.534375 0.1140625 0.0296875 0.021875
0 0.63515625 0.11875 0.06875 0.01875
0 0.4578125 0.1328125 0.07265625 0.02734375
0 0.3625 0.13125 0.0640625 0.0296875
0 0.2453125 0.175 0.06796875 0.03515625
0 0.2234375 0.22109375 0.04375 0.0359375
0 0.353125 0.18203125 0.0765625 0.02578125
0 0.42421875 0.184375 0.05390625 0.02890625
0 0.45 0.20703125 0.0703125 0.0203125
0 0.69296875 0.16328125 0.06640625 0.04375
0 0.703125 0.22578125 0.06328125 0.02109375
0 0.72734375 0.196875 0.06015625 0.02890625
0 0.76875 0.2328125 0.0421875 0.04296875
0 0.5203125 0.24765625 0.01875 0.0546875
0 0.56875 0.22265625 0.06328125 0.065625
0 0.375 0.24453125 0.03828125 0.02421875
0 0.4046875 0.23125 0.06484375 0.028125
0 0.40859375 0.25546875 0.028125 0.0234375
0 0.33203125 0.26484375 0.07109375 0.01484375
0 0.2984375 0.24453125 0.05859375 0.03359375
0 0.20859375 0.2875 0.040625 0.05
0 0.63046875 0.296875 0.059375 0.02109375
0 0.61796875 0.2671875 0.0515625 0.0234375
0 0.67109375 0.26796875 0.05859375 0.021875
0 0.696875 0.30234375 0.05703125 0.0234375
0 0.8 0.2921875 0.0375 0.0453125
0 0.56640625 0.38515625 0.0234375 0.01484375
0 0.60390625 0.3765625 0.03203125 0.046875
0 0.66328125 0.378125 0.03828125 0.04140625
0 0.709375 0.38359375 0.04140625 0.03984375
0 0.7328125 0.3515625 0.03984375 0.028125
0 0.7546875 0.33671875 0.02578125 0.0328125
0 0.82890625 0.38515625 0.0296875 0.0484375
0 0.54609375 0.3640625 0.05 0.02578125
0 0.484375 0.38515625 0.05234375 0.01796875
0 0.4953125 0.3140625 0.04140625 0.0453125
0 0.54765625 0.315625 0.053125 0.0296875
0 0.4109375 0.315625 0.06953125 0.0296875
0 0.41484375 0.36328125 0.0484375 0.034375
0 0.33984375 0.33046875 0.059375 0.0453125
0 0.23359375 0.40625 0.0390625 0.0375
0 0.2859375 0.41796875 0.03046875 0.0296875
0 0.2546875 0.384375 0.046875 0.034375
0 0.3015625 0.38359375 0.03359375 0.03671875
0 0.40078125 0.40390625 0.06484375 0.03046875
0 0.35390625 0.44375 0.07265625 0.03125
0 0.3625 0.49375 0.06484375 0.0140625
0 0.359375 0.478125 0.025 0.02265625
0 0.46171875 0.4625 0.0390625 0.0375
0 0.5546875 0.4375 0.05390625 0.02578125
0 0.6046875 0.4421875 0.040625 0.0421875
0 0.6265625 0.4234375 0.03125 0.0390625
0 0.7671875 0.4375 0.0546875 0.046875
0 0.8265625 0.490625 0.08046875 0.02421875
0 0.61484375 0.5234375 0.0421875 0.04140625
0 0.67265625 0.52578125 0.0359375 0.03515625
0 0.67109375 0.48125 0.03671875 0.0203125
0 0.70234375 0.46015625 0.0546875 0.03984375
0 0.6625 0.4546875 0.034375 0.025
0 0.4171875 0.540625 0.06328125 0.0390625
0 0.47890625 0.54921875 0.03828125 0.06171875
0 0.24609375 0.58046875 0.0484375 0.03828125
0 0.271875 0.55234375 0.03515625 0.04609375
0 0.184375 0.5875 0.04609375 0.04140625
0 0.42578125 0.590625 0.0296875 0.0484375
0 0.534375 0.5640625 0.03984375 0.05625
0 0.55234375 0.50078125 0.04453125 0.04453125
0 0.58984375 0.621875 0.0359375 0.0484375
0 0.59921875 0.5734375 0.05078125 0.03359375
0 0.62265625 0.65234375 0.03828125 0.04609375
0 0.490625 0.640625 0.0359375 0.0375
0 0.70390625 0.6 0.04765625 0.04296875
0 0.66875 0.56015625 0.02734375 0.03984375
0 0.7 0.54140625 0.02109375 0.02890625
0 0.7328125 0.54765625 0.04375 0.03203125
0 0.7890625 0.559375 0.0390625 0.04921875
0 0.8296875 0.6296875 0.0359375 0.046875
0 0.74765625 0.68203125 0.03359375 0.04609375
0 0.78515625 0.68203125 0.02421875 0.04921875
0 0.840625 0.74765625 0.034375 0.053125
0 0.634375 0.7375 0.03828125 0.0453125
0 0.54921875 0.67890625 0.04921875 0.04375
0 0.49453125 0.7015625 0.0671875 0.0203125
0 0.6890625 0.75859375 0.0484375 0.03046875
0 0.725 0.75 0.05234375 0.0375
0 0.41484375 0.7453125 0.0390625 0.05625
0 0.378125 0.73359375 0.04609375 0.03671875
0 0.33359375 0.709375 0.0328125 0.04921875
0 0.25390625 0.78828125 0.0265625 0.04140625
0 0.30546875 0.74921875 0.07578125 0.028125
0 0.45 0.79140625 0.0734375 0.02578125
0 0.5234375 0.77890625 0.0625 0.034375
0 0.6 0.8046875 0.05546875 0.0296875
0 0.6125 0.86640625 0.0484375 0.046875
0 0.834375 0.9203125 0.0484375 0.03515625
0 0.88828125 0.9453125 0.0640625 0.01953125