0 0.915625 0.7859375 0.0375 0.05625
0 0.8546875 0.79375 0.0734375 0.0359375
0 0.671875 0.82578125 0.071875 0.0359375
0 0.67578125 0.85234375 0.071875 0.028125
0 0.54453125 0.84140625 0.0546875 0.0453125
0 0.47109375 0.884375 0.034375 0.01875
0 0.440625 0.88203125 0.04375 0.025
0 0.4640625 0.915625 0.04375 0.025
0 0.4359375 0.90703125 0.04375 0.025
0 0.41953125 0.9375 0.0421875 0.021875
0 0.375 0.9671875 0.0734375 0.034375
0 0.334375 0.95 0.03125 0.0140625
0 0.3203125 0.96953125 0.05625 0.0265625
0 0.27578125 0.9421875 0.0578125 0.025
0 0.30390625 0.95546875 0.0296875 0.01875
0 0.32265625 0.909375 0.0375 0.0296875
0 0.2953125 0.88828125 0.0296875 0.04375
0 0.36796875 0.9140625 0.0609375 0.040625
0 0.35859375 0.86015625 0.0609375 0.028125
0 0.21953125 0.871875 0.0375 0.0546875
0 0.25546875 0.8375 0.034375 0.04375
0 0.3296875 0.7984375 0.0453125 0.046875
0 0.25859375 0.80234375 0.065625 0.0296875
0 0.49140625 0.8015625 0.0578125 0.0453125
0 0.6484375 0.76875 0.0734375 0.03125
0 0.721875 0.75390625 0.065625 0.0484375
0 0.40390625 0.72265625 0.0609375 0.0390625
0 0.2328125 0.77109375 0.0421875 0.0453125
0 0.184375 0.73828125 0.053125 0.025
0 0.3453125 0.671875 0.05 0.0375
0 0.2359375 0.6171875 0.040625 0.0484375
0 0.5578125 0.7 0.059375 0.04375
0 0.6609375 0.71953125 0.0703125 0.0375
0 0.71640625 0.69296875 0.0484375 0.05
0 0.76953125 0.690625 0.065625 0.0375
0 0.87109375 0.6515625 0.0484375 0.0390625
0 0.91171875 0.65 0.0390625 0.0484375
0 0.890625 0.57578125 0.0515625 0.059375
0 0.83125 0.53125 0.0328125 0.0453125
0 0.7234375 0.60859375 0.065625 0.0421875
0 0.64765625 0.63671875 0.0515625 0.046875
0 0.68515625 0.671875 0.0671875 0.03125
0 0.6015625 0.6828125 0.0484375 0.04375
0 0.56328125 0.65703125 0.0375 0.025
0 0.5359375 0.66484375 0.028125 0.0296875
0 0.69609375 0.53046875 0.053125 0.0359375
0 0.71484375 0.55703125 0.0640625 0.0265625
0 0.6640625 0.51171875 0.0625 0.0375
0 0.5234375 0.51015625 0.0328125 0.03125
0 0.49609375 0.5421875 0.0609375 0.0328125
0 0.4234375 0.534375 0.0609375 0.0328125
0 0.3546875 0.509375 0.0328125 0.0421875
0 0.3171875 0.496875 0.0625 0.040625
0 0.66015625 0.471875 0.03125 0.0484375
0 0.7328125 0.4375 0.0546875 0.0640625
0 0.86875 0.4078125 0.0328125 0.046875
0 0.8359375 0.4234375 0.0484375 0.0546875
0 0.846875 0.37578125 0.0265625 0.0328125
0 0.40625 0.4390625 0.0296875 0.0453125
0 0.378125 0.4515625 0.0515625 0.0234375
0 0.37890625 0.40234375 0.0359375 0.0484375
0 0.30625 0.4234375 0.0515625 0.034375
0 0.2640625 0.41015625 0.04375 0.053125
0 0.2203125 0.44921875 0.0515625 0.0453125
0 0.390625 0.33828125 0.0390625 0.04375
0 0.44140625 0.33671875 0.0328125 0.0421875
0 0.46328125 0.37578125 0.059375 0.028125
0 0.61328125 0.32421875 0.059375 0.0515625
0 0.74765625 0.28046875 0.06875 0.028125
0 0.75234375 0.30078125 0.0375 0.0359375
0 0.83984375 0.27890625 0.0390625 0.05625
0 0.8125 0.30390625 0.0390625 0.0375
0 0.78203125 0.31796875 0.0265625 0.0296875
0 0.809375 0.33984375 0.0484375 0.0421875
0 0.6328125 0.2484375 0.0484375 0.05
0 0.2203125 0.32265625 0.0578125 0.0421875
0 0.29375 0.290625 0.0640625 0.0421875
0 0.49453125 0.2234375 0.0484375 0.0484375
0 0.51953125 0.1921875 0.0578125 0.0421875
0 0.4578125 0.15546875 0.0484375 0.046875
0 0.746875 0.0921875 0.0421875 0.0546875
0 0.6328125 0.078125 0.059375 0.03125
0 0.6625 0.0203125 0.04375 0.040625
0 0.65390625 0.0515625 0.0640625 0.0265625
0 0.37109375 0.11796875 0.0671875 0.04375
0 0.35078125 0.175 0.0578125 0.0390625
0 0.309375 0.1796875 0.0421875 0.0546875
0 0.30546875 0.23046875 0.0390625 0.0453125
0 0.225 0.2125 0.0515625 0.0453125
0 0.221875 0.17421875 0.0671875 0.046875
0 0.15546875 0.296875 0.04375 0.05
0 0.11640625 0.34453125 0.05 0.0453125
0 0.1203125 0.275 0.0421875 0.0578125
0 0.09921875 0.2265625 0.03125 0.0421875
0 0.15234375 0.19609375 0.0515625 0.0390625
0 0.1515625 0.14921875 0.040625 0.0515625
0 0.12578125 0.1703125 0.0609375 0.028125
0 0.08515625 0.1859375 0.0453125 0.05