0 0.434375 0.25 0.059375 0.0546875
0 0.36484375 0.25703125 0.0484375 0.0515625
0 0.284375 0.22265625 0.0609375 0.0484375
0 0.3140625 0.309375 0.0421875 0.05625
0 0.3859375 0.325 0.0671875 0.0328125
0 0.3796875 0.303125 0.0734375 0.0359375
0 0.25703125 0.32265625 0.03125 0.021875
0 0.221875 0.29765625 0.0453125 0.0453125
0 0.22265625 0.39375 0.065625 0.0359375
0 0.2796875 0.38515625 0.05625 0.03125
0 0.2140625 0.44453125 0.05 0.053125
0 0.71328125 0.2140625 0.0359375 0.053125
0 0.69375 0.18359375 0.0296875 0.03125
0 0.665625 0.16328125 0.0328125 0.0296875
0 0.73125 0.159375 0.034375 0.0546875
0 0.65625 0.225 0.046875 0.0625
0 0.77421875 0.203125 0.08125 0.0515625
0 0.8015625 0.1453125 0.053125 0.0640625
0 0.6234375 0.29140625 0.0828125 0.0421875
0 0.5109375 0.33984375 0.0484375 0.059375
0 0.45859375 0.38203125 0.034375 0.0515625
0 0.440625 0.39921875 0.034375 0.0515625
0 0.396875 0.39375 0.046875 0.046875
0 0.30078125 0.43984375 0.053125 0.059375
0 0.19765625 0.48984375 0.0453125 0.0359375
0 0.203125 0.525 0.04375 0.0390625
0 0.234375 0.57421875 0.0578125 0.0515625
0 0.2828125 0.50234375 0.040625 0.0546875
0 0.39765625 0.45390625 0.053125 0.0609375
0 0.4640625 0.43984375 0.0609375 0.0515625
0 0.5546875 0.3859375 0.0390625 0.053125
0 0.621875 0.36875 0.021875 0.0296875
0 0.5921875 0.36484375 0.040625 0.0328125
0 0.6234375 0.39765625 0.05 0.0375
0 0.70546875 0.35234375 0.0515625 0.0671875
0 0.80625 0.3015625 0.0515625 0.0546875
0 0.7765625 0.378125 0.0390625 0.05625
0 0.809375 0.4359375 0.0390625 0.0359375
0 0.7953125 0.41328125 0.034375 0.0296875
0 0.84375 0.3765625 0.040625 0.0546875
0 0.859375 0.47734375 0.0453125 0.0609375
0 0.73515625 0.475 0.059375 0.0484375
0 0.68359375 0.45 0.0453125 0.05625
0 0.640625 0.45703125 0.046875 0.0484375
0 0.53984375 0.4765625 0.0296875 0.0234375
0 0.52578125 0.46015625 0.0296875 0.028125
0 0.5015625 0.53359375 0.059375 0.05
0 0.55390625 0.525 0.0625 0.0609375
0 0.66953125 0.5015625 0.0453125 0.0578125
0 0.67890625 0.5421875 0.0609375 0.04375
0 0.74140625 0.5265625 0.0703125 0.0578125
0 0.77421875 0.57734375 0.0359375 0.0453125
0 0.77265625 0.615625 0.0296875 0.0296875
0 0.7328125 0.6203125 0.059375 0.05625
0 0.8109375 0.5953125 0.04375 0.0453125
0 0.8421875 0.54765625 0.04375 0.0609375
0 0.89140625 0.55703125 0.0484375 0.05625
0 0.87265625 0.60625 0.0453125 0.053125
0 0.88359375 0.678125 0.0359375 0.059375
0 0.85390625 0.6421875 0.0359375 0.03125
0 0.8078125 0.66171875 0.034375 0.0484375
0 0.78203125 0.6875 0.0390625 0.0375
0 0.7578125 0.66484375 0.0734375 0.0328125
0 0.803125 0.72265625 0.046875 0.040625
0 0.8546875 0.7203125 0.04375 0.0375
0 0.840625 0.7578125 0.03125 0.053125
0 0.859375 0.7984375 0.053125 0.040625
0 0.8390625 0.8421875 0.0953125 0.0484375
0 0.8625 0.88203125 0.0640625 0.046875
0 0.7515625 0.78359375 0.06875 0.0421875
0 0.7 0.8203125 0.0484375 0.0359375
0 0.68203125 0.8484375 0.05625 0.03125
0 0.6171875 0.8671875 0.0765625 0.0390625
0 0.61640625 0.76015625 0.0859375 0.046875
0 0.65234375 0.70625 0.078125 0.0421875
0 0.57890625 0.7125 0.0296875 0.0578125
0 0.528125 0.7140625 0.075 0.040625
0 0.47890625 0.828125 0.071875 0.0375
0 0.4234375 0.87578125 0.046875 0.05
0 0.47890625 0.865625 0.0671875 0.046875
0 0.53671875 0.871875 0.059375 0.0359375
0 0.384375 0.77421875 0.0671875 0.0515625
0 0.29609375 0.875 0.04375 0.0625
0 0.33359375 0.92578125 0.0921875 0.0453125
0 0.23984375 0.83828125 0.0546875 0.0625
0 0.28125 0.8203125 0.0546875 0.053125
0 0.290625 0.76953125 0.0703125 0.0453125
0 0.2890625 0.7328125 0.065625 0.0484375
0 0.38984375 0.69140625 0.04375 0.0609375
0 0.45 0.6984375 0.0625 0.040625
0 0.4359375 0.65546875 0.0625 0.0578125
0 0.53125 0.63515625 0.034375 0.04375
0 0.55546875 0.596875 0.040625 0.0421875
0 0.490625 0.5796875 0.04375 0.0578125
0 0.42578125 0.57734375 0.078125 0.040625
0 0.3640625 0.59375 0.05 0.0453125
0 0.59765625 0.578125 0.0390625 0.0375
0 0.61484375 0.53125 0.04375 0.053125
0 0.35625 0.55234375 0.053125 0.046875