0 0.65390625 0.1375 0.0640625 0.0546875
0 0.81484375 0.215625 0.065625 0.0359375
0 0.91796875 0.234375 0.0453125 0.0625
0 0.69765625 0.2390625 0.0546875 0.0515625
0 0.58828125 0.17109375 0.046875 0.05
0 0.4390625 0.1390625 0.0671875 0.059375
0 0.30546875 0.040625 0.078125 0.053125
0 0.27421875 0.11171875 0.034375 0.053125
0 0.31328125 0.10625 0.0359375 0.0609375
0 0.2390625 0.0796875 0.0625 0.0296875
0 0.2609375 0.17890625 0.065625 0.0328125
0 0.25390625 0.15078125 0.0328125 0.0359375
0 0.2890625 0.16328125 0.034375 0.0484375
0 0.34375 0.1796875 0.0703125 0.028125
0 0.3515625 0.15234375 0.0359375 0.0546875
0 0.43125 0.20390625 0.0671875 0.028125
0 0.42578125 0.22734375 0.0375 0.040625
0 0.49921875 0.24453125 0.0703125 0.0359375
0 0.259375 0.2578125 0.0390625 0.046875
0 0.28671875 0.24609375 0.034375 0.0625
0 0.325 0.2421875 0.046875 0.034375
0 0.3421875 0.2234375 0.0515625 0.05
0 0.34921875 0.28984375 0.05 0.053125
0 0.45546875 0.33828125 0.084375 0.0375
0 0.56484375 0.396875 0.0640625 0.05
0 0.6265625 0.4171875 0.0328125 0.04375
0 0.775 0.46875 0.05 0.053125
0 0.8234375 0.48046875 0.034375 0.0515625
0 0.83671875 0.515625 0.0375 0.05
0 0.76796875 0.52734375 0.0578125 0.0296875
0 0.6734375 0.525 0.04375 0.0515625
0 0.70859375 0.515625 0.046875 0.05
0 0.68125 0.58125 0.0578125 0.040625
0 0.709375 0.56484375 0.0390625 0.04375
0 0.74453125 0.59765625 0.025 0.046875
0 0.7640625 0.56484375 0.034375 0.034375
0 0.78515625 0.5546875 0.0640625 0.0390625
0 0.6078125 0.48046875 0.04375 0.046875
0 0.54765625 0.47734375 0.0609375 0.0375
0 0.503125 0.41796875 0.05 0.0328125
0 0.4578125 0.41640625 0.040625 0.040625
0 0.4171875 0.3765625 0.0546875 0.03125
0 0.3921875 0.3546875 0.059375 0.0296875
0 0.28515625 0.353125 0.0453125 0.046875
0 0.36796875 0.396875 0.0625 0.04375
0 0.2375 0.3859375 0.06875 0.0390625
0 0.32890625 0.4328125 0.08125 0.053125
0 0.46953125 0.48359375 0.065625 0.0515625
0 0.590625 0.56484375 0.065625 0.040625
0 0.55078125 0.52734375 0.046875 0.0421875
0 0.50078125 0.5546875 0.08125 0.0421875
0 0.3890625 0.49453125 0.0671875 0.0328125
0 0.334375 0.49375 0.0359375 0.05
0 0.2296875 0.4609375 0.0625 0.0453125
0 0.19921875 0.49609375 0.0671875 0.034375
0 0.215625 0.54375 0.0390625 0.0421875
0 0.17890625 0.5359375 0.053125 0.034375
0 0.34375 0.5671875 0.034375 0.04375
0 0.4015625 0.5609375 0.0609375 0.0359375
0 0.42578125 0.5859375 0.0625 0.04375
0 0.3859375 0.5953125 0.05 0.0328125
0 0.54296875 0.59609375 0.0515625 0.040625
0 0.56015625 0.634375 0.065625 0.0359375
0 0.6984375 0.62734375 0.0671875 0.034375
0 0.640625 0.71953125 0.0515625 0.046875
0 0.70078125 0.7859375 0.0609375 0.04375
0 0.09921875 0.58515625 0.040625 0.0421875
0 0.1140625 0.55859375 0.03125 0.025
0 0.1375 0.56796875 0.03125 0.0328125
0 0.14921875 0.60390625 0.0625 0.034375
0 0.24375 0.60859375 0.03125 0.0453125
0 0.28125 0.60234375 0.059375 0.0484375
0 0.4734375 0.759375 0.040625 0.04375
0 0.609375 0.83984375 0.04375 0.0546875
0 0.66640625 0.884375 0.0546875 0.05625
0 0.64921875 0.91953125 0.0640625 0.0375
0 0.50625 0.86171875 0.0421875 0.0484375
0 0.40625 0.796875 0.065625 0.0421875
0 0.38984375 0.74765625 0.0515625 0.040625
0 0.3265625 0.70859375 0.08125 0.046875
0 0.33828125 0.778125 0.0625 0.046875
0 0.2359375 0.69140625 0.059375 0.0484375
0 0.1671875 0.66640625 0.0453125 0.0453125
0 0.209375 0.6515625 0.04375 0.053125
0 0.1265625 0.6625 0.05625 0.0515625
0 0.06171875 0.6609375 0.0578125 0.0296875
0 0.08046875 0.71640625 0.0484375 0.0625
0 0.1265625 0.73046875 0.0609375 0.034375
0 0.13359375 0.703125 0.0484375 0.0359375
0 0.18203125 0.7390625 0.0625 0.040625
0 0.2375 0.77265625 0.0421875 0.0515625
0 0.27890625 0.8203125 0.059375 0.03125
0 0.3375 0.83203125 0.0515625 0.0609375
0 0.1140625 0.790625 0.05 0.0546875
0 0.084375 0.81796875 0.0578125 0.03125
0 0.121875 0.853125 0.0484375 0.03125
0 0.23203125 0.87265625 0.0765625 0.0375
0 0.32421875 0.903125 0.0765625 0.0359375
0 0.340625 0.8921875 0.0640625 0.03125