0 0.24296875 0.89765625 0.0453125 0.021875
0 0.203125 0.875 0.0515625 0.01875
0 0.36640625 0.8875 0.090625 0.0296875
0 0.23671875 0.82890625 0.03125 0.0484375
0 0.26328125 0.84765625 0.0375 0.0421875
0 0.20234375 0.7984375 0.0515625 0.034375
0 0.2078125 0.83203125 0.053125 0.0234375
0 0.14609375 0.8140625 0.05625 0.034375
0 0.2828125 0.7796875 0.028125 0.046875
0 0.30234375 0.81640625 0.065625 0.021875
0 0.38203125 0.8265625 0.0640625 0.0296875
0 0.53984375 0.8796875 0.05625 0.0296875
0 0.59609375 0.88046875 0.053125 0.01875
0 0.59921875 0.93203125 0.046875 0.0453125
0 0.6875 0.934375 0.053125 0.0390625
0 0.7796875 0.84609375 0.0375 0.0484375
0 0.78984375 0.875 0.0234375 0.0453125
0 0.7828125 0.80859375 0.034375 0.0296875
0 0.6703125 0.84140625 0.0515625 0.0296875
0 0.61953125 0.84765625 0.053125 0.028125
0 0.56953125 0.8171875 0.04375 0.05
0 0.65625 0.78515625 0.05625 0.034375
0 0.70234375 0.778125 0.034375 0.04375
0 0.77578125 0.7625 0.040625 0.0359375
0 0.81875 0.7640625 0.0296875 0.046875
0 0.23359375 0.76953125 0.071875 0.025
0 0.1125 0.7703125 0.034375 0.053125
0 0.15 0.7140625 0.03125 0.0421875
0 0.16328125 0.74453125 0.04375 0.0375
0 0.19609375 0.7234375 0.0546875 0.0265625
0 0.3015625 0.74140625 0.05 0.0375
0 0.35234375 0.76484375 0.053125 0.053125
0 0.49921875 0.728125 0.0453125 0.040625
0 0.28828125 0.6859375 0.046875 0.0421875
0 0.20703125 0.646875 0.0734375 0.03125
0 0.11328125 0.6375 0.0296875 0.0484375
0 0.19296875 0.59375 0.0484375 0.0453125
0 0.38828125 0.596875 0.0609375 0.0328125
0 0.41328125 0.58203125 0.0734375 0.0234375
0 0.5265625 0.6625 0.05 0.05
0 0.6125 0.646875 0.034375 0.04375
0 0.6234375 0.61171875 0.053125 0.034375
0 0.6703125 0.6671875 0.05 0.0328125
0 0.70859375 0.6578125 0.040625 0.0609375
0 0.7984375 0.6265625 0.0234375 0.05625
0 0.81953125 0.64453125 0.025 0.0546875
0 0.721875 0.60234375 0.0515625 0.0390625
0 0.31796875 0.553125 0.0265625 0.05625
0 0.22890625 0.54296875 0.04375 0.03125
0 0.171875 0.5109375 0.0546875 0.0453125
0 0.1984375 0.446875 0.0390625 0.059375
0 0.26953125 0.46640625 0.0484375 0.0453125
0 0.3109375 0.4546875 0.05625 0.021875
0 0.3890625 0.47578125 0.0359375 0.040625
0 0.39296875 0.52265625 0.0625 0.0421875
0 0.48828125 0.4921875 0.0359375 0.059375
0 0.5484375 0.5140625 0.0546875 0.05
0 0.59609375 0.5515625 0.0421875 0.05
0 0.62421875 0.509375 0.040625 0.046875
0 0.72890625 0.521875 0.03125 0.0546875
0 0.81328125 0.521875 0.046875 0.05
0 0.6796875 0.478125 0.0453125 0.03125
0 0.71171875 0.44609375 0.0359375 0.05
0 0.66953125 0.42578125 0.053125 0.0421875
0 0.54140625 0.45625 0.05625 0.0421875
0 0.3203125 0.425 0.08125 0.0203125
0 0.42265625 0.40625 0.0671875 0.0375
0 0.2046875 0.3765625 0.06875 0.0203125
0 0.265625 0.3296875 0.0453125 0.040625
0 0.3953125 0.34140625 0.0625 0.0421875
0 0.5546875 0.39453125 0.040625 0.05625
0 0.76875 0.34609375 0.03125 0.0515625
0 0.80625 0.309375 0.0265625 0.0484375
0 0.7984375 0.2703125 0.0359375 0.0453125
0 0.81953125 0.2171875 0.0296875 0.0421875
0 0.840625 0.2453125 0.0234375 0.053125
0 0.7265625 0.26640625 0.05625 0.034375
0 0.6 0.3015625 0.053125 0.0609375
0 0.54296875 0.31640625 0.0296875 0.05
0 0.44609375 0.3140625 0.0578125 0.04375
0 0.4453125 0.27265625 0.028125 0.04375
0 0.375 0.2828125 0.0671875 0.0234375
0 0.26953125 0.284375 0.04375 0.0390625
0 0.40859375 0.253125 0.0578125 0.0359375
0 0.44296875 0.20078125 0.0734375 0.021875
0 0.28359375 0.1421875 0.065625 0.025
0 0.3078125 0.15546875 0.0296875 0.0203125
0 0.30625 0.17109375 0.0328125 0.03125
0 0.24453125 0.0890625 0.0609375 0.046875
0 0.2640625 0.1109375 0.025 0.0296875
0 0.5125 0.10234375 0.0640625 0.0296875
0 0.47578125 0.165625 0.05625 0.0328125
0 0.62734375 0.153125 0.0578125 0.0453125
0 0.69921875 0.10625 0.0578125 0.0328125
0 0.684375 0.12578125 0.0515625 0.0328125
0 0.678125 0.09296875 0.0609375 0.0265625
0 0.7609375 0.1140625 0.0359375 0.0359375
0 0.7671875 0.1421875 0.059375 0.028125
0 0.82890625 0.14609375 0.0421875 0.0546875
0 0.134375 0.64140625 0.0265625 0.03125