0 0.18984375 0.0890625 0.053125 0.025
0 0.2578125 0.0765625 0.07421875 0.02265625
0 0.346875 0.09453125 0.0734375 0.02265625
0 0.2765625 0.1078125 0.0765625 0.025
0 0.3546875 0.128125 0.0265625 0.0296875
0 0.35390625 0.16875 0.03125 0.03359375
0 0.534375 0.0921875 0.0359375 0.05546875
0 0.56328125 0.140625 0.0703125 0.0265625
0 0.5234375 0.16484375 0.034375 0.04609375
0 0.15234375 0.1546875 0.03984375 0.04921875
0 0.1265625 0.18984375 0.05859375 0.03359375
0 0.26953125 0.22421875 0.0625 0.02578125
0 0.3140625 0.2328125 0.028125 0.05
0 0.34140625 0.20859375 0.02734375 0.04453125
0 0.37421875 0.21640625 0.0328125 0.0421875
0 0.39375 0.25546875 0.0578125 0.02734375
0 0.19296875 0.23671875 0.0671875 0.03203125
0 0.15625 0.27578125 0.06171875 0.0453125
0 0.265625 0.2796875 0.05234375 0.040625
0 0.31328125 0.31484375 0.0296875 0.0546875
0 0.4046875 0.3296875 0.0609375 0.03125
0 0.31328125 0.35078125 0.07109375 0.02421875
0 0.16953125 0.3359375 0.06796875 0.0296875
0 0.13359375 0.38671875 0.021875 0.0546875
0 0.16015625 0.3796875 0.028125 0.05078125
0 0.29375 0.3890625 0.04765625 0.034375
0 0.2484375 0.40859375 0.03828125 0.0453125
0 0.29296875 0.42734375 0.053125 0.028125
0 0.1796875 0.475 0.025 0.05078125
0 0.221875 0.45 0.0671875 0.01328125
0 0.27421875 0.46015625 0.02421875 0.02578125
0 0.29765625 0.4625 0.02421875 0.015625
0 0.38125 0.465625 0.0578125 0.04140625
0 0.48984375 0.44140625 0.06484375 0.0203125
0 0.515625 0.39296875 0.0703125 0.0265625
0 0.55078125 0.46796875 0.02578125 0.04921875
0 0.4875 0.4765625 0.053125 0.03515625
0 0.3984375 0.51640625 0.075 0.02265625
0 0.29609375 0.52734375 0.0421875 0.0578125
0 0.2609375 0.5375 0.02578125 0.05703125
0 0.2515625 0.58671875 0.03046875 0.0453125
0 0.20546875 0.56640625 0.06015625 0.01796875
0 0.4 0.60625 0.04140625 0.03671875
0 0.42265625 0.58125 0.05625 0.0234375
0 0.29765625 0.659375 0.04453125 0.04765625
0 0.171875 0.640625 0.0390625 0.02265625
0 0.12734375 0.65 0.03984375 0.03828125
0 0.1140625 0.70625 0.0234375 0.0296875
0 0.1375 0.70859375 0.021875 0.0203125
0 0.15703125 0.71953125 0.01640625 0.015625
0 0.22421875 0.73671875 0.0453125 0.0421875
0 0.2984375 0.77265625 0.1 0.025
0 0.184375 0.80859375 0.03828125 0.05078125
0 0.28828125 0.8234375 0.04921875 0.05546875
0 0.1921875 0.8609375 0.04296875 0.053125
0 0.32109375 0.88203125 0.071875 0.0265625
0 0.43046875 0.81484375 0.03671875 0.0453125
0 0.47734375 0.84921875 0.04375 0.04296875
0 0.48359375 0.81328125 0.059375 0.0265625
0 0.553125 0.80625 0.05234375 0.0390625
0 0.4234375 0.88828125 0.078125 0.03125
0 0.48828125 0.903125 0.06953125 0.0171875
0 0.5015625 0.93046875 0.0671875 0.0359375
0 0.6375 0.91640625 0.0703125 0.01328125
0 0.61171875 0.903125 0.06015625 0.01796875
0 0.7578125 0.8578125 0.07265625 0.0171875
0 0.759375 0.8234375 0.04609375 0.0484375
0 0.725 0.83984375 0.02265625 0.01484375
0 0.69765625 0.82734375 0.03203125 0.025
0 0.6984375 0.79296875 0.028125 0.0359375
0 0.6484375 0.78515625 0.02890625 0.0609375
0 0.771875 0.721875 0.0640625 0.0359375
0 0.5375 0.72890625 0.0703125 0.059375
0 0.478125 0.64296875 0.0265625 0.059375
0 0.5984375 0.6078125 0.06484375 0.025
0 0.671875 0.609375 0.034375 0.04921875
0 0.73203125 0.56953125 0.06640625 0.02421875
0 0.62421875 0.578125 0.053125 0.02265625
0 0.575 0.5828125 0.0265625 0.02109375
0 0.60859375 0.534375 0.0625 0.028125
0 0.5109375 0.546875 0.0796875 0.0265625
0 0.5765625 0.56640625 0.028125 0.01328125
0 0.5015625 0.51796875 0.065625 0.02421875
0 0.615625 0.4734375 0.04765625 0.03359375
0 0.57734375 0.45859375 0.02734375 0.03984375
0 0.6796875 0.48125 0.02890625 0.03125
0 0.70546875 0.475 0.02265625 0.04609375
0 0.740625 0.490625 0.0265625 0.04765625
0 0.76171875 0.525 0.0234375 0.05625
0 0.80859375 0.4703125 0.03046875 0.05234375
0 0.77890625 0.44453125 0.03515625 0.02109375
0 0.7015625 0.425 0.03203125 0.053125
0 0.7546875 0.38984375 0.046875 0.0421875
0 0.6296875 0.425 0.046875 0.05390625
0 0.6015625 0.3796875 0.03671875 0.05546875
0 0.56875 0.3109375 0.02265625 0.04296875
0 0.5640625 0.271875 0.021875 0.03203125
0 0.534375 0.2515625 0.0375 0.034375
0 0.71171875 0.24921875 0.04140625 0.05234375
0 0.6640625 0.209375 0.05546875 0.04765625