0 0.465625 0.8578125 0.0734375 0.0546875
0 0.57890625 0.92265625 0.065625 0.0515625
0 0.6859375 0.91484375 0.0796875 0.0328125
0 0.64765625 0.83359375 0.065625 0.034375
0 0.57734375 0.815625 0.05 0.0609375
0 0.50234375 0.78125 0.0640625 0.0484375
0 0.62265625 0.7625 0.0796875 0.0203125
0 0.66640625 0.78828125 0.0640625 0.0265625
0 0.71875 0.81484375 0.025 0.05
0 0.6859375 0.76484375 0.04375 0.0265625
0 0.7203125 0.75078125 0.0359375 0.028125
0 0.8109375 0.7421875 0.05 0.0453125
0 0.78359375 0.6984375 0.034375 0.046875
0 0.81171875 0.6671875 0.0359375 0.0359375
0 0.7546875 0.64453125 0.0546875 0.028125
0 0.690625 0.61484375 0.040625 0.0609375
0 0.665625 0.66875 0.0453125 0.04375
0 0.634375 0.70234375 0.025 0.0453125
0 0.515625 0.71171875 0.078125 0.025
0 0.42109375 0.69609375 0.0703125 0.028125
0 0.6140625 0.5828125 0.03125 0.0546875
0 0.559375 0.59375 0.05 0.05
0 0.475 0.59375 0.034375 0.0625
0 0.43125 0.5828125 0.0484375 0.03125
0 0.51640625 0.54765625 0.0609375 0.0328125
0 0.42578125 0.52421875 0.065625 0.021875
0 0.5359375 0.51484375 0.046875 0.021875
0 0.56171875 0.49296875 0.0234375 0.0296875
0 0.5 0.4515625 0.05 0.0390625
0 0.6 0.46484375 0.065625 0.0265625
0 0.6484375 0.49140625 0.0640625 0.0234375
0 0.69765625 0.4890625 0.034375 0.0484375
0 0.70859375 0.5296875 0.0625 0.0265625
0 0.765625 0.53125 0.0546875 0.025
0 0.8046875 0.54296875 0.0359375 0.0375
0 0.83125 0.52109375 0.025 0.028125
0 0.81953125 0.4953125 0.04375 0.0265625
0 0.7890625 0.39375 0.0453125 0.0546875
0 0.85546875 0.37890625 0.0484375 0.059375
0 0.6671875 0.38671875 0.0515625 0.0515625
0 0.6953125 0.33203125 0.0765625 0.05
0 0.56875 0.3765625 0.071875 0.0328125
0 0.82890625 0.30703125 0.0734375 0.025
0 0.74140625 0.2796875 0.0390625 0.0484375
0 0.76796875 0.23046875 0.0296875 0.059375
0 0.7234375 0.21484375 0.0390625 0.0484375
0 0.853125 0.18828125 0.04375 0.046875
0 0.85859375 0.14609375 0.025 0.0296875
0 0.825 0.146875 0.0203125 0.0546875
0 0.7765625 0.13359375 0.046875 0.03125
0 0.8359375 0.09921875 0.03125 0.0453125
0 0.7390625 0.1203125 0.034375 0.0359375
0 0.73515625 0.0921875 0.071875 0.0171875
0 0.81953125 0.05703125 0.071875 0.0375
0 0.67890625 0.090625 0.0390625 0.0328125
0 0.6234375 0.10390625 0.053125 0.05
0 0.57734375 0.08046875 0.01875 0.01875
0 0.55859375 0.07734375 0.015625 0.0171875
0 0.515625 0.10546875 0.0578125 0.01875
0 0.478125 0.115625 0.0203125 0.046875
0 0.46328125 0.09921875 0.01875 0.0390625
0 0.3734375 0.12421875 0.0453125 0.0265625
0 0.30625 0.10546875 0.059375 0.03125
0 0.29296875 0.15234375 0.0328125 0.0515625
0 0.3359375 0.1640625 0.046875 0.040625
0 0.40703125 0.15625 0.065625 0.03125
0 0.4734375 0.18515625 0.0734375 0.0265625
0 0.3375 0.21171875 0.0671875 0.0296875
0 0.55703125 0.21484375 0.084375 0.0359375
0 0.46015625 0.22109375 0.028125 0.025
0 0.3859375 0.25703125 0.0515625 0.03125
0 0.165625 0.22578125 0.04375 0.0484375
0 0.1125 0.2703125 0.028125 0.0515625
0 0.228125 0.1578125 0.025 0.04375
0 0.2171875 0.1875 0.025 0.0171875
0 0.19375 0.1765625 0.021875 0.025
0 0.16875 0.1140625 0.028125 0.0203125
0 0.14140625 0.11328125 0.021875 0.028125
0 0.134375 0.0875 0.040625 0.01875
0 0.14375 0.06875 0.0359375 0.025
0 0.18515625 0.0953125 0.0234375 0.025
0 0.22578125 0.1 0.0484375 0.040625
0 0.33671875 0.33515625 0.0640625 0.0296875
0 0.49140625 0.39609375 0.046875 0.0328125
0 0.2484375 0.3515625 0.025 0.0234375
0 0.12890625 0.41640625 0.028125 0.05625
0 0.3234375 0.43984375 0.06875 0.034375
0 0.1953125 0.50078125 0.071875 0.0234375
0 0.27890625 0.51796875 0.0609375 0.0359375
0 0.34296875 0.50390625 0.04375 0.05625
0 0.2828125 0.55859375 0.034375 0.046875
0 0.34140625 0.578125 0.053125 0.0546875
0 0.209375 0.60390625 0.04375 0.0515625
0 0.16015625 0.615625 0.0296875 0.0546875
0 0.1765625 0.6796875 0.0671875 0.0484375
0 0.340625 0.6359375 0.0421875 0.053125
0 0.25625 0.38671875 0.028125 0.04375