0 0.11640625 0.84140625 0.046875 0.0421875
0 0.1296875 0.8 0.0421875 0.046875
0 0.15703125 0.81015625 0.0296875 0.04375
0 0.21796875 0.8234375 0.0625 0.034375
0 0.2734375 0.82265625 0.0375 0.046875
0 0.2859375 0.8328125 0.03125 0.025
0 0.33046875 0.7890625 0.0265625 0.046875
0 0.428125 0.8109375 0.0265625 0.0453125
0 0.45625 0.8375 0.0359375 0.03125
0 0.5984375 0.90078125 0.05625 0.0296875
0 0.73046875 0.94296875 0.0515625 0.04375
0 0.75703125 0.88515625 0.025 0.046875
0 0.77109375 0.89296875 0.034375 0.01875
0 0.66640625 0.8640625 0.0390625 0.0390625
0 0.63203125 0.8625 0.040625 0.025
0 0.659375 0.83046875 0.0375 0.0390625
0 0.73046875 0.84140625 0.034375 0.040625
0 0.75546875 0.815625 0.04375 0.0546875
0 0.62734375 0.7828125 0.0703125 0.0265625
0 0.4546875 0.74140625 0.0375 0.046875
0 0.41171875 0.75 0.040625 0.0359375
0 0.2484375 0.7203125 0.025 0.0390625
0 0.2765625 0.75078125 0.0359375 0.0421875
0 0.26328125 0.71171875 0.01875 0.028125
0 0.14140625 0.68046875 0.0625 0.04375
0 0.1265625 0.590625 0.0265625 0.0484375
0 0.11796875 0.61953125 0.0265625 0.0171875
0 0.14375 0.621875 0.0265625 0.015625
0 0.15546875 0.60546875 0.0265625 0.0234375
0 0.3375 0.66015625 0.040625 0.01875
0 0.34765625 0.67734375 0.053125 0.028125
0 0.4203125 0.6203125 0.04375 0.05
0 0.59609375 0.7078125 0.053125 0.021875
0 0.6546875 0.759375 0.0546875 0.040625
0 0.79765625 0.73046875 0.034375 0.0359375
0 0.7984375 0.6953125 0.025 0.0390625
0 0.6265625 0.6765625 0.021875 0.040625
0 0.65703125 0.69609375 0.0609375 0.0203125
0 0.3046875 0.59453125 0.046875 0.053125
0 0.384375 0.56484375 0.0640625 0.03125
0 0.2234375 0.56796875 0.0546875 0.040625
0 0.1375 0.52265625 0.034375 0.046875
0 0.1546875 0.5515625 0.034375 0.040625
0 0.11171875 0.540625 0.0296875 0.046875
0 0.2046875 0.5234375 0.0390625 0.0453125
0 0.140625 0.47890625 0.0390625 0.0484375
0 0.31015625 0.534375 0.0453125 0.0546875
0 0.40390625 0.5171875 0.040625 0.0484375
0 0.35546875 0.49609375 0.0515625 0.034375
0 0.41015625 0.4734375 0.04375 0.0359375
0 0.29765625 0.446875 0.0375 0.0515625
0 0.14921875 0.403125 0.0359375 0.046875
0 0.27421875 0.3828125 0.040625 0.05
0 0.28515625 0.35234375 0.0421875 0.034375
0 0.59765625 0.465625 0.05 0.0375
0 0.53671875 0.5703125 0.0328125 0.0390625
0 0.57421875 0.58984375 0.04375 0.0390625
0 0.63359375 0.61328125 0.03125 0.0578125
0 0.69609375 0.61640625 0.0546875 0.046875
0 0.759375 0.5984375 0.0328125 0.0515625
0 0.646875 0.54375 0.0390625 0.0546875
0 0.73203125 0.51796875 0.0390625 0.0578125
0 0.78671875 0.5640625 0.0375 0.05
0 0.6421875 0.4296875 0.059375 0.03125
0 0.59296875 0.36015625 0.05625 0.0328125
0 0.54375 0.30703125 0.0359375 0.0453125
0 0.41171875 0.30703125 0.0359375 0.05
0 0.22890625 0.2578125 0.0390625 0.046875
0 0.17421875 0.28046875 0.0234375 0.0484375
0 0.196875 0.28984375 0.025 0.0421875
0 0.16953125 0.228125 0.0234375 0.0453125
0 0.1875 0.23515625 0.034375 0.0421875
0 0.721875 0.31328125 0.0375 0.0421875
0 0.7421875 0.315625 0.03125 0.0171875
0 0.8515625 0.303125 0.0609375 0.0359375
0 0.78046875 0.25234375 0.0625 0.028125
0 0.60546875 0.25625 0.0625 0.025
0 0.45546875 0.2125 0.0734375 0.0265625
0 0.47109375 0.228125 0.0265625 0.0203125
0 0.31015625 0.2046875 0.084375 0.03125
0 0.4375 0.1828125 0.0609375 0.03125
0 0.18984375 0.11640625 0.028125 0.05
0 0.384375 0.09765625 0.0671875 0.03125
0 0.47265625 0.1203125 0.071875 0.040625
0 0.57421875 0.12578125 0.05625 0.0296875
0 0.61484375 0.1734375 0.0703125 0.034375
0 0.66953125 0.1609375 0.05 0.0296875
0 0.72578125 0.2078125 0.065625 0.0375
0 0.79296875 0.21796875 0.0640625 0.0390625
0 0.8359375 0.22578125 0.0296875 0.0359375
0 0.83046875 0.17890625 0.0359375 0.05
0 0.85859375 0.19765625 0.0375 0.0484375
0 0.784375 0.1234375 0.0578125 0.046875
0 0.83828125 0.128125 0.03125 0.04375
0 0.8703125 0.11015625 0.0421875 0.0328125
0 0.61796875 0.084375 0.0828125 0.0265625
0 0.23515625 0.7890625 0.0578125 0.0203125
0 0.1921875 0.76953125 0.0875 0.03125
0 0.19453125 0.78671875 0.034375 0.021875
0 0.1296875 0.746875 0.05 0.0203125