0 0.64609375 0.0921875 0.08671875 0.0265625
0 0.45078125 0.0859375 0.07890625 0.03515625
0 0.290625 0.171875 0.071875 0.02890625
0 0.3265625 0.22265625 0.065625 0.0125
0 0.2984375 0.27734375 0.04453125 0.05234375
0 0.1921875 0.25859375 0.06796875 0.04296875
0 0.27421875 0.3328125 0.05078125 0.05390625
0 0.34140625 0.3390625 0.02578125 0.02578125
0 0.3984375 0.29453125 0.07734375 0.021875
0 0.47578125 0.28671875 0.05390625 0.021875
0 0.534375 0.30546875 0.06796875 0.034375
0 0.44140625 0.32421875 0.059375 0.0328125
0 0.346875 0.36171875 0.0203125 0.015625
0 0.4765625 0.40546875 0.03125 0.04609375
0 0.54453125 0.371875 0.034375 0.04375
0 0.61640625 0.35625 0.021875 0.04296875
0 0.628125 0.3125 0.04296875 0.0484375
0 0.703125 0.32265625 0.03828125 0.0625
0 0.8171875 0.33125 0.03828125 0.0546875
0 0.84296875 0.33828125 0.02890625 0.053125
0 0.834375 0.42109375 0.04609375 0.05234375
0 0.64609375 0.4125 0.046875 0.02890625
0 0.5875 0.40625 0.0734375 0.01875
0 0.709375 0.45390625 0.0296875 0.03671875
0 0.746875 0.4828125 0.04140625 0.03515625
0 0.746875 0.51015625 0.0640625 0.0234375
0 0.85078125 0.5265625 0.05390625 0.04609375
0 0.59453125 0.46875 0.06796875 0.0265625
0 0.54609375 0.490625 0.03125 0.05078125
0 0.46875 0.46796875 0.04140625 0.04765625
0 0.4390625 0.4046875 0.040625 0.0515625
0 0.365625 0.43125 0.02421875 0.02578125
0 0.384375 0.4171875 0.01953125 0.028125
0 0.43359375 0.48828125 0.0296875 0.04609375
0 0.33828125 0.45390625 0.0359375 0.05
0 0.24765625 0.4234375 0.0390625 0.025
0 0.2046875 0.4109375 0.03359375 0.0484375
0 0.27109375 0.465625 0.0203125 0.01484375
0 0.2921875 0.46484375 0.01796875 0.0171875
0 0.21875 0.49765625 0.04375 0.0515625
0 0.3078125 0.53203125 0.0375 0.04765625
0 0.340625 0.5203125 0.0234375 0.053125
0 0.41484375 0.53984375 0.04296875 0.04296875
0 0.46171875 0.54765625 0.04140625 0.04765625
0 0.50234375 0.55390625 0.0421875 0.046875
0 0.55390625 0.5421875 0.05546875 0.01796875
0 0.61796875 0.56171875 0.0734375 0.028125
0 0.2875 0.44296875 0.06953125 0.0140625
0 0.15859375 0.54296875 0.06171875 0.040625
0 0.21015625 0.5984375 0.03203125 0.0578125
0 0.14296875 0.61328125 0.059375 0.05625
0 0.27421875 0.6296875 0.04296875 0.05390625
0 0.33828125 0.6125 0.084375 0.02109375
0 0.3953125 0.64296875 0.06796875 0.025
0 0.4828125 0.6328125 0.065625 0.03828125
0 0.30625 0.69609375 0.03359375 0.065625
0 0.36875 0.7296875 0.08671875 0.025
0 0.2046875 0.703125 0.05703125 0.03984375
0 0.23359375 0.76484375 0.06875 0.01953125
0 0.28828125 0.8 0.06875 0.01796875
0 0.29375 0.834375 0.034375 0.0515625
0 0.1375 0.778125 0.04296875 0.01953125
0 0.15703125 0.80390625 0.01640625 0.02578125
0 0.17578125 0.79765625 0.0203125 0.01875
0 0.23125 0.8734375 0.0265625 0.0171875
0 0.25625 0.87734375 0.028125 0.03359375
0 0.325 0.90546875 0.0796875 0.02421875
0 0.190625 0.93984375 0.08671875 0.03359375
0 0.40390625 0.87109375 0.0421875 0.04921875
0 0.3859375 0.78984375 0.04453125 0.04609375
0 0.44375 0.784375 0.06171875 0.02734375
0 0.47734375 0.80703125 0.0546875 0.03984375
0 0.465625 0.85859375 0.02734375 0.053125
0 0.5015625 0.85703125 0.03828125 0.0234375
0 0.5328125 0.83671875 0.02890625 0.05078125
0 0.53828125 0.90859375 0.0640625 0.05859375
0 0.72890625 0.89609375 0.040625 0.0375
0 0.77109375 0.91796875 0.04296875 0.04765625
0 0.8546875 0.90703125 0.0359375 0.0640625
0 0.82734375 0.8 0.03359375 0.05546875
0 0.709375 0.853125 0.04140625 0.03984375
0 0.625 0.865625 0.06328125 0.01171875
0 0.62578125 0.82265625 0.0234375 0.0515625
0 0.65546875 0.83125 0.034375 0.0390625
0 0.653125 0.79296875 0.028125 0.028125
0 0.67890625 0.75234375 0.034375 0.0265625
0 0.70078125 0.8171875 0.02109375 0.02265625
0 0.73046875 0.77578125 0.03125 0.053125
0 0.703125 0.78359375 0.01796875 0.04296875
0 0.52265625 0.74375 0.0609375 0.04375
0 0.63359375 0.70625 0.0671875 0.03125
0 0.74765625 0.69609375 0.059375 0.04609375
0 0.87578125 0.66484375 0.03359375 0.046875
0 0.81953125 0.65234375 0.015625 0.0265625
0 0.8359375 0.653125 0.01640625 0.028125
0 0.74609375 0.625 0.05390625 0.04453125
0 0.75234375 0.571875 0.01875 0.01953125
0 0.36328125 0.2515625 0.03515625 0.04609375