0 0.43203125 0.134375 0.07109375 0.0453125
0 0.49609375 0.15625 0.040625 0.05078125
0 0.296875 0.1640625 0.06875 0.040625
0 0.1546875 0.2015625 0.03359375 0.0546875
0 0.190625 0.16875 0.05234375 0.03515625
0 0.159375 0.2484375 0.04140625 0.0296875
0 0.2046875 0.2234375 0.025 0.04609375
0 0.19765625 0.2765625 0.0203125 0.04609375
0 0.25625 0.25390625 0.04140625 0.04453125
0 0.33125 0.26640625 0.0390625 0.05625
0 0.43046875 0.2390625 0.04453125 0.025
0 0.515625 0.2125 0.065625 0.0171875
0 0.496875 0.2953125 0.0328125 0.04921875
0 0.52421875 0.26484375 0.03515625 0.0515625
0 0.70703125 0.33125 0.0390625 0.05234375
0 0.8453125 0.31015625 0.0203125 0.0421875
0 0.46875 0.4015625 0.0484375 0.0359375
0 0.49140625 0.36953125 0.0515625 0.0390625
0 0.39609375 0.39296875 0.05234375 0.0265625
0 0.2875 0.428125 0.06640625 0.0234375
0 0.2953125 0.39296875 0.06484375 0.01953125
0 0.2 0.40625 0.02421875 0.0484375
0 0.21875 0.37734375 0.0421875 0.04375
0 0.2375 0.34375 0.05546875 0.03125
0 0.16015625 0.45703125 0.02265625 0.05390625
0 0.19375 0.4578125 0.0234375 0.0453125
0 0.3390625 0.48046875 0.03203125 0.05234375
0 0.41875 0.44609375 0.0296875 0.04296875
0 0.503125 0.4796875 0.0328125 0.0375
0 0.50078125 0.44609375 0.06171875 0.0265625
0 0.55078125 0.48203125 0.05703125 0.02890625
0 0.703125 0.44140625 0.0390625 0.0375
0 0.74921875 0.46640625 0.05 0.0234375
0 0.75078125 0.4375 0.05078125 0.0140625
0 0.78828125 0.53203125 0.0515625 0.03515625
0 0.8359375 0.5 0.01953125 0.05
0 0.721875 0.5515625 0.0234375 0.05
0 0.6015625 0.54453125 0.0765625 0.025
0 0.4140625 0.55 0.034375 0.04375
0 0.46875 0.53828125 0.02578125 0.04296875
0 0.51015625 0.53984375 0.06796875 0.02734375
0 0.34453125 0.54375 0.071875 0.0234375
0 0.26875 0.54609375 0.0625 0.0171875
0 0.2359375 0.60625 0.06328125 0.03828125
0 0.15859375 0.60078125 0.05234375 0.03515625
0 0.46015625 0.58359375 0.071875 0.03203125
0 0.4296875 0.64609375 0.05859375 0.03203125
0 0.49453125 0.6671875 0.0359375 0.05
0 0.5609375 0.66796875 0.0203125 0.0453125
0 0.575 0.64453125 0.021875 0.05078125
0 0.61484375 0.6375 0.03203125 0.04296875
0 0.6265625 0.66953125 0.05703125 0.02421875
0 0.65859375 0.6015625 0.053125 0.0484375
0 0.784375 0.6140625 0.04296875 0.0453125
0 0.7140625 0.68046875 0.05 0.01875
0 0.76796875 0.70625 0.02734375 0.04765625
0 0.79921875 0.76171875 0.04296875 0.0390625
0 0.72265625 0.7515625 0.05078125 0.03203125
0 0.596875 0.75859375 0.046875 0.0515625
0 0.66640625 0.7921875 0.0671875 0.01953125
0 0.546875 0.71328125 0.0296875 0.0421875
0 0.415625 0.71328125 0.08046875 0.025
0 0.22734375 0.74296875 0.04140625 0.046875
0 0.21953125 0.7046875 0.06171875 0.03203125
0 0.2984375 0.74453125 0.05859375 0.03046875
0 0.16015625 0.825 0.03671875 0.034375
0 0.165625 0.79375 0.03984375 0.0234375
0 0.17734375 0.76484375 0.04921875 0.025
0 0.16328125 0.73984375 0.03515625 0.040625
0 0.21796875 0.79765625 0.03828125 0.03046875
0 0.2203125 0.84140625 0.0546875 0.01484375
0 0.29140625 0.81953125 0.0671875 0.02109375
0 0.40390625 0.784375 0.0625 0.03359375
0 0.77578125 0.8421875 0.03828125 0.0453125
0 0.78828125 0.81640625 0.04765625 0.0234375
0 0.825 0.821875 0.05 0.0265625
0 0.82109375 0.86015625 0.04609375 0.02265625
0 0.7359375 0.90234375 0.0578125 0.02734375
0 0.728125 0.86640625 0.05703125 0.02578125
0 0.67578125 0.93359375 0.0734375 0.0171875
0 0.69921875 0.9171875 0.04765625 0.02734375
0 0.603125 0.9171875 0.03359375 0.05234375
0 0.63984375 0.903125 0.04453125 0.0296875
0 0.5875 0.86328125 0.04296875 0.05546875
0 0.528125 0.85234375 0.0171875 0.02265625
0 0.4421875 0.925 0.06796875 0.02421875
0 0.38515625 0.915625 0.06015625 0.0140625
0 0.3890625 0.89140625 0.07578125 0.0140625
0 0.4390625 0.8609375 0.05859375 0.0109375
0 0.3671875 0.8546875 0.06328125 0.02734375
0 0.32109375 0.884375 0.065625 0.01328125
0 0.2984375 0.92265625 0.0671875 0.01484375
0 0.221875 0.9203125 0.0546875 0.01796875
0 0.234375 0.88828125 0.034375 0.02578125