0 0.12421875 0.1015625 0.0453125 0.01953125
0 0.13046875 0.0828125 0.05234375 0.01484375
0 0.18828125 0.13203125 0.0515625 0.03828125
0 0.11015625 0.140625 0.03671875 0.01796875
0 0.1375 0.12734375 0.01796875 0.0328125
0 0.13984375 0.17421875 0.02734375 0.0453125
0 0.240625 0.10234375 0.0578125 0.02734375
0 0.30234375 0.115625 0.0328125 0.03125
0 0.346875 0.11484375 0.059375 0.01640625
0 0.36171875 0.09375 0.0828125 0.015625
0 0.47421875 0.09296875 0.06953125 0.02421875
0 0.41796875 0.15390625 0.07109375 0.0140625
0 0.1171875 0.225 0.028125 0.0375
0 0.1296875 0.24765625 0.015625 0.04140625
0 0.11640625 0.3265625 0.02421875 0.03203125
0 0.1359375 0.3109375 0.021875 0.040625
0 0.1625 0.27734375 0.03515625 0.04765625
0 0.36328125 0.2703125 0.0515625 0.053125
0 0.196875 0.3484375 0.03515625 0.0484375
0 0.31328125 0.3828125 0.05078125 0.02265625
0 0.3109375 0.3609375 0.028125 0.0328125
0 0.3796875 0.3578125 0.04921875 0.05546875
0 0.85078125 0.09921875 0.0421875 0.04765625
0 0.79765625 0.1234375 0.0421875 0.0421875
0 0.81484375 0.17890625 0.05859375 0.01796875
0 0.83203125 0.16328125 0.0515625 0.01953125
0 0.73125 0.18515625 0.059375 0.02109375
0 0.8125 0.246875 0.02265625 0.0453125
0 0.8484375 0.225 0.02890625 0.0578125
0 0.7890625 0.24375 0.05859375 0.01875
0 0.684375 0.31953125 0.065625 0.0234375
0 0.7375 0.309375 0.0375 0.025
0 0.78359375 0.3125 0.02890625 0.0453125
0 0.8296875 0.3421875 0.0328125 0.0453125
0 0.86953125 0.34375 0.03828125 0.05234375
0 0.70234375 0.43203125 0.04609375 0.05078125
0 0.4359375 0.46328125 0.05390625 0.0484375
0 0.1765625 0.43828125 0.06171875 0.05
0 0.1296875 0.4046875 0.04140625 0.05
0 0.125 0.45546875 0.0375 0.0515625
0 0.27109375 0.50390625 0.03515625 0.04609375
0 0.31328125 0.5203125 0.028125 0.04375
0 0.16484375 0.5546875 0.03515625 0.03984375
0 0.48515625 0.52734375 0.04921875 0.03203125
0 0.50859375 0.58671875 0.05234375 0.03125
0 0.59765625 0.5859375 0.03515625 0.034375
0 0.6515625 0.56484375 0.0453125 0.03359375
0 0.70234375 0.5765625 0.0625 0.025
0 0.859375 0.56171875 0.02734375 0.05390625
0 0.72421875 0.63125 0.06171875 0.03046875
0 0.5140625 0.65703125 0.0265625 0.0484375
0 0.1390625 0.65390625 0.03515625 0.040625
0 0.13828125 0.69453125 0.040625 0.04453125
0 0.12265625 0.76171875 0.02890625 0.04765625
0 0.15390625 0.78515625 0.0375 0.03984375
0 0.1578125 0.82734375 0.04140625 0.02734375
0 0.253125 0.7578125 0.0609375 0.02734375
0 0.290625 0.7234375 0.03125 0.04140625
0 0.52734375 0.746875 0.040625 0.05078125
0 0.61640625 0.740625 0.03984375 0.04921875
0 0.3484375 0.80234375 0.0453125 0.0265625
0 0.77421875 0.69453125 0.03046875 0.04609375
0 0.7890625 0.6609375 0.03515625 0.025
0 0.80625 0.7109375 0.03125 0.03984375
0 0.78671875 0.76796875 0.02890625 0.06953125
0 0.8265625 0.77265625 0.021875 0.04921875
0 0.82578125 0.734375 0.025 0.03515625
0 0.859375 0.73125 0.03359375 0.04609375
0 0.85859375 0.775 0.040625 0.03984375
0 0.84453125 0.8453125 0.025 0.053125
0 0.846875 0.8125 0.021875 0.03125
0 0.87265625 0.80625 0.0296875 0.03203125
0 0.70546875 0.81875 0.08203125 0.0125
0 0.109375 0.86640625 0.053125 0.03671875
0 0.2125 0.89921875 0.065625 0.021875
0 0.26328125 0.90625 0.03828125 0.046875
0 0.1109375 0.925 0.0515625 0.0125
0 0.140625 0.93984375 0.04140625 0.0296875
0 0.21328125 0.940625 0.065625 0.01640625
0 0.39453125 0.94140625 0.0625 0.0421875
0 0.53984375 0.91640625 0.06875 0.01796875
0 0.66328125 0.8796875 0.06015625 0.0328125
0 0.6546875 0.9203125 0.07421875 0.02265625
0 0.76015625 0.88046875 0.0453125 0.0328125
0 0.77890625 0.90703125 0.05546875 0.021875
0 0.73828125 0.9515625 0.0625 0.0203125
0 0.73359375 0.92109375 0.04609375 0.02109375
0 0.784375 0.95546875 0.0203125 0.01953125
0 0.77890625 0.92578125 0.015625 0.03046875
0 0.82109375 0.9453125 0.03359375 0.01171875
0 0.85 0.96328125 0.028125 0.01640625
0 0.865625 0.95078125 0.01953125 0.02890625
0 0.8109375 0.91171875 0.0296875 0.0359375
0 0.8359375 0.91171875 0.02734375 0.040625
0 0.8734375 0.921875 0.02890625 0.0453125