0 0.77890625 0.365625 0.05390625 0.0453125
0 0.8359375 0.309375 0.0296875 0.04453125
0 0.75625 0.25546875 0.0421875 0.04140625
0 0.70390625 0.21796875 0.05546875 0.034375
0 0.64921875 0.246875 0.0515625 0.03125
0 0.5453125 0.11796875 0.07421875 0.03828125
0 0.4734375 0.1921875 0.05 0.046875
0 0.3078125 0.1203125 0.07265625 0.0375
0 0.32578125 0.1671875 0.0734375 0.0296875
0 0.2390625 0.1359375 0.07578125 0.04453125
0 0.325 0.2109375 0.040625 0.05390625
0 0.25859375 0.215625 0.06953125 0.03203125
0 0.20625 0.2171875 0.01953125 0.0484375
0 0.12734375 0.22890625 0.04296875 0.05390625
0 0.240625 0.28828125 0.0453125 0.0515625
0 0.1515625 0.3109375 0.04140625 0.05
0 0.140625 0.36484375 0.040625 0.0515625
0 0.1953125 0.371875 0.0328125 0.0625
0 0.28203125 0.33046875 0.03515625 0.05625
0 0.37109375 0.34375 0.0578125 0.0515625
0 0.41484375 0.2875 0.04375 0.046875
0 0.44375 0.26484375 0.02109375 0.02109375
0 0.44609375 0.23046875 0.0265625 0.03203125
0 0.53984375 0.26484375 0.053125 0.0421875
0 0.484375 0.31328125 0.0421875 0.02890625
0 0.453125 0.33125 0.03125 0.04375
0 0.51640625 0.29921875 0.0375 0.03671875
0 0.55078125 0.32578125 0.0421875 0.02421875
0 0.59140625 0.31484375 0.02890625 0.04921875
0 0.646875 0.32265625 0.0265625 0.05625
0 0.6875 0.37109375 0.03203125 0.04765625
0 0.725 0.340625 0.04375 0.0234375
0 0.5703125 0.38203125 0.0421875 0.0484375
0 0.4953125 0.3875 0.04375 0.040625
0 0.4609375 0.40546875 0.034375 0.06015625
0 0.52421875 0.4515625 0.05703125 0.03671875
0 0.56640625 0.434375 0.0421875 0.05546875
0 0.66953125 0.45390625 0.0375 0.05390625
0 0.74453125 0.43125 0.0921875 0.021875
0 0.7140625 0.48828125 0.06484375 0.025
0 0.640625 0.51796875 0.06875 0.0296875
0 0.55546875 0.52109375 0.04453125 0.03125
0 0.50859375 0.5265625 0.05390625 0.03359375
0 0.4140625 0.45 0.03984375 0.0515625
0 0.3921875 0.50625 0.05 0.0578125
0 0.3015625 0.48515625 0.04453125 0.040625
0 0.23984375 0.42734375 0.01875 0.059375
0 0.2625 0.39375 0.02734375 0.03203125
0 0.16328125 0.4734375 0.028125 0.02421875
0 0.16640625 0.525 0.02421875 0.05859375
0 0.19921875 0.55625 0.034375 0.05078125
0 0.2578125 0.53125 0.03125 0.04765625
0 0.25234375 0.5 0.0328125 0.0140625
0 0.309375 0.53125 0.03515625 0.04453125
0 0.35625 0.56640625 0.04765625 0.05234375
0 0.57265625 0.56953125 0.0453125 0.0296875
0 0.65234375 0.58203125 0.059375 0.03515625
0 0.56875 0.59375 0.0796875 0.0171875
0 0.790625 0.634375 0.078125 0.0234375
0 0.77578125 0.68984375 0.05 0.0453125
0 0.83671875 0.73515625 0.04453125 0.0546875
0 0.73046875 0.72109375 0.0703125 0.02578125
0 0.66875 0.665625 0.028125 0.01875
0 0.63046875 0.6734375 0.0328125 0.021875
0 0.6359375 0.7375 0.0265625 0.02578125
0 0.66484375 0.76328125 0.02421875 0.028125
0 0.57109375 0.75 0.0703125 0.02578125
0 0.55859375 0.6984375 0.03203125 0.0578125
0 0.49453125 0.66484375 0.071875 0.03984375
0 0.47421875 0.7328125 0.06328125 0.04375
0 0.396875 0.7359375 0.06015625 0.03203125
0 0.36796875 0.76328125 0.0734375 0.0234375
0 0.3 0.7078125 0.04296875 0.06015625
0 0.2890625 0.6453125 0.03671875 0.05390625
0 0.24296875 0.70390625 0.03515625 0.0609375
0 0.21484375 0.6828125 0.03671875 0.05390625
0 0.15234375 0.60546875 0.0265625 0.0609375
0 0.1484375 0.71640625 0.02421875 0.03125
0 0.17265625 0.7375 0.02421875 0.05546875
0 0.1609375 0.81796875 0.03359375 0.0484375
0 0.221875 0.83984375 0.084375 0.0234375
0 0.3265625 0.815625 0.02265625 0.0640625
0 0.1640625 0.87421875 0.0296875 0.059375
0 0.2109375 0.90234375 0.05546875 0.02578125
0 0.159375 0.925 0.06953125 0.0171875
0 0.15078125 0.91171875 0.0515625 0.015625
0 0.246875 0.92578125 0.07890625 0.01796875
0 0.37578125 0.925 0.06171875 0.04140625
0 0.38359375 0.86484375 0.0453125 0.03203125
0 0.43046875 0.85859375 0.0484375 0.0421875
0 0.47109375 0.87421875 0.04609375 0.04765625
0 0.58046875 0.81640625 0.09375 0.0265625
0 0.67734375 0.8515625 0.06328125 0.04375
0 0.7578125 0.859375 0.05 0.034375
0 0.8 0.84296875 0.03515625 0.04296875
0 0.79375 0.90078125 0.06875 0.03359375