0 0.1328125 0.0984375 0.0234375 0.034375
0 0.13125 0.14375 0.028125 0.03671875
0 0.17265625 0.11328125 0.01875 0.03359375
0 0.159375 0.1203125 0.02109375 0.0265625
0 0.27890625 0.15625 0.03203125 0.04453125
0 0.15546875 0.19375 0.021875 0.04921875
0 0.159375 0.2359375 0.0546875 0.03671875
0 0.2484375 0.2015625 0.046875 0.03984375
0 0.3328125 0.18828125 0.046875 0.015625
0 0.3609375 0.17578125 0.05078125 0.0171875
0 0.41171875 0.19296875 0.02578125 0.04140625
0 0.48203125 0.2171875 0.01953125 0.040625
0 0.48359375 0.1859375 0.028125 0.025
0 0.73203125 0.15390625 0.07421875 0.01875
0 0.66171875 0.246875 0.05234375 0.02265625
0 0.55234375 0.2671875 0.0359375 0.046875
0 0.62578125 0.3078125 0.01953125 0.04375
0 0.8046875 0.33046875 0.05078125 0.025
0 0.8609375 0.36015625 0.03359375 0.0390625
0 0.66484375 0.40625 0.040625 0.04140625
0 0.6125 0.3921875 0.025 0.0453125
0 0.66015625 0.3609375 0.04609375 0.01484375
0 0.71796875 0.41015625 0.0546875 0.025
0 0.7328125 0.44765625 0.034375 0.02578125
0 0.7578125 0.41796875 0.01953125 0.03515625
0 0.684375 0.44921875 0.05625 0.01875
0 0.55546875 0.35234375 0.0328125 0.0453125
0 0.42421875 0.28828125 0.04921875 0.025
0 0.4453125 0.259375 0.02421875 0.04375
0 0.3578125 0.2390625 0.0609375 0.02734375
0 0.36171875 0.28515625 0.0296875 0.05078125
0 0.14140625 0.32109375 0.028125 0.05546875
0 0.159375 0.27734375 0.03203125 0.03984375
0 0.19765625 0.27890625 0.03828125 0.0421875
0 0.2015625 0.3359375 0.0265625 0.0375
0 0.28203125 0.34453125 0.0296875 0.03671875
0 0.28984375 0.31328125 0.05703125 0.03125
0 0.30546875 0.36640625 0.028125 0.0578125
0 0.41953125 0.37421875 0.03046875 0.04375
0 0.1421875 0.3921875 0.02265625 0.04453125
0 0.1828125 0.41875 0.05078125 0.03671875
0 0.315625 0.43828125 0.034375 0.046875
0 0.42578125 0.446875 0.04140625 0.03984375
0 0.47578125 0.47265625 0.07109375 0.0234375
0 0.5328125 0.53046875 0.059375 0.0125
0 0.5328125 0.5046875 0.02734375 0.02890625
0 0.56953125 0.4921875 0.034375 0.040625
0 0.58203125 0.44375 0.04140625 0.0578125
0 0.7109375 0.5421875 0.05234375 0.05546875
0 0.70859375 0.4921875 0.0484375 0.0171875
0 0.75546875 0.50625 0.04453125 0.03984375
0 0.79296875 0.5796875 0.03359375 0.0515625
0 0.65546875 0.61171875 0.040625 0.0296875
0 0.62421875 0.5921875 0.0515625 0.021875
0 0.5484375 0.5828125 0.0421875 0.03125
0 0.36875 0.52265625 0.0203125 0.05
0 0.40390625 0.496875 0.0296875 0.05234375
0 0.26015625 0.484375 0.046875 0.0359375
0 0.1515625 0.47890625 0.0328125 0.0390625
0 0.1671875 0.53984375 0.03125 0.040625
0 0.26875 0.5578125 0.03828125 0.03515625
0 0.459375 0.5984375 0.053125 0.03046875
0 0.240625 0.60859375 0.04296875 0.046875
0 0.1734375 0.61328125 0.0296875 0.040625
0 0.29375 0.65390625 0.021875 0.04453125
0 0.34609375 0.64453125 0.03203125 0.0515625
0 0.51640625 0.6875 0.03125 0.02421875
0 0.63203125 0.69609375 0.03125 0.04609375
0 0.6921875 0.7015625 0.01875 0.04765625
0 0.74296875 0.675 0.02578125 0.0453125
0 0.77265625 0.71484375 0.05625 0.03046875
0 0.83125 0.6734375 0.0390625 0.04765625
0 0.85625 0.73515625 0.05390625 0.04453125
0 0.2234375 0.6796875 0.04375 0.05
0 0.159375 0.69921875 0.0328125 0.04765625
0 0.246875 0.7359375 0.0359375 0.0453125
0 0.36015625 0.74765625 0.07109375 0.0171875
0 0.48828125 0.7484375 0.0515625 0.03515625
0 0.54375 0.73671875 0.05390625 0.03828125
0 0.56796875 0.7671875 0.04140625 0.01640625
0 0.60546875 0.803125 0.03359375 0.0484375
0 0.675 0.76484375 0.0484375 0.0421875
0 0.71484375 0.8015625 0.03203125 0.0546875
0 0.6984375 0.85859375 0.053125 0.04140625
0 0.74296875 0.84375 0.02421875 0.04609375
0 0.8046875 0.84375 0.03046875 0.05078125
0 0.43046875 0.8703125 0.05234375 0.02578125
0 0.44609375 0.90625 0.040625 0.034375
0 0.33359375 0.81875 0.0203125 0.05390625
0 0.37109375 0.81796875 0.03515625 0.04296875
0 0.28515625 0.80234375 0.0328125 0.03359375
0 0.175 0.80703125 0.02421875 0.05546875
0 0.253125 0.8546875 0.065625 0.0296875
0 0.28828125 0.91328125 0.08046875 0.01796875
0 0.25546875 0.9328125 0.07578125 0.01875
0 0.190625 0.91484375 0.07265625 0.0203125