0 0.6375 0.05390625 0.09375 0.0546875
0 0.45078125 0.10859375 0.090625 0.0453125
0 0.3328125 0.16484375 0.0765625 0.0328125
0 0.2796875 0.18125 0.0328125 0.046875
0 0.1984375 0.15546875 0.0609375 0.0453125
0 0.1515625 0.15625 0.04375 0.0484375
0 0.0890625 0.15546875 0.04375 0.0359375
0 0.0484375 0.17421875 0.05 0.0515625
0 0.05546875 0.21015625 0.034375 0.0484375
0 0.10078125 0.17734375 0.0609375 0.0265625
0 0.1078125 0.21875 0.0625 0.0515625
0 0.12734375 0.2796875 0.0515625 0.046875
0 0.109375 0.31953125 0.04375 0.0546875
0 0.1671875 0.25234375 0.034375 0.05
0 0.1890625 0.24609375 0.06875 0.0328125
0 0.24453125 0.24296875 0.0453125 0.0578125
0 0.2640625 0.22109375 0.04375 0.0328125
0 0.4234375 0.20625 0.075 0.0390625
0 0.75234375 0.10703125 0.0703125 0.0375
0 0.79921875 0.0875 0.0296875 0.053125
0 0.79765625 0.1296875 0.0296875 0.04375
0 0.8171875 0.17109375 0.0453125 0.04375
0 0.70703125 0.2078125 0.0421875 0.053125
0 0.67578125 0.2234375 0.0375 0.0546875
0 0.63671875 0.23046875 0.0703125 0.04375
0 0.51171875 0.3 0.0625 0.046875
0 0.36953125 0.33671875 0.05 0.05625
0 0.2640625 0.28828125 0.075 0.0421875
0 0.18125 0.29921875 0.0703125 0.0453125
0 0.20390625 0.37265625 0.05 0.0609375
0 0.26171875 0.43125 0.04375 0.0546875
0 0.18984375 0.46875 0.0359375 0.0546875
0 0.35390625 0.39609375 0.078125 0.046875
0 0.346875 0.43046875 0.046875 0.046875
0 0.453125 0.4171875 0.071875 0.046875
0 0.16953125 0.55625 0.0328125 0.046875
0 0.13984375 0.5375 0.034375 0.05
0 0.58125 0.38125 0.05625 0.05625
0 0.75234375 0.28046875 0.071875 0.0390625
0 0.8078125 0.23203125 0.053125 0.046875
0 0.86015625 0.26328125 0.034375 0.05625
0 0.846875 0.2875 0.0421875 0.05625
0 0.86484375 0.32890625 0.028125 0.04375
0 0.846875 0.33515625 0.0296875 0.046875
0 0.81875 0.3078125 0.0515625 0.0390625
0 0.7734375 0.3046875 0.053125 0.0421875
0 0.76796875 0.36171875 0.0359375 0.0625
0 0.75234375 0.36171875 0.0234375 0.0484375
0 0.83984375 0.37265625 0.034375 0.053125
0 0.87578125 0.4109375 0.0375 0.0546875
0 0.79296875 0.4390625 0.0421875 0.053125
0 0.58359375 0.4796875 0.046875 0.0546875
0 0.3453125 0.57421875 0.0625 0.03125
0 0.3046875 0.61328125 0.053125 0.059375
0 0.415625 0.6046875 0.078125 0.05
0 0.2203125 0.6265625 0.0359375 0.0625
0 0.17578125 0.65546875 0.0703125 0.04375
0 0.1984375 0.728125 0.0484375 0.0671875
0 0.3828125 0.69375 0.0796875 0.040625
0 0.6234375 0.590625 0.084375 0.05
0 0.7296875 0.52734375 0.065625 0.05625
0 0.7671875 0.4859375 0.0546875 0.0484375
0 0.87734375 0.45859375 0.028125 0.0515625
0 0.8625 0.4703125 0.03125 0.05
0 0.8375 0.4671875 0.0375 0.04375
0 0.8546875 0.50546875 0.046875 0.04375
0 0.83828125 0.559375 0.0796875 0.0421875
0 0.34921875 0.7765625 0.0296875 0.053125
0 0.38359375 0.7265625 0.0390625 0.0359375
0 0.40546875 0.746875 0.059375 0.028125
0 0.65234375 0.70234375 0.034375 0.053125
0 0.62890625 0.68828125 0.0359375 0.034375
0 0.45390625 0.77734375 0.0296875 0.040625
0 0.4546875 0.8140625 0.0296875 0.0390625
0 0.4015625 0.8546875 0.025 0.0390625
0 0.37421875 0.87890625 0.071875 0.04375
0 0.30234375 0.91015625 0.0515625 0.0421875
0 0.765625 0.69140625 0.0453125 0.04375
0 0.84296875 0.60546875 0.0484375 0.0359375
0 0.84453125 0.66640625 0.0234375 0.0296875
0 0.74140625 0.7546875 0.071875 0.0359375
0 0.6171875 0.8109375 0.065625 0.040625
0 0.54296875 0.8359375 0.0484375 0.05625
0 0.40546875 0.909375 0.0390625 0.0421875
0 0.3453125 0.9296875 0.0640625 0.0390625
0 0.45234375 0.9125 0.0484375 0.028125
0 0.48359375 0.89765625 0.034375 0.0265625
0 0.47734375 0.94375 0.0484375 0.028125
0 0.471875 0.92109375 0.040625 0.0234375
0 0.515625 0.921875 0.05625 0.0265625
0 0.55390625 0.8796875 0.0484375 0.0359375
0 0.60859375 0.8671875 0.0453125 0.05
0 0.584375 0.86640625 0.0234375 0.040625
0 0.584375 0.90859375 0.0625 0.0359375
0 0.7046875 0.8390625 0.075 0.0453125
0 0.75859375 0.8578125 0.0359375 0.05625
0 0.846875 0.83359375 0.0734375 0.040625
0 0.9109375 0.815625 0.0546875 0.046875