0 0.87734375 0.07734375 0.02890625 0.01953125
0 0.87578125 0.09609375 0.02734375 0.01640625
0 0.846875 0.10625 0.02421875 0.02578125
0 0.875 0.1375 0.03671875 0.03046875
0 0.83515625 0.08359375 0.03203125 0.01328125
0 0.79453125 0.1390625 0.0625 0.0234375
0 0.71484375 0.15234375 0.0671875 0.03046875
0 0.79765625 0.184375 0.0453125 0.04453125
0 0.62734375 0.14609375 0.0625 0.04375
0 0.6890625 0.09375 0.03203125 0.03125
0 0.68359375 0.11484375 0.02734375 0.015625
0 0.47421875 0.12578125 0.06953125 0.040625
0 0.1796875 0.1234375 0.0390625 0.05078125
0 0.12265625 0.08125 0.07265625 0.0375
0 0.340625 0.19296875 0.07734375 0.0234375
0 0.3078125 0.26640625 0.08046875 0.02109375
0 0.21328125 0.284375 0.0734375 0.0375
0 0.425 0.25546875 0.0765625 0.0375
0 0.4921875 0.2765625 0.05234375 0.04296875
0 0.55859375 0.2421875 0.03046875 0.053125
0 0.54765625 0.30234375 0.04140625 0.04765625
0 0.5921875 0.33359375 0.05625 0.0375
0 0.6890625 0.3078125 0.071875 0.0296875
0 0.7234375 0.25078125 0.05234375 0.03125
0 0.77578125 0.25234375 0.05 0.025
0 0.771875 0.29375 0.053125 0.04453125
0 0.734375 0.3984375 0.0390625 0.04765625
0 0.596875 0.4234375 0.03515625 0.04765625
0 0.60625 0.4703125 0.0765625 0.02734375
0 0.54296875 0.45078125 0.04375 0.03984375
0 0.50390625 0.46328125 0.040625 0.03359375
0 0.403125 0.4390625 0.07265625 0.02578125
0 0.3359375 0.409375 0.0328125 0.04609375
0 0.19375 0.43359375 0.04609375 0.04296875
0 0.18828125 0.4890625 0.04375 0.05234375
0 0.32265625 0.51171875 0.04140625 0.04609375
0 0.5546875 0.528125 0.06953125 0.02109375
0 0.51953125 0.57734375 0.0765625 0.0265625
0 0.546875 0.5546875 0.01953125 0.0265625
0 0.60703125 0.51796875 0.03125 0.04296875
0 0.64140625 0.52421875 0.03046875 0.04921875
0 0.6921875 0.4875 0.0546875 0.0484375
0 0.69609375 0.55234375 0.034375 0.0640625
0 0.79921875 0.51640625 0.0359375 0.046875
0 0.796875 0.575 0.02734375 0.0609375
0 0.85234375 0.4984375 0.02890625 0.0546875
0 0.8375 0.44453125 0.0203125 0.021875
0 0.85703125 0.2296875 0.01875 0.015625
0 0.8453125 0.21875 0.01953125 0.01484375
0 0.71171875 0.62109375 0.06953125 0.03515625
0 0.7625 0.65234375 0.04609375 0.06171875
0 0.6578125 0.628125 0.040625 0.0546875
0 0.61171875 0.65234375 0.03125 0.05625
0 0.59296875 0.6171875 0.0359375 0.04453125
0 0.47421875 0.6015625 0.06875 0.03125
0 0.46484375 0.63515625 0.0546875 0.0359375
0 0.31640625 0.60859375 0.07578125 0.02578125
0 0.265625 0.63671875 0.0640625 0.0328125
0 0.171875 0.5984375 0.04296875 0.0578125
0 0.271875 0.690625 0.05703125 0.03828125
0 0.15625 0.709375 0.0390625 0.05078125
0 0.309375 0.7328125 0.075 0.02265625
0 0.38984375 0.70859375 0.04609375 0.04921875
0 0.43125 0.69296875 0.034375 0.05859375
0 0.53671875 0.725 0.046875 0.04921875
0 0.5328125 0.7921875 0.0765625 0.034375
0 0.5296875 0.76171875 0.08046875 0.02578125
0 0.43984375 0.809375 0.04375 0.046875
0 0.3234375 0.78828125 0.0734375 0.028125
0 0.38984375 0.85703125 0.0390625 0.05
0 0.16875 0.82890625 0.02578125 0.03828125
0 0.20625 0.8078125 0.02109375 0.03828125
0 0.23203125 0.81875 0.025 0.03984375
0 0.175 0.7796875 0.02421875 0.05234375
0 0.13125 0.84375 0.04765625 0.03125
0 0.1328125 0.90390625 0.0234375 0.05546875
0 0.16796875 0.9203125 0.03671875 0.04921875
0 0.22734375 0.8984375 0.0390625 0.0203125
0 0.28203125 0.8796875 0.0734375 0.0328125
0 0.48046875 0.890625 0.03359375 0.04296875
0 0.52421875 0.86796875 0.0578125 0.03671875
0 0.65 0.796875 0.0453125 0.046875
0 0.67421875 0.86328125 0.0546875 0.03671875
0 0.625 0.88515625 0.04453125 0.0296875
0 0.63359375 0.9125 0.0734375 0.0203125
0 0.74609375 0.81171875 0.03515625 0.02265625
0 0.79140625 0.7703125 0.0640625 0.03515625
0 0.83671875 0.8015625 0.0484375 0.0421875
0 0.78203125 0.8671875 0.02421875 0.0234375
0 0.81171875 0.87109375 0.03046875 0.0234375
0 0.7359375 0.87265625 0.028125 0.034375
0 0.72265625 0.90859375 0.0265625 0.01875
0 0.76640625 0.9125 0.0421875 0.01640625
0 0.80234375 0.89375 0.0390625 0.01484375
0 0.821875 0.7359375 0.02578125 0.0390625
0 0.83359375 0.70234375 0.0328125 0.03125