0 0.14140625 0.08671875 0.0625 0.02109375
0 0.23828125 0.1203125 0.071875 0.01796875
0 0.1296875 0.15625 0.03359375 0.04375
0 0.26640625 0.103125 0.03046875 0.01484375
0 0.3046875 0.10703125 0.0546875 0.01171875
0 0.434375 0.196875 0.06328125 0.028125
0 0.6546875 0.16796875 0.06796875 0.02578125
0 0.7234375 0.14375 0.03671875 0.03984375
0 0.74453125 0.09453125 0.0421875 0.04296875
0 0.7765625 0.1390625 0.0265625 0.04921875
0 0.7859375 0.25 0.05859375 0.0390625
0 0.70546875 0.22734375 0.03359375 0.04921875
0 0.3296875 0.3015625 0.07265625 0.021875
0 0.28125 0.31328125 0.04140625 0.04765625
0 0.36796875 0.42890625 0.03515625 0.03984375
0 0.16640625 0.41484375 0.05390625 0.040625
0 0.1375 0.46015625 0.05 0.0375
0 0.3609375 0.48046875 0.06171875 0.01953125
0 0.17109375 0.52421875 0.075 0.02890625
0 0.79375 0.45859375 0.03125 0.03984375
0 0.8640625 0.47109375 0.03828125 0.01875
0 0.8453125 0.45390625 0.01875 0.01875
0 0.79140625 0.51484375 0.025 0.0484375
0 0.7203125 0.509375 0.040625 0.04140625
0 0.63515625 0.521875 0.0515625 0.02421875
0 0.3109375 0.603125 0.05078125 0.0265625
0 0.1390625 0.65234375 0.021875 0.04765625
0 0.1640625 0.665625 0.0375 0.03828125
0 0.2984375 0.67421875 0.05 0.0203125
0 0.34921875 0.67109375 0.04453125 0.04375
0 0.46484375 0.66640625 0.034375 0.05
0 0.56953125 0.6484375 0.04921875 0.028125
0 0.6171875 0.61796875 0.06640625 0.02265625
0 0.8375 0.58828125 0.046875 0.03125
0 0.878125 0.61015625 0.0296875 0.02109375
0 0.7421875 0.69609375 0.0234375 0.0328125
0 0.8484375 0.709375 0.01796875 0.05546875
0 0.76484375 0.73203125 0.0734375 0.02890625
0 0.44765625 0.715625 0.03359375 0.05078125
0 0.2234375 0.7 0.0265625 0.03203125
0 0.184375 0.7109375 0.05 0.02421875
0 0.1 0.74453125 0.028125 0.04453125
0 0.1234375 0.76875 0.02421875 0.040625
0 0.17734375 0.7671875 0.05859375 0.0375
0 0.240625 0.75 0.06328125 0.03046875
0 0.2390625 0.79453125 0.07109375 0.0171875
0 0.28984375 0.8015625 0.05703125 0.01875
0 0.43984375 0.84140625 0.0671875 0.02109375
0 0.5375 0.75859375 0.0359375 0.04375
0 0.56953125 0.76953125 0.03125 0.04921875
0 0.72890625 0.7703125 0.05546875 0.03046875
0 0.75 0.8015625 0.06875 0.0203125
0 0.84609375 0.7640625 0.0234375 0.0390625
0 0.84296875 0.809375 0.02109375 0.04609375
0 0.8234375 0.79453125 0.021875 0.028125
0 0.871875 0.77421875 0.03359375 0.0453125
0 0.8296875 0.8546875 0.02109375 0.04140625
0 0.86796875 0.8296875 0.0203125 0.04375
0 0.10234375 0.8484375 0.0171875 0.04609375
0 0.115625 0.81484375 0.01875 0.04453125
0 0.134375 0.80390625 0.0203125 0.04453125
0 0.13125 0.8546875 0.01328125 0.04140625
0 0.15625 0.8375 0.01640625 0.046875
0 0.190625 0.83828125 0.0296875 0.05859375
0 0.34453125 0.8734375 0.01796875 0.05078125
0 0.184375 0.884375 0.04765625 0.02421875
0 0.10234375 0.9046875 0.0171875 0.03671875
0 0.11640625 0.89453125 0.01640625 0.03125
0 0.1125 0.921875 0.025 0.02421875
0 0.1359375 0.92578125 0.01640625 0.034375
0 0.1859375 0.92890625 0.0484375 0.0171875
0 0.1703125 0.94765625 0.05078125 0.01875
0 0.225 0.90546875 0.01875 0.04609375
0 0.259375 0.9421875 0.040625 0.02421875
0 0.2578125 0.91953125 0.0390625 0.0109375
0 0.28203125 0.925 0.03671875 0.0140625
0 0.3734375 0.9171875 0.04453125 0.0125
0 0.4 0.94609375 0.0171875 0.0328125
0 0.4015625 0.903125 0.05625 0.015625
0 0.36171875 0.94765625 0.05234375 0.01953125
0 0.446875 0.91875 0.040625 0.01484375
0 0.475 0.93515625 0.0359375 0.01640625
0 0.52109375 0.88359375 0.0296875 0.0328125
0 0.56484375 0.9140625 0.0703125 0.01328125
0 0.5421875 0.93203125 0.06015625 0.0140625
0 0.61875 0.91875 0.04453125 0.01484375
0 0.6265625 0.88125 0.02890625 0.0328125
0 0.67578125 0.896875 0.0546875 0.01875
0 0.67578125 0.95 0.0671875 0.0140625
0 0.79140625 0.890625 0.028125 0.03671875
0 0.7859375 0.93046875 0.0359375 0.0359375
0 0.81171875 0.95546875 0.03203125 0.04140625
0 0.86015625 0.93359375 0.03828125 0.02890625