0 0.1984375 0.865625 0.0796875 0.0484375
0 0.0828125 0.81875 0.0515625 0.05625
0 0.11640625 0.77734375 0.0421875 0.059375
0 0.25703125 0.7703125 0.08125 0.0515625
0 0.3390625 0.85859375 0.06875 0.046875
0 0.5296875 0.88984375 0.08125 0.0484375
0 0.625 0.9484375 0.0765625 0.0484375
0 0.6953125 0.93125 0.0609375 0.0390625
0 0.72421875 0.9578125 0.0609375 0.0328125
0 0.72421875 0.8859375 0.0546875 0.06875
0 0.77265625 0.86015625 0.053125 0.0640625
0 0.71484375 0.8078125 0.0515625 0.071875
0 0.5078125 0.76796875 0.0796875 0.05625
0 0.421875 0.72265625 0.0484375 0.0578125
0 0.378125 0.74765625 0.0765625 0.0359375
0 0.0734375 0.63984375 0.040625 0.0515625
0 0.07421875 0.5984375 0.0390625 0.0359375
0 0.10703125 0.59296875 0.034375 0.0578125
0 0.13515625 0.59296875 0.025 0.0265625
0 0.1515625 0.5921875 0.021875 0.025
0 0.1125 0.5421875 0.0390625 0.0546875
0 0.2046875 0.528125 0.0578125 0.0625
0 0.30078125 0.5765625 0.0640625 0.05
0 0.1390625 0.45625 0.05 0.0625
0 0.1703125 0.396875 0.071875 0.034375
0 0.190625 0.36640625 0.046875 0.059375
0 0.2484375 0.40859375 0.0609375 0.0609375
0 0.3171875 0.4171875 0.0546875 0.05625
0 0.321875 0.46484375 0.05625 0.05625
0 0.409375 0.4734375 0.0625 0.05625
0 0.38046875 0.56328125 0.0640625 0.0640625
0 0.4578125 0.56953125 0.0640625 0.0703125
0 0.55390625 0.459375 0.0765625 0.0484375
0 0.53046875 0.36640625 0.05 0.0578125
0 0.546875 0.315625 0.0609375 0.0609375
0 0.446875 0.29375 0.0515625 0.0578125
0 0.51015625 0.24921875 0.053125 0.0578125
0 0.36171875 0.27109375 0.0703125 0.04375
0 0.35078125 0.21015625 0.046875 0.0625
0 0.22578125 0.25703125 0.0546875 0.0546875
0 0.25625 0.165625 0.0625 0.059375
0 0.425 0.14453125 0.0390625 0.05
0 0.46015625 0.175 0.0609375 0.071875
0 0.52265625 0.16015625 0.0734375 0.0546875
0 0.58125 0.1046875 0.0515625 0.0578125
0 0.3171875 0.075 0.04375 0.0578125
0 0.39453125 0.0265625 0.0671875 0.040625
0 0.346875 0.0359375 0.04375 0.0296875
0 0.3015625 0.01328125 0.05625 0.0265625
0 0.26484375 0.0203125 0.0359375 0.040625
0 0.24765625 0.009375 0.0265625 0.01875
0 0.23671875 0.04765625 0.0625 0.0453125
0 0.50390625 0.0359375 0.03125 0.0453125
0 0.4796875 0.0265625 0.0328125 0.028125
0 0.61328125 0.0796875 0.0609375 0.0328125
0 0.62421875 0.0609375 0.0796875 0.0359375
0 0.6828125 0.0875 0.0578125 0.028125
0 0.67890625 0.10234375 0.065625 0.03125
0 0.7421875 0.09296875 0.0625 0.028125
0 0.73125 0.1046875 0.0359375 0.0234375
0 0.734375 0.13671875 0.0671875 0.0390625
0 0.73125 0.16328125 0.0796875 0.0421875
0 0.68359375 0.16953125 0.0609375 0.0421875
0 0.7546875 0.21328125 0.05625 0.053125
0 0.81953125 0.2515625 0.059375 0.0640625
0 0.88359375 0.2375 0.040625 0.046875
0 0.828125 0.17265625 0.0734375 0.0421875
0 0.81328125 0.12578125 0.0234375 0.0171875
0 0.8359375 0.121875 0.025 0.01875
0 0.79140625 0.11484375 0.0234375 0.0234375
0 0.8515625 0.13828125 0.034375 0.0234375
0 0.8484375 0.153125 0.0328125 0.021875
0 0.89453125 0.15234375 0.0265625 0.01875
0 0.9453125 0.153125 0.021875 0.025
0 0.90234375 0.16953125 0.0234375 0.0234375
0 0.9453125 0.18984375 0.021875 0.0203125
0 0.93828125 0.22109375 0.0203125 0.015625
0 0.95078125 0.23359375 0.0203125 0.021875
0 0.92421875 0.3015625 0.0390625 0.059375
0 0.89765625 0.32265625 0.0359375 0.0546875
0 0.88984375 0.38671875 0.0671875 0.0625
0 0.8546875 0.46015625 0.0421875 0.065625
0 0.89296875 0.48359375 0.0609375 0.04375
0 0.7640625 0.47734375 0.0375 0.0578125
0 0.74453125 0.40703125 0.05 0.065625
0 0.70390625 0.39375 0.05 0.0546875
0 0.65625 0.37890625 0.0671875 0.0515625
0 0.78125 0.31953125 0.0421875 0.0609375
0 0.75390625 0.30390625 0.0421875 0.053125