0 0.83671875 0.1171875 0.02890625 0.04609375
0 0.76875 0.19140625 0.01640625 0.04921875
0 0.62734375 0.19296875 0.04765625 0.04375
0 0.58125 0.12734375 0.0625 0.0375
0 0.5296875 0.1796875 0.05390625 0.05078125
0 0.3359375 0.1109375 0.071875 0.0140625
0 0.31171875 0.1265625 0.065625 0.0203125
0 0.26484375 0.14765625 0.07421875 0.025
0 0.25703125 0.1234375 0.0375 0.0125
0 0.225 0.09609375 0.0546875 0.02265625
0 0.11640625 0.17109375 0.03125 0.0453125
0 0.165625 0.1671875 0.03359375 0.03515625
0 0.2 0.14296875 0.05078125 0.02421875
0 0.140625 0.13828125 0.053125 0.01640625
0 0.275 0.1921875 0.06875 0.028125
0 0.35 0.22578125 0.05859375 0.025
0 0.46328125 0.234375 0.059375 0.0296875
0 0.4265625 0.24609375 0.05078125 0.01328125
0 0.26640625 0.22421875 0.06796875 0.015625
0 0.16875 0.26171875 0.0546875 0.02109375
0 0.2640625 0.28515625 0.05546875 0.034375
0 0.21015625 0.3265625 0.03046875 0.0515625
0 0.29453125 0.35 0.07578125 0.0296875
0 0.4390625 0.33984375 0.06484375 0.04140625
0 0.53671875 0.37734375 0.05390625 0.040625
0 0.60625 0.3828125 0.0296875 0.03984375
0 0.765625 0.3953125 0.0375 0.04296875
0 0.60546875 0.446875 0.04375 0.04453125
0 0.80390625 0.4984375 0.025 0.04453125
0 0.825 0.46171875 0.03359375 0.040625
0 0.73125 0.52578125 0.02734375 0.04375
0 0.725 0.48515625 0.0328125 0.02421875
0 0.76484375 0.465625 0.0453125 0.01953125
0 0.540625 0.4609375 0.05234375 0.02109375
0 0.42578125 0.43046875 0.02890625 0.040625
0 0.315625 0.38515625 0.06796875 0.02109375
0 0.34921875 0.42578125 0.053125 0.02890625
0 0.25859375 0.4203125 0.0515625 0.0328125
0 0.25078125 0.4796875 0.03359375 0.04140625
0 0.259375 0.45234375 0.0625 0.021875
0 0.3109375 0.475 0.0515625 0.03515625
0 0.35625 0.471875 0.0203125 0.040625
0 0.44453125 0.484375 0.0546875 0.02421875
0 0.14375 0.54453125 0.02578125 0.03984375
0 0.18359375 0.51015625 0.03203125 0.0484375
0 0.215625 0.56953125 0.06328125 0.01796875
0 0.3328125 0.54609375 0.03046875 0.04921875
0 0.4015625 0.51875 0.06328125 0.01640625
0 0.6 0.5328125 0.04921875 0.02109375
0 0.67734375 0.53984375 0.06328125 0.02734375
0 0.82109375 0.5453125 0.01953125 0.0421875
0 0.7578125 0.5625 0.02734375 0.046875
0 0.7359375 0.56484375 0.02109375 0.0125
0 0.63359375 0.6078125 0.0171875 0.04375
0 0.68203125 0.6015625 0.03515625 0.05
0 0.521875 0.54921875 0.0640625 0.0234375
0 0.56328125 0.57734375 0.03125 0.025
0 0.4234375 0.58515625 0.05546875 0.0234375
0 0.37265625 0.59609375 0.0203125 0.04140625
0 0.38359375 0.5640625 0.040625 0.03125
0 0.23984375 0.59375 0.04609375 0.028125
0 0.1515625 0.6234375 0.02109375 0.0453125
0 0.14921875 0.6609375 0.02421875 0.0203125
0 0.26640625 0.640625 0.05234375 0.01484375
0 0.2875 0.67265625 0.01875 0.04140625
0 0.3515625 0.671875 0.02890625 0.03046875
0 0.78046875 0.58984375 0.03203125 0.03203125
0 0.77265625 0.63359375 0.03125 0.03828125
0 0.78984375 0.71875 0.03515625 0.04453125
0 0.734375 0.73203125 0.04375 0.03359375
0 0.5625 0.7328125 0.0296875 0.0375
0 0.40078125 0.71796875 0.0625 0.0140625
0 0.3203125 0.7359375 0.0546875 0.0265625
0 0.2234375 0.7515625 0.03203125 0.04296875
0 0.23671875 0.71171875 0.05390625 0.02890625
0 0.14765625 0.76796875 0.05234375 0.034375
0 0.14453125 0.8171875 0.0265625 0.04453125
0 0.20625 0.82421875 0.0625 0.02421875
0 0.278125 0.8109375 0.01328125 0.040625
0 0.2515625 0.79765625 0.03828125 0.01484375
0 0.328125 0.78125 0.0609375 0.02578125
0 0.3234375 0.828125 0.01796875 0.03671875
0 0.42890625 0.81015625 0.06796875 0.021875
0 0.5 0.809375 0.05859375 0.02890625
0 0.471875 0.7671875 0.0625 0.02109375
0 0.71015625 0.79453125 0.03046875 0.0421875
0 0.77109375 0.8203125 0.03515625 0.03984375
0 0.7296875 0.88515625 0.0734375 0.025
0 0.56171875 0.85859375 0.05859375 0.01875
0 0.4390625 0.85625 0.04375 0.03828125
0 0.46171875 0.91640625 0.0546875 0.02421875
0 0.3734375 0.94609375 0.08671875 0.02578125
0 0.2484375 0.903125 0.06875 0.0171875
0 0.178125 0.9 0.06015625 0.01640625
0 0.1296875 0.86796875 0.0234375 0.0453125
0 0.1546875 0.87578125 0.03515625 0.0421875
0 0.14140625 0.9390625 0.04921875 0.01796875
0 0.2 0.9390625 0.04609375 0.03515625
0 0.2875 0.95 0.0578125 0.0296875