0 0.5953125 0.90390625 0.0421875 0.05
0 0.65 0.90859375 0.04375 0.0453125
0 0.67421875 0.88125 0.0375 0.03125
0 0.5015625 0.84375 0.0703125 0.0359375
0 0.5953125 0.8359375 0.075 0.0375
0 0.70390625 0.87421875 0.0265625 0.021875
0 0.70625 0.853125 0.0203125 0.01875
0 0.73671875 0.8171875 0.0578125 0.040625
0 0.7359375 0.89609375 0.0359375 0.0625
0 0.43359375 0.85625 0.028125 0.0625
0 0.44609375 0.78515625 0.059375 0.03125
0 0.39609375 0.8796875 0.0515625 0.025
0 0.3375 0.89140625 0.0703125 0.015625
0 0.21015625 0.88515625 0.0703125 0.0234375
0 0.3078125 0.85078125 0.0421875 0.05
0 0.1859375 0.84921875 0.03125 0.0171875
0 0.20859375 0.83125 0.0203125 0.0390625
0 0.14453125 0.84453125 0.046875 0.0421875
0 0.1765625 0.80859375 0.0453125 0.01875
0 0.11328125 0.78046875 0.046875 0.015625
0 0.1484375 0.74453125 0.03125 0.0609375
0 0.11875 0.74921875 0.0234375 0.053125
0 0.0875 0.75234375 0.0296875 0.053125
0 0.11015625 0.70703125 0.0265625 0.0390625
0 0.1609375 0.66015625 0.0328125 0.053125
0 0.1015625 0.65546875 0.01875 0.0265625
0 0.11875 0.65390625 0.01875 0.021875
0 0.27734375 0.72890625 0.0359375 0.0359375
0 0.3109375 0.76953125 0.0578125 0.0375
0 0.32265625 0.7171875 0.0328125 0.040625
0 0.3484375 0.6890625 0.0453125 0.01875
0 0.4046875 0.703125 0.0421875 0.0265625
0 0.42734375 0.63125 0.0328125 0.053125
0 0.49765625 0.6234375 0.05625 0.040625
0 0.5828125 0.68125 0.075 0.034375
0 0.375 0.5796875 0.0375 0.05625
0 0.303125 0.58203125 0.0359375 0.0578125
0 0.24765625 0.59453125 0.0578125 0.0296875
0 0.2125 0.55390625 0.0359375 0.05625
0 0.1203125 0.55703125 0.0375 0.0578125
0 0.121875 0.4921875 0.01875 0.01875
0 0.13984375 0.478125 0.0234375 0.0234375
0 0.1171875 0.44609375 0.0578125 0.0265625
0 0.16796875 0.434375 0.040625 0.034375
0 0.115625 0.3625 0.0421875 0.0484375
0 0.2078125 0.3546875 0.0234375 0.025
0 0.2203125 0.33203125 0.025 0.0203125
0 0.134375 0.296875 0.046875 0.0515625
0 0.33046875 0.2328125 0.0328125 0.0515625
0 0.37890625 0.29296875 0.040625 0.0453125
0 0.44296875 0.221875 0.0359375 0.0609375
0 0.39609375 0.19609375 0.0671875 0.0390625
0 0.4046875 0.15703125 0.0765625 0.034375
0 0.48984375 0.16640625 0.0453125 0.04375
0 0.47578125 0.13359375 0.0828125 0.0265625
0 0.52890625 0.19140625 0.04375 0.05
0 0.61875 0.15234375 0.0421875 0.021875
0 0.65 0.13984375 0.0359375 0.0234375
0 0.64453125 0.11953125 0.04375 0.021875
0 0.60390625 0.09921875 0.059375 0.021875
0 0.540625 0.08359375 0.065625 0.0359375
0 0.7015625 0.12421875 0.0453125 0.0296875
0 0.7453125 0.13125 0.0390625 0.028125
0 0.75390625 0.08828125 0.0515625 0.0375
0 0.7984375 0.1328125 0.021875 0.021875
0 0.84453125 0.1046875 0.0265625 0.0203125
0 0.83984375 0.13046875 0.0203125 0.0359375
0 0.82109375 0.1875 0.0296875 0.05
0 0.83046875 0.2359375 0.046875 0.0359375
0 0.725 0.2234375 0.05 0.059375
0 0.7796875 0.27109375 0.0578125 0.0359375
0 0.62578125 0.30546875 0.08125 0.0265625
0 0.51015625 0.3015625 0.034375 0.0578125
0 0.5265625 0.3703125 0.071875 0.0234375
0 0.6234375 0.42109375 0.0671875 0.025
0 0.79453125 0.44375 0.0390625 0.053125
0 0.6890625 0.51796875 0.059375 0.025
0 0.48046875 0.5234375 0.0671875 0.03125
0 0.56328125 0.58359375 0.0515625 0.04375
0 0.65234375 0.55703125 0.0296875 0.01875
0 0.69140625 0.55859375 0.0453125 0.0484375
0 0.7703125 0.57578125 0.040625 0.059375
0 0.7171875 0.634375 0.0609375 0.025
0 0.76484375 0.64765625 0.05 0.0234375
0 0.759375 0.66640625 0.0453125 0.0203125
0 0.77265625 0.6828125 0.0546875 0.0234375
0 0.6921875 0.69765625 0.0359375 0.025
0 0.65234375 0.6828125 0.0328125 0.0171875
0 0.7203125 0.74453125 0.05625 0.046875
0 0.828125 0.77265625 0.0640625 0.0375
0 0.7859375 0.79296875 0.0421875 0.065625
0 0.77734375 0.8625 0.0328125 0.0453125
0 0.81953125 0.88125 0.03125 0.034375
0 0.8140625 0.9203125 0.0421875 0.0390625
0 0.784375 0.89609375 0.0203125 0.0234375
0 0.35 0.51484375 0.065625 0.046875