0 0.76171875 0.11328125 0.0890625 0.0421875
0 0.5671875 0.11171875 0.0890625 0.03125
0 0.43828125 0.13046875 0.0765625 0.0203125
0 0.3828125 0.13046875 0.0265625 0.04375
0 0.3125 0.08203125 0.05625 0.0375
0 0.2671875 0.06953125 0.0390625 0.0453125
0 0.2078125 0.05078125 0.0390625 0.03125
0 0.1640625 0.05703125 0.04375 0.0453125
0 0.159375 0.09296875 0.028125 0.046875
0 0.2125 0.075 0.0609375 0.01875
0 0.20703125 0.11640625 0.0578125 0.04375
0 0.20859375 0.18046875 0.046875 0.040625
0 0.1796875 0.21328125 0.0375 0.05
0 0.25390625 0.165625 0.028125 0.0484375
0 0.2765625 0.16640625 0.0671875 0.021875
0 0.33046875 0.1796875 0.0390625 0.053125
0 0.35625 0.1640625 0.040625 0.0265625
0 0.5125 0.196875 0.0734375 0.028125
0 0.85625 0.1984375 0.06875 0.028125
0 0.90703125 0.19296875 0.0234375 0.0515625
0 0.89296875 0.2328125 0.0234375 0.0421875
0 0.89921875 0.278125 0.040625 0.0390625
0 0.7828125 0.28125 0.0359375 0.0484375
0 0.74921875 0.2875 0.0296875 0.0515625
0 0.709375 0.28203125 0.0671875 0.034375
0 0.56953125 0.3125 0.0578125 0.0390625
0 0.42265625 0.30546875 0.04375 0.05
0 0.33671875 0.22890625 0.071875 0.0328125
0 0.25390625 0.21484375 0.0671875 0.0359375
0 0.25390625 0.29140625 0.0421875 0.05625
0 0.2921875 0.36484375 0.0375 0.05
0 0.2125 0.3796875 0.028125 0.0515625
0 0.390625 0.3578125 0.075 0.0359375
0 0.37421875 0.38828125 0.040625 0.0421875
0 0.47890625 0.40703125 0.06875 0.0375
0 0.16796875 0.45703125 0.0265625 0.04375
0 0.14453125 0.43046875 0.028125 0.0484375
0 0.6125 0.41015625 0.05 0.05
0 0.80546875 0.3640625 0.06875 0.028125
0 0.87265625 0.33359375 0.0484375 0.040625
0 0.91328125 0.37890625 0.0265625 0.053125
0 0.89375 0.3984375 0.0359375 0.053125
0 0.8984375 0.44296875 0.021875 0.040625
0 0.8796875 0.44375 0.0234375 0.0453125
0 0.8609375 0.409375 0.046875 0.0328125
0 0.81875 0.39296875 0.05 0.0359375
0 0.796875 0.44609375 0.028125 0.059375
0 0.78203125 0.44140625 0.0171875 0.046875
0 0.8625 0.47734375 0.0265625 0.05
0 0.88515625 0.52421875 0.03125 0.0515625
0 0.7984375 0.52734375 0.0359375 0.0484375
0 0.5859375 0.50546875 0.040625 0.05
0 0.33046875 0.52578125 0.0609375 0.0234375
0 0.28046875 0.5515625 0.0453125 0.053125
0 0.3890625 0.575 0.0734375 0.0390625
0 0.19609375 0.5390625 0.028125 0.0609375
0 0.14453125 0.55390625 0.0671875 0.034375
0 0.14453125 0.63046875 0.040625 0.0640625
0 0.33125 0.65078125 0.078125 0.028125
0 0.59140625 0.6234375 0.08125 0.0390625
0 0.71171875 0.59296875 0.0609375 0.0484375
0 0.759375 0.5640625 0.05 0.0421875
0 0.8734375 0.57109375 0.0203125 0.05
0 0.85546875 0.57734375 0.025 0.0484375
0 0.83203125 0.5671875 0.0328125 0.0390625
0 0.8375 0.60859375 0.0421875 0.0375
0 0.80625 0.65546875 0.078125 0.03125
0 0.275 0.7203125 0.021875 0.0515625
0 0.32265625 0.6828125 0.034375 0.03125
0 0.3375 0.70859375 0.0578125 0.0203125
0 0.58671875 0.7375 0.028125 0.0515625
0 0.56875 0.71796875 0.03125 0.03125
0 0.375 0.75234375 0.025 0.0375
0 0.36484375 0.7875 0.025 0.0359375
0 0.30234375 0.81015625 0.0203125 0.0375
0 0.26875 0.825 0.06875 0.0328125
0 0.190625 0.834375 0.0484375 0.0359375
0 0.69765625 0.76015625 0.040625 0.0390625
0 0.796875 0.70078125 0.0453125 0.0296875
0 0.78125 0.76015625 0.0203125 0.028125
0 0.65625 0.8140625 0.0703125 0.0265625
0 0.52109375 0.83203125 0.0625 0.03125
0 0.44296875 0.83359375 0.0421875 0.0515625
0 0.28984375 0.86328125 0.034375 0.0375
0 0.2265625 0.865625 0.0625 0.0296875
0 0.33359375 0.88046875 0.046875 0.021875
0 0.36796875 0.875 0.03125 0.021875
0 0.3484375 0.91796875 0.046875 0.021875
0 0.35 0.89453125 0.0390625 0.0171875
0 0.39140625 0.90859375 0.0546875 0.0171875
0 0.440625 0.87890625 0.0453125 0.0296875
0 0.496875 0.8828125 0.0390625 0.046875
0 0.4734375 0.875 0.01875 0.0390625
0 0.46171875 0.915625 0.059375 0.028125
0 0.596875 0.884375 0.071875 0.0359375
0 0.6421875 0.91796875 0.028125 0.053125
0 0.734375 0.9203125 0.0703125 0.03125
0 0.80078125 0.921875 0.05 0.040625