0 0.1625 0.81171875 0.05625 0.0265625
0 0.278125 0.85 0.03125 0.0390625
0 0.2015625 0.79921875 0.0296875 0.0203125
0 0.19453125 0.81171875 0.0296875 0.021875
0 0.30390625 0.82578125 0.0265625 0.0203125
0 0.28828125 0.83046875 0.021875 0.0171875
0 0.34609375 0.8109375 0.046875 0.0515625
0 0.33984375 0.78046875 0.0796875 0.0375
0 0.24453125 0.753125 0.0703125 0.0375
0 0.1265625 0.7578125 0.0421875 0.053125
0 0.115625 0.72421875 0.0671875 0.0328125
0 0.0734375 0.71015625 0.0328125 0.0421875
0 0.07578125 0.68046875 0.0203125 0.01875
0 0.20625 0.696875 0.0484375 0.053125
0 0.3046875 0.71171875 0.071875 0.04375
0 0.33828125 0.7453125 0.0875 0.0421875
0 0.43828125 0.7453125 0.0484375 0.05625
0 0.4953125 0.84296875 0.05 0.0328125
0 0.46953125 0.85625 0.0296875 0.0234375
0 0.53984375 0.85625 0.0609375 0.0546875
0 0.5953125 0.859375 0.0546875 0.0421875
0 0.6375 0.82734375 0.0421875 0.0578125
0 0.5625 0.81171875 0.071875 0.053125
0 0.49765625 0.79453125 0.0625 0.059375
0 0.63125 0.77109375 0.059375 0.04375
0 0.684375 0.81171875 0.0484375 0.053125
0 0.68671875 0.88828125 0.053125 0.05
0 0.73671875 0.921875 0.0359375 0.0546875
0 0.71875 0.7421875 0.0453125 0.0328125
0 0.75078125 0.76015625 0.028125 0.0515625
0 0.60390625 0.71171875 0.05625 0.0546875
0 0.6125 0.665625 0.053125 0.053125
0 0.68125 0.67734375 0.053125 0.0640625
0 0.51171875 0.67265625 0.04375 0.0546875
0 0.39765625 0.63828125 0.0390625 0.059375
0 0.3140625 0.646875 0.053125 0.0625
0 0.15546875 0.625 0.0390625 0.05625
0 0.15390625 0.5578125 0.059375 0.0609375
0 0.2984375 0.55234375 0.0671875 0.0515625
0 0.37734375 0.60234375 0.04375 0.03125
0 0.51953125 0.578125 0.0390625 0.034375
0 0.4828125 0.56328125 0.0375 0.0390625
0 0.62421875 0.59921875 0.053125 0.05
0 0.66171875 0.57890625 0.05 0.0515625
0 0.57265625 0.52421875 0.0515625 0.0609375
0 0.66328125 0.51796875 0.0578125 0.059375
0 0.3875 0.52734375 0.0625 0.040625
0 0.3796875 0.48515625 0.0421875 0.0515625
0 0.34296875 0.48125 0.0421875 0.059375
0 0.27578125 0.484375 0.0484375 0.0640625
0 0.32734375 0.428125 0.0421875 0.059375
0 0.40703125 0.4515625 0.04375 0.0546875
0 0.51796875 0.4390625 0.0390625 0.0546875
0 0.43359375 0.4015625 0.0734375 0.0390625
0 0.509375 0.39453125 0.0734375 0.0375
0 0.684375 0.453125 0.0421875 0.0296875
0 0.67890625 0.47265625 0.028125 0.025
0 0.82734375 0.49765625 0.04375 0.059375
0 0.8734375 0.41640625 0.0375 0.053125
0 0.86796875 0.36328125 0.0453125 0.059375
0 0.78984375 0.384375 0.075 0.040625
0 0.7453125 0.40546875 0.0296875 0.040625
0 0.7265625 0.36953125 0.0375 0.0484375
0 0.8359375 0.328125 0.034375 0.0359375
0 0.80546875 0.35078125 0.0703125 0.040625
0 0.72578125 0.29453125 0.059375 0.046875
0 0.6328125 0.25078125 0.078125 0.0421875
0 0.59921875 0.28203125 0.040625 0.0546875
0 0.57890625 0.36015625 0.065625 0.0375
0 0.49921875 0.325 0.065625 0.04375
0 0.39765625 0.26796875 0.0640625 0.0640625
0 0.5640625 0.1703125 0.0671875 0.0484375
0 0.76796875 0.22734375 0.05 0.0375
0 0.85546875 0.28125 0.0296875 0.0296875
0 0.8421875 0.26015625 0.0234375 0.01875
0 0.86640625 0.22109375 0.0609375 0.0453125
0 0.915625 0.1953125 0.053125 0.04375
0 0.78515625 0.19453125 0.078125 0.0390625
0 0.7703125 0.16796875 0.0734375 0.0359375
0 0.74609375 0.1265625 0.0359375 0.053125
0 0.67265625 0.14375 0.075 0.040625
0 0.6796875 0.17734375 0.08125 0.0453125
0 0.575 0.14375 0.0421875 0.028125
0 0.59765625 0.1015625 0.0296875 0.0296875
0 0.5796875 0.11796875 0.03125 0.025
0 0.55546875 0.09921875 0.0515625 0.0296875
0 0.4703125 0.140625 0.04375 0.0578125
0 0.40859375 0.15703125 0.071875 0.040625
0 0.40234375 0.12421875 0.06875 0.05
0 0.440625 0.0609375 0.0734375 0.0390625
0 0.34609375 0.04140625 0.0703125 0.05
0 0.25859375 0.0375 0.0453125 0.059375
0 0.253125 0.17578125 0.0578125 0.0546875
0 0.28515625 0.2109375 0.046875 0.0484375
0 0.275 0.2390625 0.0921875 0.040625
0 0.19375 0.2625 0.04375 0.0609375
0 0.23828125 0.30859375 0.0421875 0.0609375
0 0.28828125 0.32265625 0.04375 0.0671875