0 0.16953125 0.0890625 0.06875 0.034375
0 0.2359375 0.0921875 0.059375 0.03046875
0 0.3625 0.10703125 0.06484375 0.0390625
0 0.29140625 0.1265625 0.0421875 0.0484375
0 0.4875 0.10625 0.07265625 0.02890625
0 0.56015625 0.134375 0.06640625 0.03515625
0 0.7203125 0.1296875 0.0421875 0.065625
0 0.80546875 0.1109375 0.0734375 0.03125
0 0.621875 0.19609375 0.071875 0.03125
0 0.32890625 0.22890625 0.03828125 0.06328125
0 0.2765625 0.27578125 0.04921875 0.0484375
0 0.13203125 0.2421875 0.07578125 0.04296875
0 0.51640625 0.31484375 0.0609375 0.03359375
0 0.69140625 0.30390625 0.06796875 0.03125
0 0.79375 0.27734375 0.02734375 0.0484375
0 0.8234375 0.3234375 0.02421875 0.0203125
0 0.82578125 0.30546875 0.04296875 0.01796875
0 0.665625 0.353125 0.07734375 0.0296875
0 0.15390625 0.4859375 0.034375 0.05546875
0 0.1140625 0.49140625 0.03359375 0.05
0 0.115625 0.5390625 0.025 0.04140625
0 0.184375 0.56328125 0.02890625 0.0515625
0 0.42109375 0.4765625 0.07109375 0.02265625
0 0.11796875 0.58125 0.065625 0.02890625
0 0.13125 0.61328125 0.028125 0.04375
0 0.11171875 0.653125 0.04453125 0.03671875
0 0.15 0.665625 0.0203125 0.02109375
0 0.17578125 0.65546875 0.03125 0.0453125
0 0.121875 0.68828125 0.0484375 0.02578125
0 0.2765625 0.5984375 0.05390625 0.03515625
0 0.37890625 0.5875 0.025 0.046875
0 0.453125 0.52734375 0.071875 0.0515625
0 0.4875 0.58203125 0.046875 0.04765625
0 0.56796875 0.56171875 0.0484375 0.04296875
0 0.65859375 0.50078125 0.04140625 0.04296875
0 0.68671875 0.45703125 0.03671875 0.04765625
0 0.80078125 0.403125 0.04296875 0.0546875
0 0.84140625 0.434375 0.05234375 0.03359375
0 0.84609375 0.509375 0.01953125 0.046875
0 0.853125 0.54296875 0.02578125 0.02109375
0 0.790625 0.55078125 0.02578125 0.05859375
0 0.69765625 0.56484375 0.0734375 0.01875
0 0.8125 0.60625 0.04140625 0.05859375
0 0.84453125 0.61640625 0.02109375 0.0578125
0 0.8625 0.5921875 0.0203125 0.05078125
0 0.72421875 0.6484375 0.06875 0.0359375
0 0.578125 0.67421875 0.0703125 0.0375
0 0.3890625 0.665625 0.04453125 0.0453125
0 0.32890625 0.675 0.02890625 0.0546875
0 0.2921875 0.62890625 0.08203125 0.02109375
0 0.2578125 0.6734375 0.059375 0.03984375
0 0.140625 0.7203125 0.02265625 0.03515625
0 0.1625 0.71484375 0.021875 0.02109375
0 0.109375 0.7390625 0.03125 0.0484375
0 0.33203125 0.74921875 0.05078125 0.0515625
0 0.384375 0.7265625 0.02265625 0.04140625
0 0.44609375 0.7 0.0859375 0.021875
0 0.49453125 0.7453125 0.03515625 0.0515625
0 0.44140625 0.7453125 0.03125 0.0515625
0 0.46796875 0.7859375 0.04765625 0.03125
0 0.515625 0.81015625 0.0453125 0.04296875
0 0.56171875 0.76796875 0.03515625 0.0625
0 0.73046875 0.73359375 0.03515625 0.05546875
0 0.79375 0.7640625 0.04453125 0.04921875
0 0.81015625 0.70703125 0.03515625 0.05703125
0 0.8578125 0.6859375 0.0359375 0.0546875
0 0.646875 0.878125 0.046875 0.02109375
0 0.734375 0.90703125 0.08046875 0.02890625
0 0.64609375 0.86171875 0.0328125 0.01953125
0 0.63515625 0.83828125 0.05625 0.021875
0 0.5671875 0.903125 0.05078125 0.0203125
0 0.58359375 0.92734375 0.04921875 0.02890625
0 0.51171875 0.89921875 0.02734375 0.03828125
0 0.50625 0.928125 0.05 0.0140625
0 0.46484375 0.9171875 0.03203125 0.0421875
0 0.49140625 0.86640625 0.05859375 0.02265625
0 0.4328125 0.87109375 0.05390625 0.03359375
0 0.4203125 0.909375 0.06015625 0.02578125
0 0.37265625 0.8859375 0.0265625 0.05
0 0.29921875 0.85625 0.03125 0.0671875
0 0.31875 0.92421875 0.053125 0.02109375
0 0.19921875 0.9453125 0.028125 0.0328125
0 0.1640625 0.946875 0.02421875 0.03515625
0 0.11015625 0.93828125 0.03046875 0.01796875
0 0.109375 0.909375 0.02109375 0.0265625
0 0.1609375 0.91328125 0.025 0.01875
0 0.15546875 0.8859375 0.021875 0.01875
0 0.17109375 0.90390625 0.01484375 0.01328125
0 0.17109375 0.84921875 0.0296875 0.0375
0 0.14140625 0.8625 0.01796875 0.0234375
0 0.10625 0.83671875 0.021875 0.03984375
0 0.14453125 0.81484375 0.015625 0.02734375
0 0.1375 0.78125 0.01953125 0.0453125