0 0.796875 0.11796875 0.02265625 0.028125
0 0.82109375 0.10234375 0.02421875 0.0328125
0 0.84921875 0.09296875 0.03203125 0.02109375
0 0.79296875 0.0984375 0.0453125 0.0125
0 0.81484375 0.1484375 0.0265625 0.03984375
0 0.8640625 0.16171875 0.0390625 0.040625
0 0.71171875 0.16484375 0.03828125 0.03671875
0 0.74609375 0.13046875 0.06015625 0.025
0 0.63984375 0.16484375 0.04453125 0.0359375
0 0.659375 0.15 0.03125 0.03515625
0 0.68671875 0.109375 0.05390625 0.015625
0 0.63984375 0.1125 0.0453125 0.0265625
0 0.4875 0.1453125 0.0390625 0.03671875
0 0.603125 0.26796875 0.0296875 0.04609375
0 0.69375 0.259375 0.05546875 0.03203125
0 0.75859375 0.21328125 0.04375 0.0390625
0 0.79453125 0.24765625 0.03984375 0.03203125
0 0.83515625 0.22265625 0.0296875 0.0453125
0 0.82421875 0.30625 0.05703125 0.02421875
0 0.52109375 0.275 0.05234375 0.03671875
0 0.603125 0.33125 0.040625 0.0390625
0 0.30390625 0.25859375 0.04296875 0.0296875
0 0.3265625 0.24296875 0.021875 0.03984375
0 0.3734375 0.21875 0.03359375 0.0484375
0 0.328125 0.20625 0.06875 0.0203125
0 0.26328125 0.221875 0.0671875 0.02265625
0 0.309375 0.31953125 0.0359375 0.034375
0 0.35078125 0.29609375 0.0296875 0.0421875
0 0.196875 0.26328125 0.065625 0.0234375
0 0.23515625 0.35546875 0.025 0.04296875
0 0.82265625 0.40234375 0.021875 0.0375
0 0.740625 0.39296875 0.03828125 0.0390625
0 0.63125 0.3875 0.046875 0.03359375
0 0.725 0.43671875 0.03984375 0.040625
0 0.7796875 0.46796875 0.028125 0.04375
0 0.85234375 0.4890625 0.03203125 0.04375
0 0.6484375 0.61015625 0.0265625 0.0546875
0 0.678125 0.5703125 0.0234375 0.0484375
0 0.71953125 0.534375 0.02421875 0.04921875
0 0.82578125 0.56484375 0.04609375 0.04296875
0 0.63359375 0.5125 0.0515625 0.0328125
0 0.56640625 0.44453125 0.05 0.021875
0 0.5671875 0.42578125 0.059375 0.0140625
0 0.49375 0.4140625 0.05625 0.03046875
0 0.346875 0.43359375 0.0328125 0.03203125
0 0.2578125 0.4484375 0.04140625 0.0390625
0 0.1546875 0.49296875 0.0796875 0.0234375
0 0.28984375 0.55 0.06875 0.025
0 0.2703125 0.52578125 0.0609375 0.01328125
0 0.2625 0.49921875 0.0421875 0.03203125
0 0.43828125 0.49296875 0.075 0.01953125
0 0.45546875 0.55 0.03984375 0.04296875
0 0.190625 0.52890625 0.06640625 0.03359375
0 0.159375 0.565625 0.059375 0.02578125
0 0.22890625 0.58203125 0.05078125 0.02890625
0 0.228125 0.55390625 0.0421875 0.03046875
0 0.35546875 0.59375 0.03984375 0.03828125
0 0.55546875 0.5609375 0.0328125 0.05703125
0 0.6140625 0.56328125 0.025 0.05
0 0.7140625 0.67265625 0.0359375 0.04375
0 0.7515625 0.68671875 0.040625 0.0359375
0 0.7859375 0.66875 0.02265625 0.05
0 0.41875 0.68515625 0.03359375 0.04453125
0 0.3609375 0.6625 0.0625 0.021875
0 0.28828125 0.68359375 0.02734375 0.0359375
0 0.29765625 0.65078125 0.04921875 0.040625
0 0.171875 0.81484375 0.03828125 0.06171875
0 0.38125 0.77734375 0.0296875 0.0359375
0 0.40625 0.7890625 0.025 0.0234375
0 0.52890625 0.77734375 0.06015625 0.021875
0 0.63828125 0.83046875 0.06875 0.0125
0 0.61875 0.82109375 0.04375 0.0109375
0 0.80625 0.7953125 0.05859375 0.0328125
0 0.81171875 0.8453125 0.02890625 0.05234375
0 0.8453125 0.93203125 0.04609375 0.0375
0 0.77421875 0.93125 0.03203125 0.02734375
0 0.728125 0.94609375 0.0546875 0.0171875
0 0.67265625 0.9078125 0.0453125 0.028125
0 0.67890625 0.8765625 0.02109375 0.02578125
0 0.6875 0.84921875 0.03125 0.02890625
0 0.56640625 0.85703125 0.06171875 0.0171875
0 0.52890625 0.91953125 0.02421875 0.04296875
0 0.5578125 0.92578125 0.04453125 0.01171875
0 0.58046875 0.90625 0.0546875 0.0171875
0 0.49609375 0.903125 0.0515625 0.01015625
0 0.3859375 0.91171875 0.0296875 0.01796875
0 0.3875 0.8890625 0.07265625 0.01953125
0 0.43671875 0.9203125 0.06875 0.0203125
0 0.3390625 0.85625 0.0546875 0.034375
0 0.13984375 0.9125 0.0390625 0.0171875
0 0.1734375 0.890625 0.05234375 0.03515625
0 0.275 0.9328125 0.0625 0.01640625
0 0.11796875 0.925 0.0265625 0.0359375
0 0.15625 0.9203125 0.04609375 0.0125
0 0.178125 0.9328125 0.0578125 0.028125