0 0.640625 0.06796875 0.046875 0.0296875
0 0.97890625 0.12421875 0.0234375 0.0375
0 0.91640625 0.18203125 0.0578125 0.0296875
0 0.98046875 0.1921875 0.0390625 0.03125
0 0.95625 0.2734375 0.034375 0.04375
0 0.91796875 0.3609375 0.0421875 0.0421875
0 0.89765625 0.465625 0.0421875 0.0390625
0 0.90234375 0.5609375 0.0390625 0.05
0 0.86796875 0.50078125 0.0296875 0.0265625
0 0.84609375 0.50703125 0.034375 0.0265625
0 0.80390625 0.5109375 0.05 0.0234375
0 0.7921875 0.61953125 0.046875 0.028125
0 0.91015625 0.6421875 0.025 0.0328125
0 0.8875 0.73671875 0.0421875 0.0328125
0 0.7265625 0.77890625 0.0484375 0.040625
0 0.86328125 0.84140625 0.0515625 0.0390625
0 0.81796875 0.8359375 0.0546875 0.03125
0 0.1421875 0.628125 0.0359375 0.0515625
0 0.63125 0.96796875 0.0484375 0.040625
0 0.76796875 0.984375 0.0390625 0.03125