0 0.67890625 0.76640625 0.040625 0.05625
0 0.7140625 0.7703125 0.0375 0.05
0 0.44921875 0.61640625 0.0328125 0.040625
0 0.58515625 0.5609375 0.0375 0.0578125
0 0.52265625 0.50234375 0.046875 0.053125
0 0.44765625 0.5 0.053125 0.0359375
0 0.3546875 0.47890625 0.0421875 0.053125
0 0.50390625 0.4515625 0.046875 0.0265625
0 0.5421875 0.4140625 0.040625 0.0421875
0 0.625 0.434375 0.046875 0.05625
0 0.64765625 0.5171875 0.059375 0.0484375
0 0.8 0.58203125 0.034375 0.0421875
0 0.75 0.4890625 0.0703125 0.0234375
0 0.77734375 0.45703125 0.0296875 0.053125
0 0.6296875 0.378125 0.05 0.053125
0 0.58359375 0.39453125 0.03125 0.03125
0 0.51171875 0.32734375 0.0765625 0.0390625
0 0.45390625 0.3640625 0.0390625 0.0453125
0 0.65625 0.2625 0.0796875 0.0515625
0 0.8609375 0.30390625 0.0625 0.046875