0 0.65625 0.17109375 0.06484375 0.01875
0 0.6734375 0.2546875 0.05078125 0.02578125
0 0.48359375 0.34296875 0.03515625 0.0390625
0 0.359375 0.34609375 0.0453125 0.02265625
0 0.37890625 0.440625 0.03125 0.0390625
0 0.5125 0.475 0.05703125 0.02109375
0 0.7125 0.503125 0.0484375 0.0328125
0 0.253125 0.50859375 0.02890625 0.04609375
0 0.25625 0.6171875 0.0453125 0.03203125
0 0.31640625 0.63359375 0.0296875 0.05
0 0.46875 0.60078125 0.0328125 0.03984375
0 0.44921875 0.6640625 0.05703125 0.02578125
0 0.56796875 0.65234375 0.02890625 0.03515625
0 0.63828125 0.62109375 0.053125 0.028125
0 0.6765625 0.571875 0.0390625 0.04453125
0 0.77109375 0.6671875 0.05546875 0.03203125
0 0.81953125 0.7796875 0.05234375 0.03125
0 0.61015625 0.77578125 0.025 0.04453125
0 0.5328125 0.825 0.06484375 0.0328125
0 0.753125 0.85625 0.03984375 0.040625