0 0.4953125 0.68828125 0.075 0.021875
0 0.50625 0.6390625 0.0375 0.046875
0 0.55703125 0.6296875 0.028125 0.05
0 0.603125 0.584375 0.04375 0.05625
0 0.52578125 0.546875 0.0765625 0.0234375
0 0.390625 0.60234375 0.05 0.040625
0 0.3953125 0.55078125 0.075 0.0265625
0 0.62890625 0.52265625 0.0546875 0.053125
0 0.63671875 0.47890625 0.03125 0.025
0 0.72421875 0.49765625 0.0625 0.034375
0 0.52734375 0.4546875 0.046875 0.0421875
0 0.4609375 0.459375 0.0703125 0.0265625
0 0.40546875 0.465625 0.0296875 0.0578125
0 0.35703125 0.42265625 0.0328125 0.0578125
0 0.46875 0.39609375 0.0796875 0.0171875
0 0.26875 0.37421875 0.071875 0.0203125
0 0.52734375 0.26015625 0.0765625 0.0234375
0 0.640625 0.11796875 0.046875 0.040625
0 0.55234375 0.34609375 0.0515625 0.046875
0 0.69375 0.38359375 0.03125 0.059375