0 0.4921875 0.0453125 0.0453125 0.0265625
0 0.1515625 0.009375 0.021875 0.01875
0 0.19453125 0.07421875 0.0578125 0.028125
0 0.12265625 0.0625 0.0546875 0.028125
0 0.1296875 0.15 0.0328125 0.04375
0 0.140625 0.2453125 0.040625 0.040625
0 0.1296875 0.35078125 0.040625 0.0375
0 0.096875 0.440625 0.0359375 0.0484375
0 0.14765625 0.39296875 0.0296875 0.025
0 0.1671875 0.40546875 0.0328125 0.025
0 0.20625 0.42109375 0.05 0.0203125
0 0.18515625 0.52890625 0.0453125 0.0265625
0 0.065625 0.515625 0.0234375 0.03125
0 0.06015625 0.6125 0.0421875 0.0296875
0 0.2015625 0.7 0.046875 0.0390625
0 0.05234375 0.7203125 0.05 0.0375
0 0.09765625 0.728125 0.053125 0.0296875
0 0.8046875 0.72734375 0.034375 0.05
0 0.2375 0.909375 0.046875 0.0390625
0 0.09921875 0.8921875 0.0359375 0.04375