0 0.7703125 0.27265625 0.03515625 0.05703125
0 0.81015625 0.353125 0.059375 0.04140625
0 0.621875 0.36015625 0.07109375 0.03359375
0 0.66171875 0.39375 0.0625 0.03671875
0 0.453125 0.41328125 0.0390625 0.0546875
0 0.43515625 0.4875 0.0296875 0.0578125
0 0.4765625 0.48984375 0.03125 0.05078125
0 0.32109375 0.503125 0.06953125 0.05859375
0 0.58671875 0.4625 0.0421875 0.03046875
0 0.57421875 0.4421875 0.0359375 0.01640625
0 0.665625 0.50078125 0.03984375 0.03203125
0 0.66328125 0.53984375 0.04765625 0.0265625
0 0.59609375 0.5390625 0.0453125 0.0515625
0 0.61484375 0.59609375 0.04609375 0.04921875
0 0.74375 0.65078125 0.075 0.02421875
0 0.84765625 0.66328125 0.034375 0.04765625
0 0.859375 0.73203125 0.03671875 0.04375
0 0.45703125 0.746875 0.0375 0.04375
0 0.8078125 0.790625 0.0703125 0.01875
0 0.85390625 0.82421875 0.02109375 0.04609375