0 0.78828125 0.13671875 0.1 0.059375
0 0.725 0.2515625 0.0625 0.059375
0 0.59765625 0.32421875 0.0890625 0.0453125
0 0.55859375 0.384375 0.0609375 0.0625
0 0.61796875 0.39921875 0.0625 0.05625
0 0.68828125 0.39921875 0.0671875 0.059375
0 0.60703125 0.51796875 0.0640625 0.065625
0 0.53359375 0.521875 0.06875 0.0671875
0 0.52421875 0.58359375 0.078125 0.05625
0 0.5390625 0.67421875 0.0828125 0.0484375
0 0.79921875 0.83359375 0.090625 0.0390625
0 0.12265625 0.66640625 0.084375 0.05625
0 0.28828125 0.81484375 0.05 0.0625
0 0.4625 0.84375 0.05 0.0625
0 0.51328125 0.82421875 0.0609375 0.0421875
0 0.27734375 0.89140625 0.0609375 0.0375
0 0.22421875 0.87109375 0.0609375 0.0296875
0 0.64140625 0.98125 0.0828125 0.0375
0 0.746875 0.97421875 0.0859375 0.0359375