0 0.7453125 0.2234375 0.0859375 0.01875
0 0.68125 0.2515625 0.078125 0.01953125
0 0.48359375 0.3328125 0.0328125 0.05234375
0 0.35390625 0.34609375 0.0671875 0.01875
0 0.3859375 0.44609375 0.053125 0.05234375
0 0.25234375 0.50390625 0.028125 0.053125
0 0.459375 0.59453125 0.06171875 0.0515625
0 0.50390625 0.47265625 0.078125 0.01875
0 0.6234375 0.5203125 0.08984375 0.03359375
0 0.678125 0.56875 0.03671875 0.04921875
0 0.63359375 0.6140625 0.05390625 0.03515625
0 0.56796875 0.65703125 0.02265625 0.05078125
0 0.43359375 0.66171875 0.08671875 0.02265625
0 0.31484375 0.6203125 0.03203125 0.05546875
0 0.24765625 0.6125 0.06953125 0.02109375
0 0.47734375 0.7390625 0.08359375 0.0203125
0 0.49609375 0.78359375 0.06796875 0.02890625
0 0.6125 0.77421875 0.0703125 0.0390625
0 0.4609375 0.85 0.05625 0.040625
0 0.7765625 0.66484375 0.06484375 0.0296875