0 0.115625 0.06171875 0.08046875 0.02890625
0 0.096875 0.10234375 0.0546875 0.02890625
0 0.16171875 0.1171875 0.04296875 0.04609375
0 0.2375 0.06640625 0.0734375 0.0265625
0 0.09765625 0.2875 0.01875 0.0421875
0 0.125 0.3015625 0.03125 0.03125
0 0.221875 0.46015625 0.04296875 0.0453125
0 0.0890625 0.53203125 0.03359375 0.0484375
0 0.1171875 0.65625 0.01640625 0.0265625
0 0.1296875 0.6796875 0.02109375 0.02578125
0 0.3703125 0.62578125 0.08046875 0.0171875
0 0.09453125 0.76015625 0.01796875 0.02578125
0 0.1046875 0.73984375 0.0234375 0.02890625
0 0.16640625 0.80859375 0.01796875 0.0234375
0 0.31640625 0.79296875 0.059375 0.02265625
0 0.09921875 0.83125 0.0328125 0.0296875
0 0.1578125 0.89921875 0.053125 0.02265625
0 0.1734375 0.928125 0.03203125 0.03984375
0 0.8640625 0.81328125 0.05390625 0.021875