0 0.16484375 0.06328125 0.0765625 0.0359375
0 0.20859375 0.10859375 0.05546875 0.04453125
0 0.31796875 0.25 0.06171875 0.05859375
0 0.203125 0.2703125 0.04453125 0.0359375
0 0.1796875 0.3125 0.08125 0.021875
0 0.26875 0.375 0.07265625 0.028125
0 0.3515625 0.4203125 0.07109375 0.0609375
0 0.45703125 0.50546875 0.08671875 0.0359375
0 0.47890625 0.565625 0.06796875 0.04765625
0 0.28671875 0.66875 0.0796875 0.03984375
0 0.11484375 0.6125 0.03359375 0.05625
0 0.44375 0.803125 0.0765625 0.03203125
0 0.47890625 0.84375 0.0375 0.03046875
0 0.459375 0.87890625 0.05078125 0.028125
0 0.57109375 0.8875 0.0640625 0.01796875
0 0.56484375 0.91015625 0.059375 0.021875
0 0.13515625 0.934375 0.03125 0.01953125
0 0.109375 0.9515625 0.0296875 0.0140625
0 0.10859375 0.965625 0.03515625 0.0125
0 0.86328125 0.6828125 0.0484375 0.0640625