0 0.4984375 0.68828125 0.075 0.0234375
0 0.50859375 0.6390625 0.0390625 0.046875
0 0.559375 0.628125 0.028125 0.0515625
0 0.6046875 0.58203125 0.04375 0.0578125
0 0.5265625 0.546875 0.0765625 0.025
0 0.39296875 0.6046875 0.05 0.040625
0 0.39609375 0.553125 0.0765625 0.028125
0 0.62890625 0.5203125 0.05625 0.0546875
0 0.6359375 0.4765625 0.03125 0.0265625
0 0.72421875 0.49375 0.0625 0.0359375
0 0.5265625 0.4546875 0.0484375 0.0421875
0 0.46015625 0.46015625 0.0703125 0.028125
0 0.4046875 0.4671875 0.0296875 0.0578125
0 0.35625 0.425 0.034375 0.0578125
0 0.46640625 0.39609375 0.0796875 0.01875
0 0.26640625 0.378125 0.071875 0.021875
0 0.52265625 0.26015625 0.0765625 0.025
0 0.634375 0.115625 0.0484375 0.040625
0 0.54921875 0.3453125 0.0515625 0.046875
0 0.6921875 0.3796875 0.03125 0.0609375