0 0.19453125 0.08515625 0.06953125 0.01953125
0 0.28125 0.18671875 0.05703125 0.03359375
0 0.3453125 0.3046875 0.0578125 0.025
0 0.41953125 0.334375 0.04453125 0.04375
0 0.38125 0.37265625 0.06875 0.03984375
0 0.28984375 0.35703125 0.07109375 0.025
0 0.403125 0.4984375 0.06015625 0.05859375
0 0.465625 0.51796875 0.05390625 0.04296875
0 0.46171875 0.57890625 0.0421875 0.0453125
0 0.8609375 0.71171875 0.046875 0.04296875
0 0.38046875 0.68984375 0.075 0.03359375
0 0.09765625 0.784375 0.08125 0.02109375
0 0.44453125 0.82109375 0.05546875 0.0359375
0 0.47890625 0.85625 0.0359375 0.06015625
0 0.540625 0.9078125 0.06171875 0.02578125
0 0.6 0.90859375 0.02890625 0.03125
0 0.6375 0.9109375 0.0421875 0.01484375
0 0.13515625 0.9390625 0.04765625 0.02265625
0 0.19609375 0.9453125 0.05078125 0.01640625
0 0.14375 0.9828125 0.06171875 0.02265625