0 0.3125 0.271875 0.0546875 0.065625
0 0.3984375 0.28125 0.0578125 0.0390625
0 0.521875 0.3390625 0.0578125 0.021875
0 0.48828125 0.3078125 0.0671875 0.0265625
0 0.5296875 0.40703125 0.059375 0.0359375
0 0.3640625 0.4265625 0.03125 0.04375
0 0.5 0.4796875 0.040625 0.05
0 0.58984375 0.5015625 0.0625 0.0375
0 0.51796875 0.5796875 0.0609375 0.0328125
0 0.671875 0.61328125 0.046875 0.0359375
0 0.47578125 0.63046875 0.0640625 0.05
0 0.33359375 0.628125 0.0265625 0.05625
0 0.24765625 0.6578125 0.0453125 0.03125
0 0.19765625 0.61640625 0.075 0.0296875
0 0.13203125 0.6359375 0.0515625 0.028125
0 0.40234375 0.74296875 0.046875 0.0390625
0 0.5296875 0.82109375 0.046875 0.028125
0 0.3125 0.7765625 0.0484375 0.040625
0 0.20703125 0.78046875 0.0515625 0.053125
0 0.40625 0.90703125 0.05625 0.0328125