0 0.84921875 0.1203125 0.0734375 0.0515625
0 0.57578125 0.07421875 0.090625 0.03125
0 0.46953125 0.065625 0.0625 0.0453125
0 0.24296875 0.0703125 0.0828125 0.040625
0 0.14609375 0.115625 0.0296875 0.0640625
0 0.21171875 0.128125 0.028125 0.0515625
0 0.25390625 0.13125 0.0453125 0.05
0 0.290625 0.19375 0.05625 0.0453125
0 0.1640625 0.21328125 0.0296875 0.0375
0 0.1265625 0.21640625 0.034375 0.0390625
0 0.14140625 0.3125 0.0484375 0.0546875
0 0.1828125 0.35859375 0.0375 0.0546875
0 0.13046875 0.42734375 0.0625 0.040625
0 0.14453125 0.71328125 0.053125 0.0640625
0 0.2640625 0.78203125 0.0578125 0.05
0 0.10625 0.8328125 0.0328125 0.0515625
0 0.13828125 0.90078125 0.021875 0.0203125
0 0.096875 0.91015625 0.0234375 0.0421875
0 0.1203125 0.91640625 0.0265625 0.0171875
0 0.8625 0.4109375 0.028125 0.0546875