0 0.13359375 0.08359375 0.03125 0.05078125
0 0.14296875 0.15 0.028125 0.03984375
0 0.13046875 0.20234375 0.02265625 0.046875
0 0.20625 0.146875 0.0484375 0.028125
0 0.27109375 0.12890625 0.04140625 0.0375
0 0.40703125 0.13125 0.05703125 0.02265625
0 0.39140625 0.08515625 0.04609375 0.03671875
0 0.51328125 0.08359375 0.03828125 0.02890625
0 0.5140625 0.1078125 0.034375 0.0171875
0 0.57421875 0.146875 0.046875 0.01484375
0 0.2328125 0.3171875 0.034375 0.03203125
0 0.57578125 0.353125 0.02109375 0.04140625
0 0.21015625 0.44765625 0.03359375 0.0421875
0 0.38984375 0.5640625 0.05078125 0.0234375
0 0.14375 0.62734375 0.0359375 0.03984375
0 0.23515625 0.67890625 0.04140625 0.0453125
0 0.18046875 0.70234375 0.02890625 0.03984375
0 0.1578125 0.76171875 0.02734375 0.04921875
0 0.2953125 0.778125 0.04921875 0.02890625
0 0.35234375 0.73515625 0.04765625 0.02578125