0 0.17109375 0.1703125 0.05 0.0390625
0 0.32578125 0.30390625 0.053125 0.040625
0 0.42265625 0.39765625 0.04375 0.0296875
0 0.503125 0.33671875 0.0578125 0.0328125
0 0.38125 0.36171875 0.0484375 0.0296875
0 0.146875 0.44296875 0.0421875 0.0390625
0 0.1859375 0.40546875 0.0421875 0.0359375
0 0.24453125 0.3953125 0.0375 0.0484375
0 0.5578125 0.4 0.0609375 0.0265625
0 0.54375 0.47734375 0.028125 0.0265625
0 0.57109375 0.46953125 0.0234375 0.0453125
0 0.80859375 0.5578125 0.05625 0.028125
0 0.46015625 0.6015625 0.0453125 0.0453125
0 0.63359375 0.66953125 0.046875 0.0359375
0 0.5203125 0.69765625 0.046875 0.0203125
0 0.1859375 0.69453125 0.0546875 0.040625
0 0.2734375 0.6484375 0.0734375 0.0203125
0 0.14609375 0.60390625 0.0375 0.05
0 0.15703125 0.83125 0.034375 0.040625
0 0.165625 0.77421875 0.03125 0.0578125