0 0.4796875 0.31640625 0.06875 0.0421875
0 0.39609375 0.36171875 0.0546875 0.0625
0 0.4515625 0.3953125 0.0765625 0.0375
0 0.534375 0.371875 0.0640625 0.04375
0 0.20703125 0.39140625 0.0953125 0.046875
0 0.32265625 0.49296875 0.0578125 0.0484375
0 0.3625 0.52734375 0.0515625 0.05625
0 0.29765625 0.57265625 0.0390625 0.0546875
0 0.3375 0.6765625 0.06875 0.05625
0 0.48125 0.58359375 0.0609375 0.0640625
0 0.53203125 0.596875 0.05 0.0609375
0 0.56015625 0.6671875 0.0703125 0.046875
0 0.51796875 0.86328125 0.06875 0.05625
0 0.3125 0.875 0.071875 0.0609375
0 0.22578125 0.89921875 0.040625 0.040625
0 0.23359375 0.9484375 0.0390625 0.0578125
0 0.303125 0.97109375 0.05625 0.0578125
0 0.78671875 0.44296875 0.071875 0.0609375
0 0.50390625 0.43828125 0.08125 0.0375
0 0.5640625 0.46875 0.040625 0.059375