0 0.45390625 0.3015625 0.0625 0.0375
0 0.54921875 0.32578125 0.034375 0.0515625
0 0.66484375 0.35859375 0.0328125 0.04375
0 0.4953125 0.36328125 0.05625 0.0328125
0 0.428125 0.37265625 0.028125 0.040625
0 0.70078125 0.446875 0.05625 0.034375
0 0.45859375 0.4296875 0.0640625 0.034375
0 0.63125 0.48515625 0.05625 0.0359375
0 0.49921875 0.50859375 0.0453125 0.04375
0 0.41953125 0.48046875 0.03125 0.04375
0 0.175 0.45234375 0.0609375 0.0390625
0 0.6875 0.51875 0.04375 0.0390625
0 0.5078125 0.55859375 0.0390625 0.040625
0 0.6828125 0.61015625 0.0671875 0.0328125
0 0.34296875 0.625 0.0640625 0.0390625
0 0.51328125 0.715625 0.06875 0.0390625
0 0.5875 0.725 0.0640625 0.0296875
0 0.6453125 0.7875 0.0484375 0.0328125
0 0.85078125 0.86953125 0.0578125 0.034375
0 0.3265625 0.73203125 0.0484375 0.0453125