0 0.1421875 0.08828125 0.0421875 0.046875
0 0.3140625 0.115625 0.0515625 0.0296875
0 0.415625 0.12265625 0.0546875 0.0234375
0 0.49921875 0.10078125 0.05625 0.034375
0 0.596875 0.14140625 0.065625 0.0171875
0 0.62578125 0.11328125 0.0703125 0.0234375
0 0.74296875 0.171875 0.0609375 0.0234375
0 0.78203125 0.1453125 0.065625 0.0234375
0 0.24609375 0.1921875 0.04375 0.03125
0 0.309375 0.1796875 0.06875 0.0328125
0 0.3421875 0.28046875 0.0515625 0.025
0 0.14609375 0.31171875 0.0421875 0.0359375
0 0.584375 0.3578125 0.034375 0.040625
0 0.4203125 0.44140625 0.0359375 0.03125
0 0.31953125 0.49140625 0.0328125 0.0578125
0 0.22578125 0.4375 0.0375 0.046875
0 0.25078125 0.5453125 0.0625 0.025
0 0.22890625 0.60390625 0.0515625 0.025
0 0.30078125 0.57578125 0.03125 0.0421875
0 0.46484375 0.5921875 0.0546875 0.025