0 0.08828125 0.1421875 0.046875 0.0515625
0 0.2625 0.1453125 0.0546875 0.0359375
0 0.36328125 0.13828125 0.0578125 0.03125
0 0.44375 0.1046875 0.059375 0.0421875
0 0.54609375 0.13125 0.0671875 0.025
0 0.57109375 0.09921875 0.0734375 0.0328125
0 0.69453125 0.140625 0.0625 0.03125
0 0.7296875 0.109375 0.0671875 0.0328125
0 0.20546875 0.23046875 0.046875 0.0375
0 0.26640625 0.209375 0.0734375 0.0421875
0 0.31328125 0.3046875 0.0546875 0.03125
0 0.1234375 0.3625 0.046875 0.0421875
0 0.56328125 0.34765625 0.0390625 0.0453125
0 0.4125 0.453125 0.040625 0.0359375
0 0.31953125 0.51640625 0.040625 0.0625
0 0.21953125 0.4765625 0.0421875 0.0515625
0 0.259375 0.57890625 0.0640625 0.0328125
0 0.24609375 0.640625 0.0546875 0.03125
0 0.31328125 0.603125 0.0375 0.046875
0 0.478125 0.59609375 0.0578125 0.03125