0 0.440625 0.32734375 0.0578125 0.0328125
0 0.5390625 0.33671875 0.0390625 0.046875
0 0.7234375 0.26328125 0.0578125 0.0265625
0 0.403125 0.403125 0.0671875 0.0375
0 0.5078125 0.38515625 0.0609375 0.03125
0 0.6265625 0.38515625 0.03125 0.040625
0 0.73203125 0.4234375 0.053125 0.046875
0 0.63203125 0.45390625 0.0453125 0.0421875
0 0.43359375 0.49296875 0.0328125 0.0421875
0 0.46640625 0.4515625 0.0796875 0.03125
0 0.22109375 0.596875 0.0546875 0.0390625
0 0.56796875 0.57578125 0.0546875 0.040625
0 0.48203125 0.621875 0.0578125 0.0421875
0 0.5359375 0.6796875 0.065625 0.0375
0 0.73671875 0.575 0.071875 0.0546875
0 0.81015625 0.62265625 0.04375 0.0484375
0 0.8921875 0.6609375 0.0421875 0.0453125
0 0.88203125 0.61484375 0.0625 0.0484375
0 0.83515625 0.67890625 0.0421875 0.0484375
0 0.778125 0.83984375 0.065625 0.040625