0 0.14921875 0.08203125 0.040625 0.04609375
0 0.32109375 0.1125 0.05078125 0.028125
0 0.421875 0.12109375 0.0546875 0.02265625
0 0.50625 0.10078125 0.05546875 0.03359375
0 0.603125 0.14296875 0.065625 0.015625
0 0.6328125 0.115625 0.0703125 0.021875
0 0.7484375 0.17578125 0.06015625 0.02265625
0 0.78828125 0.15 0.06484375 0.02265625
0 0.2515625 0.1875 0.04296875 0.03125
0 0.31484375 0.1765625 0.06875 0.03203125
0 0.34609375 0.278125 0.0515625 0.02421875
0 0.14921875 0.30546875 0.04140625 0.0359375
0 0.58671875 0.359375 0.03359375 0.040625
0 0.42109375 0.43984375 0.0359375 0.03125
0 0.31953125 0.48828125 0.03203125 0.0578125
0 0.2265625 0.4328125 0.0359375 0.046875
0 0.25 0.540625 0.06171875 0.02421875
0 0.22734375 0.59921875 0.0515625 0.0234375
0 0.29921875 0.57265625 0.03125 0.0421875
0 0.46328125 0.59140625 0.0546875 0.0234375