0 0.81171875 0.15390625 0.0484375 0.0375
0 0.6640625 0.2953125 0.05 0.0390625
0 0.571875 0.39375 0.0421875 0.028125
0 0.48828125 0.3375 0.05625 0.0296875
0 0.6109375 0.35546875 0.046875 0.028125
0 0.85 0.425 0.040625 0.0375
0 0.809375 0.3890625 0.040625 0.0328125
0 0.75 0.3828125 0.0359375 0.046875
0 0.43671875 0.403125 0.059375 0.0234375
0 0.4546875 0.4796875 0.0265625 0.025
0 0.42734375 0.47265625 0.0203125 0.0453125
0 0.19453125 0.5734375 0.0546875 0.0265625
0 0.5453125 0.59921875 0.0421875 0.04375
0 0.37578125 0.67578125 0.0453125 0.034375
0 0.490625 0.6984375 0.046875 0.01875
0 0.8234375 0.67734375 0.053125 0.0390625
0 0.734375 0.6359375 0.071875 0.0171875
0 0.85859375 0.58515625 0.0359375 0.0484375
0 0.859375 0.8125 0.03125 0.0390625
0 0.84765625 0.75625 0.0296875 0.05625