0 0.64453125 0.10234375 0.07421875 0.021875
0 0.3875 0.14765625 0.090625 0.02109375
0 0.375 0.1796875 0.02890625 0.03828125
0 0.1390625 0.37109375 0.0359375 0.0625
0 0.19609375 0.38046875 0.04609375 0.05546875
0 0.340625 0.5109375 0.03125 0.05546875
0 0.4296875 0.51171875 0.07265625 0.03203125
0 0.50546875 0.45390625 0.03828125 0.053125
0 0.5109375 0.5453125 0.03984375 0.05390625
0 0.49765625 0.596875 0.04140625 0.04453125
0 0.57734375 0.6359375 0.028125 0.053125
0 0.50546875 0.6515625 0.065625 0.03046875
0 0.415625 0.6625 0.071875 0.0296875
0 0.40703125 0.6109375 0.07109375 0.02265625
0 0.3171875 0.746875 0.0828125 0.03828125
0 0.21484375 0.7421875 0.07421875 0.02578125
0 0.28984375 0.8234375 0.02578125 0.06328125
0 0.21171875 0.6296875 0.0625 0.0328125
0 0.6875 0.3609375 0.03671875 0.0546875
0 0.6375 0.409375 0.05703125 0.040625