0 0.65859375 0.8921875 0.075 0.025
0 0.4 0.85625 0.090625 0.025
0 0.3859375 0.82421875 0.0296875 0.0390625
0 0.14375 0.64140625 0.0375 0.0640625
0 0.20078125 0.6296875 0.0484375 0.0578125
0 0.340625 0.49453125 0.0328125 0.05625
0 0.4296875 0.490625 0.0734375 0.034375
0 0.50703125 0.54609375 0.040625 0.0546875
0 0.509375 0.4546875 0.0421875 0.0546875
0 0.49453125 0.403125 0.0421875 0.0453125
0 0.57265625 0.36171875 0.0296875 0.0546875
0 0.5 0.3484375 0.0671875 0.0328125
0 0.41015625 0.340625 0.0734375 0.0328125
0 0.403125 0.3921875 0.071875 0.025
0 0.30859375 0.259375 0.084375 0.040625
0 0.20625 0.26796875 0.075 0.028125
0 0.27890625 0.184375 0.028125 0.0640625
0 0.20703125 0.38046875 0.0640625 0.034375
0 0.6921875 0.6328125 0.0390625 0.05625
0 0.640625 0.5859375 0.0578125 0.0421875