0 0.5984375 0.896875 0.0578125 0.046875
0 0.653125 0.79375 0.0390625 0.0484375
0 0.559375 0.8234375 0.05625 0.046875
0 0.453125 0.83828125 0.0640625 0.0421875
0 0.37734375 0.78828125 0.0421875 0.0515625
0 0.4796875 0.7125 0.0625 0.046875
0 0.41796875 0.71796875 0.0484375 0.0421875
0 0.3265625 0.7375 0.040625 0.0484375
0 0.159375 0.6859375 0.0546875 0.0359375
0 0.159375 0.534375 0.046875 0.0421875
0 0.26171875 0.61015625 0.05625 0.0359375
0 0.38515625 0.67421875 0.0421875 0.0390625
0 0.6015625 0.55703125 0.0546875 0.0515625
0 0.4359375 0.4171875 0.0546875 0.0453125
0 0.56015625 0.415625 0.0453125 0.05
0 0.76015625 0.4640625 0.071875 0.0328125
0 0.7734375 0.34453125 0.0796875 0.053125
0 0.28125 0.03671875 0.0609375 0.04375
0 0.23125 0.03828125 0.0453125 0.0484375
0 0.7125 0.1109375 0.065625 0.0421875