0 0.32109375 0.13203125 0.0515625 0.0375
0 0.2890625 0.24453125 0.03046875 0.04296875
0 0.375 0.19609375 0.05 0.03671875
0 0.47578125 0.159375 0.05859375 0.03125
0 0.56015625 0.1921875 0.0328125 0.04609375
0 0.47578125 0.28828125 0.05546875 0.03671875
0 0.53515625 0.26953125 0.0421875 0.034375
0 0.6203125 0.23125 0.03203125 0.04296875
0 0.79453125 0.24765625 0.05 0.0265625
0 0.82578125 0.3953125 0.04140625 0.03359375
0 0.71015625 0.34296875 0.0515625 0.02578125
0 0.57578125 0.30546875 0.03671875 0.0328125
0 0.3890625 0.465625 0.046875 0.0421875
0 0.5796875 0.56796875 0.04765625 0.0359375
0 0.45859375 0.5953125 0.03671875 0.04296875
0 0.253125 0.5890625 0.06875 0.01953125
0 0.26484375 0.70859375 0.0734375 0.03828125
0 0.81015625 0.9078125 0.05546875 0.0328125
0 0.85859375 0.89609375 0.03828125 0.04140625
0 0.3734375 0.925 0.06015625 0.0296875