0 0.86015625 0.77265625 0.0734375 0.0234375
0 0.86328125 0.6890625 0.0484375 0.0546875
0 0.4171875 0.6640625 0.04375 0.053125
0 0.2453125 0.50625 0.05 0.0453125
0 0.21484375 0.396875 0.0484375 0.0234375
0 0.18046875 0.40703125 0.0390625 0.0546875
0 0.146875 0.353125 0.034375 0.040625
0 0.3296875 0.3171875 0.090625 0.025
0 0.1765625 0.2578125 0.0453125 0.040625
0 0.23046875 0.13125 0.059375 0.034375
0 0.15625 0.15390625 0.03125 0.0625
0 0.6046875 0.2921875 0.059375 0.03125
0 0.8734375 0.440625 0.0453125 0.0375
0 0.8578125 0.22578125 0.0421875 0.034375
0 0.83671875 0.2703125 0.0515625 0.0359375
0 0.85 0.1390625 0.040625 0.0375
0 0.69765625 0.0609375 0.059375 0.021875
0 0.86171875 0.0703125 0.0203125 0.028125
0 0.815625 0.084375 0.0484375 0.0171875
0 0.821875 0.11015625 0.0484375 0.0203125