0 0.240625 0.8921875 0.0453125 0.05
0 0.46015625 0.703125 0.04375 0.05
0 0.32734375 0.64921875 0.05625 0.05
0 0.26328125 0.671875 0.046875 0.053125
0 0.8765625 0.58828125 0.0625 0.0578125
0 0.36328125 0.4953125 0.0609375 0.0328125
0 0.275 0.52109375 0.04375 0.0515625
0 0.23828125 0.46796875 0.05625 0.040625
0 0.3375 0.37109375 0.0421875 0.0484375
0 0.5015625 0.2578125 0.0296875 0.0359375
0 0.46484375 0.28046875 0.0703125 0.0328125
0 0.81796875 0.2734375 0.0609375 0.0546875
0 0.8078125 0.1984375 0.053125 0.0390625
0 0.7453125 0.11953125 0.046875 0.046875
0 0.64765625 0.0515625 0.0375 0.05625
0 0.6015625 0.02890625 0.075 0.04375
0 0.58828125 0.07890625 0.065625 0.034375
0 0.7203125 0.05546875 0.053125 0.0265625
0 0.75703125 0.03515625 0.03125 0.0234375
0 0.740625 0.01171875 0.03125 0.0234375