0 0.4171875 0.1265625 0.0109375 0.046875
0 0.3484375 0.13359375 0.05234375 0.02421875
0 0.82578125 0.11484375 0.04921875 0.03046875
0 0.7015625 0.3671875 0.03359375 0.04765625
0 0.653125 0.4140625 0.040625 0.03203125
0 0.51953125 0.459375 0.03203125 0.04296875
0 0.5265625 0.553125 0.02890625 0.04296875
0 0.440625 0.5125 0.0734375 0.015625
0 0.35859375 0.51796875 0.03828125 0.04921875
0 0.16953125 0.37421875 0.06796875 0.01484375
0 0.178125 0.43125 0.0421875 0.03671875
0 0.2375 0.62265625 0.05546875 0.02265625
0 0.4171875 0.609375 0.05859375 0.0140625
0 0.4875 0.58125 0.05625 0.01796875
0 0.59921875 0.62734375 0.0359375 0.0359375
0 0.51484375 0.64765625 0.05859375 0.02265625
0 0.44375 0.65859375 0.05859375 0.02109375
0 0.3421875 0.74375 0.06171875 0.028125
0 0.24765625 0.740625 0.06875 0.03203125
0 0.309375 0.81328125 0.02734375 0.03828125