0 0.1265625 0.13203125 0.0390625 0.028125
0 0.15390625 0.1734375 0.0375 0.03671875
0 0.1421875 0.31328125 0.01875 0.0453125
0 0.59609375 0.3171875 0.04140625 0.0390625
0 0.18046875 0.54453125 0.02890625 0.0640625
0 0.23515625 0.63046875 0.05078125 0.03203125
0 0.16171875 0.77890625 0.0390625 0.05
0 0.16328125 0.83984375 0.0515625 0.02109375
0 0.1359375 0.87890625 0.03359375 0.0375
0 0.275 0.92109375 0.04765625 0.034375
0 0.30546875 0.909375 0.0515625 0.02265625
0 0.34375 0.7140625 0.025 0.0390625
0 0.67109375 0.6828125 0.0484375 0.01796875
0 0.80546875 0.70078125 0.01640625 0.034375
0 0.828125 0.58359375 0.0296875 0.04765625
0 0.86328125 0.7859375 0.028125 0.01796875
0 0.85546875 0.7671875 0.021875 0.01875
0 0.753125 0.915625 0.03203125 0.03828125