0 0.8109375 0.078125 0.04375 0.034375
0 0.790625 0.1234375 0.0421875 0.0421875
0 0.82421875 0.259375 0.025 0.0484375
0 0.3765625 0.334375 0.046875 0.0453125
0 0.82265625 0.49375 0.0390625 0.0671875
0 0.78203125 0.5875 0.0546875 0.0390625
0 0.878125 0.72265625 0.046875 0.05625
0 0.8859375 0.7828125 0.0546875 0.028125
0 0.91875 0.8171875 0.0390625 0.0421875
0 0.78828125 0.88046875 0.053125 0.0421875
0 0.75625 0.87421875 0.0546875 0.0296875
0 0.6875 0.68671875 0.03125 0.0421875
0 0.359375 0.70703125 0.05 0.025
0 0.2296875 0.74609375 0.021875 0.0359375
0 0.1890625 0.63359375 0.0375 0.0515625
0 0.1859375 0.8390625 0.03125 0.021875
0 0.190625 0.81953125 0.025 0.021875
0 0.31484375 0.95 0.0375 0.0421875