0 0.23203125 0.12109375 0.06640625 0.02734375
0 0.3375 0.12421875 0.07734375 0.028125
0 0.39921875 0.15625 0.075 0.021875
0 0.46875 0.1734375 0.034375 0.046875
0 0.51328125 0.11875 0.06640625 0.02109375
0 0.6234375 0.14765625 0.075 0.03125
0 0.77890625 0.13046875 0.053125 0.01484375
0 0.7328125 0.1421875 0.03828125 0.01875
0 0.7875 0.08828125 0.05078125 0.0140625
0 0.75703125 0.1 0.03828125 0.01640625
0 0.2609375 0.246875 0.03515625 0.04140625
0 0.50859375 0.265625 0.053125 0.040625
0 0.69609375 0.37109375 0.07578125 0.02421875
0 0.384375 0.5203125 0.0546875 0.03828125
0 0.24375 0.6046875 0.07265625 0.01953125
0 0.2578125 0.7203125 0.06484375 0.02265625
0 0.4703125 0.80390625 0.05078125 0.03984375
0 0.778125 0.69375 0.03203125 0.0453125
0 0.84296875 0.72890625 0.0359375 0.03125
0 0.803125 0.79921875 0.04453125 0.05390625