0 0.44609375 0.34453125 0.0890625 0.03828125
0 0.721875 0.34140625 0.05390625 0.05859375
0 0.59375 0.4890625 0.0546875 0.06328125
0 0.4265625 0.52265625 0.04453125 0.06796875
0 0.2453125 0.6125 0.0375 0.06484375
0 0.4484375 0.771875 0.04453125 0.06328125
0 0.55 0.82265625 0.065625 0.04609375
0 0.81953125 0.76953125 0.046875 0.06171875
0 0.84375 0.84765625 0.02265625 0.04921875
0 0.89140625 0.8578125 0.0671875 0.028125
0 0.82734375 0.91015625 0.05625 0.0359375
0 0.80859375 0.87734375 0.04140625 0.028125
0 0.69765625 0.9125 0.06953125 0.02578125
0 0.2765625 0.890625 0.0359375 0.0484375
0 0.1515625 0.9015625 0.0375 0.05234375
0 0.21015625 0.828125 0.0375 0.03671875
0 0.278125 0.84296875 0.06484375 0.021875
0 0.24765625 0.79609375 0.04140625 0.0484375
0 0.1828125 0.94140625 0.04609375 0.02421875
0 0.23984375 0.95078125 0.05625 0.015625