0 0.4359375 0.34921875 0.07734375 0.01796875
0 0.640625 0.578125 0.02265625 0.04609375
0 0.56953125 0.6625 0.02421875 0.04609375
0 0.4171875 0.65390625 0.02890625 0.04453125
0 0.88984375 0.8703125 0.03828125 0.040625
0 0.85625 0.928125 0.02734375 0.03203125
0 0.9015625 0.9328125 0.03125 0.0421875
0 0.7609375 0.93125 0.06484375 0.01640625
0 0.7359375 0.8921875 0.07421875 0.02265625
0 0.484375 0.78671875 0.0421875 0.04375
0 0.37578125 0.8609375 0.065625 0.03046875
0 0.44921875 0.928125 0.06328125 0.0234375
0 0.51328125 0.94765625 0.05390625 0.0328125
0 0.2703125 0.89296875 0.0296875 0.0515625
0 0.21328125 0.77109375 0.02890625 0.0515625
0 0.1375 0.8359375 0.0234375 0.05
0 0.1359375 0.95078125 0.03671875 0.0265625
0 0.16484375 0.91015625 0.03125 0.04140625
0 0.18203125 0.878125 0.03984375 0.03984375
0 0.21796875 0.95703125 0.06171875 0.03203125