0 0.54765625 0.6625 0.078125 0.0515625
0 0.3484375 0.4546875 0.053125 0.0703125
0 0.44921875 0.365625 0.05625 0.0734375
0 0.59375 0.4359375 0.0578125 0.0703125
0 0.78515625 0.325 0.053125 0.0796875
0 0.57265625 0.23828125 0.0828125 0.0484375
0 0.4859375 0.146875 0.046875 0.059375
0 0.46328125 0.0890625 0.0984375 0.046875
0 0.71796875 0.18203125 0.0734375 0.0421875
0 0.8125 0.21640625 0.059375 0.0578125
0 0.8796875 0.2078125 0.0546875 0.0640625
0 0.784375 0.14453125 0.05625 0.05625
0 0.86484375 0.10703125 0.0765625 0.034375
0 0.9109375 0.140625 0.0703125 0.0328125
0 0.16328125 0.06796875 0.040625 0.0265625
0 0.21875 0.05 0.028125 0.025
0 0.27109375 0.04921875 0.0578125 0.028125
0 0.19375 0.07578125 0.025 0.0296875
0 0.1921875 0.0515625 0.021875 0.01875