0 0.825 0.06875 0.07265625 0.03203125
0 0.725 0.1015625 0.07890625 0.02578125
0 0.85546875 0.1515625 0.071875 0.0453125
0 0.63203125 0.1921875 0.0640625 0.06015625
0 0.62109375 0.275 0.07734375 0.04609375
0 0.87890625 0.3578125 0.0859375 0.02890625
0 0.5484375 0.35625 0.07578125 0.03203125
0 0.47578125 0.3328125 0.0703125 0.02890625
0 0.3984375 0.3484375 0.06796875 0.03671875
0 0.47265625 0.428125 0.05546875 0.06015625
0 0.6703125 0.4671875 0.08125 0.0484375
0 0.6203125 0.58671875 0.04296875 0.0609375
0 0.53984375 0.628125 0.0453125 0.05859375
0 0.71875 0.6671875 0.07109375 0.03671875
0 0.1734375 0.7296875 0.03828125 0.05234375
0 0.13125 0.765625 0.0421875 0.05546875
0 0.1765625 0.81796875 0.04921875 0.05390625
0 0.146875 0.87421875 0.0328125 0.04609375
0 0.15625 0.93125 0.03515625 0.04609375
0 0.12890625 0.9140625 0.01796875 0.02578125