0 0.17265625 0.73515625 0.0671875 0.0734375
0 0.4078125 0.709375 0.059375 0.0671875
0 0.5125 0.6578125 0.078125 0.0359375
0 0.51953125 0.6359375 0.09375 0.040625
0 0.3921875 0.5578125 0.0765625 0.05
0 0.628125 0.53515625 0.0765625 0.0578125
0 0.86953125 0.40078125 0.0484375 0.05625
0 0.809375 0.34375 0.0734375 0.05
0 0.721875 0.34609375 0.0671875 0.059375
0 0.4796875 0.22734375 0.028125 0.0390625
0 0.2984375 0.25 0.065625 0.0546875
0 0.2671875 0.3140625 0.05 0.0625
0 0.20234375 0.31171875 0.0515625 0.065625
0 0.21484375 0.165625 0.0421875 0.059375
0 0.54140625 0.0671875 0.0703125 0.034375
0 0.48828125 0.0328125 0.090625 0.0390625
0 0.6796875 0.07734375 0.0515625 0.0578125
0 0.715625 0.1140625 0.0421875 0.028125
0 0.18984375 0.390625 0.05 0.06875
0 0.49140625 0.24375 0.0203125 0.034375