0 0.28046875 0.1890625 0.065625 0.05625
0 0.48359375 0.26640625 0.0609375 0.0703125
0 0.58125 0.35859375 0.0828125 0.0546875
0 0.55859375 0.4796875 0.0796875 0.0578125
0 0.7546875 0.44453125 0.0703125 0.0640625
0 0.1265625 0.6 0.0765625 0.05
0 0.45390625 0.73203125 0.096875 0.0484375
0 0.15078125 0.74765625 0.059375 0.065625
0 0.09765625 0.81640625 0.0453125 0.059375
0 0.14296875 0.8796875 0.0546875 0.0453125
0 0.20703125 0.90078125 0.059375 0.025
0 0.2421875 0.92890625 0.078125 0.03125
0 0.44375 0.8015625 0.0828125 0.0484375
0 0.7546875 0.75078125 0.0421875 0.0546875
0 0.8171875 0.73203125 0.0546875 0.06875
0 0.83671875 0.83828125 0.0375 0.053125
0 0.7953125 0.83984375 0.05 0.05625
0 0.69453125 0.92265625 0.0515625 0.0578125
0 0.6609375 0.96640625 0.0734375 0.034375
0 0.6921875 0.9890625 0.06875 0.021875