0 0.465625 0.3390625 0.09375 0.0484375
0 0.73984375 0.36953125 0.0609375 0.0640625
0 0.59453125 0.50078125 0.0625 0.06875
0 0.42421875 0.51328125 0.053125 0.0734375
0 0.23359375 0.58046875 0.0453125 0.06875
0 0.415625 0.76328125 0.0515625 0.06875
0 0.51015625 0.8265625 0.0703125 0.053125
0 0.784375 0.80625 0.0546875 0.0671875
0 0.7984375 0.88671875 0.028125 0.0515625
0 0.84453125 0.903125 0.0703125 0.0359375
0 0.775 0.946875 0.0609375 0.0421875
0 0.76015625 0.9125 0.04375 0.0328125
0 0.64609375 0.93359375 0.071875 0.034375
0 0.23046875 0.86015625 0.0421875 0.053125
0 0.10546875 0.85625 0.04375 0.05625
0 0.17265625 0.790625 0.0421875 0.040625
0 0.23828125 0.81328125 0.0671875 0.0296875
0 0.21328125 0.76328125 0.046875 0.053125
0 0.13125 0.89921875 0.0484375 0.0296875
0 0.18671875 0.915625 0.0578125 0.021875