0 0.15390625 0.15078125 0.05625 0.0265625
0 0.13046875 0.18125 0.05 0.02734375
0 0.625 0.1328125 0.03359375 0.03046875
0 0.68203125 0.1765625 0.03046875 0.046875
0 0.74765625 0.16015625 0.0234375 0.040625
0 0.79140625 0.1609375 0.03046875 0.02421875
0 0.80859375 0.1671875 0.02421875 0.0234375
0 0.8375 0.15234375 0.0453125 0.0390625
0 0.84296875 0.21171875 0.046875 0.02734375
0 0.8328125 0.3546875 0.02890625 0.04296875
0 0.8453125 0.45390625 0.028125 0.03828125
0 0.8125 0.57109375 0.03203125 0.0390625
0 0.77890625 0.63828125 0.03359375 0.03828125
0 0.559375 0.734375 0.02890625 0.03984375
0 0.30390625 0.790625 0.04453125 0.03671875
0 0.203125 0.65 0.05390625 0.02734375
0 0.07578125 0.8109375 0.0265625 0.040625
0 0.6234375 0.86328125 0.04765625 0.0265625
0 0.24765625 0.446875 0.04765625 0.03125
0 0.16953125 0.43984375 0.04921875 0.03515625