0 0.77890625 0.95703125 0.05625 0.028125
0 0.7234375 0.903125 0.065625 0.021875
0 0.4453125 0.86796875 0.0703125 0.025
0 0.3875 0.76328125 0.06875 0.046875
0 0.40625 0.64609375 0.08125 0.0203125
0 0.275 0.584375 0.059375 0.034375
0 0.39296875 0.54453125 0.0515625 0.046875
0 0.45859375 0.5140625 0.0609375 0.0453125
0 0.63515625 0.42734375 0.03125 0.071875
0 0.921875 0.49375 0.0390625 0.053125
0 0.3015625 0.41171875 0.04375 0.0484375
0 0.15078125 0.1578125 0.0421875 0.0546875
0 0.24375 0.14765625 0.0421875 0.034375
0 0.27734375 0.17578125 0.040625 0.03125
0 0.30078125 0.15078125 0.0609375 0.01875
0 0.3765625 0.18671875 0.0703125 0.0171875
0 0.42578125 0.21171875 0.071875 0.0296875
0 0.83203125 0.15703125 0.0578125 0.0375
0 0.3296875 0.07734375 0.0703125 0.034375
0 0.22890625 0.0734375 0.0875 0.025