0 0.79453125 0.053125 0.0546875 0.02578125
0 0.7375 0.1046875 0.065625 0.0203125
0 0.4578125 0.13046875 0.0703125 0.02265625
0 0.396875 0.2328125 0.0671875 0.04453125
0 0.41171875 0.35078125 0.08125 0.0171875
0 0.278125 0.4078125 0.05859375 0.03203125
0 0.39453125 0.4515625 0.05 0.0453125
0 0.459375 0.484375 0.059375 0.04296875
0 0.6328125 0.57734375 0.02890625 0.07109375
0 0.92109375 0.52109375 0.0375 0.05234375
0 0.2984375 0.58125 0.0421875 0.04765625
0 0.1390625 0.8296875 0.03984375 0.05390625
0 0.23125 0.84296875 0.040625 0.03359375
0 0.26640625 0.81640625 0.03984375 0.0296875
0 0.2890625 0.8421875 0.06015625 0.0171875
0 0.365625 0.80859375 0.06953125 0.0140625
0 0.415625 0.78515625 0.0703125 0.0265625
0 0.81953125 0.8546875 0.05703125 0.03515625
0 0.31484375 0.91640625 0.06953125 0.03203125
0 0.2140625 0.9171875 0.0875 0.021875