0 0.234375 0.9734375 0.0515625 0.0421875
0 0.2015625 0.93515625 0.071875 0.04375
0 0.275 0.915625 0.0609375 0.0625
0 0.21015625 0.85390625 0.0546875 0.0703125
0 0.31875 0.81875 0.0609375 0.0640625
0 0.44765625 0.7234375 0.075 0.05
0 0.8625 0.8671875 0.0796875 0.0359375
0 0.2109375 0.509375 0.05625 0.059375
0 0.15 0.47890625 0.0390625 0.0578125
0 0.384375 0.43515625 0.0375 0.05625
0 0.3921875 0.24609375 0.0390625 0.059375
0 0.471875 0.171875 0.0578125 0.0640625
0 0.528125 0.0796875 0.084375 0.0484375
0 0.7359375 0.11875 0.034375 0.0609375
0 0.84140625 0.065625 0.06875 0.0375
0 0.7703125 0.06640625 0.06875 0.0296875
0 0.7734375 0.03359375 0.0609375 0.0328125
0 0.865625 0.02890625 0.0515625 0.0359375
0 0.82890625 0.0234375 0.0359375 0.040625