0 0.615625 0.0875 0.08671875 0.040625
0 0.23046875 0.09140625 0.06484375 0.05234375
0 0.14296875 0.11328125 0.04921875 0.06875
0 0.21015625 0.21640625 0.05 0.0625
0 0.3546875 0.2828125 0.05546875 0.0625
0 0.4609375 0.284375 0.090625 0.0453125
0 0.215625 0.38046875 0.06484375 0.06953125
0 0.18125 0.48515625 0.0734375 0.0171875
0 0.20390625 0.51640625 0.05859375 0.04140625
0 0.37734375 0.5125 0.08828125 0.040625
0 0.78984375 0.7609375 0.0796875 0.0484375
0 0.5375 0.8671875 0.03984375 0.0609375
0 0.4234375 0.871875 0.040625 0.0609375
0 0.5828125 0.91796875 0.0640625 0.04375
0 0.75859375 0.87421875 0.07578125 0.0234375
0 0.815625 0.8765625 0.03828125 0.05390625
0 0.7671875 0.93359375 0.08125 0.03046875
0 0.87421875 0.90546875 0.078125 0.028125
0 0.8890625 0.94140625 0.03125 0.0359375
0 0.93515625 0.90703125 0.040625 0.02734375