0 0.68984375 0.10234375 0.08515625 0.03046875
0 0.784375 0.096875 0.071875 0.021875
0 0.83984375 0.10625 0.03359375 0.01796875
0 0.86171875 0.1296875 0.06484375 0.021875
0 0.6015625 0.49921875 0.07421875 0.02890625
0 0.153125 0.5078125 0.02265625 0.04140625
0 0.15234375 0.59765625 0.040625 0.05
0 0.23671875 0.603125 0.059375 0.0453125
0 0.315625 0.63203125 0.03671875 0.053125
0 0.5625 0.725 0.05703125 0.04609375
0 0.63046875 0.8125 0.065625 0.0390625
0 0.52265625 0.87421875 0.05546875 0.05703125
0 0.3984375 0.803125 0.0578125 0.06796875
0 0.284375 0.86171875 0.05390625 0.05859375
0 0.55390625 0.95625 0.0875 0.028125
0 0.60546875 0.98203125 0.08984375 0.0171875
0 0.68515625 0.94765625 0.08359375 0.03671875
0 0.871875 0.940625 0.05625 0.04140625