0 0.571875 0.07421875 0.0734375 0.0390625
0 0.7203125 0.02421875 0.046875 0.040625
0 0.81328125 0.0296875 0.04375 0.0484375
0 0.78046875 0.01484375 0.0453125 0.0296875
0 0.75 0.10546875 0.0390625 0.05625
0 0.828125 0.30078125 0.0421875 0.0671875
0 0.75078125 0.546875 0.065625 0.05
0 0.53359375 0.69609375 0.071875 0.0515625
0 0.25 0.70234375 0.0890625 0.03125
0 0.22421875 0.75859375 0.0359375 0.05625
0 0.784375 0.71328125 0.04375 0.05
0 0.425 0.8046875 0.0609375 0.0484375
0 0.91953125 0.78203125 0.0421875 0.059375
0 0.884375 0.8265625 0.0578125 0.040625
0 0.6875 0.8484375 0.0796875 0.0328125
0 0.70625 0.8859375 0.0875 0.0453125
0 0.77421875 0.909375 0.0578125 0.0390625
0 0.51875 0.91484375 0.0703125 0.034375
0 0.51015625 0.9515625 0.075 0.0359375
0 0.38671875 0.978125 0.0640625 0.0375