0 0.3359375 0.91640625 0.0515625 0.0375
0 0.2953125 0.91953125 0.03125 0.04375
0 0.2296875 0.88984375 0.0390625 0.05
0 0.33984375 0.809375 0.046875 0.04375
0 0.49921875 0.8234375 0.046875 0.05
0 0.70546875 0.78828125 0.0671875 0.028125
0 0.75390625 0.73984375 0.053125 0.0515625
0 0.80859375 0.6453125 0.0359375 0.0484375
0 0.70546875 0.634375 0.0671875 0.0515625
0 0.559375 0.65625 0.04375 0.046875
0 0.46171875 0.67421875 0.05625 0.05
0 0.13046875 0.55078125 0.0296875 0.05
0 0.29765625 0.53515625 0.084375 0.028125
0 0.75 0.475 0.0453125 0.0578125
0 0.6875 0.50703125 0.0359375 0.053125
0 0.56875 0.31171875 0.0390625 0.05625
0 0.534375 0.26484375 0.075 0.03125
0 0.43046875 0.3609375 0.0421875 0.05625
0 0.31015625 0.25546875 0.0359375 0.0546875
0 0.28671875 0.13203125 0.0609375 0.0265625