0 0.9265625 0.12578125 0.0546875 0.059375
0 0.96171875 0.1796875 0.0375 0.0515625
0 0.81875 0.11875 0.071875 0.0375
0 0.88046875 0.1125 0.04375 0.040625
0 0.259375 0.2671875 0.0390625 0.0421875
0 0.2546875 0.31484375 0.0375 0.0546875
0 0.1828125 0.425 0.078125 0.0375
0 0.234375 0.53828125 0.0703125 0.05625
0 0.321875 0.60234375 0.059375 0.0625
0 0.2 0.72578125 0.0609375 0.0578125
0 0.3625 0.759375 0.075 0.0828125
0 0.3296875 0.853125 0.0859375 0.05
0 0.4921875 0.85390625 0.0421875 0.0546875
0 0.43125 0.9328125 0.0859375 0.034375
0 0.49921875 0.965625 0.096875 0.0328125
0 0.83984375 0.865625 0.034375 0.0546875
0 0.60625 0.68984375 0.0734375 0.046875
0 0.47578125 0.74609375 0.0453125 0.0703125
0 0.7078125 0.44296875 0.071875 0.05625