0 0.41328125 0.0765625 0.0734375 0.0375
0 0.26328125 0.0328125 0.046875 0.040625
0 0.1703125 0.040625 0.0421875 0.0484375
0 0.203125 0.02265625 0.0453125 0.034375
0 0.23671875 0.1140625 0.0375 0.0546875
0 0.16484375 0.3125 0.040625 0.0671875
0 0.25078125 0.55625 0.0640625 0.0484375
0 0.4734375 0.69765625 0.0703125 0.05
0 0.75703125 0.69375 0.0875 0.028125
0 0.784375 0.74921875 0.034375 0.05625
0 0.2234375 0.7234375 0.0421875 0.0484375
0 0.5859375 0.8015625 0.059375 0.046875
0 0.090625 0.796875 0.040625 0.0578125
0 0.1265625 0.83984375 0.0578125 0.0390625
0 0.325 0.8546875 0.078125 0.03125
0 0.30703125 0.89296875 0.0859375 0.0421875
0 0.23984375 0.91796875 0.05625 0.0375
0 0.4953125 0.91484375 0.0703125 0.0328125
0 0.50625 0.9515625 0.075 0.0328125
0 0.6296875 0.97421875 0.0625 0.0359375