0 0.6 0.76484375 0.090625 0.0421875
0 0.3515625 0.65234375 0.0875 0.0375
0 0.30546875 0.5484375 0.053125 0.0578125
0 0.184375 0.5375 0.040625 0.0609375
0 0.20234375 0.459375 0.0484375 0.0640625
0 0.540625 0.47265625 0.03125 0.05625
0 0.509375 0.4765625 0.034375 0.059375
0 0.396875 0.3640625 0.0703125 0.0609375
0 0.215625 0.27109375 0.065625 0.05625
0 0.640625 0.28359375 0.0421875 0.0578125
0 0.525 0.15 0.0671875 0.0375
0 0.596875 0.0984375 0.0640625 0.0515625
0 0.6203125 0.05625 0.03125 0.03125
0 0.58046875 0.0296875 0.0390625 0.0359375
0 0.5203125 0.0375 0.0671875 0.034375
0 0.47734375 0.04609375 0.03125 0.040625
0 0.84765625 0.02578125 0.025 0.0359375
0 0.83828125 0.07109375 0.0359375 0.046875
0 0.83984375 0.153125 0.028125 0.0296875
0 0.8328125 0.19375 0.0296875 0.046875