0 0.1828125 0.128125 0.0515625 0.05546875
0 0.17109375 0.25625 0.078125 0.03203125
0 0.87109375 0.1 0.06328125 0.03984375
0 0.8671875 0.21875 0.0421875 0.06015625
0 0.90546875 0.296875 0.034375 0.0609375
0 0.24375 0.41328125 0.04609375 0.06640625
0 0.178125 0.4890625 0.09453125 0.0296875
0 0.37421875 0.6578125 0.0515625 0.05546875
0 0.2859375 0.7265625 0.08671875 0.0265625
0 0.4078125 0.7890625 0.0609375 0.06875
0 0.3109375 0.871875 0.0578125 0.065625
0 0.1671875 0.85703125 0.0390625 0.04140625
0 0.19765625 0.90078125 0.0578125 0.03828125
0 0.50546875 0.9359375 0.04765625 0.03984375
0 0.88828125 0.80703125 0.03515625 0.05234375
0 0.88359375 0.7265625 0.0328125 0.065625
0 0.85234375 0.6015625 0.06875 0.02265625
0 0.89765625 0.6046875 0.0203125 0.05078125
0 0.5484375 0.5546875 0.034375 0.0546875