0 0.709375 0.89296875 0.05 0.06875
0 0.83046875 0.8609375 0.0765625 0.0375
0 0.86640625 0.82109375 0.0734375 0.040625
0 0.94609375 0.79140625 0.05 0.065625
0 0.83828125 0.7265625 0.075 0.0515625
0 0.78125 0.67109375 0.0609375 0.0578125
0 0.62265625 0.7109375 0.09375 0.0515625
0 0.5140625 0.740625 0.05 0.0609375
0 0.45078125 0.7671875 0.0578125 0.06875
0 0.4078125 0.8453125 0.06875 0.0421875
0 0.42421875 0.8828125 0.05 0.05
0 0.3375 0.86640625 0.0578125 0.0625
0 0.29921875 0.70390625 0.0484375 0.0703125
0 0.32890625 0.55 0.0375 0.05625
0 0.921875 0.5234375 0.0515625 0.0640625
0 0.390625 0.35390625 0.0484375 0.065625
0 0.4890625 0.33359375 0.0546875 0.071875
0 0.55625 0.30390625 0.08125 0.0421875
0 0.61640625 0.215625 0.0453125 0.06875
0 0.728125 0.125 0.04375 0.0671875