0 0.78984375 0.1171875 0.0515625 0.05234375
0 0.703125 0.11171875 0.07734375 0.03125
0 0.634375 0.2359375 0.0671875 0.05078125
0 0.50390625 0.28671875 0.06953125 0.05078125
0 0.15859375 0.2390625 0.07734375 0.053125
0 0.6125 0.38515625 0.08125 0.03359375
0 0.7171875 0.43828125 0.06171875 0.046875
0 0.43125 0.465625 0.05703125 0.0453125
0 0.34296875 0.50234375 0.06015625 0.0421875
0 0.2296875 0.44140625 0.07109375 0.0296875
0 0.3515625 0.53984375 0.04765625 0.03515625
0 0.60390625 0.52265625 0.0640625 0.04765625
0 0.559375 0.5703125 0.07265625 0.028125
0 0.5625 0.60625 0.06640625 0.0296875
0 0.5953125 0.64453125 0.0640625 0.040625
0 0.54296875 0.6859375 0.03125 0.05234375
0 0.41875 0.72890625 0.07890625 0.03203125
0 0.31328125 0.72890625 0.06953125 0.04609375
0 0.159375 0.615625 0.0609375 0.04296875
0 0.10703125 0.5578125 0.07734375 0.025