0 0.1703125 0.2453125 0.06875 0.0359375
0 0.696875 0.24765625 0.08515625 0.03828125
0 0.8015625 0.22578125 0.040625 0.04921875
0 0.7734375 0.26875 0.0609375 0.025
0 0.80390625 0.3203125 0.028125 0.06015625
0 0.61484375 0.38984375 0.09140625 0.02421875
0 0.78984375 0.47578125 0.025 0.05
0 0.5953125 0.54921875 0.0234375 0.0671875
0 0.53203125 0.5765625 0.0625 0.02265625
0 0.36328125 0.525 0.065625 0.0453125
0 0.10234375 0.59765625 0.03359375 0.0546875
0 0.1484375 0.54765625 0.0578125 0.0328125
0 0.29140625 0.62421875 0.03359375 0.05
0 0.3890625 0.6375 0.053125 0.05
0 0.40703125 0.69921875 0.05859375 0.03671875
0 0.2921875 0.76953125 0.05234375 0.03359375
0 0.28359375 0.7375 0.08203125 0.02421875
0 0.184375 0.778125 0.03203125 0.0515625
0 0.47734375 0.74609375 0.028125 0.05078125
0 0.48671875 0.8078125 0.04609375 0.04296875