0 0.15078125 0.8328125 0.065625 0.046875
0 0.16484375 0.7703125 0.0328125 0.05
0 0.321875 0.74609375 0.0703125 0.03125
0 0.465625 0.71484375 0.0609375 0.04375
0 0.8015625 0.79296875 0.0734375 0.0421875
0 0.371875 0.6015625 0.078125 0.0296875
0 0.26171875 0.54375 0.0609375 0.0375
0 0.82890625 0.5359375 0.046875 0.059375
0 0.89921875 0.48125 0.0578125 0.0359375
0 0.82578125 0.3796875 0.0578125 0.059375
0 0.70625 0.4140625 0.0625 0.05625
0 0.678125 0.471875 0.0390625 0.0515625
0 0.6265625 0.49609375 0.0546875 0.040625
0 0.3921875 0.46015625 0.0359375 0.046875
0 0.4359375 0.4203125 0.0703125 0.034375
0 0.52890625 0.32890625 0.0328125 0.046875
0 0.4671875 0.3109375 0.0296875 0.0484375
0 0.4625 0.36328125 0.065625 0.021875
0 0.6015625 0.28359375 0.0609375 0.0421875
0 0.7203125 0.27578125 0.05 0.0453125