0 0.2421875 0.80625 0.059375 0.0484375
0 0.9359375 0.83203125 0.0640625 0.0390625
0 0.83828125 0.796875 0.0703125 0.0359375
0 0.8234375 0.65703125 0.053125 0.0546875
0 0.678125 0.5546875 0.0390625 0.0515625
0 0.1625 0.26015625 0.0546875 0.053125
0 0.071875 0.246875 0.0546875 0.0421875
0 0.07109375 0.2140625 0.0453125 0.0328125
0 0.12109375 0.18203125 0.0375 0.0265625
0 0.12890625 0.19921875 0.0375 0.028125
0 0.18671875 0.19921875 0.053125 0.0265625
0 0.175 0.16796875 0.025 0.028125
0 0.2109375 0.15703125 0.0453125 0.025
0 0.275 0.18828125 0.0375 0.0328125
0 0.28046875 0.1375 0.0390625 0.0421875
0 0.4265625 0.18828125 0.05 0.046875
0 0.63984375 0.1609375 0.0375 0.04375
0 0.6828125 0.13828125 0.0375 0.0453125
0 0.7203125 0.21171875 0.053125 0.046875
0 0.76875 0.13125 0.0296875 0.046875