0 0.5546875 0.89609375 0.0625 0.025
0 0.48046875 0.890625 0.0515625 0.0421875
0 0.24453125 0.8828125 0.040625 0.053125
0 0.571875 0.76953125 0.053125 0.0359375
0 0.60234375 0.7296875 0.0515625 0.0328125
0 0.83359375 0.72109375 0.021875 0.021875
0 0.86640625 0.72421875 0.0203125 0.025
0 0.834375 0.68671875 0.0328125 0.0359375
0 0.71875 0.6734375 0.0296875 0.046875
0 0.821875 0.6484375 0.025 0.034375
0 0.76328125 0.6203125 0.025 0.0328125
0 0.7140625 0.63671875 0.05625 0.0296875
0 0.6421875 0.6375 0.0359375 0.0296875
0 0.61484375 0.6875 0.028125 0.0265625
0 0.45546875 0.69765625 0.05 0.0578125
0 0.42734375 0.64140625 0.05 0.0296875
0 0.5125 0.60234375 0.05 0.0515625
0 0.5859375 0.5921875 0.021875 0.0203125
0 0.6 0.6109375 0.034375 0.03125
0 0.659375 0.57265625 0.040625 0.0234375
0 0.65234375 0.559375 0.046875 0.0203125
0 0.734375 0.50390625 0.040625 0.0421875
0 0.765625 0.45546875 0.040625 0.04375
0 0.70078125 0.43828125 0.040625 0.01875
0 0.60390625 0.44453125 0.0390625 0.025
0 0.5796875 0.48828125 0.0453125 0.0265625
0 0.54375 0.52265625 0.0484375 0.0265625
0 0.45859375 0.53125 0.040625 0.0375
0 0.18515625 0.5046875 0.0484375 0.0515625
0 0.278125 0.45546875 0.0640625 0.0359375
0 0.09296875 0.403125 0.0375 0.0546875
0 0.340625 0.303125 0.028125 0.034375
0 0.26328125 0.2859375 0.0609375 0.034375
0 0.16875 0.25859375 0.0734375 0.0328125
0 0.10625 0.29453125 0.0328125 0.034375
0 0.09609375 0.2703125 0.0296875 0.028125
0 0.4671875 0.27109375 0.0625 0.04375
0 0.47734375 0.21875 0.040625 0.053125
0 0.46640625 0.17265625 0.03125 0.0390625
0 0.5375 0.134375 0.0484375 0.0453125
0 0.55859375 0.2 0.0328125 0.0421875
0 0.60078125 0.1671875 0.040625 0.0515625
0 0.60859375 0.22578125 0.0203125 0.025
0 0.63203125 0.225 0.0265625 0.0171875
0 0.71171875 0.19765625 0.0546875 0.0484375
0 0.7140625 0.290625 0.0390625 0.04375
0 0.66875 0.365625 0.0328125 0.0421875
0 0.78515625 0.29765625 0.0359375 0.0484375
0 0.7421875 0.14375 0.0328125 0.0421875
0 0.7109375 0.11171875 0.040625 0.04375