0 0.2328125 0.10703125 0.04609375 0.04921875
0 0.39296875 0.18359375 0.03359375 0.05546875
0 0.8234375 0.1 0.04609375 0.05546875
0 0.8765625 0.425 0.06953125 0.0375
0 0.5828125 0.44453125 0.06484375 0.02265625
0 0.65859375 0.4109375 0.02890625 0.06015625
0 0.590625 0.3328125 0.046875 0.0375
0 0.51484375 0.28828125 0.04765625 0.040625
0 0.56484375 0.2390625 0.0375 0.03984375
0 0.6078125 0.2234375 0.02578125 0.04375
0 0.62265625 0.25625 0.021875 0.04140625
0 0.37265625 0.3234375 0.028125 0.0421875
0 0.28125 0.2359375 0.04296875 0.04921875
0 0.275 0.3390625 0.0609375 0.0515625
0 0.246875 0.42734375 0.03125 0.0375
0 0.23671875 0.39609375 0.034375 0.0375
0 0.42734375 0.46171875 0.06796875 0.02109375
0 0.3921875 0.43828125 0.0234375 0.04765625
0 0.5078125 0.3609375 0.08046875 0.0234375
0 0.64765625 0.5078125 0.0421875 0.0328125
0 0.59609375 0.5046875 0.025 0.04375
0 0.5578125 0.48984375 0.03984375 0.034375
0 0.43671875 0.515625 0.02890625 0.03828125
0 0.30546875 0.49296875 0.0296875 0.0546875
0 0.37734375 0.5546875 0.05390625 0.03984375
0 0.65546875 0.5734375 0.04296875 0.046875
0 0.375 0.61171875 0.06953125 0.01796875
0 0.475 0.6359375 0.02265625 0.0265625
0 0.4953125 0.61875 0.021875 0.02109375
0 0.6015625 0.65703125 0.0609375 0.0328125
0 0.78359375 0.709375 0.04140625 0.03515625
0 0.81328125 0.78203125 0.01953125 0.0296875
0 0.82890625 0.79609375 0.0203125 0.0359375
0 0.8 0.8796875 0.0421875 0.03984375
0 0.8390625 0.85390625 0.01796875 0.04765625
0 0.58828125 0.796875 0.0375 0.04765625
0 0.71484375 0.74296875 0.0484375 0.04375
0 0.55234375 0.8265625 0.0578125 0.01328125
0 0.4921875 0.84296875 0.040625 0.0390625
0 0.4125 0.75703125 0.028125 0.0453125
0 0.4359375 0.69921875 0.05859375 0.0421875
0 0.35390625 0.715625 0.028125 0.03984375
0 0.31875 0.75625 0.03984375 0.0265625
0 0.27734375 0.7421875 0.059375 0.015625
0 0.26953125 0.8125 0.04140625 0.0296875
0 0.284375 0.79375 0.05703125 0.0171875
0 0.33046875 0.85546875 0.065625 0.015625
0 0.221875 0.83359375 0.021875 0.06171875
0 0.184375 0.634375 0.0328125 0.0515625