0 0.5984375 0.16015625 0.0484375 0.04375
0 0.35078125 0.1140625 0.0390625 0.059375
0 0.2484375 0.18046875 0.0328125 0.0578125
0 0.3 0.20234375 0.0703125 0.0265625
0 0.415625 0.20546875 0.040625 0.0546875
0 0.33984375 0.24609375 0.05625 0.0546875
0 0.24765625 0.26171875 0.0734375 0.03125
0 0.32265625 0.29609375 0.0515625 0.0515625
0 0.3734375 0.321875 0.028125 0.053125
0 0.265625 0.3625 0.0515625 0.059375
0 0.2234375 0.39609375 0.04375 0.0265625
0 0.33125 0.40234375 0.05 0.05625
0 0.4515625 0.40078125 0.05 0.0421875
0 0.503125 0.39296875 0.0375 0.053125
0 0.45625 0.34765625 0.028125 0.05
0 0.3953125 0.47265625 0.0421875 0.0421875
0 0.48828125 0.3421875 0.028125 0.0484375
0 0.5515625 0.328125 0.071875 0.0234375
0 0.48125 0.26875 0.084375 0.03125
0 0.57890625 0.2203125 0.065625 0.046875
0 0.6296875 0.2421875 0.034375 0.028125
0 0.65703125 0.24375 0.0203125 0.0203125
0 0.684375 0.28046875 0.0421875 0.0484375
0 0.63203125 0.3140625 0.065625 0.03125
0 0.73125 0.31640625 0.0421875 0.053125
0 0.7640625 0.36640625 0.0296875 0.0578125
0 0.584375 0.37265625 0.04375 0.059375
0 0.64375 0.3796875 0.03125 0.05625
0 0.703125 0.3953125 0.059375 0.04375
0 0.615625 0.40078125 0.025 0.015625
0 0.63359375 0.41875 0.0515625 0.021875
0 0.60234375 0.45625 0.03125 0.05
0 0.68046875 0.4734375 0.0484375 0.0484375
0 0.7765625 0.5359375 0.0375 0.05
0 0.634375 0.55703125 0.0625 0.0375
0 0.6859375 0.5890625 0.0421875 0.0515625
0 0.7515625 0.60859375 0.0765625 0.0359375
0 0.509375 0.5578125 0.0515625 0.0453125
0 0.4171875 0.5828125 0.0359375 0.05625
0 0.50390625 0.60390625 0.05 0.0359375
0 0.56875 0.60859375 0.059375 0.0359375
0 0.3609375 0.6265625 0.0421875 0.0453125
0 0.271875 0.66484375 0.0578125 0.040625
0 0.1953125 0.56796875 0.0328125 0.0578125
0 0.2046875 0.63046875 0.034375 0.0640625
0 0.20859375 0.50625 0.0515625 0.04375
0 0.25859375 0.49375 0.0453125 0.0515625
0 0.49296875 0.696875 0.0328125 0.0640625
0 0.50546875 0.76953125 0.0765625 0.0390625
0 0.5484375 0.8171875 0.06875 0.0375