0 0.77578125 0.14921875 0.0234375 0.04375
0 0.784375 0.18125 0.0265625 0.01875
0 0.63203125 0.20078125 0.0734375 0.01640625
0 0.665625 0.234375 0.034375 0.0359375
0 0.559375 0.23671875 0.05 0.03515625
0 0.65390625 0.29296875 0.04609375 0.0453125
0 0.703125 0.34453125 0.04921875 0.0421875
0 0.72734375 0.384375 0.06328125 0.03828125
0 0.60078125 0.3515625 0.04921875 0.034375
0 0.48671875 0.3296875 0.03203125 0.0359375
0 0.53046875 0.40625 0.06796875 0.03125
0 0.39609375 0.28359375 0.06640625 0.02421875
0 0.35234375 0.23125 0.0234375 0.02109375
0 0.31640625 0.20859375 0.04375 0.03671875
0 0.275 0.33359375 0.05390625 0.0421875
0 0.19140625 0.36796875 0.03203125 0.04140625
0 0.4671875 0.353125 0.028125 0.01796875
0 0.41796875 0.38203125 0.01796875 0.03671875
0 0.44453125 0.3671875 0.03046875 0.021875
0 0.5 0.46875 0.06796875 0.0203125
0 0.575 0.465625 0.0421875 0.034375
0 0.65546875 0.46875 0.06328125 0.01953125
0 0.70703125 0.45703125 0.0296875 0.0484375
0 0.43671875 0.48828125 0.04765625 0.040625
0 0.509375 0.54921875 0.07109375 0.025
0 0.60625 0.53671875 0.03515625 0.04921875
0 0.67734375 0.590625 0.05703125 0.034375
0 0.703125 0.64921875 0.03046875 0.04453125
0 0.64921875 0.6546875 0.0625 0.01796875
0 0.67265625 0.6796875 0.03359375 0.04140625
0 0.57265625 0.67890625 0.040625 0.04609375
0 0.6015625 0.72421875 0.05078125 0.034375
0 0.69765625 0.746875 0.0453125 0.03828125
0 0.528125 0.7609375 0.059375 0.03046875
0 0.4484375 0.76171875 0.0640625 0.03515625
0 0.471875 0.69140625 0.03984375 0.04296875
0 0.390625 0.6109375 0.06953125 0.0234375
0 0.29296875 0.6015625 0.07265625 0.021875
0 0.24453125 0.50078125 0.04375 0.04375
0 0.23359375 0.44765625 0.03125 0.0453125
0 0.32265625 0.73984375 0.04921875 0.04140625
0 0.24375 0.77890625 0.028125 0.0484375
0 0.21015625 0.825 0.0421875 0.04921875
0 0.16171875 0.77890625 0.03203125 0.0515625
0 0.29375 0.8265625 0.03671875 0.0484375
0 0.4046875 0.82421875 0.053125 0.03046875
0 0.40625 0.878125 0.04140625 0.05234375
0 0.546875 0.83515625 0.06328125 0.03046875
0 0.6609375 0.80703125 0.05703125 0.0375
0 0.68203125 0.8484375 0.06171875 0.03359375