0 0.15234375 0.2203125 0.0328125 0.0484375
0 0.1515625 0.253125 0.0296875 0.025
0 0.30390625 0.23828125 0.075 0.0328125
0 0.27890625 0.278125 0.0421875 0.0421875
0 0.3828125 0.25703125 0.05625 0.0453125
0 0.303125 0.3328125 0.0546875 0.0546875
0 0.2671875 0.39453125 0.0578125 0.0515625
0 0.25234375 0.43828125 0.0703125 0.0515625
0 0.36875 0.378125 0.05625 0.0453125
0 0.475 0.33125 0.0390625 0.0421875
0 0.44921875 0.415625 0.0734375 0.0453125
0 0.55234375 0.265625 0.0703125 0.0390625
0 0.58359375 0.2046875 0.028125 0.0265625
0 0.61328125 0.175 0.0515625 0.0453125
0 0.68203125 0.2875 0.0625 0.053125
0 0.77109375 0.3015625 0.040625 0.046875
0 0.49921875 0.34921875 0.03125 0.0234375
0 0.553125 0.36640625 0.025 0.0390625
0 0.52421875 0.3578125 0.034375 0.028125
0 0.49296875 0.46953125 0.0703125 0.034375
0 0.41953125 0.48359375 0.0484375 0.04375
0 0.34140625 0.5046875 0.065625 0.0328125
0 0.28828125 0.5046875 0.0390625 0.053125
0 0.559375 0.47421875 0.05625 0.05
0 0.5015625 0.55 0.075 0.040625
0 0.4046875 0.559375 0.0453125 0.05625
0 0.34765625 0.628125 0.0640625 0.046875
0 0.3359375 0.69140625 0.0390625 0.05
0 0.3890625 0.684375 0.065625 0.03125
0 0.371875 0.7140625 0.0421875 0.0484375
0 0.46953125 0.690625 0.05 0.0546875
0 0.4515625 0.74140625 0.0578125 0.0453125
0 0.36328125 0.78515625 0.053125 0.046875
0 0.53125 0.7609375 0.0640625 0.04375
0 0.609375 0.74375 0.0703125 0.0484375
0 0.5703125 0.68046875 0.0484375 0.0515625
0 0.63125 0.58359375 0.0734375 0.0390625
0 0.72421875 0.55234375 0.075 0.0375
0 0.74921875 0.44296875 0.053125 0.053125
0 0.74765625 0.3890625 0.040625 0.0515625
0 0.7265625 0.69375 0.0578125 0.0515625
0 0.8125 0.7140625 0.0390625 0.053125
0 0.85546875 0.7515625 0.0515625 0.0578125
0 0.8921875 0.6953125 0.0421875 0.0578125
0 0.77421875 0.771875 0.046875 0.0546875
0 0.665625 0.79453125 0.059375 0.0421875
0 0.6765625 0.84765625 0.0515625 0.0609375
0 0.5296875 0.8375 0.06875 0.04375
0 0.4125 0.83515625 0.0640625 0.05
0 0.40078125 0.88046875 0.0671875 0.046875