0 0.7875 0.1109375 0.01640625 0.02421875
0 0.796875 0.12734375 0.0203125 0.01328125
0 0.67578125 0.1875 0.046875 0.04921875
0 0.6203125 0.1859375 0.04765625 0.05234375
0 0.4828125 0.109375 0.0796875 0.02421875
0 0.3015625 0.1734375 0.04609375 0.03203125
0 0.3390625 0.19375 0.02578125 0.025
0 0.4234375 0.25078125 0.06171875 0.02734375
0 0.553125 0.2703125 0.03515625 0.0484375
0 0.65859375 0.2515625 0.05546875 0.04453125
0 0.71328125 0.30234375 0.05234375 0.04765625
0 0.73515625 0.34765625 0.04609375 0.040625
0 0.82734375 0.3890625 0.0375 0.05234375
0 0.53828125 0.31875 0.0578125 0.0265625
0 0.4796875 0.29609375 0.04140625 0.0421875
0 0.48125 0.3359375 0.06953125 0.02890625
0 0.384375 0.35546875 0.0875 0.0265625
0 0.5265625 0.37578125 0.06640625 0.03359375
0 0.66953125 0.43203125 0.08046875 0.0296875
0 0.70234375 0.47421875 0.053125 0.04296875
0 0.6703125 0.534375 0.05234375 0.04453125
0 0.5265625 0.515625 0.04453125 0.05
0 0.42421875 0.45859375 0.071875 0.03359375
0 0.28359375 0.45390625 0.0703125 0.02265625
0 0.23828125 0.478125 0.05234375 0.04375
0 0.203125 0.42421875 0.0484375 0.0453125
0 0.18125 0.34296875 0.03125 0.05
0 0.18828125 0.534375 0.04765625 0.05234375
0 0.24765625 0.571875 0.03984375 0.05546875
0 0.36796875 0.640625 0.07109375 0.03046875
0 0.51875 0.56875 0.040625 0.04140625
0 0.58828125 0.57890625 0.028125 0.02421875
0 0.61796875 0.5796875 0.02890625 0.02421875
0 0.51015625 0.61328125 0.06484375 0.02890625
0 0.53515625 0.65234375 0.05625 0.0359375
0 0.61875 0.68046875 0.04296875 0.04921875
0 0.75390625 0.81328125 0.05390625 0.02578125
0 0.7046875 0.8359375 0.02734375 0.04765625
0 0.5109375 0.8390625 0.03359375 0.0453125
0 0.53203125 0.8796875 0.0703125 0.028125
0 0.41640625 0.859375 0.04453125 0.05234375
0 0.35234375 0.8296875 0.05703125 0.03984375
0 0.29921875 0.80703125 0.04296875 0.046875
0 0.215625 0.803125 0.05078125 0.05546875
0 0.1625 0.76015625 0.03671875 0.05546875
0 0.22890625 0.69921875 0.04921875 0.0484375
0 0.321875 0.71953125 0.05703125 0.034375
0 0.31171875 0.75859375 0.025 0.03984375
0 0.38359375 0.7203125 0.02890625 0.02109375