0 0.15546875 0.1609375 0.0203125 0.0265625
0 0.1484375 0.178125 0.021875 0.015625
0 0.27734375 0.21875 0.0546875 0.05625
0 0.33203125 0.20859375 0.0546875 0.059375
0 0.45625 0.11171875 0.0828125 0.0359375
0 0.64453125 0.14609375 0.05 0.0390625
0 0.6109375 0.17265625 0.0296875 0.028125
0 0.53671875 0.2421875 0.065625 0.0359375
0 0.41171875 0.28125 0.0421875 0.053125
0 0.3046875 0.2796875 0.0625 0.053125
0 0.25859375 0.33828125 0.059375 0.0546875
0 0.24375 0.3859375 0.0515625 0.046875
0 0.159375 0.44140625 0.0453125 0.0578125
0 0.43359375 0.32734375 0.0609375 0.0359375
0 0.48828125 0.2953125 0.046875 0.0484375
0 0.49296875 0.33515625 0.0734375 0.0390625
0 0.59140625 0.3390625 0.090625 0.040625
0 0.4546875 0.38125 0.0703125 0.04375
0 0.321875 0.459375 0.084375 0.0421875
0 0.29609375 0.50625 0.059375 0.05
0 0.3375 0.5609375 0.059375 0.0515625
0 0.4765625 0.51953125 0.0515625 0.05625
0 0.56875 0.446875 0.0765625 0.04375
0 0.70625 0.4203125 0.0734375 0.0328125
0 0.7546875 0.4375 0.0578125 0.0515625
0 0.78125 0.37890625 0.0546875 0.0515625
0 0.790625 0.2953125 0.0390625 0.0546875
0 0.81328125 0.48515625 0.0546875 0.059375
0 0.76015625 0.53125 0.0484375 0.0609375
0 0.65234375 0.61796875 0.075 0.040625
0 0.4921875 0.57109375 0.046875 0.046875
0 0.425 0.59140625 0.03125 0.028125
0 0.39609375 0.596875 0.0328125 0.028125
0 0.5078125 0.61328125 0.06875 0.0390625
0 0.4890625 0.65625 0.0609375 0.04375
0 0.4109375 0.696875 0.05 0.0546875
0 0.2984375 0.84921875 0.0578125 0.034375
0 0.35 0.8640625 0.034375 0.0515625
0 0.5421875 0.83671875 0.040625 0.05
0 0.528125 0.8796875 0.0734375 0.0390625
0 0.6390625 0.8421875 0.0515625 0.059375
0 0.69765625 0.80234375 0.0625 0.0484375
0 0.74609375 0.771875 0.05 0.053125
0 0.828125 0.7546875 0.059375 0.0625
0 0.87421875 0.70390625 0.0453125 0.0609375
0 0.79921875 0.6546875 0.05625 0.05625
0 0.71015625 0.6890625 0.0609375 0.0421875
0 0.7265625 0.72578125 0.03125 0.04375
0 0.64921875 0.69921875 0.03125 0.025