0 0.209375 0.72578125 0.071875 0.0390625
0 0.2984375 0.734375 0.0484375 0.0625
0 0.22734375 0.67421875 0.046875 0.05
0 0.4625 0.759375 0.046875 0.0625
0 0.5296875 0.7578125 0.059375 0.0375
0 0.64375 0.81953125 0.078125 0.0421875
0 0.61328125 0.73125 0.0671875 0.04375
0 0.5203125 0.67265625 0.0546875 0.0546875
0 0.36484375 0.65859375 0.040625 0.0515625
0 0.42578125 0.63984375 0.0390625 0.04375
0 0.21484375 0.6265625 0.0578125 0.021875
0 0.1734375 0.6234375 0.0578125 0.0390625
0 0.2078125 0.5625 0.0328125 0.046875
0 0.40078125 0.58671875 0.0390625 0.04375
0 0.4375 0.59296875 0.046875 0.0328125
0 0.440625 0.5609375 0.021875 0.03125
0 0.54453125 0.60234375 0.0375 0.0453125
0 0.64140625 0.67265625 0.05 0.05625
0 0.746875 0.61796875 0.0453125 0.040625
0 0.61796875 0.5703125 0.0546875 0.0359375
0 0.796875 0.5375 0.034375 0.05
0 0.5453125 0.5203125 0.0359375 0.046875
0 0.51015625 0.5328125 0.0390625 0.0328125
0 0.59921875 0.46015625 0.040625 0.053125
0 0.63359375 0.48046875 0.0609375 0.04375
0 0.79140625 0.46796875 0.0640625 0.0453125
0 0.765625 0.41328125 0.025 0.05
0 0.63125 0.37734375 0.0609375 0.0296875
0 0.50546875 0.32421875 0.059375 0.04375
0 0.38046875 0.33125 0.0546875 0.0484375
0 0.2109375 0.4109375 0.0453125 0.0546875
0 0.20390625 0.3296875 0.065625 0.053125
0 0.20703125 0.3 0.1046875 0.05
0 0.203125 0.25078125 0.040625 0.0546875
0 0.22265625 0.2171875 0.05 0.0375
0 0.2296875 0.15546875 0.0359375 0.0578125
0 0.24609375 0.125 0.0453125 0.034375
0 0.28125 0.1453125 0.0515625 0.04375
0 0.434375 0.2109375 0.0734375 0.0421875
0 0.56796875 0.271875 0.0546875 0.0375
0 0.6171875 0.2859375 0.0453125 0.0328125
0 0.7453125 0.32734375 0.0359375 0.059375
0 0.6609375 0.26015625 0.0546875 0.0484375
0 0.59296875 0.1703125 0.053125 0.05625
0 0.4546875 0.05625 0.0765625 0.0515625
0 0.2734375 0.0765625 0.075 0.0390625
0 0.29296875 0.53125 0.0640625 0.0328125
0 0.23671875 0.53203125 0.04375 0.0375
0 0.2375 0.47734375 0.0515625 0.040625
0 0.29453125 0.47734375 0.05625 0.0296875