0 0.890625 0.81953125 0.0375 0.0359375
0 0.8734375 0.7296875 0.0546875 0.0328125
0 0.84609375 0.76875 0.0296875 0.0328125
0 0.8921875 0.78046875 0.0328125 0.04375
0 0.5453125 0.78125 0.0328125 0.0484375
0 0.40859375 0.803125 0.03125 0.0390625
0 0.37421875 0.76015625 0.065625 0.028125
0 0.66875 0.66015625 0.053125 0.0359375
0 0.60703125 0.61171875 0.03125 0.05625
0 0.509375 0.621875 0.034375 0.0484375
0 0.75625 0.53203125 0.071875 0.04375
0 0.78828125 0.46875 0.046875 0.0484375
0 0.24375 0.67421875 0.034375 0.0484375
0 0.2125 0.71953125 0.0390625 0.046875
0 0.1640625 0.7359375 0.0375 0.0515625
0 0.21484375 0.7703125 0.053125 0.028125
0 0.21875 0.7953125 0.05 0.0203125
0 0.2875 0.834375 0.0515625 0.0359375
0 0.1984375 0.8328125 0.034375 0.0359375
0 0.19375 0.86484375 0.025 0.034375
0 0.18828125 0.90234375 0.0328125 0.028125
0 0.2140625 0.9203125 0.0390625 0.0203125
0 0.246875 0.921875 0.028125 0.0359375
0 0.3328125 0.91640625 0.0640625 0.025
0 0.1828125 0.534375 0.04375 0.0515625
0 0.2734375 0.4890625 0.0375 0.04375
0 0.51015625 0.4453125 0.059375 0.0375
0 0.4890625 0.359375 0.0265625 0.03125
0 0.46640625 0.34765625 0.025 0.0453125
0 0.69296875 0.32109375 0.0296875 0.03125
0 0.72890625 0.35390625 0.0453125 0.04375
0 0.69609375 0.265625 0.05625 0.04375
0 0.2265625 0.17890625 0.059375 0.0328125
0 0.125 0.2125 0.03125 0.04375
0 0.13046875 0.26015625 0.034375 0.0453125
0 0.42421875 0.06953125 0.0703125 0.03125
0 0.65859375 0.03984375 0.04375 0.0375
0 0.6796875 0.08359375 0.0609375 0.0296875
0 0.75546875 0.109375 0.0296875 0.0390625
0 0.77578125 0.08046875 0.046875 0.021875
0 0.7828125 0.04453125 0.0296875 0.0265625
0 0.7703125 0.021875 0.0546875 0.025
0 0.73828125 0.0640625 0.040625 0.0265625
0 0.1921875 0.3828125 0.034375 0.0578125