0 0.275 0.1875 0.05 0.046875
0 0.38984375 0.1890625 0.0390625 0.0546875
0 0.28515625 0.26953125 0.0359375 0.05625
0 0.553125 0.2515625 0.0734375 0.0390625
0 0.4359375 0.29375 0.0734375 0.0203125
0 0.39609375 0.31875 0.0453125 0.0234375
0 0.271875 0.353125 0.04375 0.05
0 0.3203125 0.37890625 0.0484375 0.04375
0 0.25078125 0.4421875 0.0359375 0.0578125
0 0.30859375 0.4984375 0.071875 0.0328125
0 0.43984375 0.46953125 0.06875 0.021875
0 0.4046875 0.5359375 0.06875 0.0265625
0 0.4015625 0.56796875 0.075 0.025
0 0.30234375 0.57265625 0.0515625 0.034375
0 0.428125 0.63203125 0.0703125 0.03125
0 0.47265625 0.6984375 0.040625 0.0546875
0 0.190625 0.6421875 0.034375 0.0671875
0 0.303125 0.7546875 0.059375 0.0421875
0 0.3921875 0.77578125 0.0625 0.028125
0 0.34140625 0.7859375 0.0359375 0.0265625
0 0.19921875 0.85 0.04375 0.05625
0 0.325 0.83828125 0.09375 0.021875
0 0.35703125 0.86640625 0.046875 0.040625
0 0.26328125 0.8828125 0.04375 0.0546875
0 0.2609375 0.92734375 0.05 0.0296875
0 0.43359375 0.8734375 0.08125 0.025
0 0.44921875 0.821875 0.034375 0.0515625
0 0.5265625 0.77109375 0.06875 0.0453125
0 0.7046875 0.82890625 0.08125 0.0265625
0 0.60703125 0.86328125 0.0734375 0.0265625
0 0.83828125 0.7546875 0.040625 0.053125
0 0.84296875 0.6828125 0.0359375 0.046875
0 0.8046875 0.6953125 0.0375 0.0484375
0 0.84453125 0.6328125 0.0328125 0.05
0 0.84296875 0.58125 0.0390625 0.0484375
0 0.76875 0.60625 0.0734375 0.021875
0 0.7578125 0.5875 0.0421875 0.0140625
0 0.7 0.6 0.05625 0.0390625
0 0.61015625 0.56171875 0.0671875 0.040625
0 0.78828125 0.51875 0.06875 0.0296875
0 0.878125 0.475 0.0328125 0.0609375
0 0.834375 0.471875 0.0453125 0.03125
0 0.82578125 0.440625 0.0296875 0.03125
0 0.7 0.4796875 0.071875 0.025
0 0.61796875 0.44296875 0.0390625 0.0484375
0 0.565625 0.48828125 0.053125 0.04375
0 0.74609375 0.38359375 0.075 0.028125
0 0.66796875 0.3578125 0.040625 0.06875
0 0.54921875 0.3515625 0.065625 0.0515625
0 0.62578125 0.28203125 0.0453125 0.0578125