0 0.61171875 0.84140625 0.05 0.015625
0 0.6109375 0.8609375 0.05 0.0125
0 0.5125 0.80390625 0.025 0.0390625
0 0.30625 0.8546875 0.053125 0.021875
0 0.21328125 0.8421875 0.025 0.0234375
0 0.17421875 0.8421875 0.0328125 0.0203125
0 0.17578125 0.7546875 0.015625 0.04375
0 0.378125 0.746875 0.025 0.046875
0 0.33515625 0.775 0.05625 0.01875
0 0.34296875 0.715625 0.04375 0.0375
0 0.4609375 0.70234375 0.015625 0.0375
0 0.6859375 0.790625 0.05625 0.03125
0 0.51953125 0.6703125 0.0359375 0.040625
0 0.46328125 0.65625 0.04375 0.0328125
0 0.36640625 0.64765625 0.065625 0.01875
0 0.26640625 0.62578125 0.046875 0.03125
0 0.7734375 0.61875 0.0625 0.03125
0 0.58984375 0.5765625 0.0515625 0.028125
0 0.6828125 0.55625 0.053125 0.04375
0 0.5703125 0.51953125 0.071875 0.0171875
0 0.32578125 0.553125 0.05 0.0125
0 0.37734375 0.5484375 0.053125 0.0140625
0 0.31171875 0.50234375 0.0390625 0.03125
0 0.3859375 0.49609375 0.0453125 0.0171875
0 0.36640625 0.51484375 0.04375 0.00625
0 0.76171875 0.50625 0.0484375 0.021875
0 0.6234375 0.4390625 0.0375 0.0453125
0 0.7421875 0.4375 0.021875 0.028125
0 0.72109375 0.45546875 0.028125 0.0390625
0 0.7640625 0.371875 0.0328125 0.0375
0 0.809375 0.334375 0.028125 0.040625
0 0.6546875 0.38125 0.04375 0.025
0 0.5125 0.38125 0.0359375 0.04375
0 0.43671875 0.3765625 0.0390625 0.0140625
0 0.43125 0.39765625 0.0375 0.015625
0 0.32890625 0.33125 0.0171875 0.059375
0 0.32109375 0.20390625 0.025 0.046875
0 0.48515625 0.28203125 0.028125 0.040625
0 0.6984375 0.3078125 0.0625 0.0265625
0 0.6703125 0.259375 0.0484375 0.0390625
0 0.83125 0.21953125 0.025 0.04375
0 0.6375 0.18828125 0.046875 0.025
0 0.7359375 0.13046875 0.0453125 0.0265625
0 0.78515625 0.10390625 0.04375 0.0140625
0 0.57578125 0.1625 0.021875 0.0375
0 0.57734375 0.1203125 0.0265625 0.0390625
0 0.51875 0.1375 0.0625 0.0296875
0 0.39921875 0.125 0.040625 0.0359375
0 0.465625 0.08828125 0.03125 0.0328125
0 0.20859375 0.09765625 0.053125 0.0203125