0 0.9765625 0.81484375 0.0453125 0.0453125
0 0.93203125 0.79609375 0.0375 0.05
0 0.83203125 0.84375 0.0796875 0.0375
0 0.84375 0.80703125 0.0375 0.0421875
0 0.88359375 0.771875 0.0390625 0.0546875
0 0.778125 0.78125 0.046875 0.05
0 0.734375 0.77734375 0.0359375 0.0375
0 0.74609375 0.8390625 0.040625 0.0453125
0 0.709375 0.81640625 0.0328125 0.046875
0 0.58984375 0.90234375 0.06875 0.0421875
0 0.61796875 0.83359375 0.0671875 0.04375
0 0.45 0.925 0.0640625 0.0375
0 0.44375 0.89140625 0.0609375 0.034375
0 0.56484375 0.7734375 0.0328125 0.0546875
0 0.27734375 0.80078125 0.0640625 0.0390625
0 0.34375 0.77421875 0.046875 0.0421875
0 0.32421875 0.7375 0.034375 0.0421875
0 0.50234375 0.68515625 0.028125 0.046875
0 0.471875 0.66875 0.0296875 0.046875
0 0.653125 0.58046875 0.0359375 0.0328125
0 0.6359375 0.5609375 0.075 0.0328125
0 0.57734375 0.54609375 0.0375 0.0390625
0 0.89140625 0.628125 0.0359375 0.05625
0 0.828125 0.5765625 0.0375 0.0375
0 0.84921875 0.55703125 0.028125 0.040625
0 0.8890625 0.540625 0.0390625 0.0515625
0 0.8671875 0.44609375 0.046875 0.04375
0 0.8 0.44765625 0.0390625 0.0515625
0 0.75 0.44375 0.0484375 0.0578125
0 0.725 0.46796875 0.0375 0.0515625
0 0.59296875 0.49140625 0.0375 0.0578125
0 0.22890625 0.7234375 0.0390625 0.015625
0 0.2390625 0.70390625 0.0296875 0.021875
0 0.2296875 0.64140625 0.0296875 0.0515625
0 0.19609375 0.65 0.0359375 0.0484375
0 0.1328125 0.5171875 0.0375 0.053125
0 0.12734375 0.45703125 0.0328125 0.0453125
0 0.36640625 0.446875 0.0375 0.0421875
0 0.35859375 0.4703125 0.05625 0.0296875
0 0.48359375 0.36796875 0.059375 0.0359375
0 0.56328125 0.41875 0.04375 0.0390625
0 0.63046875 0.353125 0.0359375 0.040625
0 0.59296875 0.225 0.0390625 0.0515625
0 0.62265625 0.1359375 0.05625 0.05
0 0.47265625 0.153125 0.0625 0.04375
0 0.50859375 0.09140625 0.075 0.0390625
0 0.31484375 0.1921875 0.053125 0.0421875
0 0.27421875 0.1703125 0.0515625 0.0265625
0 0.1984375 0.21015625 0.0421875 0.04375