0 0.13046875 0.7953125 0.078125 0.03125
0 0.2421875 0.81875 0.075 0.0375
0 0.4078125 0.85390625 0.071875 0.03125
0 0.33359375 0.7890625 0.071875 0.0328125
0 0.40703125 0.76484375 0.04375 0.0484375
0 0.49296875 0.9390625 0.08125 0.0296875
0 0.57734375 0.81796875 0.0828125 0.0296875
0 0.76953125 0.97265625 0.0796875 0.0265625
0 0.7265625 0.946875 0.040625 0.0234375
0 0.75625 0.90703125 0.0296875 0.0453125
0 0.7875 0.9484375 0.0546875 0.025
0 0.64375 0.865625 0.05 0.025
0 0.68984375 0.85546875 0.053125 0.0359375
0 0.69609375 0.88359375 0.05 0.0375
0 0.80234375 0.82578125 0.0421875 0.0515625
0 0.83984375 0.8578125 0.046875 0.0390625
0 0.59296875 0.74296875 0.0328125 0.0390625
0 0.603125 0.775 0.0703125 0.028125
0 0.82734375 0.6484375 0.0625 0.04375
0 0.51796875 0.5921875 0.0609375 0.0453125
0 0.43359375 0.60625 0.05 0.0296875
0 0.3609375 0.67109375 0.0421875 0.0421875
0 0.20859375 0.63515625 0.0484375 0.040625
0 0.13984375 0.5640625 0.0390625 0.05625
0 0.17265625 0.5859375 0.0296875 0.04375
0 0.21953125 0.56640625 0.046875 0.0546875
0 0.66015625 0.55390625 0.053125 0.0359375
0 0.65625 0.578125 0.0640625 0.0375
0 0.70078125 0.53203125 0.06875 0.028125
0 0.696875 0.55390625 0.046875 0.028125
0 0.83828125 0.52734375 0.05 0.0625
0 0.76875 0.4703125 0.0421875 0.0578125
0 0.6890625 0.4015625 0.0578125 0.0359375
0 0.4453125 0.4359375 0.0484375 0.03125
0 0.4453125 0.46015625 0.05 0.0421875
0 0.271875 0.4765625 0.0484375 0.040625
0 0.190625 0.48984375 0.0296875 0.0390625
0 0.1453125 0.465625 0.0328125 0.04375
0 0.1453125 0.40234375 0.0234375 0.034375
0 0.1859375 0.4078125 0.0546875 0.03125
0 0.31953125 0.3765625 0.065625 0.0296875
0 0.26640625 0.3140625 0.0265625 0.0453125
0 0.2640625 0.2703125 0.04375 0.0375
0 0.20234375 0.2125 0.0296875 0.0515625
0 0.16328125 0.196875 0.0296875 0.0609375
0 0.53359375 0.36875 0.0671875 0.0390625
0 0.54609375 0.3140625 0.05 0.0421875
0 0.53125 0.25546875 0.040625 0.0515625
0 0.22890625 0.06875 0.0484375 0.04375
0 0.5265625 0.1078125 0.0796875 0.0265625