0 0.06875 0.140625 0.0484375 0.040625
0 0.12734375 0.15625 0.0625 0.0234375
0 0.1828125 0.15390625 0.04375 0.0484375
0 0.24296875 0.1140625 0.0765625 0.03125
0 0.08984375 0.17421875 0.0515625 0.021875
0 0.11875 0.19453125 0.0640625 0.0265625
0 0.07265625 0.209375 0.0390625 0.046875
0 0.096875 0.24296875 0.0390625 0.046875
0 0.17734375 0.23203125 0.05 0.0375
0 0.15703125 0.2703125 0.0578125 0.0453125
0 0.1140625 0.303125 0.0453125 0.040625
0 0.2671875 0.2375 0.0421875 0.0515625
0 0.29609375 0.1734375 0.0421875 0.0421875
0 0.359375 0.190625 0.05 0.05625
0 0.4296875 0.15 0.075 0.046875
0 0.46171875 0.20234375 0.0390625 0.05
0 0.48125 0.30078125 0.065625 0.040625
0 0.559375 0.30703125 0.040625 0.0609375
0 0.6796875 0.2421875 0.03125 0.0484375
0 0.70078125 0.278125 0.0359375 0.0390625
0 0.7625 0.18046875 0.040625 0.0484375
0 0.8 0.17734375 0.0375 0.0484375
0 0.78671875 0.215625 0.03125 0.04375
0 0.7859375 0.25703125 0.04375 0.046875
0 0.77578125 0.30546875 0.0390625 0.05625
0 0.69765625 0.06875 0.025 0.0265625
0 0.6984375 0.08828125 0.059375 0.0265625
0 0.3625 0.40546875 0.0359375 0.03125
0 0.1765625 0.41328125 0.053125 0.03125
0 0.40234375 0.42109375 0.04375 0.0265625
0 0.35234375 0.428125 0.0546875 0.025
0 0.22109375 0.46328125 0.0375 0.05
0 0.1453125 0.45078125 0.034375 0.05
0 0.1421875 0.50078125 0.0328125 0.0515625
0 0.41484375 0.4953125 0.04375 0.0609375
0 0.34453125 0.56484375 0.0640625 0.046875
0 0.3734375 0.6171875 0.0515625 0.046875
0 0.4796875 0.6046875 0.0625 0.0453125
0 0.5625 0.6421875 0.075 0.046875
0 0.62421875 0.5703125 0.0453125 0.0484375
0 0.66953125 0.5625 0.0515625 0.053125
0 0.82109375 0.4484375 0.025 0.0421875
0 0.8328125 0.425 0.0265625 0.0375
0 0.85703125 0.81015625 0.071875 0.0375
0 0.65234375 0.834375 0.0765625 0.0421875
0 0.7109375 0.84765625 0.065625 0.0328125
0 0.5546875 0.90234375 0.0484375 0.059375
0 0.46796875 0.9046875 0.0796875 0.04375
0 0.31796875 0.8875 0.06875 0.0390625
0 0.39375 0.7671875 0.04375 0.053125