0 0.12421875 0.12578125 0.0453125 0.0203125
0 0.08828125 0.14453125 0.0328125 0.0375
0 0.14453125 0.14765625 0.0703125 0.01875
0 0.11953125 0.17109375 0.021875 0.0390625
0 0.1765625 0.21796875 0.05625 0.021875
0 0.1359375 0.24375 0.0390625 0.0421875
0 0.1203125 0.2921875 0.0375 0.05
0 0.17578125 0.3140625 0.0484375 0.05625
0 0.26328125 0.31015625 0.03125 0.0421875
0 0.31015625 0.15625 0.040625 0.046875
0 0.43515625 0.24453125 0.053125 0.046875
0 0.43046875 0.30234375 0.0484375 0.0453125
0 0.48125 0.20078125 0.040625 0.0421875
0 0.5140625 0.1875 0.0453125 0.0546875
0 0.58359375 0.14296875 0.0578125 0.0359375
0 0.6796875 0.0828125 0.0703125 0.0359375
0 0.7390625 0.08359375 0.0328125 0.053125
0 0.8140625 0.12421875 0.028125 0.04375
0 0.77578125 0.1421875 0.03125 0.046875
0 0.76484375 0.17890625 0.0453125 0.046875
0 0.6609375 0.1453125 0.0640625 0.0234375
0 0.78984375 0.23203125 0.03125 0.04375
0 0.803125 0.29296875 0.0328125 0.05
0 0.71171875 0.2875 0.0390625 0.0578125
0 0.565625 0.3140625 0.0375 0.05625
0 0.81328125 0.35859375 0.0515625 0.0359375
0 0.13671875 0.36015625 0.03125 0.046875
0 0.14296875 0.3890625 0.0609375 0.0328125
0 0.36640625 0.409375 0.0484375 0.021875
0 0.34765625 0.43203125 0.0453125 0.028125
0 0.31796875 0.4625 0.0421875 0.028125
0 0.23046875 0.46796875 0.04375 0.0546875
0 0.1796875 0.459375 0.034375 0.0578125
0 0.44453125 0.49453125 0.0578125 0.0296875
0 0.353125 0.559375 0.040625 0.0375
0 0.17421875 0.5796875 0.0625 0.05625
0 0.396875 0.590625 0.0421875 0.034375
0 0.5 0.63046875 0.065625 0.040625
0 0.64140625 0.59609375 0.0375 0.0421875
0 0.60390625 0.59453125 0.0328125 0.0375
0 0.571875 0.67890625 0.046875 0.0671875
0 0.84921875 0.83359375 0.065625 0.028125
0 0.6921875 0.859375 0.0640625 0.0359375
0 0.540625 0.8453125 0.071875 0.0328125
0 0.3875 0.77265625 0.075 0.0328125
0 0.5453125 0.9171875 0.0609375 0.028125
0 0.46796875 0.9125 0.059375 0.028125
0 0.2578125 0.92109375 0.0484375 0.046875