0 0.17265625 0.0828125 0.04375 0.015625
0 0.134375 0.096875 0.02890625 0.034375
0 0.18984375 0.10703125 0.0703125 0.01015625
0 0.1625 0.12734375 0.0171875 0.03671875
0 0.21328125 0.18046875 0.0546875 0.01484375
0 0.16953125 0.2015625 0.03515625 0.03828125
0 0.1484375 0.24765625 0.03203125 0.04609375
0 0.20078125 0.27578125 0.0421875 0.05078125
0 0.28828125 0.2828125 0.0265625 0.0390625
0 0.353125 0.1359375 0.0359375 0.0421875
0 0.4671875 0.23828125 0.0484375 0.04140625
0 0.45546875 0.2953125 0.04375 0.03984375
0 0.51796875 0.20078125 0.0359375 0.0375
0 0.55234375 0.19140625 0.0390625 0.05078125
0 0.6265625 0.15546875 0.0546875 0.0296875
0 0.72890625 0.1078125 0.0671875 0.02734375
0 0.78828125 0.115625 0.0265625 0.05
0 0.8578125 0.165625 0.0234375 0.04140625
0 0.8171875 0.178125 0.0265625 0.04453125
0 0.80234375 0.21328125 0.03984375 0.0421875
0 0.703125 0.16796875 0.06328125 0.01640625
0 0.8203125 0.26953125 0.0265625 0.04140625
0 0.82578125 0.33125 0.02734375 0.046875
0 0.7359375 0.31484375 0.03203125 0.0546875
0 0.5875 0.3234375 0.03125 0.05234375
0 0.828125 0.39765625 0.0484375 0.03046875
0 0.15625 0.3171875 0.02578125 0.04375
0 0.159375 0.34609375 0.0578125 0.0265625
0 0.378125 0.39375 0.04765625 0.015625
0 0.35703125 0.4140625 0.04296875 0.02265625
0 0.32421875 0.440625 0.0390625 0.02421875
0 0.23671875 0.43515625 0.0375 0.05
0 0.18671875 0.4203125 0.028125 0.05546875
0 0.4453125 0.4875 0.0546875 0.02265625
0 0.346875 0.54140625 0.03671875 0.03359375
0 0.1671875 0.5390625 0.05625 0.04921875
0 0.38671875 0.57734375 0.03828125 0.03046875
0 0.484375 0.6296875 0.0625 0.03359375
0 0.62890625 0.6125 0.03359375 0.03828125
0 0.59140625 0.60625 0.0296875 0.03359375
0 0.54921875 0.6859375 0.0390625 0.06328125
0 0.80625 0.8734375 0.06328125 0.02109375
0 0.646875 0.88046875 0.0609375 0.028125
0 0.4984375 0.84765625 0.06953125 0.025
0 0.35546875 0.75703125 0.07265625 0.02421875
0 0.49375 0.91953125 0.059375 0.02109375
0 0.41796875 0.90546875 0.05703125 0.021875
0 0.20859375 0.88828125 0.04375 0.0421875