0 0.55625 0.83203125 0.0484375 0.06875
0 0.3125 0.7421875 0.084375 0.040625
0 0.58046875 0.74765625 0.08125 0.040625
0 0.59140625 0.66953125 0.0796875 0.059375
0 0.69921875 0.696875 0.06875 0.0625
0 0.49609375 0.65625 0.075 0.0296875
0 0.39765625 0.65546875 0.0828125 0.034375
0 0.43515625 0.62421875 0.0484375 0.05
0 0.18203125 0.6171875 0.0484375 0.0625
0 0.26015625 0.60703125 0.0859375 0.0390625
0 0.25546875 0.5484375 0.0765625 0.0421875
0 0.353125 0.5546875 0.0546875 0.0609375
0 0.20703125 0.52109375 0.034375 0.046875
0 0.13203125 0.52578125 0.034375 0.0484375
0 0.1703125 0.48984375 0.0296875 0.053125
0 0.1375 0.446875 0.0375 0.05625
0 0.25546875 0.43203125 0.04375 0.065625
0 0.14296875 0.3609375 0.075 0.0359375
0 0.21484375 0.3515625 0.0453125 0.0546875
0 0.3875 0.434375 0.0421875 0.053125
0 0.33515625 0.34296875 0.05 0.0453125
0 0.20625 0.28828125 0.0453125 0.0484375
0 0.15546875 0.25234375 0.053125 0.0609375
0 0.28984375 0.21484375 0.0703125 0.0546875
0 0.45234375 0.35859375 0.0609375 0.034375
0 0.540625 0.4171875 0.065625 0.0546875
0 0.6328125 0.41328125 0.0421875 0.0578125
0 0.60078125 0.35859375 0.0375 0.05625
0 0.70859375 0.396875 0.040625 0.059375
0 0.70859375 0.478125 0.046875 0.0640625
0 0.47421875 0.5734375 0.0359375 0.03125
0 0.51328125 0.565625 0.0359375 0.03125
0 0.8375 0.41953125 0.046875 0.0640625
0 0.7109375 0.21796875 0.0421875 0.0625
0 0.4625 0.2125 0.0703125 0.0515625
0 0.196875 0.1125 0.0390625 0.053125
0 0.24140625 0.10625 0.05625 0.0546875
0 0.38984375 0.15859375 0.0484375 0.053125
0 0.41953125 0.115625 0.071875 0.0390625
0 0.5515625 0.14453125 0.065625 0.0515625
0 0.6140625 0.15859375 0.0375 0.025
0 0.6484375 0.14453125 0.0390625 0.0453125
0 0.62421875 0.08359375 0.0421875 0.0515625
0 0.7140625 0.11796875 0.0578125 0.0453125
0 0.78359375 0.14453125 0.071875 0.046875
0 0.8625 0.1859375 0.053125 0.05
0 0.8890625 0.14921875 0.075 0.034375
0 0.9421875 0.2 0.0765625 0.0453125