0 0.65234375 0.08984375 0.08125 0.0296875
0 0.5203125 0.10703125 0.0515625 0.0484375
0 0.44375 0.16171875 0.0515625 0.0453125
0 0.42265625 0.20625 0.0453125 0.04375
0 0.32734375 0.1890625 0.05 0.053125
0 0.3125 0.253125 0.0609375 0.0609375
0 0.203125 0.24296875 0.0640625 0.05
0 0.14375 0.28984375 0.0875 0.0265625
0 0.6046875 0.153125 0.071875 0.03125
0 0.55703125 0.18671875 0.0765625 0.0328125
0 0.7234375 0.1234375 0.0734375 0.028125
0 0.72265625 0.1546875 0.0796875 0.0265625
0 0.79375 0.13046875 0.065625 0.05
0 0.69375 0.20859375 0.065625 0.0328125
0 0.6984375 0.246875 0.075 0.0328125
0 0.6640625 0.2859375 0.0625 0.0375
0 0.59296875 0.28125 0.0640625 0.03125
0 0.5921875 0.33671875 0.0390625 0.0453125
0 0.475 0.35546875 0.0734375 0.0375
0 0.1953125 0.39140625 0.05625 0.053125
0 0.51015625 0.43359375 0.0765625 0.04375
0 0.66875 0.36171875 0.0828125 0.0484375
0 0.6421875 0.4296875 0.0828125 0.0328125
0 0.81328125 0.41171875 0.040625 0.059375
0 0.771875 0.47265625 0.0296875 0.0515625
0 0.74609375 0.48359375 0.0296875 0.0515625
0 0.67734375 0.4796875 0.04375 0.0453125
0 0.58828125 0.4953125 0.0703125 0.03125
0 0.4546875 0.47421875 0.046875 0.0375
0 0.4671875 0.50703125 0.0765625 0.025
0 0.65625 0.56015625 0.0375 0.046875
0 0.61484375 0.6203125 0.03125 0.0484375
0 0.578125 0.61640625 0.0328125 0.0453125
0 0.3984375 0.61171875 0.0625 0.0296875
0 0.56875 0.68359375 0.0515625 0.0375
0 0.62265625 0.6859375 0.053125 0.0234375
0 0.67109375 0.68125 0.0625 0.01875
0 0.4921875 0.72890625 0.06875 0.0359375
0 0.55234375 0.77109375 0.0328125 0.0453125
0 0.5875 0.79921875 0.0453125 0.028125
0 0.55546875 0.83125 0.03125 0.0296875
0 0.64609375 0.8375 0.0578125 0.0328125
0 0.290625 0.825 0.075 0.025
0 0.315625 0.7171875 0.0625 0.0296875
0 0.19765625 0.71015625 0.0640625 0.034375
0 0.17734375 0.57109375 0.034375 0.0453125
0 0.85390625 0.60390625 0.028125 0.0515625
0 0.79296875 0.703125 0.0359375 0.0484375
0 0.740625 0.77734375 0.071875 0.025
0 0.85078125 0.775 0.0390625 0.0515625