0 0.1875 0.7921875 0.0640625 0.04375
0 0.075 0.6859375 0.0328125 0.0453125
0 0.2765625 0.76796875 0.0640625 0.0546875
0 0.2484375 0.7 0.0421875 0.053125
0 0.21796875 0.63984375 0.0421875 0.053125
0 0.178125 0.54296875 0.0578125 0.0328125
0 0.1796875 0.515625 0.028125 0.0328125
0 0.16640625 0.509375 0.01875 0.0171875
0 0.3390625 0.61171875 0.0375 0.0578125
0 0.321875 0.534375 0.040625 0.04375
0 0.39765625 0.5671875 0.0296875 0.04375
0 0.45703125 0.63203125 0.0484375 0.046875
0 0.5203125 0.6390625 0.04375 0.034375
0 0.5453125 0.66328125 0.0375 0.0359375
0 0.60859375 0.6046875 0.0390625 0.0375
0 0.61015625 0.540625 0.0546875 0.040625
0 0.53125 0.515625 0.053125 0.0390625
0 0.48046875 0.4765625 0.053125 0.03125
0 0.31171875 0.44765625 0.046875 0.028125
0 0.2640625 0.4546875 0.0453125 0.03125
0 0.23984375 0.371875 0.0390625 0.0421875
0 0.3 0.36796875 0.034375 0.034375
0 0.3890625 0.3640625 0.046875 0.0453125
0 0.52265625 0.43125 0.0703125 0.034375
0 0.603125 0.4015625 0.0546875 0.0390625
0 0.5609375 0.3421875 0.0453125 0.0390625
0 0.50703125 0.3109375 0.053125 0.04375
0 0.68203125 0.30546875 0.034375 0.046875
0 0.64453125 0.26796875 0.05625 0.04375
0 0.484375 0.23125 0.034375 0.04375
0 0.44453125 0.26875 0.053125 0.028125
0 0.415625 0.24765625 0.04375 0.0359375
0 0.4421875 0.221875 0.0359375 0.0296875
0 0.41484375 0.21171875 0.0375 0.034375
0 0.38125 0.21953125 0.0578125 0.0359375
0 0.328125 0.22265625 0.04375 0.0359375
0 0.3609375 0.27421875 0.034375 0.0375
0 0.3296875 0.18515625 0.0265625 0.0328125
0 0.31171875 0.1875 0.034375 0.0328125
0 0.353125 0.15625 0.0359375 0.040625
0 0.315625 0.12890625 0.040625 0.0390625
0 0.30859375 0.09296875 0.0359375 0.034375
0 0.3578125 0.11328125 0.046875 0.0390625
0 0.509375 0.128125 0.0609375 0.0375
0 0.54453125 0.14375 0.0453125 0.0375
0 0.6171875 0.2015625 0.0625 0.0328125
0 0.60703125 0.1375 0.040625 0.0453125
0 0.8515625 0.23984375 0.05 0.0328125
0 0.265625 0.26015625 0.0375 0.0296875
0 0.25 0.26640625 0.0328125 0.03125