0 0.39375 0.965625 0.05625 0.028125
0 0.446875 0.93984375 0.05 0.0390625
0 0.51015625 0.95234375 0.071875 0.0265625
0 0.65 0.91953125 0.0484375 0.0203125
0 0.6796875 0.89453125 0.05625 0.025
0 0.7609375 0.91015625 0.06875 0.0234375
0 0.6890625 0.91640625 0.028125 0.0234375
0 0.6875 0.815625 0.0453125 0.059375
0 0.53359375 0.834375 0.046875 0.0359375
0 0.88203125 0.84375 0.0828125 0.0453125
0 0.853125 0.740625 0.0578125 0.0609375
0 0.5671875 0.69296875 0.0734375 0.0359375
0 0.390625 0.8 0.0578125 0.0421875
0 0.17265625 0.85859375 0.0328125 0.053125
0 0.1859375 0.803125 0.03125 0.046875
0 0.16328125 0.771875 0.0328125 0.04375
0 0.13046875 0.76953125 0.0390625 0.0515625
0 0.24453125 0.7609375 0.0484375 0.0453125
0 0.29453125 0.728125 0.0578125 0.028125
0 0.42578125 0.63046875 0.04375 0.04375
0 0.13671875 0.69375 0.040625 0.046875
0 0.17890625 0.6859375 0.0390625 0.053125
0 0.23203125 0.6734375 0.0640625 0.0328125
0 0.2390625 0.6421875 0.0671875 0.025
0 0.32109375 0.6078125 0.046875 0.0515625
0 0.2171875 0.5734375 0.0828125 0.0453125
0 0.34375 0.4984375 0.075 0.0390625
0 0.11953125 0.41015625 0.0484375 0.05625
0 0.15625 0.31640625 0.0546875 0.046875
0 0.259375 0.25234375 0.05625 0.0515625
0 0.36640625 0.22421875 0.0703125 0.0484375
0 0.3390625 0.16796875 0.04375 0.05
0 0.22421875 0.19609375 0.0640625 0.05
0 0.24765625 0.1171875 0.0859375 0.0359375
0 0.10859375 0.2234375 0.0328125 0.0484375
0 0.1375 0.17578125 0.0234375 0.05
0 0.09765625 0.1640625 0.053125 0.0453125
0 0.13125 0.1328125 0.021875 0.0265625
0 0.13203125 0.11328125 0.0265625 0.0140625
0 0.10546875 0.11015625 0.028125 0.040625
0 0.68046875 0.12890625 0.0765625 0.040625
0 0.81875 0.6328125 0.034375 0.059375
0 0.7671875 0.5578125 0.0703125 0.059375
0 0.6578125 0.48046875 0.04375 0.05625
0 0.7421875 0.42421875 0.0421875 0.05625
0 0.634375 0.43359375 0.0453125 0.034375
0 0.61171875 0.41015625 0.0546875 0.021875
0 0.70078125 0.384375 0.0625 0.0375
0 0.61328125 0.3421875 0.046875 0.0546875
0 0.7625 0.275 0.071875 0.05625