0 0.26953125 0.1203125 0.07890625 0.03046875
0 0.27421875 0.15234375 0.0734375 0.015625
0 0.20703125 0.140625 0.04453125 0.040625
0 0.3765625 0.1125 0.05078125 0.03828125
0 0.38515625 0.15 0.07109375 0.028125
0 0.35625 0.20234375 0.05703125 0.0296875
0 0.4296875 0.20546875 0.03125 0.04921875
0 0.54765625 0.153125 0.04375 0.04296875
0 0.58203125 0.18671875 0.04375 0.02265625
0 0.55859375 0.20859375 0.0421875 0.01875
0 0.66328125 0.1796875 0.04140625 0.0484375
0 0.7640625 0.1984375 0.05390625 0.02578125
0 0.784375 0.2296875 0.046875 0.0296875
0 0.86015625 0.26796875 0.06328125 0.034375
0 0.778125 0.28984375 0.059375 0.025
0 0.82109375 0.31640625 0.03359375 0.04375
0 0.84375 0.4296875 0.04921875 0.03671875
0 0.40625 0.29296875 0.03359375 0.046875
0 0.296875 0.24375 0.05859375 0.0171875
0 0.3234375 0.325 0.03359375 0.05234375
0 0.4359375 0.38515625 0.04765625 0.03203125
0 0.36875 0.39765625 0.05546875 0.0421875
0 0.4203125 0.4203125 0.03828125 0.0171875
0 0.4484375 0.446875 0.04609375 0.0328125
0 0.36328125 0.4453125 0.0234375 0.02265625
0 0.375 0.4703125 0.03359375 0.01953125
0 0.31875 0.4625 0.0421875 0.0125
0 0.28828125 0.44375 0.040625 0.01796875
0 0.1828125 0.4359375 0.0359375 0.0484375
0 0.5328125 0.5390625 0.046875 0.04453125
0 0.3875 0.575 0.03125 0.03984375
0 0.13046875 0.5328125 0.0359375 0.0484375
0 0.1375 0.59296875 0.05703125 0.0296875
0 0.1859375 0.61171875 0.03515625 0.03828125
0 0.2734375 0.63203125 0.078125 0.0265625
0 0.1875 0.66875 0.03828125 0.04609375
0 0.38359375 0.63125 0.05390625 0.03125
0 0.5546875 0.66015625 0.03984375 0.0421875
0 0.61796875 0.61484375 0.06015625 0.02109375
0 0.7875 0.6984375 0.03203125 0.04609375
0 0.74296875 0.71484375 0.040625 0.0375
0 0.76875 0.78125 0.0515625 0.0390625
0 0.54609375 0.71875 0.0734375 0.02109375
0 0.41015625 0.69453125 0.06328125 0.03125
0 0.42578125 0.7703125 0.03203125 0.03515625
0 0.48359375 0.7875 0.05 0.0359375
0 0.3640625 0.73984375 0.0453125 0.034375
0 0.35703125 0.83203125 0.05 0.03203125
0 0.178125 0.80859375 0.03671875 0.05
0 0.15546875 0.8515625 0.04296875 0.03046875