0 0.79609375 0.1671875 0.0734375 0.0484375
0 0.69609375 0.19375 0.0765625 0.05
0 0.73828125 0.25390625 0.0453125 0.0578125
0 0.77890625 0.31015625 0.053125 0.0640625
0 0.8671875 0.41484375 0.040625 0.0640625
0 0.8375 0.4078125 0.0328125 0.05
0 0.83046875 0.45703125 0.0328125 0.046875
0 0.65859375 0.3578125 0.0453125 0.0484375
0 0.53515625 0.34296875 0.0484375 0.0578125
0 0.603125 0.40625 0.0515625 0.053125
0 0.68515625 0.46484375 0.034375 0.0453125
0 0.81484375 0.5109375 0.040625 0.0515625
0 0.6640625 0.5078125 0.05625 0.046875
0 0.590625 0.475 0.065625 0.03125
0 0.48984375 0.48046875 0.0578125 0.04375
0 0.4734375 0.35078125 0.0375 0.021875
0 0.4421875 0.32578125 0.034375 0.0453125
0 0.3859375 0.3859375 0.0484375 0.05
0 0.3625 0.43984375 0.065625 0.0328125
0 0.4046875 0.49296875 0.0640625 0.0390625
0 0.47421875 0.54375 0.0546875 0.04375
0 0.43359375 0.5578125 0.046875 0.040625
0 0.46875 0.5953125 0.0359375 0.0390625
0 0.44375 0.6125 0.0328125 0.053125
0 0.6265625 0.5859375 0.0375 0.059375
0 0.721875 0.609375 0.0328125 0.0546875
0 0.75 0.56171875 0.046875 0.0453125
0 0.7875 0.58203125 0.0453125 0.053125
0 0.759375 0.66640625 0.071875 0.03125
0 0.66484375 0.63125 0.053125 0.0421875
0 0.6484375 0.6765625 0.0484375 0.0390625
0 0.59765625 0.66796875 0.0640625 0.034375
0 0.565625 0.6171875 0.040625 0.0546875
0 0.50625 0.6609375 0.0515625 0.0296875
0 0.51640625 0.6875 0.0453125 0.0359375
0 0.65 0.7265625 0.0640625 0.028125
0 0.71484375 0.74453125 0.0390625 0.0296875
0 0.69765625 0.76640625 0.021875 0.0203125
0 0.72421875 0.7921875 0.04375 0.0390625
0 0.77734375 0.78828125 0.0328125 0.0484375
0 0.7453125 0.8453125 0.0609375 0.04375
0 0.68828125 0.86484375 0.0625 0.05
0 0.58359375 0.8265625 0.071875 0.0359375
0 0.565625 0.784375 0.0671875 0.0421875
0 0.59921875 0.75078125 0.0421875 0.0453125
0 0.4609375 0.75234375 0.046875 0.0515625
0 0.4890625 0.803125 0.0640625 0.0421875
0 0.31796875 0.65390625 0.071875 0.0375
0 0.40546875 0.83203125 0.065625 0.0421875
0 0.1734375 0.78515625 0.0796875 0.0359375