0 0.20390625 0.8328125 0.0734375 0.0484375
0 0.30390625 0.80625 0.0765625 0.05
0 0.26171875 0.74609375 0.0453125 0.0578125
0 0.22109375 0.68984375 0.053125 0.0640625
0 0.1328125 0.58515625 0.040625 0.0640625
0 0.1625 0.5921875 0.0328125 0.05
0 0.16953125 0.54296875 0.0328125 0.046875
0 0.34140625 0.6421875 0.0453125 0.0484375
0 0.46484375 0.65703125 0.0484375 0.0578125
0 0.396875 0.59375 0.0515625 0.053125
0 0.31484375 0.53515625 0.034375 0.0453125
0 0.18515625 0.4890625 0.040625 0.0515625
0 0.3359375 0.4921875 0.05625 0.046875
0 0.409375 0.525 0.065625 0.03125
0 0.51015625 0.51953125 0.0578125 0.04375
0 0.5265625 0.64921875 0.0375 0.021875
0 0.5578125 0.67421875 0.034375 0.0453125
0 0.6140625 0.6140625 0.0484375 0.05
0 0.6375 0.56015625 0.065625 0.0328125
0 0.5953125 0.50703125 0.0640625 0.0390625
0 0.52578125 0.45625 0.0546875 0.04375
0 0.56640625 0.4421875 0.046875 0.040625
0 0.53125 0.4046875 0.0359375 0.0390625
0 0.55625 0.3875 0.0328125 0.053125
0 0.3734375 0.4140625 0.0375 0.059375
0 0.278125 0.390625 0.0328125 0.0546875
0 0.25 0.43828125 0.046875 0.0453125
0 0.2125 0.41796875 0.0453125 0.053125
0 0.240625 0.33359375 0.071875 0.03125
0 0.33515625 0.36875 0.053125 0.0421875
0 0.3515625 0.3234375 0.0484375 0.0390625
0 0.40234375 0.33203125 0.0640625 0.034375
0 0.434375 0.3828125 0.040625 0.0546875
0 0.49375 0.3390625 0.0515625 0.0296875
0 0.48359375 0.3125 0.0453125 0.0359375
0 0.35 0.2734375 0.0640625 0.028125
0 0.28515625 0.25546875 0.0390625 0.0296875
0 0.30234375 0.23359375 0.021875 0.0203125
0 0.27578125 0.2078125 0.04375 0.0390625
0 0.22265625 0.21171875 0.0328125 0.0484375
0 0.2546875 0.1546875 0.0609375 0.04375
0 0.31171875 0.13515625 0.0625 0.05
0 0.41640625 0.1734375 0.071875 0.0359375
0 0.434375 0.215625 0.0671875 0.0421875
0 0.40078125 0.24921875 0.0421875 0.0453125
0 0.5390625 0.24765625 0.046875 0.0515625
0 0.5109375 0.196875 0.0640625 0.0421875
0 0.68203125 0.34609375 0.071875 0.0375
0 0.59453125 0.16796875 0.065625 0.0421875
0 0.8265625 0.21484375 0.0796875 0.0359375