0 0.15078125 0.1390625 0.06328125 0.04921875
0 0.3453125 0.15078125 0.04609375 0.05546875
0 0.27421875 0.1921875 0.06953125 0.02734375
0 0.30703125 0.23671875 0.075 0.03359375
0 0.32421875 0.29765625 0.0703125 0.028125
0 0.5375 0.2375 0.03046875 0.034375
0 0.5765625 0.2234375 0.0203125 0.040625
0 0.59453125 0.20625 0.01953125 0.03359375
0 0.66171875 0.21015625 0.02890625 0.046875
0 0.6625 0.15703125 0.0484375 0.03515625
0 0.71328125 0.2171875 0.05078125 0.03984375
0 0.71640625 0.15859375 0.034375 0.04453125
0 0.70078125 0.25390625 0.05 0.034375
0 0.80234375 0.1890625 0.01875 0.02109375
0 0.8140625 0.21953125 0.025 0.0390625
0 0.79140625 0.2578125 0.0265625 0.034375
0 0.74453125 0.1546875 0.02890625 0.0140625
0 0.7703125 0.1453125 0.0234375 0.01796875
0 0.79921875 0.146875 0.02734375 0.02421875
0 0.753125 0.290625 0.01640625 0.0296875
0 0.77734375 0.3078125 0.02578125 0.04453125
0 0.6703125 0.37265625 0.0234375 0.053125
0 0.5953125 0.34453125 0.03984375 0.05
0 0.490625 0.3203125 0.06171875 0.03359375
0 0.4484375 0.43359375 0.059375 0.0265625
0 0.3671875 0.4328125 0.06328125 0.02890625
0 0.50546875 0.50859375 0.0546875 0.0375
0 0.7375 0.5203125 0.0578125 0.0390625
0 0.80234375 0.5578125 0.0515625 0.03671875
0 0.6765625 0.65078125 0.05390625 0.028125
0 0.48203125 0.61875 0.05703125 0.05234375
0 0.34921875 0.596875 0.0671875 0.02421875
0 0.3609375 0.56171875 0.05703125 0.02578125
0 0.39296875 0.5296875 0.04453125 0.02421875
0 0.3421875 0.51015625 0.040625 0.0515625
0 0.153125 0.521875 0.04921875 0.05078125
0 0.39609375 0.7328125 0.0671875 0.034375
0 0.5 0.71015625 0.0609375 0.02109375
0 0.6828125 0.715625 0.0703125 0.0265625
0 0.68046875 0.77109375 0.05390625 0.0296875
0 0.721875 0.7828125 0.03984375 0.03671875
0 0.640625 0.821875 0.03203125 0.04921875
0 0.553125 0.81484375 0.05390625 0.0296875
0 0.25 0.7703125 0.05546875 0.04296875
0 0.23203125 0.89609375 0.065625 0.04921875