0 0.5421875 0.75625 0.05 0.053125
0 0.5890625 0.67578125 0.0453125 0.053125
0 0.39140625 0.76640625 0.075 0.0296875
0 0.35078125 0.715625 0.0828125 0.0296875
0 0.36796875 0.8703125 0.05625 0.0484375
0 0.18515625 0.88125 0.0625 0.034375
0 0.19921875 0.83984375 0.05625 0.0390625
0 0.725 0.740625 0.0546875 0.0390625
0 0.6859375 0.78359375 0.0390625 0.046875
0 0.6578125 0.83125 0.0484375 0.0234375
0 0.70234375 0.81953125 0.040625 0.021875
0 0.74609375 0.83046875 0.040625 0.0375
0 0.81015625 0.73671875 0.0203125 0.01875
0 0.82890625 0.73515625 0.0203125 0.01875
0 0.82578125 0.76015625 0.021875 0.028125
0 0.803125 0.78359375 0.028125 0.0171875
0 0.79765625 0.7671875 0.0203125 0.0171875
0 0.815625 0.79921875 0.01875 0.0171875
0 0.79296875 0.83515625 0.01875 0.04375
0 0.81484375 0.83828125 0.021875 0.0296875
0 0.61875 0.62578125 0.0515625 0.0296875
0 0.69765625 0.59921875 0.0546875 0.021875
0 0.7734375 0.56796875 0.025 0.040625
0 0.79765625 0.5703125 0.025 0.0390625
0 0.734375 0.5421875 0.0328125 0.0453125
0 0.70078125 0.4984375 0.0609375 0.028125
0 0.51640625 0.490625 0.0578125 0.059375
0 0.51015625 0.59296875 0.0546875 0.046875
0 0.41171875 0.5796875 0.078125 0.0453125
0 0.34296875 0.50390625 0.05 0.05
0 0.4046875 0.46953125 0.0546875 0.03125
0 0.37265625 0.446875 0.0671875 0.0234375
0 0.35078125 0.41328125 0.0546875 0.040625
0 0.50859375 0.40078125 0.03125 0.046875
0 0.69921875 0.40859375 0.075 0.0265625
0 0.7171875 0.3171875 0.04375 0.040625
0 0.8078125 0.30546875 0.04375 0.04375
0 0.67265625 0.271875 0.065625 0.028125
0 0.71796875 0.20625 0.0390625 0.04375
0 0.63984375 0.20390625 0.046875 0.046875
0 0.57265625 0.2109375 0.034375 0.0453125
0 0.59453125 0.27109375 0.04375 0.0390625
0 0.51796875 0.2953125 0.03125 0.04375
0 0.48671875 0.31015625 0.0359375 0.0546875
0 0.325 0.30625 0.071875 0.0359375
0 0.21953125 0.1171875 0.059375 0.04375
0 0.17890625 0.5890625 0.0265625 0.05625