0 0.71875 0.84453125 0.0625 0.0203125
0 0.81328125 0.88359375 0.0234375 0.0171875
0 0.83984375 0.8734375 0.025 0.01875
0 0.78125 0.86484375 0.046875 0.0171875
0 0.60546875 0.79765625 0.0578125 0.0328125
0 0.68046875 0.7625 0.0578125 0.03125
0 0.69375 0.72734375 0.053125 0.0390625
0 0.5015625 0.77265625 0.0375 0.021875
0 0.50625 0.828125 0.06875 0.021875
0 0.45 0.85390625 0.0453125 0.0171875
0 0.42890625 0.828125 0.040625 0.034375
0 0.3921875 0.84921875 0.021875 0.0203125
0 0.36796875 0.84140625 0.0265625 0.0171875
0 0.34140625 0.8484375 0.025 0.0203125
0 0.3390625 0.82421875 0.05 0.01875
0 0.27109375 0.81953125 0.053125 0.0171875
0 0.21484375 0.82265625 0.040625 0.01875
0 0.17421875 0.809375 0.0203125 0.040625
0 0.221875 0.80234375 0.0484375 0.0203125
0 0.2234375 0.76875 0.03125 0.0359375
0 0.3171875 0.76953125 0.025 0.0484375
0 0.34375 0.7671875 0.0234375 0.0421875
0 0.24140625 0.71875 0.025 0.0265625
0 0.2375 0.6875 0.0375 0.0375
0 0.265625 0.65390625 0.065625 0.0234375
0 0.2125 0.61640625 0.0296875 0.046875
0 0.43515625 0.6796875 0.0625 0.0359375
0 0.6375 0.6328125 0.046875 0.046875
0 0.48671875 0.54140625 0.0390625 0.04375
0 0.4546875 0.484375 0.0640625 0.0234375
0 0.65625 0.478125 0.0625 0.034375
0 0.6421875 0.43828125 0.0578125 0.040625
0 0.79453125 0.5140625 0.071875 0.046875
0 0.7484375 0.38359375 0.0671875 0.0390625
0 0.859375 0.39296875 0.0421875 0.05
0 0.640625 0.3375 0.0375 0.0375
0 0.221875 0.33828125 0.0421875 0.0515625
0 0.24140625 0.49296875 0.0234375 0.0390625
0 0.24609375 0.46328125 0.0515625 0.025
0 0.31015625 0.19921875 0.0359375 0.040625
0 0.346875 0.178125 0.0390625 0.0375
0 0.34375 0.22265625 0.0296875 0.04375
0 0.371875 0.2125 0.025 0.0484375
0 0.64375 0.225 0.053125 0.034375
0 0.6765625 0.19609375 0.040625 0.03125
0 0.76875 0.19921875 0.0625 0.034375
0 0.8046875 0.15 0.0515625 0.0453125
0 0.77265625 0.12109375 0.0515625 0.021875
0 0.84765625 0.1265625 0.0671875 0.01875
0 0.87421875 0.10078125 0.0453125 0.034375