0 0.76953125 0.19453125 0.0625 0.021875
0 0.86953125 0.1703125 0.0234375 0.01875
0 0.89375 0.18359375 0.025 0.01875
0 0.83515625 0.18359375 0.046875 0.0171875
0 0.65078125 0.221875 0.0578125 0.034375
0 0.71953125 0.26875 0.0578125 0.0328125
0 0.72734375 0.30546875 0.053125 0.040625
0 0.54375 0.23125 0.0375 0.021875
0 0.55703125 0.17734375 0.06875 0.0234375
0 0.50625 0.14296875 0.0453125 0.0171875
0 0.48046875 0.16484375 0.0421875 0.0359375
0 0.4484375 0.1375 0.0234375 0.021875
0 0.4234375 0.1421875 0.0265625 0.0171875
0 0.3984375 0.13125 0.025 0.0203125
0 0.39140625 0.1546875 0.05 0.0203125
0 0.3234375 0.14921875 0.053125 0.01875
0 0.26875 0.13671875 0.040625 0.01875
0 0.2265625 0.14375 0.0203125 0.040625
0 0.27265625 0.1578125 0.0484375 0.0203125
0 0.26875 0.19140625 0.0328125 0.0359375
0 0.36171875 0.20546875 0.0265625 0.05
0 0.3875 0.21171875 0.025 0.04375
0 0.27890625 0.24375 0.025 0.0265625
0 0.2703125 0.2734375 0.0375 0.0375
0 0.2921875 0.31171875 0.065625 0.025
0 0.234375 0.340625 0.0296875 0.046875
0 0.4640625 0.3125 0.0625 0.0359375
0 0.65625 0.390625 0.0484375 0.046875
0 0.49375 0.45703125 0.040625 0.04375
0 0.453125 0.50859375 0.0640625 0.0234375
0 0.6515625 0.54609375 0.0625 0.034375
0 0.63046875 0.5828125 0.0578125 0.040625
0 0.79296875 0.53203125 0.071875 0.0484375
0 0.72734375 0.65390625 0.06875 0.040625
0 0.83828125 0.66171875 0.0421875 0.0515625
0 0.61328125 0.6828125 0.0375 0.0390625
0 0.2 0.61640625 0.0421875 0.0515625
0 0.24296875 0.46640625 0.025 0.040625
0 0.24375 0.49609375 0.0515625 0.025
0 0.265625 0.7671875 0.0359375 0.040625
0 0.2984375 0.79375 0.0390625 0.0375
0 0.30234375 0.74921875 0.0296875 0.04375
0 0.32890625 0.7640625 0.0265625 0.05
0 0.59921875 0.79375 0.053125 0.0359375
0 0.6265625 0.828125 0.040625 0.03125
0 0.71796875 0.8390625 0.0625 0.0359375
0 0.74609375 0.89296875 0.053125 0.046875
0 0.71015625 0.91640625 0.0515625 0.0234375
0 0.78515625 0.9234375 0.0671875 0.0203125
0 0.80703125 0.95234375 0.0453125 0.0359375