0 0.2296875 0.9421875 0.0234375 0.040625
0 0.16875 0.88515625 0.053125 0.0265625
0 0.2796875 0.9078125 0.0578125 0.03125
0 0.3890625 0.9203125 0.0578125 0.01875
0 0.37734375 0.90625 0.046875 0.015625
0 0.4953125 0.89765625 0.0328125 0.0296875
0 0.52890625 0.91953125 0.0375 0.028125
0 0.66328125 0.903125 0.0453125 0.05
0 0.60625 0.84765625 0.034375 0.0359375
0 0.28203125 0.8546875 0.028125 0.0328125
0 0.184375 0.82265625 0.03125 0.0453125
0 0.31484375 0.76640625 0.0296875 0.04375
0 0.37734375 0.7765625 0.053125 0.03125
0 0.275 0.73515625 0.034375 0.04375
0 0.196875 0.73515625 0.0421875 0.0265625
0 0.17109375 0.740625 0.0328125 0.0328125
0 0.20625 0.68125 0.040625 0.0421875
0 0.4625 0.73203125 0.046875 0.0171875
0 0.6046875 0.71171875 0.0375 0.0359375
0 0.428125 0.66875 0.025 0.03125
0 0.528125 0.6484375 0.0515625 0.0171875
0 0.36640625 0.62265625 0.0234375 0.0328125
0 0.4953125 0.60859375 0.0609375 0.040625
0 0.840625 0.6359375 0.046875 0.025
0 0.6484375 0.49140625 0.053125 0.0265625
0 0.55234375 0.46328125 0.0453125 0.021875
0 0.4125 0.44453125 0.046875 0.025
0 0.390625 0.5390625 0.0203125 0.0453125
0 0.26796875 0.5171875 0.034375 0.034375
0 0.2359375 0.4546875 0.05 0.0421875
0 0.125 0.4703125 0.0328125 0.0265625
0 0.14453125 0.384375 0.0359375 0.0390625
0 0.37890625 0.40078125 0.0390625 0.0265625
0 0.328125 0.37578125 0.053125 0.021875
0 0.34609375 0.3609375 0.0453125 0.0125
0 0.28125 0.35703125 0.046875 0.0171875
0 0.44140625 0.30625 0.03125 0.0328125
0 0.55625 0.36875 0.028125 0.0453125
0 0.6 0.40546875 0.0359375 0.04375
0 0.6765625 0.38984375 0.034375 0.04375
0 0.72890625 0.3421875 0.034375 0.034375
0 0.646875 0.3203125 0.0296875 0.0390625
0 0.35859375 0.26796875 0.0265625 0.0390625
0 0.2921875 0.2328125 0.021875 0.040625
0 0.65234375 0.2484375 0.0421875 0.0359375
0 0.34453125 0.1640625 0.0484375 0.0234375
0 0.2015625 0.128125 0.03125 0.0375
0 0.20859375 0.60078125 0.0421875 0.0421875