0 0.11015625 0.04375 0.04296875 0.02109375
0 0.1140625 0.07421875 0.04609375 0.02109375
0 0.1 0.09140625 0.0359375 0.028125
0 0.19609375 0.1453125 0.04921875 0.021875
0 0.43671875 0.10390625 0.03359375 0.02578125
0 0.42890625 0.06015625 0.053125 0.02109375
0 0.53515625 0.046875 0.05 0.025
0 0.59921875 0.0609375 0.0453125 0.0171875
0 0.6828125 0.0703125 0.05625 0.028125
0 0.6921875 0.10390625 0.05859375 0.02109375
0 0.54921875 0.1546875 0.03046875 0.03984375
0 0.58125 0.17734375 0.04921875 0.02109375
0 0.54140625 0.19921875 0.05546875 0.02265625
0 0.7796875 0.10859375 0.028125 0.04140625
0 0.8078125 0.1390625 0.02109375 0.040625
0 0.6046875 0.234375 0.04296875 0.01640625
0 0.81953125 0.25 0.03203125 0.03359375
0 0.7 0.325 0.0359375 0.03515625
0 0.821875 0.3 0.0359375 0.03125
0 0.85703125 0.340625 0.03359375 0.03046875
0 0.51875 0.32734375 0.0421875 0.0296875
0 0.3625 0.27109375 0.04140625 0.0328125
0 0.334375 0.3 0.0328125 0.03125
0 0.15859375 0.265625 0.04296875 0.0421875
0 0.11640625 0.3453125 0.06953125 0.01484375
0 0.16484375 0.39140625 0.034375 0.0328125
0 0.55859375 0.38828125 0.040625 0.0234375
0 0.51484375 0.4171875 0.03984375 0.04140625
0 0.72578125 0.4796875 0.02890625 0.046875
0 0.74375 0.478125 0.0265625 0.03125
0 0.78046875 0.5421875 0.03046875 0.03984375
0 0.7171875 0.55390625 0.01640625 0.04921875
0 0.4546875 0.5265625 0.04453125 0.02578125
0 0.4046875 0.51328125 0.03828125 0.02734375
0 0.34765625 0.52890625 0.0390625 0.03515625
0 0.271875 0.58671875 0.053125 0.0328125
0 0.2 0.63203125 0.03984375 0.02890625
0 0.40859375 0.634375 0.03984375 0.02265625
0 0.4359375 0.6453125 0.03984375 0.03515625
0 0.61953125 0.64921875 0.03203125 0.02578125
0 0.6515625 0.646875 0.07109375 0.02265625
0 0.60390625 0.69296875 0.05 0.02578125
0 0.81953125 0.759375 0.03203125 0.03828125
0 0.83125 0.803125 0.02109375 0.0375
0 0.8515625 0.8765625 0.03984375 0.0359375
0 0.69609375 0.8453125 0.0484375 0.0234375
0 0.6484375 0.8828125 0.0578125 0.0203125
0 0.62734375 0.8140625 0.05234375 0.02421875
0 0.48359375 0.85546875 0.03671875 0.03359375