0 0.16953125 0.07109375 0.0703125 0.040625
0 0.140625 0.1390625 0.04921875 0.06328125
0 0.38359375 0.11953125 0.05625 0.0296875
0 0.45390625 0.10390625 0.075 0.025
0 0.30546875 0.16171875 0.03984375 0.04765625
0 0.3734375 0.16171875 0.07421875 0.02578125
0 0.35234375 0.1875 0.05703125 0.01875
0 0.353125 0.22734375 0.0859375 0.02109375
0 0.40546875 0.29140625 0.06875 0.03046875
0 0.5421875 0.27578125 0.0515625 0.04375
0 0.35859375 0.33984375 0.0796875 0.02109375
0 0.2734375 0.34296875 0.04921875 0.04375
0 0.20703125 0.2984375 0.04296875 0.03671875
0 0.21640625 0.33203125 0.0578125 0.025
0 0.36796875 0.3796875 0.071875 0.028125
0 0.56796875 0.38828125 0.05625 0.04375
0 0.67578125 0.36171875 0.05625 0.04609375
0 0.81875 0.259375 0.0609375 0.04609375
0 0.825 0.33203125 0.04375 0.053125
0 0.69453125 0.203125 0.0578125 0.03359375
0 0.88984375 0.1453125 0.028125 0.01953125
0 0.8984375 0.18203125 0.01484375 0.05
0 0.88984375 0.0765625 0.0296875 0.05078125
0 0.73203125 0.08828125 0.0734375 0.03515625
0 0.73671875 0.13046875 0.04609375 0.04609375
0 0.80546875 0.1703125 0.021875 0.025
0 0.76640625 0.1765625 0.05546875 0.0234375
0 0.7265625 0.4390625 0.04140625 0.0625
0 0.821875 0.44921875 0.090625 0.02734375
0 0.7859375 0.5140625 0.084375 0.034375
0 0.66328125 0.48125 0.0453125 0.034375
0 0.6984375 0.53046875 0.04140625 0.0390625
0 0.7703125 0.56328125 0.07265625 0.02109375
0 0.82734375 0.60390625 0.04609375 0.05078125
0 0.7609375 0.63046875 0.0375 0.05078125
0 0.69296875 0.62421875 0.0484375 0.05625
0 0.67578125 0.68828125 0.06640625 0.05859375
0 0.8578125 0.7359375 0.0703125 0.05078125
0 0.55078125 0.70859375 0.05390625 0.0484375
0 0.478125 0.81953125 0.053125 0.05546875
0 0.40703125 0.68984375 0.04765625 0.04140625
0 0.41640625 0.640625 0.084375 0.0328125
0 0.3234375 0.63125 0.0453125 0.0484375
0 0.40546875 0.55078125 0.059375 0.04375
0 0.53359375 0.4515625 0.06796875 0.03125
0 0.475 0.46953125 0.025 0.0421875
0 0.4375 0.465625 0.04765625 0.04375
0 0.3359375 0.4359375 0.059375 0.04296875
0 0.30703125 0.48984375 0.05859375 0.0265625
0 0.2296875 0.51953125 0.0625 0.03984375