0 0.065625 0.85078125 0.0390625 0.0421875
0 0.09921875 0.8421875 0.0484375 0.0375
0 0.17890625 0.84375 0.046875 0.025
0 0.2296875 0.86953125 0.0296875 0.034375
0 0.09453125 0.7859375 0.0359375 0.0375
0 0.19140625 0.78984375 0.0484375 0.0234375
0 0.22578125 0.76171875 0.05 0.025
0 0.21328125 0.77265625 0.04375 0.021875
0 0.3375 0.7859375 0.0375 0.05
0 0.3546875 0.8484375 0.0515625 0.0265625
0 0.3671875 0.9046875 0.0390625 0.0375
0 0.42734375 0.80859375 0.03125 0.0359375
0 0.57265625 0.8890625 0.0421875 0.03125
0 0.66953125 0.82265625 0.0328125 0.0453125
0 0.7734375 0.796875 0.0453125 0.04375
0 0.7890625 0.7359375 0.046875 0.03125
0 0.7515625 0.70859375 0.0390625 0.0359375
0 0.7796875 0.70703125 0.034375 0.0234375
0 0.7734375 0.684375 0.053125 0.0234375
0 0.66640625 0.6328125 0.053125 0.0296875
0 0.45 0.7078125 0.053125 0.0375
0 0.253125 0.70078125 0.0359375 0.04375
0 0.35234375 0.63203125 0.04375 0.0453125
0 0.2875 0.63046875 0.0484375 0.028125
0 0.20703125 0.61328125 0.046875 0.040625
0 0.44140625 0.63359375 0.05 0.0453125
0 0.3890625 0.58515625 0.0359375 0.034375
0 0.32265625 0.57265625 0.0515625 0.0375
0 0.28828125 0.53671875 0.05 0.0390625
0 0.49140625 0.58828125 0.0421875 0.034375
0 0.53046875 0.575 0.059375 0.0421875
0 0.4796875 0.55234375 0.040625 0.0328125
0 0.5734375 0.509375 0.0421875 0.0359375
0 0.44921875 0.47734375 0.046875 0.0453125
0 0.609375 0.48671875 0.0359375 0.0359375
0 0.696875 0.47734375 0.04375 0.0375
0 0.5671875 0.45078125 0.0515625 0.034375
0 0.775 0.51328125 0.0515625 0.0421875
0 0.8453125 0.59921875 0.046875 0.0390625
0 0.81328125 0.42421875 0.0265625 0.034375
0 0.73515625 0.375 0.0375 0.0359375
0 0.71875 0.3546875 0.0375 0.0328125
0 0.39375 0.2984375 0.034375 0.034375
0 0.31875 0.378125 0.0609375 0.0328125
0 0.25078125 0.346875 0.0484375 0.0375
0 0.74453125 0.25078125 0.040625 0.0390625
0 0.7703125 0.24921875 0.0390625 0.0390625
0 0.846875 0.25078125 0.0578125 0.0421875
0 0.784375 0.21015625 0.046875 0.028125
0 0.8640625 0.18046875 0.0546875 0.0359375