0 0.76953125 0.00390625 0.0296875 0.0078125
0 0.81015625 0.0203125 0.0421875 0.040625
0 0.75 0.059375 0.0421875 0.0453125
0 0.6421875 0.065625 0.0859375 0.0421875
0 0.76328125 0.103125 0.04375 0.053125
0 0.81953125 0.10390625 0.0375 0.0578125
0 0.81015625 0.153125 0.08125 0.040625
0 0.51171875 0.05390625 0.0625 0.03125
0 0.46015625 0.06875 0.0359375 0.0515625
0 0.39921875 0.090625 0.075 0.0375
0 0.31796875 0.13125 0.0796875 0.0328125
0 0.421875 0.125 0.046875 0.0328125
0 0.459375 0.1359375 0.05 0.034375
0 0.46796875 0.15703125 0.0796875 0.034375
0 0.534375 0.1421875 0.05 0.034375
0 0.38203125 0.22734375 0.0359375 0.05
0 0.20390625 0.18203125 0.0796875 0.046875
0 0.128125 0.2078125 0.04375 0.0546875
0 0.121875 0.275 0.06875 0.0625
0 0.09765625 0.33828125 0.040625 0.0484375
0 0.15390625 0.39609375 0.059375 0.0296875
0 0.2953125 0.38671875 0.059375 0.059375
0 0.52578125 0.2765625 0.0484375 0.05625
0 0.440625 0.33515625 0.0421875 0.028125
0 0.46484375 0.3546875 0.0546875 0.0328125
0 0.49453125 0.3875 0.046875 0.0578125
0 0.575 0.24453125 0.0421875 0.0578125
0 0.709375 0.29765625 0.0515625 0.053125
0 0.58125 0.46171875 0.040625 0.0515625
0 0.5703125 0.5125 0.065625 0.04375
0 0.4296875 0.51328125 0.078125 0.03125
0 0.37578125 0.55703125 0.0640625 0.0265625
0 0.3703125 0.57421875 0.065625 0.0265625
0 0.209375 0.6828125 0.05625 0.0484375
0 0.17421875 0.71953125 0.0390625 0.0484375
0 0.37265625 0.6640625 0.0546875 0.03125
0 0.41953125 0.67265625 0.046875 0.0453125
0 0.5125 0.67109375 0.0796875 0.03125
0 0.53046875 0.703125 0.0359375 0.05
0 0.5546875 0.6109375 0.0390625 0.025
0 0.59453125 0.60546875 0.0375 0.0265625
0 0.7609375 0.546875 0.06875 0.04375
0 0.79765625 0.59140625 0.071875 0.0609375
0 0.55859375 0.83203125 0.065625 0.0515625
0 0.40859375 0.82421875 0.0796875 0.05
0 0.45625 0.878125 0.0828125 0.0359375
0 0.21328125 0.903125 0.0421875 0.0625
0 0.2046875 0.96875 0.04375 0.0625