0 0.2734375 0.03125 0.0453125 0.0265625
0 0.3171875 0.0671875 0.0546875 0.040625
0 0.31484375 0.04140625 0.0375 0.028125
0 0.50546875 0.1234375 0.040625 0.0375
0 0.60703125 0.125 0.0421875 0.01875
0 0.62890625 0.1125 0.0640625 0.025
0 0.7984375 0.26328125 0.034375 0.0375
0 0.62109375 0.24140625 0.04375 0.04375
0 0.54609375 0.2 0.0484375 0.0328125
0 0.6390625 0.3078125 0.0609375 0.046875
0 0.46796875 0.2640625 0.05625 0.0328125
0 0.7484375 0.3671875 0.046875 0.03125
0 0.66328125 0.38671875 0.0421875 0.0375
0 0.70625 0.41484375 0.0765625 0.0359375
0 0.7625 0.44921875 0.0328125 0.0375
0 0.82421875 0.465625 0.053125 0.0296875
0 0.8953125 0.5 0.053125 0.0234375
0 0.5546875 0.37890625 0.034375 0.0375
0 0.446875 0.359375 0.065625 0.0421875
0 0.296875 0.36796875 0.040625 0.0375
0 0.3546875 0.44375 0.0421875 0.0390625
0 0.4109375 0.440625 0.046875 0.0359375
0 0.4859375 0.44453125 0.0375 0.0296875
0 0.5671875 0.47109375 0.03125 0.0375
0 0.503125 0.49921875 0.0546875 0.0234375
0 0.71875 0.50390625 0.040625 0.04375
0 0.2921875 0.4875 0.0390625 0.034375
0 0.2640625 0.51953125 0.0328125 0.040625
0 0.3 0.54609375 0.04375 0.0390625
0 0.471875 0.54140625 0.0375 0.0328125
0 0.534375 0.54921875 0.0640625 0.03125
0 0.68359375 0.5703125 0.0390625 0.0421875
0 0.7078125 0.609375 0.05625 0.025
0 0.77578125 0.65703125 0.040625 0.0359375
0 0.64296875 0.63203125 0.053125 0.0296875
0 0.7 0.6609375 0.0390625 0.0328125
0 0.73984375 0.67890625 0.0484375 0.028125
0 0.6796875 0.6875 0.046875 0.0265625
0 0.48046875 0.61484375 0.046875 0.0453125
0 0.36484375 0.61171875 0.0453125 0.046875
0 0.22578125 0.62421875 0.0390625 0.0375
0 0.17109375 0.65 0.0515625 0.04375
0 0.421875 0.69375 0.0375 0.040625
0 0.5 0.65703125 0.0609375 0.0296875
0 0.50078125 0.6796875 0.03125 0.028125
0 0.46015625 0.74140625 0.021875 0.0421875
0 0.5125 0.7703125 0.028125 0.0453125
0 0.8234375 0.80078125 0.040625 0.0390625
0 0.51015625 0.8234375 0.0609375 0.0328125
0 0.21015625 0.75625 0.0609375 0.0296875