0 0.12734375 0.1109375 0.03046875 0.0484375
0 0.11796875 0.146875 0.0234375 0.0390625
0 0.14296875 0.14296875 0.0203125 0.04609375
0 0.19453125 0.14765625 0.05390625 0.0140625
0 0.228125 0.13515625 0.0421875 0.03046875
0 0.74375 0.11953125 0.0546875 0.0359375
0 0.76640625 0.13515625 0.03671875 0.0359375
0 0.60546875 0.209375 0.0296875 0.046875
0 0.671875 0.21796875 0.04609375 0.0125
0 0.66484375 0.20234375 0.0484375 0.01171875
0 0.73984375 0.24453125 0.0484375 0.0296875
0 0.4578125 0.28046875 0.05546875 0.02734375
0 0.3421875 0.278125 0.0609375 0.01484375
0 0.29453125 0.2875 0.06015625 0.01875
0 0.12265625 0.26875 0.02734375 0.03671875
0 0.140625 0.234375 0.0703125 0.02578125
0 0.3453125 0.378125 0.06171875 0.0234375
0 0.48671875 0.31484375 0.0484375 0.015625
0 0.596875 0.365625 0.034375 0.03671875
0 0.746875 0.40078125 0.03203125 0.04375
0 0.8109375 0.43828125 0.034375 0.03828125
0 0.75078125 0.45625 0.03515625 0.0375
0 0.69765625 0.45546875 0.05 0.0328125
0 0.44921875 0.415625 0.0625 0.02265625
0 0.325 0.43984375 0.04921875 0.02578125
0 0.33984375 0.415625 0.03515625 0.01875
0 0.390625 0.4890625 0.03203125 0.03515625
0 0.28203125 0.50625 0.04609375 0.040625
0 0.4734375 0.48359375 0.02890625 0.04375
0 0.63515625 0.49453125 0.0546875 0.03046875
0 0.71796875 0.53828125 0.06171875 0.01328125
0 0.8171875 0.5140625 0.03515625 0.03359375
0 0.82109375 0.565625 0.03984375 0.04375
0 0.75625 0.61875 0.05625 0.02890625
0 0.67890625 0.61875 0.04375 0.034375
0 0.59296875 0.60546875 0.040625 0.01875
0 0.625 0.5984375 0.0203125 0.0390625
0 0.6484375 0.6 0.040625 0.01640625
0 0.546875 0.5578125 0.06015625 0.0125
0 0.49453125 0.57265625 0.059375 0.03203125
0 0.5171875 0.64609375 0.05078125 0.02265625
0 0.52421875 0.70703125 0.0453125 0.0203125
0 0.58671875 0.69921875 0.04140625 0.01640625
0 0.63359375 0.709375 0.0484375 0.02734375
0 0.7078125 0.6890625 0.0375 0.02265625
0 0.753125 0.66484375 0.05234375 0.01875
0 0.7109375 0.725 0.053125 0.025
0 0.7640625 0.73203125 0.03515625 0.0421875
0 0.82109375 0.71484375 0.046875 0.03671875
0 0.58046875 0.7890625 0.05390625 0.03125