0 0.196875 0.9421875 0.075 0.0359375
0 0.21796875 0.9015625 0.06875 0.0390625
0 0.159375 0.8890625 0.0359375 0.053125
0 0.4296875 0.86640625 0.06875 0.0484375
0 0.56953125 0.871875 0.065625 0.040625
0 0.63671875 0.87734375 0.053125 0.03125
0 0.51796875 0.8 0.0796875 0.0328125
0 0.725 0.79296875 0.053125 0.0640625
0 0.69375 0.6578125 0.078125 0.0375
0 0.60859375 0.6359375 0.0390625 0.0640625
0 0.67734375 0.6140625 0.0734375 0.0265625
0 0.72734375 0.584375 0.046875 0.0515625
0 0.7953125 0.58671875 0.0640625 0.05
0 0.84453125 0.51953125 0.05625 0.05
0 0.6953125 0.5140625 0.078125 0.053125
0 0.665625 0.4546875 0.0421875 0.0546875
0 0.72421875 0.4265625 0.0546875 0.05625
0 0.78359375 0.3640625 0.0484375 0.0578125
0 0.684375 0.3640625 0.0796875 0.0375
0 0.615625 0.38203125 0.0859375 0.028125
0 0.6125 0.4484375 0.046875 0.0609375
0 0.51328125 0.4546875 0.065625 0.04375
0 0.51953125 0.5203125 0.0671875 0.028125
0 0.50234375 0.5921875 0.0546875 0.059375
0 0.43046875 0.55078125 0.0359375 0.034375
0 0.40546875 0.5203125 0.0625 0.028125
0 0.39765625 0.625 0.0625 0.05
0 0.51640625 0.6671875 0.0546875 0.05625
0 0.503125 0.7140625 0.0609375 0.0421875
0 0.39375 0.71171875 0.046875 0.0546875
0 0.328125 0.52421875 0.0703125 0.04375
0 0.253125 0.53359375 0.040625 0.0578125
0 0.2703125 0.47734375 0.0578125 0.046875
0 0.33359375 0.440625 0.0609375 0.0484375
0 0.4734375 0.39140625 0.05625 0.0625
0 0.5 0.33359375 0.0453125 0.0546875
0 0.4125 0.36015625 0.0390625 0.053125
0 0.234375 0.384375 0.084375 0.0328125
0 0.21953125 0.340625 0.0421875 0.0515625
0 0.18984375 0.2890625 0.0484375 0.04375
0 0.32109375 0.31640625 0.046875 0.0484375
0 0.44140625 0.26484375 0.05 0.0546875
0 0.51796875 0.265625 0.0484375 0.0453125
0 0.62265625 0.296875 0.065625 0.040625
0 0.84609375 0.24765625 0.0484375 0.0546875
0 0.44296875 0.21171875 0.0390625 0.04375
0 0.48984375 0.18125 0.0796875 0.0375
0 0.3765625 0.18984375 0.0796875 0.0359375
0 0.2109375 0.21640625 0.06875 0.0421875
0 0.2109375 0.16171875 0.03125 0.0515625