0 0.18125 0.06875 0.0734375 0.0328125
0 0.20390625 0.10859375 0.06796875 0.0359375
0 0.14609375 0.1234375 0.03359375 0.05234375
0 0.4171875 0.1359375 0.0671875 0.04609375
0 0.55625 0.12578125 0.0640625 0.03828125
0 0.6234375 0.11796875 0.0515625 0.02890625
0 0.5078125 0.19921875 0.07890625 0.03046875
0 0.71484375 0.19921875 0.0515625 0.0625
0 0.68828125 0.33515625 0.07734375 0.03515625
0 0.60390625 0.36015625 0.0375 0.0625
0 0.6734375 0.3796875 0.0734375 0.0234375
0 0.72421875 0.4078125 0.04453125 0.05078125
0 0.7921875 0.403125 0.06171875 0.0484375
0 0.84375 0.46875 0.05390625 0.04765625
0 0.69453125 0.47890625 0.0765625 0.05078125
0 0.6671875 0.53984375 0.03984375 0.053125
0 0.7265625 0.565625 0.053125 0.05390625
0 0.78828125 0.62578125 0.046875 0.05625
0 0.6890625 0.6296875 0.07890625 0.03515625
0 0.61953125 0.6140625 0.084375 0.025
0 0.6140625 0.54765625 0.04453125 0.06015625
0 0.51484375 0.54453125 0.0640625 0.0421875
0 0.51875 0.47890625 0.06640625 0.0265625
0 0.49921875 0.4078125 0.053125 0.0578125
0 0.42890625 0.4515625 0.034375 0.03359375
0 0.4046875 0.4828125 0.0609375 0.02578125
0 0.39375 0.37890625 0.0609375 0.0484375
0 0.5109375 0.33203125 0.05234375 0.05390625
0 0.4953125 0.2859375 0.06015625 0.03984375
0 0.38671875 0.2921875 0.0453125 0.05390625
0 0.32734375 0.48203125 0.06875 0.040625
0 0.25234375 0.475 0.0390625 0.05625
0 0.27109375 0.53046875 0.05625 0.0453125
0 0.3359375 0.56484375 0.05859375 0.046875
0 0.47734375 0.609375 0.0546875 0.06015625
0 0.50546875 0.66640625 0.04296875 0.05390625
0 0.4171875 0.64296875 0.03671875 0.0515625
0 0.23828125 0.625 0.08359375 0.0296875
0 0.225 0.66875 0.040625 0.05
0 0.19765625 0.721875 0.04765625 0.0421875
0 0.32734375 0.68984375 0.04453125 0.04765625
0 0.45 0.73671875 0.04765625 0.05234375
0 0.52578125 0.73359375 0.04765625 0.04296875
0 0.6296875 0.6984375 0.06484375 0.0390625
0 0.8546875 0.73984375 0.046875 0.05234375
0 0.453125 0.78984375 0.03828125 0.0421875
0 0.50078125 0.81875 0.078125 0.034375
0 0.3875 0.8140625 0.078125 0.03359375
0 0.22109375 0.79375 0.06796875 0.0390625
0 0.22265625 0.8484375 0.02890625 0.05