0 0.33515625 0.16796875 0.0734375 0.0359375
0 0.58828125 0.13671875 0.075 0.025
0 0.4296875 0.21171875 0.0640625 0.025
0 0.52265625 0.2078125 0.0734375 0.01875
0 0.70078125 0.25078125 0.0671875 0.01875
0 0.6328125 0.27109375 0.0625 0.021875
0 0.54921875 0.26640625 0.0734375 0.0234375
0 0.4578125 0.3140625 0.0203125 0.0484375
0 0.54140625 0.3046875 0.0546875 0.0390625
0 0.409375 0.26875 0.040625 0.0296875
0 0.3734375 0.29375 0.0359375 0.0453125
0 0.3328125 0.3171875 0.0359375 0.0390625
0 0.3359375 0.37890625 0.0390625 0.0421875
0 0.23046875 0.4234375 0.0328125 0.0421875
0 0.325 0.4515625 0.034375 0.053125
0 0.4265625 0.415625 0.0390625 0.0515625
0 0.49453125 0.390625 0.05 0.0265625
0 0.54453125 0.3671875 0.0703125 0.0234375
0 0.62578125 0.33203125 0.0421875 0.03125
0 0.71484375 0.30390625 0.0703125 0.03125
0 0.7515625 0.32578125 0.0640625 0.025
0 0.8015625 0.3546875 0.034375 0.034375
0 0.66328125 0.38984375 0.05625 0.03125
0 0.70390625 0.3703125 0.0375 0.028125
0 0.73984375 0.39375 0.0546875 0.0171875
0 0.76953125 0.4078125 0.0375 0.0171875
0 0.7984375 0.41875 0.025 0.0359375
0 0.734375 0.45703125 0.0328125 0.046875
0 0.690625 0.4546875 0.040625 0.0359375
0 0.66015625 0.4828125 0.0453125 0.0390625
0 0.609375 0.4484375 0.0359375 0.0375
0 0.62265625 0.50390625 0.028125 0.0453125
0 0.5390625 0.4890625 0.05625 0.0203125
0 0.39921875 0.4796875 0.05 0.0203125
0 0.4453125 0.53515625 0.0578125 0.01875
0 0.4515625 0.5734375 0.05 0.025
0 0.5359375 0.54296875 0.03125 0.03125
0 0.73046875 0.53359375 0.0484375 0.0328125
0 0.80546875 0.5265625 0.01875 0.0421875
0 0.73984375 0.5671875 0.0296875 0.04375
0 0.75625 0.61796875 0.04375 0.040625
0 0.665625 0.6109375 0.0609375 0.0234375
0 0.58515625 0.6046875 0.0390625 0.034375
0 0.553125 0.60703125 0.0421875 0.0265625
0 0.51953125 0.61328125 0.0515625 0.0296875
0 0.41796875 0.6578125 0.075 0.021875
0 0.67109375 0.746875 0.0328125 0.025
0 0.790625 0.68515625 0.03125 0.034375
0 0.84296875 0.7203125 0.0421875 0.040625
0 0.5890625 0.7984375 0.05625 0.0375