0 0.15859375 0.83125 0.05 0.0359375
0 0.19140625 0.746875 0.0421875 0.034375
0 0.509375 0.86484375 0.0625 0.0328125
0 0.56953125 0.8390625 0.0359375 0.0390625
0 0.65 0.859375 0.04375 0.040625
0 0.72890625 0.90546875 0.0515625 0.034375
0 0.6875 0.82421875 0.0515625 0.0484375
0 0.62890625 0.78203125 0.059375 0.034375
0 0.52734375 0.78828125 0.034375 0.04375
0 0.4640625 0.790625 0.0703125 0.0375
0 0.44296875 0.72421875 0.0609375 0.03125
0 0.51015625 0.696875 0.0515625 0.025
0 0.5875 0.6890625 0.04375 0.0390625
0 0.63984375 0.67421875 0.03125 0.0359375
0 0.6859375 0.66953125 0.0359375 0.0390625
0 0.7609375 0.71484375 0.0453125 0.05
0 0.56015625 0.6359375 0.0453125 0.0328125
0 0.6484375 0.621875 0.046875 0.0390625
0 0.703125 0.5890625 0.040625 0.0390625
0 0.7953125 0.58828125 0.03125 0.046875
0 0.38203125 0.68359375 0.05 0.0515625
0 0.3140625 0.625 0.05625 0.03125
0 0.234375 0.64296875 0.0546875 0.0375
0 0.2578125 0.60546875 0.0375 0.046875
0 0.3078125 0.5671875 0.0453125 0.0375
0 0.40546875 0.5640625 0.03125 0.0484375
0 0.37265625 0.55546875 0.0484375 0.0359375
0 0.46015625 0.5484375 0.0515625 0.053125
0 0.50546875 0.52890625 0.0390625 0.0421875
0 0.58046875 0.5671875 0.0421875 0.04375
0 0.60234375 0.5375 0.0421875 0.04375
0 0.68203125 0.5453125 0.0578125 0.03125
0 0.28515625 0.4859375 0.0421875 0.0453125
0 0.38984375 0.45859375 0.0359375 0.0484375
0 0.3578125 0.375 0.04375 0.046875
0 0.24921875 0.36875 0.05625 0.0375
0 0.57578125 0.47421875 0.05 0.0515625
0 0.6234375 0.440625 0.046875 0.0296875
0 0.66875 0.459375 0.0390625 0.025
0 0.71171875 0.4390625 0.0359375 0.0453125
0 0.8 0.5125 0.0453125 0.04375
0 0.4 0.35078125 0.0609375 0.0375
0 0.5890625 0.3375 0.04375 0.0421875
0 0.4703125 0.290625 0.0546875 0.0328125
0 0.77734375 0.39375 0.053125 0.0359375
0 0.8109375 0.38984375 0.0515625 0.0421875
0 0.88984375 0.36953125 0.0421875 0.040625
0 0.65078125 0.23359375 0.046875 0.04375
0 0.49609375 0.2078125 0.0421875 0.046875
0 0.36796875 0.12578125 0.0515625 0.040625