0 0.7078125 0.15078125 0.065625 0.0375
0 0.80390625 0.20234375 0.0515625 0.0453125
0 0.86796875 0.2125 0.0421875 0.040625
0 0.80546875 0.2671875 0.040625 0.0546875
0 0.65234375 0.2828125 0.0421875 0.04375
0 0.54609375 0.18984375 0.028125 0.046875
0 0.57109375 0.19296875 0.0328125 0.046875
0 0.49140625 0.1625 0.0453125 0.0296875
0 0.40625 0.2390625 0.0703125 0.0359375
0 0.42890625 0.30703125 0.0453125 0.0421875
0 0.31796875 0.2875 0.071875 0.0421875
0 0.63515625 0.34921875 0.0640625 0.0390625
0 0.84921875 0.384375 0.0546875 0.040625
0 0.77109375 0.42734375 0.0625 0.021875
0 0.596875 0.39453125 0.05625 0.0375
0 0.3328125 0.40546875 0.059375 0.021875
0 0.515625 0.45625 0.053125 0.0234375
0 0.575 0.45703125 0.05 0.025
0 0.77578125 0.52734375 0.0375 0.0421875
0 0.6546875 0.56171875 0.0796875 0.03125
0 0.578125 0.56015625 0.0640625 0.0328125
0 0.425 0.521875 0.078125 0.028125
0 0.35703125 0.54765625 0.0765625 0.0265625
0 0.21171875 0.534375 0.05625 0.03125
0 0.42109375 0.5984375 0.03125 0.046875
0 0.275 0.5953125 0.053125 0.03125
0 0.590625 0.609375 0.0328125 0.0375
0 0.69453125 0.63828125 0.0546875 0.046875
0 0.65078125 0.6984375 0.0515625 0.040625
0 0.66171875 0.7328125 0.0546875 0.0328125
0 0.56796875 0.72421875 0.0328125 0.0453125
0 0.3328125 0.6734375 0.0421875 0.040625
0 0.225 0.63828125 0.053125 0.0375
0 0.246875 0.6765625 0.0546875 0.0359375
0 0.36875 0.75 0.040625 0.0390625
0 0.1796875 0.75078125 0.0328125 0.0515625
0 0.20859375 0.75859375 0.0375 0.025
0 0.49296875 0.7953125 0.0390625 0.0421875
0 0.5890625 0.79140625 0.06875 0.028125
0 0.5484375 0.83515625 0.0421875 0.0390625
0 0.6296875 0.840625 0.0640625 0.0484375
0 0.68125 0.82265625 0.0328125 0.04375
0 0.68203125 0.7828125 0.05 0.0390625
0 0.74765625 0.82734375 0.0484375 0.040625
0 0.721875 0.89921875 0.04375 0.0265625
0 0.765625 0.90546875 0.03125 0.034375
0 0.64921875 0.88046875 0.0453125 0.0234375
0 0.17109375 0.8265625 0.0390625 0.0375
0 0.1828125 0.853125 0.040625 0.0265625