0 0.371875 0.18203125 0.059375 0.040625
0 0.3515625 0.228125 0.0453125 0.040625
0 0.51953125 0.20390625 0.059375 0.0328125
0 0.6296875 0.14453125 0.0515625 0.046875
0 0.64765625 0.21875 0.053125 0.0515625
0 0.56171875 0.25625 0.09375 0.034375
0 0.484375 0.29375 0.046875 0.0484375
0 0.36875 0.2890625 0.06875 0.0328125
0 0.27578125 0.2875 0.0828125 0.025
0 0.24140625 0.33671875 0.0296875 0.0484375
0 0.2171875 0.375 0.0484375 0.0453125
0 0.28125 0.403125 0.0390625 0.0390625
0 0.41484375 0.33984375 0.0515625 0.034375
0 0.35 0.4078125 0.0640625 0.0296875
0 0.4203125 0.40859375 0.028125 0.046875
0 0.4828125 0.40390625 0.034375 0.046875
0 0.53671875 0.371875 0.0546875 0.04375
0 0.5890625 0.3125 0.0484375 0.040625
0 0.6328125 0.28203125 0.0703125 0.0296875
0 0.70703125 0.284375 0.0765625 0.0265625
0 0.69609375 0.36875 0.0453125 0.0453125
0 0.7390625 0.396875 0.053125 0.0390625
0 0.7515625 0.4140625 0.021875 0.0390625
0 0.64375 0.39140625 0.05 0.028125
0 0.6140625 0.4359375 0.053125 0.0390625
0 0.50078125 0.4609375 0.0328125 0.0359375
0 0.37265625 0.45625 0.04375 0.04375
0 0.303125 0.47109375 0.040625 0.040625
0 0.1890625 0.5546875 0.040625 0.0359375
0 0.3609375 0.53515625 0.0578125 0.0359375
0 0.36796875 0.50078125 0.0640625 0.0234375
0 0.44296875 0.53671875 0.0359375 0.040625
0 0.51171875 0.528125 0.0375 0.046875
0 0.646875 0.503125 0.0265625 0.040625
0 0.696875 0.53984375 0.028125 0.0421875
0 0.75703125 0.52421875 0.025 0.046875
0 0.765625 0.6140625 0.0375 0.05
0 0.67421875 0.6171875 0.0390625 0.0421875
0 0.56484375 0.58203125 0.040625 0.0265625
0 0.58125 0.6015625 0.065625 0.021875
0 0.403125 0.61328125 0.0671875 0.0203125
0 0.290625 0.6546875 0.03125 0.0453125
0 0.321875 0.65078125 0.028125 0.04375
0 0.259375 0.6875 0.05625 0.025
0 0.325 0.7234375 0.03125 0.0484375
0 0.4734375 0.8109375 0.034375 0.0453125
0 0.63203125 0.6640625 0.0578125 0.0453125
0 0.703125 0.6953125 0.0765625 0.0359375
0 0.85 0.640625 0.05625 0.0421875
0 0.846875 0.7125 0.0375 0.0421875