0 0.1859375 0.07265625 0.08515625 0.03671875
0 0.56484375 0.096875 0.08125 0.0234375
0 0.55078125 0.13046875 0.06953125 0.0328125
0 0.66875 0.11640625 0.071875 0.03203125
0 0.72578125 0.13046875 0.040625 0.04609375
0 0.78515625 0.12265625 0.06640625 0.034375
0 0.6890625 0.3265625 0.0796875 0.03203125
0 0.6 0.34765625 0.04140625 0.05390625
0 0.51875 0.328125 0.0515625 0.0390625
0 0.6453125 0.3765625 0.03359375 0.021875
0 0.69140625 0.38828125 0.065625 0.02109375
0 0.7875 0.4 0.0734375 0.0390625
0 0.6890625 0.47578125 0.065625 0.040625
0 0.5109375 0.45 0.028125 0.0453125
0 0.5125 0.484375 0.02265625 0.01875
0 0.4484375 0.48984375 0.03515625 0.0453125
0 0.41875 0.421875 0.0328125 0.046875
0 0.38359375 0.365625 0.01640625 0.05859375
0 0.3203125 0.45078125 0.0515625 0.0328125
0 0.3359375 0.48046875 0.065625 0.0203125
0 0.2390625 0.50859375 0.08125 0.01953125
0 0.19375 0.55703125 0.04453125 0.040625
0 0.1484375 0.578125 0.03046875 0.0546875
0 0.2390625 0.58515625 0.0578125 0.03046875
0 0.40703125 0.625 0.06953125 0.028125
0 0.47890625 0.5921875 0.04375 0.03125
0 0.5265625 0.56328125 0.0375 0.04921875
0 0.5703125 0.63984375 0.025 0.046875
0 0.54140625 0.6421875 0.03125 0.0171875
0 0.64765625 0.62421875 0.06328125 0.02109375
0 0.6703125 0.5546875 0.03515625 0.046875
0 0.71953125 0.5578125 0.040625 0.0421875
0 0.75546875 0.5765625 0.02421875 0.03515625
0 0.80546875 0.58125 0.0265625 0.04921875
0 0.7578125 0.61953125 0.0640625 0.021875
0 0.5078125 0.7078125 0.05078125 0.046875
0 0.4328125 0.73125 0.03515625 0.040625
0 0.42890625 0.775 0.0296875 0.046875
0 0.3953125 0.7796875 0.0296875 0.05703125
0 0.240625 0.68125 0.0671875 0.0375
0 0.2609375 0.7375 0.053125 0.040625
0 0.196875 0.734375 0.0453125 0.04140625
0 0.16640625 0.815625 0.05625 0.046875
0 0.32109375 0.88828125 0.04375 0.05546875
0 0.21484375 0.92109375 0.07109375 0.025
0 0.26015625 0.9453125 0.06953125 0.03359375
0 0.5015625 0.81484375 0.0421875 0.03984375
0 0.5546875 0.83125 0.075 0.025
0 0.85234375 0.73359375 0.0453125 0.05