0 0.8609375 0.8046875 0.08125 0.046875
0 0.73515625 0.7046875 0.06875 0.0421875
0 0.61875 0.66875 0.0546875 0.0546875
0 0.6859375 0.60625 0.05 0.0375
0 0.77109375 0.61796875 0.075 0.0515625
0 0.69296875 0.5484375 0.053125 0.04375
0 0.78046875 0.5359375 0.0578125 0.0296875
0 0.58984375 0.5515625 0.0484375 0.05
0 0.5703125 0.709375 0.0609375 0.0359375
0 0.546875 0.7765625 0.0703125 0.0453125
0 0.48671875 0.77734375 0.0375 0.05
0 0.4484375 0.76484375 0.03125 0.04375
0 0.515625 0.684375 0.0734375 0.0390625
0 0.4296875 0.68671875 0.0515625 0.046875
0 0.38203125 0.7765625 0.075 0.04375
0 0.43203125 0.82421875 0.0515625 0.0453125
0 0.37421875 0.85234375 0.053125 0.0359375
0 0.3 0.88671875 0.053125 0.0359375
0 0.3359375 0.81796875 0.0375 0.040625
0 0.23671875 0.68828125 0.0453125 0.05
0 0.39453125 0.653125 0.053125 0.0390625
0 0.34375 0.64921875 0.05 0.0375
0 0.32109375 0.62421875 0.040625 0.0484375
0 0.27890625 0.54765625 0.034375 0.0421875
0 0.19296875 0.56796875 0.0484375 0.05625
0 0.2078125 0.51875 0.040625 0.0453125
0 0.3265625 0.5421875 0.0640625 0.0421875
0 0.4078125 0.53515625 0.0625 0.0390625
0 0.4484375 0.528125 0.0328125 0.05
0 0.425 0.5640625 0.04375 0.05625
0 0.49765625 0.51328125 0.0390625 0.053125
0 0.565625 0.4953125 0.0609375 0.0484375
0 0.490625 0.4515625 0.053125 0.0421875
0 0.4296875 0.47109375 0.0375 0.0515625
0 0.4890625 0.40390625 0.0625 0.05
0 0.56015625 0.33984375 0.046875 0.0515625
0 0.69453125 0.390625 0.0453125 0.0484375
0 0.75234375 0.35625 0.0515625 0.0453125
0 0.33359375 0.4015625 0.028125 0.0390625
0 0.28984375 0.45234375 0.0546875 0.053125
0 0.28671875 0.39921875 0.0390625 0.0421875
0 0.228125 0.40078125 0.0453125 0.0453125
0 0.1953125 0.40078125 0.0484375 0.0484375
0 0.084375 0.35078125 0.0453125 0.040625
0 0.37109375 0.32578125 0.05625 0.05
0 0.45078125 0.2953125 0.0703125 0.0484375
0 0.5546875 0.29765625 0.059375 0.05
0 0.4953125 0.20390625 0.046875 0.0546875
0 0.3453125 0.23828125 0.0484375 0.0515625
0 0.62421875 0.11640625 0.0625 0.0484375