0 0.15703125 0.0953125 0.0875 0.0421875
0 0.53671875 0.09296875 0.0828125 0.0296875
0 0.525 0.128125 0.071875 0.0375
0 0.64140625 0.10546875 0.0734375 0.0375
0 0.69921875 0.115625 0.04375 0.0484375
0 0.7578125 0.10390625 0.06875 0.0390625
0 0.6765625 0.3140625 0.08125 0.0375
0 0.5890625 0.34140625 0.0453125 0.05625
0 0.50703125 0.32734375 0.0546875 0.0421875
0 0.63671875 0.36640625 0.034375 0.0234375
0 0.6828125 0.375 0.0671875 0.025
0 0.7796875 0.38046875 0.0765625 0.04375
0 0.68671875 0.4625 0.06875 0.0453125
0 0.5078125 0.44921875 0.03125 0.046875
0 0.51171875 0.48359375 0.0234375 0.0203125
0 0.44765625 0.49375 0.0375 0.046875
0 0.41328125 0.42734375 0.0359375 0.0484375
0 0.37421875 0.37421875 0.0203125 0.059375
0 0.3171875 0.46328125 0.053125 0.0359375
0 0.33515625 0.4921875 0.0671875 0.025
0 0.240625 0.5265625 0.0828125 0.025
0 0.1984375 0.578125 0.046875 0.04375
0 0.1546875 0.60234375 0.034375 0.05625
0 0.2453125 0.603125 0.059375 0.034375
0 0.415625 0.63125 0.071875 0.0328125
0 0.48515625 0.59375 0.0453125 0.034375
0 0.53125 0.5609375 0.040625 0.0515625
0 0.5796875 0.634375 0.028125 0.0484375
0 0.5515625 0.6390625 0.0328125 0.01875
0 0.65625 0.61328125 0.0640625 0.025
0 0.6734375 0.54296875 0.0390625 0.0484375
0 0.72265625 0.5421875 0.04375 0.0453125
0 0.76015625 0.55859375 0.0265625 0.0375
0 0.81015625 0.559375 0.0296875 0.0515625
0 0.765625 0.6015625 0.065625 0.0265625
0 0.52265625 0.70703125 0.0546875 0.05
0 0.44921875 0.73515625 0.0375 0.04375
0 0.4484375 0.77890625 0.0328125 0.0484375
0 0.41484375 0.7859375 0.0328125 0.059375
0 0.25390625 0.69921875 0.0703125 0.0421875
0 0.278125 0.75390625 0.05625 0.04375
0 0.2140625 0.7546875 0.0484375 0.04375
0 0.1890625 0.83828125 0.059375 0.05
0 0.3484375 0.9 0.046875 0.0578125
0 0.24453125 0.93984375 0.0734375 0.0296875
0 0.2921875 0.9609375 0.071875 0.0390625
0 0.5234375 0.8140625 0.0453125 0.0421875
0 0.57734375 0.8265625 0.0765625 0.0296875
0 0.86796875 0.70859375 0.0484375 0.053125