0 0.76953125 0.14375 0.0515625 0.040625
0 0.14609375 0.30234375 0.0375 0.034375
0 0.10859375 0.1484375 0.0421875 0.0328125
0 0.13828125 0.67578125 0.0484375 0.0453125
0 0.21484375 0.6390625 0.0484375 0.0390625
0 0.740625 0.7 0.0703125 0.040625
0 0.346875 0.4921875 0.0390625 0.046875
0 0.43515625 0.8515625 0.059375 0.028125
0 0.30078125 0.12890625 0.053125 0.01875
0 0.11640625 0.33046875 0.034375 0.05625
0 0.78046875 0.64453125 0.0640625 0.034375
0 0.540625 0.590625 0.071875 0.046875
0 0.4453125 0.46171875 0.028125 0.0453125
0 0.22734375 0.9546875 0.046875 0.0375
0 0.753125 0.271875 0.0421875 0.0328125
0 0.15703125 0.26171875 0.06875 0.0484375
0 0.5 0.9015625 0.0765625 0.0359375
0 0.26640625 0.47109375 0.0515625 0.04375
0 0.80546875 0.2375 0.034375 0.034375
0 0.15546875 0.74609375 0.0234375 0.04375
0 0.6765625 0.1 0.0671875 0.025
0 0.64140625 0.3953125 0.053125 0.025
0 0.303125 0.61328125 0.053125 0.05
0 0.8046875 0.1125 0.0390625 0.046875
0 0.70234375 0.8328125 0.0578125 0.028125
0 0.83984375 0.57890625 0.0296875 0.053125
0 0.14609375 0.5359375 0.053125 0.05
0 0.18125 0.76328125 0.0671875 0.0375
0 0.22890625 0.8515625 0.0359375 0.053125
0 0.46171875 0.8765625 0.0625 0.0265625
0 0.196875 0.953125 0.01875 0.046875
0 0.16953125 0.9390625 0.0296875 0.04375
0 0.16328125 0.890625 0.0171875 0.04375
0 0.16171875 0.85703125 0.0234375 0.04375
0 0.1453125 0.45859375 0.0265625 0.0515625
0 0.77890625 0.396875 0.0359375 0.06875
0 0.7328125 0.384375 0.0265625 0.0484375
0 0.7078125 0.32734375 0.034375 0.053125
0 0.8859375 0.65625 0.0390625 0.0640625
0 0.47578125 0.6953125 0.0828125 0.04375
0 0.3578125 0.26640625 0.0515625 0.05
0 0.2140625 0.275 0.034375 0.0578125
0 0.2359375 0.1546875 0.0703125 0.0421875
0 0.15 0.10625 0.059375 0.0265625
0 0.42734375 0.109375 0.078125 0.025
0 0.46484375 0.090625 0.06875 0.03125
0 0.084375 0.21015625 0.0265625 0.040625
0 0.0828125 0.15625 0.0296875 0.025