0 0.80078125 0.6625 0.0421875 0.0453125
0 0.446875 0.765625 0.0453125 0.03125
0 0.85625 0.3859375 0.0765625 0.025
0 0.79375 0.18203125 0.04375 0.0359375
0 0.62578125 0.78515625 0.05 0.0359375
0 0.5 0.92578125 0.0640625 0.021875
0 0.2359375 0.9 0.034375 0.0296875
0 0.103125 0.18984375 0.0296875 0.0390625
0 0.15859375 0.15 0.05 0.034375
0 0.834375 0.0640625 0.046875 0.0375
0 0.828125 0.0953125 0.0625 0.0171875
0 0.76015625 0.08984375 0.05 0.0171875
0 0.2578125 0.2171875 0.059375 0.05
0 0.7046875 0.53203125 0.06875 0.0265625
0 0.84296875 0.3328125 0.0328125 0.03125
0 0.665625 0.284375 0.0578125 0.0359375
0 0.440625 0.6359375 0.071875 0.025
0 0.8375 0.58515625 0.0234375 0.0578125
0 0.86015625 0.58203125 0.0234375 0.053125
0 0.65390625 0.10703125 0.0453125 0.0234375
0 0.46796875 0.7984375 0.04375 0.03125
0 0.59140625 0.534375 0.059375 0.040625
0 0.20859375 0.09609375 0.0484375 0.028125
0 0.8796875 0.45 0.0453125 0.0203125
0 0.2140625 0.54296875 0.0421875 0.0484375
0 0.44375 0.09140625 0.0546875 0.0171875
0 0.8421875 0.28046875 0.021875 0.0328125
0 0.31328125 0.0875 0.0640625 0.0171875
0 0.58984375 0.0796875 0.05625 0.0140625
0 0.55390625 0.6171875 0.028125 0.0359375
0 0.48359375 0.17578125 0.06875 0.03125
0 0.790625 0.7890625 0.0296875 0.0578125
0 0.34296875 0.11875 0.021875 0.0359375
0 0.37109375 0.1125 0.025 0.0421875
0 0.51171875 0.71015625 0.05 0.028125
0 0.2625 0.915625 0.05625 0.021875
0 0.71171875 0.0796875 0.065625 0.0203125
0 0.7640625 0.12109375 0.0765625 0.0203125
0 0.846875 0.13984375 0.08125 0.025
0 0.12734375 0.31796875 0.0359375 0.0578125
0 0.87265625 0.3 0.03125 0.0484375
0 0.8359375 0.86171875 0.0765625 0.025
0 0.48984375 0.89609375 0.0875 0.025
0 0.409375 0.9265625 0.028125 0.05625
0 0.35234375 0.934375 0.071875 0.028125
0 0.1890625 0.909375 0.0546875 0.0203125
0 0.1703125 0.95 0.04375 0.05