0 0.640625 0.64453125 0.03671875 0.0328125
0 0.4203125 0.45234375 0.0359375 0.03671875
0 0.734375 0.2046875 0.03359375 0.040625
0 0.5125 0.39609375 0.03828125 0.03984375
0 0.575 0.3875 0.0421875 0.03671875
0 0.75234375 0.88515625 0.0390625 0.03359375
0 0.45 0.4875 0.028125 0.03671875
0 0.471875 0.29296875 0.04140625 0.03515625
0 0.69921875 0.69453125 0.040625 0.03203125
0 0.76171875 0.5765625 0.02890625 0.04140625
0 0.86640625 0.8984375 0.03046875 0.03203125
0 0.5546875 0.23671875 0.02890625 0.034375
0 0.56640625 0.47265625 0.0421875 0.028125
0 0.41328125 0.325 0.0484375 0.02734375
0 0.47109375 0.2359375 0.046875 0.0359375
0 0.64453125 0.29140625 0.04609375 0.0234375
0 0.44921875 0.57265625 0.040625 0.0390625
0 0.775 0.13359375 0.04296875 0.02890625
0 0.6546875 0.7203125 0.04140625 0.025
0 0.6359375 0.46796875 0.0375 0.03203125
0 0.30859375 0.453125 0.0375 0.03828125
0 0.65 0.5671875 0.046875 0.034375
0 0.346875 0.35625 0.03359375 0.040625
0 0.69921875 0.4734375 0.05234375 0.01796875
0 0.7625 0.28671875 0.0203125 0.046875
0 0.725 0.60625 0.04765625 0.01328125
0 0.34375 0.471875 0.0359375 0.03671875
0 0.334375 0.2859375 0.04375 0.0328125
0 0.26015625 0.609375 0.0515625 0.021875
0 0.2390625 0.66484375 0.0265625 0.0390625
0 0.565625 0.7140625 0.03515625 0.0390625
0 0.7546875 0.39375 0.03046875 0.040625
0 0.66015625 0.265625 0.05234375 0.01953125
0 0.50625 0.62890625 0.06640625 0.0328125
0 0.56796875 0.4375 0.034375 0.04140625
0 0.34375 0.2546875 0.03984375 0.0359375
0 0.72421875 0.4203125 0.02734375 0.0390625
0 0.75703125 0.1671875 0.03515625 0.01796875
0 0.28046875 0.3953125 0.0578125 0.015625
0 0.61875 0.6125 0.05625 0.0140625
0 0.72578125 0.25234375 0.02421875 0.0421875
0 0.71953125 0.309375 0.0625 0.01875
0 0.7875 0.36953125 0.03828125 0.0515625
0 0.86875 0.43125 0.06484375 0.02265625
0 0.62734375 0.4328125 0.0453125 0.03515625
0 0.80078125 0.50546875 0.0375 0.04375
0 0.33984375 0.5375 0.02890625 0.0453125
0 0.81328125 0.66484375 0.02734375 0.05546875
0 0.27109375 0.809375 0.06796875 0.01796875
0 0.1859375 0.90234375 0.028125 0.0546875