0 0.57578125 0.20546875 0.053125 0.02890625
0 0.76640625 0.30390625 0.03984375 0.0375
0 0.49140625 0.1984375 0.05859375 0.03828125
0 0.74921875 0.42578125 0.04375 0.0375
0 0.8578125 0.1140625 0.04296875 0.02265625
0 0.6328125 0.6109375 0.04375 0.0359375
0 0.34765625 0.26171875 0.03828125 0.03828125
0 0.38125 0.1828125 0.0609375 0.03984375
0 0.76484375 0.615625 0.04375 0.0328125
0 0.671875 0.4890625 0.0328125 0.034375
0 0.8453125 0.1609375 0.04296875 0.040625
0 0.7625 0.54375 0.04140625 0.015625
0 0.4953125 0.54921875 0.05703125 0.025
0 0.603125 0.571875 0.03359375 0.03515625
0 0.1796875 0.94375 0.04375 0.034375
0 0.82265625 0.671875 0.0546875 0.0203125
0 0.59140625 0.2859375 0.04375 0.02578125
0 0.8 0.640625 0.04296875 0.025
0 0.64140625 0.84609375 0.05546875 0.01796875
0 0.17890625 0.19921875 0.06484375 0.01875
0 0.73046875 0.72109375 0.03671875 0.02734375
0 0.85625 0.73828125 0.02578125 0.034375
0 0.7125 0.6609375 0.0296875 0.03828125
0 0.175 0.34375 0.025 0.0375
0 0.53046875 0.3359375 0.02578125 0.02421875
0 0.28359375 0.9390625 0.06640625 0.0234375
0 0.27421875 0.91953125 0.06015625 0.0203125
0 0.3484375 0.48203125 0.0578125 0.01640625
0 0.66875 0.35 0.05625 0.01875
0 0.7765625 0.17265625 0.0578125 0.01171875
0 0.77109375 0.33359375 0.028125 0.03046875
0 0.7421875 0.83515625 0.0421875 0.03046875
0 0.371875 0.3625 0.03046875 0.03671875
0 0.40390625 0.3671875 0.04765625 0.01953125
0 0.478125 0.77890625 0.03125 0.03046875
0 0.23203125 0.4734375 0.03359375 0.0265625
0 0.24453125 0.45 0.02734375 0.046875
0 0.39609375 0.434375 0.03359375 0.03828125
0 0.47734375 0.434375 0.06328125 0.03125
0 0.59140625 0.42421875 0.06015625 0.021875
0 0.659375 0.43515625 0.06015625 0.02421875
0 0.68203125 0.446875 0.05703125 0.02265625
0 0.78203125 0.50546875 0.040625 0.05078125
0 0.64140625 0.478125 0.0359375 0.01875
0 0.5328125 0.50859375 0.0359375 0.04140625
0 0.878125 0.63046875 0.03984375 0.04765625
0 0.3625 0.58828125 0.0421875 0.05078125