0 0.6578125 0.7640625 0.04375 0.0515625
0 0.44453125 0.4859375 0.04375 0.0453125
0 0.81796875 0.2734375 0.0734375 0.0578125
0 0.3875 0.8734375 0.0453125 0.0484375
0 0.83828125 0.85703125 0.065625 0.04375
0 0.68046875 0.66640625 0.053125 0.0484375
0 0.85546875 0.415625 0.0359375 0.0375
0 0.6546875 0.2390625 0.0390625 0.053125
0 0.49140625 0.42109375 0.0390625 0.040625
0 0.25 0.98203125 0.059375 0.0359375
0 0.88046875 0.6078125 0.0640625 0.0375
0 0.10703125 0.1390625 0.0421875 0.0421875
0 0.77109375 0.0484375 0.06875 0.0390625
0 0.59140625 0.50234375 0.0484375 0.0453125
0 0.4625 0.89375 0.0625 0.03125
0 0.225 0.66640625 0.034375 0.053125
0 0.91796875 0.78828125 0.028125 0.028125
0 0.68046875 0.859375 0.05625 0.03125
0 0.39765625 0.68203125 0.05625 0.0390625
0 0.4796875 0.284375 0.0296875 0.034375
0 0.6765625 0.88828125 0.0609375 0.0296875
0 0.8515625 0.47734375 0.0359375 0.04375
0 0.49609375 0.91015625 0.0328125 0.040625
0 0.5765625 0.6140625 0.0421875 0.0578125
0 0.2703125 0.65 0.03125 0.028125
0 0.7640625 0.80625 0.075 0.0390625
0 0.14609375 0.13203125 0.0640625 0.0328125
0 0.9015625 0.8390625 0.0640625 0.0265625
0 0.1734375 0.60234375 0.040625 0.0625
0 0.13125 0.5359375 0.05625 0.053125
0 0.53984375 0.6234375 0.0375 0.0578125
0 0.821875 0.475 0.0328125 0.05
0 0.26796875 0.68671875 0.0359375 0.05625
0 0.84609375 0.51953125 0.0359375 0.0484375
0 0.91015625 0.82109375 0.0609375 0.025
0 0.8828125 0.6328125 0.0671875 0.03125
0 0.828125 0.4265625 0.034375 0.05
0 0.4984375 0.8046875 0.084375 0.0328125
0 0.8625 0.74765625 0.0421875 0.0453125
0 0.6265625 0.915625 0.0328125 0.0453125
0 0.17890625 0.3234375 0.040625 0.065625
0 0.63125 0.88984375 0.03125 0.021875
0 0.7875 0.3796875 0.034375 0.053125
0 0.81171875 0.121875 0.0359375 0.0421875
0 0.45859375 0.303125 0.0390625 0.034375
0 0.903125 0.66171875 0.034375 0.05625
0 0.23671875 0.84453125 0.046875 0.0640625
0 0.56796875 0.928125 0.0671875 0.0375
0 0.91875 0.76328125 0.021875 0.0265625
0 0.884375 0.80390625 0.04375 0.028125