0 0.85390625 0.89453125 0.02578125 0.0359375
0 0.703125 0.325 0.03359375 0.0390625
0 0.5515625 0.703125 0.02734375 0.0328125
0 0.63359375 0.28515625 0.04140625 0.03359375
0 0.39296875 0.61328125 0.02578125 0.0484375
0 0.54609375 0.22890625 0.0296875 0.03515625
0 0.4078125 0.22109375 0.04765625 0.02421875
0 0.7640625 0.3140625 0.028125 0.03828125
0 0.46171875 0.23203125 0.046875 0.0296875
0 0.5078125 0.57421875 0.05546875 0.0296875
0 0.26640625 0.703125 0.02109375 0.0359375
0 0.584375 0.3953125 0.0453125 0.0359375
0 0.646875 0.7171875 0.04375 0.03125
0 0.71171875 0.415625 0.04140625 0.04140625
0 0.84921875 0.840625 0.02890625 0.03359375
0 0.3015625 0.4453125 0.04765625 0.03125
0 0.68984375 0.6875 0.0546875 0.0359375
0 0.275 0.225 0.04140625 0.0375
0 0.47578125 0.3609375 0.02578125 0.0421875
0 0.74296875 0.878125 0.04453125 0.03671875
0 0.6296875 0.246875 0.04921875 0.02578125
0 0.71796875 0.24609375 0.03046875 0.04609375
0 0.72109375 0.21484375 0.04375 0.03671875
0 0.41328125 0.4515625 0.028125 0.03828125
0 0.33671875 0.3453125 0.03984375 0.05546875
0 0.253125 0.38515625 0.053125 0.0328125
0 0.61484375 0.4484375 0.04375 0.021875
0 0.634375 0.55546875 0.05 0.03828125
0 0.33359375 0.25078125 0.04609375 0.03984375
0 0.7546875 0.57578125 0.03046875 0.0484375
0 0.3296875 0.4640625 0.0359375 0.0390625
0 0.7703125 0.153125 0.05625 0.0171875
0 0.353125 0.196875 0.04296875 0.0328125
0 0.403125 0.31796875 0.053125 0.03203125
0 0.33125 0.534375 0.02109375 0.03671875
0 0.71328125 0.5984375 0.06171875 0.0265625
0 0.775 0.43125 0.01640625 0.04921875
0 0.8125 0.4265625 0.05 0.01953125
0 0.52734375 0.40078125 0.02421875 0.04453125
0 0.78515625 0.134375 0.0578125 0.01328125
0 0.7671875 0.12265625 0.0296875 0.02265625
0 0.70078125 0.46328125 0.07265625 0.0171875
0 0.55390625 0.46640625 0.05390625 0.03828125
0 0.44296875 0.48203125 0.0265625 0.04765625
0 0.61640625 0.625 0.07265625 0.0328125
0 0.4984375 0.6265625 0.06328125 0.03671875
0 0.3078125 0.62890625 0.0296875 0.046875
0 0.37109375 0.75546875 0.07109375 0.01953125
0 0.1921875 0.8078125 0.02265625 0.059375
0 0.66484375 0.2921875 0.02734375 0.06328125