0 0.09453125 0.15859375 0.03125 0.0390625
0 0.3234375 0.7015625 0.0390625 0.04375
0 0.4203125 0.30625 0.03125 0.0359375
0 0.39765625 0.73125 0.0453125 0.0390625
0 0.58984375 0.37265625 0.0328125 0.0515625
0 0.4921875 0.775 0.034375 0.0390625
0 0.63046875 0.76328125 0.05 0.03125
0 0.2640625 0.72109375 0.0328125 0.0421875
0 0.575 0.76015625 0.05 0.0359375
0 0.48203125 0.42734375 0.059375 0.0375
0 0.703125 0.26640625 0.0265625 0.0390625
0 0.43125 0.615625 0.05 0.0421875
0 0.32421875 0.30546875 0.0484375 0.0375
0 0.30234375 0.61328125 0.046875 0.046875
0 0.10703125 0.2109375 0.0328125 0.0375
0 0.70390625 0.5265625 0.0515625 0.0375
0 0.2859375 0.340625 0.059375 0.04375
0 0.7609375 0.740625 0.046875 0.0421875
0 0.54296875 0.634375 0.03125 0.0453125
0 0.20703125 0.159375 0.0484375 0.0421875
0 0.40703125 0.76875 0.0515625 0.0328125
0 0.31953125 0.78203125 0.0359375 0.05
0 0.32109375 0.81328125 0.0484375 0.0421875
0 0.59296875 0.5359375 0.0328125 0.0421875
0 0.68359375 0.63046875 0.046875 0.0609375
0 0.76015625 0.5796875 0.0578125 0.040625
0 0.39375 0.5671875 0.046875 0.028125
0 0.359375 0.4640625 0.0546875 0.0453125
0 0.69921875 0.7234375 0.0515625 0.0453125
0 0.2375 0.46015625 0.0375 0.0515625
0 0.6734375 0.51171875 0.040625 0.04375
0 0.28046875 0.88125 0.0578125 0.025
0 0.6875 0.7796875 0.046875 0.0390625
0 0.62109375 0.66640625 0.0578125 0.0390625
0 0.6625 0.4421875 0.0265625 0.0390625
0 0.275 0.43203125 0.0640625 0.034375
0 0.2375 0.60625 0.0234375 0.0515625
0 0.20078125 0.61640625 0.0515625 0.0265625
0 0.48671875 0.60234375 0.0296875 0.046875
0 0.26875 0.9015625 0.059375 0.021875
0 0.28828125 0.9109375 0.0328125 0.0265625
0 0.30625 0.5640625 0.075 0.0265625
0 0.4515625 0.540625 0.059375 0.0453125
0 0.55859375 0.51015625 0.0328125 0.0515625
0 0.3671875 0.3921875 0.0765625 0.0421875
0 0.48359375 0.37421875 0.0671875 0.0453125
0 0.67265625 0.3453125 0.0359375 0.05
0 0.5921875 0.22890625 0.0734375 0.0296875
0 0.76171875 0.15234375 0.03125 0.0625
0 0.365625 0.72890625 0.0359375 0.0671875