0 0.65390625 0.1859375 0.05 0.034375
0 0.7046875 0.62890625 0.0515625 0.05
0 0.7640625 0.09296875 0.059375 0.0171875
0 0.74765625 0.33828125 0.0375 0.0515625
0 0.5796875 0.39296875 0.0359375 0.0375
0 0.37890625 0.06328125 0.053125 0.03125
0 0.84296875 0.38203125 0.0265625 0.04375
0 0.65546875 0.609375 0.0515625 0.04375
0 0.6609375 0.1265625 0.0484375 0.0265625
0 0.41484375 0.22734375 0.05 0.0234375
0 0.871875 0.11953125 0.040625 0.0265625
0 0.33046875 0.36015625 0.0421875 0.040625
0 0.6609375 0.521875 0.065625 0.0265625
0 0.44140625 0.575 0.075 0.0296875
0 0.815625 0.94140625 0.065625 0.03125
0 0.8203125 0.8671875 0.0265625 0.065625
0 0.6921875 0.91171875 0.0421875 0.0359375
0 0.83203125 0.25 0.05 0.0375
0 0.48203125 0.475 0.0578125 0.034375
0 0.609375 0.91171875 0.0484375 0.0515625
0 0.2546875 0.09921875 0.046875 0.0296875
0 0.815625 0.459375 0.05 0.0546875
0 0.57421875 0.23046875 0.0609375 0.03125
0 0.61484375 0.26875 0.0375 0.0515625
0 0.26796875 0.48046875 0.0484375 0.0421875
0 0.17109375 0.4453125 0.0265625 0.0421875
0 0.1625 0.321875 0.0453125 0.046875
0 0.66015625 0.8734375 0.05 0.03125
0 0.39375 0.38359375 0.05 0.0171875
0 0.540625 0.0875 0.0296875 0.04375
0 0.80703125 0.1203125 0.0515625 0.0234375
0 0.259375 0.31171875 0.034375 0.040625
0 0.32578125 0.09453125 0.059375 0.0234375
0 0.875 0.15625 0.0265625 0.0390625
0 0.21484375 0.1828125 0.0296875 0.0421875
0 0.759375 0.1125 0.0515625 0.01875
0 0.73828125 0.92890625 0.0734375 0.0265625
0 0.728125 0.90625 0.0359375 0.021875
0 0.65546875 0.89765625 0.034375 0.021875
0 0.134375 0.39765625 0.0328125 0.0546875
0 0.178125 0.14765625 0.046875 0.0484375
0 0.19453125 0.06953125 0.0296875 0.0578125
0 0.3984375 0.0859375 0.071875 0.025
0 0.57734375 0.078125 0.0453125 0.0234375
0 0.7015625 0.11484375 0.053125 0.021875
0 0.8140625 0.14375 0.0765625 0.025
0 0.84375 0.09296875 0.025 0.0359375
0 0.9 0.09296875 0.0359375 0.034375
0 0.8671875 0.08671875 0.0296875 0.028125
0 0.21953125 0.12890625 0.028125 0.0546875