0 0.84921875 0.15546875 0.03984375 0.03125
0 0.35859375 0.26484375 0.05390625 0.0484375
0 0.796875 0.14453125 0.04921875 0.02421875
0 0.8015625 0.92890625 0.0484375 0.02734375
0 0.8546875 0.76484375 0.03359375 0.04140625
0 0.81015625 0.23125 0.03359375 0.021875
0 0.853125 0.3640625 0.02421875 0.03671875
0 0.34375 0.16484375 0.0640625 0.0421875
0 0.45390625 0.1171875 0.0296875 0.03203125
0 0.7765625 0.8890625 0.04140625 0.02890625
0 0.66953125 0.18515625 0.03828125 0.03125
0 0.20078125 0.19375 0.03984375 0.040625
0 0.4046875 0.0953125 0.06171875 0.03828125
0 0.61484375 0.53125 0.03125 0.03984375
0 0.8296875 0.271875 0.01953125 0.0453125
0 0.74140625 0.33671875 0.03984375 0.034375
0 0.765625 0.2 0.021875 0.04375
0 0.54140625 0.88359375 0.03203125 0.03125
0 0.53203125 0.853125 0.03515625 0.04140625
0 0.68515625 0.48046875 0.04375 0.0390625
0 0.86953125 0.109375 0.046875 0.0125
0 0.80625 0.84765625 0.03046875 0.053125
0 0.621875 0.07890625 0.06875 0.0171875
0 0.82578125 0.459375 0.0328125 0.059375
0 0.71484375 0.17265625 0.03515625 0.03671875
0 0.1328125 0.246875 0.01796875 0.040625
0 0.39140625 0.53125 0.01875 0.04765625
0 0.36484375 0.5859375 0.0609375 0.02265625
0 0.19765625 0.11640625 0.0515625 0.025
0 0.165625 0.18359375 0.02734375 0.040625
0 0.50234375 0.090625 0.0453125 0.02578125
0 0.571875 0.09921875 0.06640625 0.02265625
0 0.8296875 0.1234375 0.03671875 0.01328125
0 0.765625 0.11953125 0.0671875 0.01484375
0 0.846875 0.0859375 0.03359375 0.01953125
0 0.77578125 0.2453125 0.0203125 0.04296875
0 0.74921875 0.28359375 0.059375 0.0203125
0 0.75390625 0.371875 0.03828125 0.0515625
0 0.77421875 0.5109375 0.03203125 0.0546875
0 0.8375 0.79921875 0.0328125 0.0484375
0 0.88046875 0.840625 0.0234375 0.0546875
0 0.6359375 0.815625 0.084375 0.0140625
0 0.27265625 0.9328125 0.0859375 0.01640625
0 0.18515625 0.90234375 0.0453125 0.05859375