0 0.38671875 0.33359375 0.0421875 0.0390625
0 0.5703125 0.5609375 0.0421875 0.0421875
0 0.21796875 0.75 0.040625 0.0453125
0 0.46953125 0.6 0.0453125 0.0453125
0 0.40625 0.59765625 0.0484375 0.04375
0 0.31875 0.0765625 0.04375 0.040625
0 0.546875 0.52109375 0.034375 0.040625
0 0.49140625 0.70859375 0.046875 0.0421875
0 0.3375 0.27421875 0.0453125 0.0390625
0 0.25546875 0.37890625 0.0359375 0.0453125
0 0.20859375 0.04375 0.0359375 0.0375
0 0.40078125 0.75 0.034375 0.0390625
0 0.4296875 0.515625 0.046875 0.034375
0 0.5546875 0.6875 0.053125 0.0359375
0 0.4828125 0.76484375 0.053125 0.04375
0 0.32109375 0.68046875 0.05 0.03125
0 0.5625 0.4375 0.046875 0.0453125
0 0.165625 0.81328125 0.046875 0.0359375
0 0.3859375 0.25625 0.0453125 0.03125
0 0.3609375 0.5078125 0.0421875 0.0375
0 0.68046875 0.5796875 0.04375 0.04375
0 0.3640625 0.4078125 0.0515625 0.0421875
0 0.62578125 0.66796875 0.040625 0.0453125
0 0.29921875 0.49140625 0.0546875 0.0265625
0 0.2046875 0.66484375 0.028125 0.05
0 0.296875 0.35625 0.05 0.021875
0 0.64921875 0.5546875 0.0421875 0.0421875
0 0.62578125 0.73984375 0.0484375 0.040625
0 0.75546875 0.43359375 0.0546875 0.03125
0 0.7859375 0.3828125 0.0328125 0.04375
0 0.47265625 0.278125 0.040625 0.0453125
0 0.23046875 0.56015625 0.0375 0.0453125
0 0.3015625 0.703125 0.0546875 0.028125
0 0.51640625 0.371875 0.071875 0.04375
0 0.421875 0.55 0.040625 0.046875
0 0.6109375 0.76875 0.0453125 0.0421875
0 0.265625 0.53984375 0.034375 0.04375
0 0.1890625 0.7828125 0.0375 0.0234375
0 0.69765625 0.64140625 0.059375 0.025
0 0.40234375 0.36875 0.0578125 0.0234375
0 0.234375 0.7046875 0.03125 0.0453125
0 0.25078125 0.64921875 0.0640625 0.0296875
0 0.19453125 0.57890625 0.046875 0.0578125
0 0.125 0.50390625 0.0671875 0.0328125
0 0.36328125 0.54375 0.05 0.0421875
0 0.2046875 0.4421875 0.04375 0.05
0 0.6640625 0.490625 0.0359375 0.05
0 0.2203125 0.28359375 0.0359375 0.059375
0 0.77890625 0.23515625 0.0703125 0.0296875
0 0.87890625 0.15859375 0.0375 0.059375