0 0.87265625 0.778125 0.0484375 0.034375
0 0.4484375 0.42734375 0.0484375 0.0203125
0 0.70625 0.103125 0.0484375 0.021875
0 0.20625 0.1578125 0.053125 0.0234375
0 0.8171875 0.36953125 0.0375 0.0421875
0 0.7625 0.60078125 0.034375 0.040625
0 0.59375 0.1046875 0.0515625 0.025
0 0.26875 0.7125 0.0390625 0.0359375
0 0.278125 0.678125 0.05 0.03125
0 0.44296875 0.709375 0.05 0.03125
0 0.54375 0.53828125 0.0453125 0.028125
0 0.18125 0.303125 0.0484375 0.034375
0 0.4546875 0.19140625 0.0578125 0.0515625
0 0.8265625 0.90546875 0.05 0.015625
0 0.1671875 0.42578125 0.025 0.0390625
0 0.86328125 0.90390625 0.053125 0.028125
0 0.59921875 0.89921875 0.0546875 0.025
0 0.40234375 0.86328125 0.05625 0.0171875
0 0.3546875 0.8609375 0.0296875 0.03125
0 0.53359375 0.48359375 0.0546875 0.0171875
0 0.32890625 0.22890625 0.046875 0.0375
0 0.3453125 0.82890625 0.053125 0.0265625
0 0.34140625 0.53984375 0.0515625 0.01875
0 0.79921875 0.45546875 0.0265625 0.0546875
0 0.41796875 0.796875 0.05625 0.0234375
0 0.721875 0.72265625 0.0203125 0.0375
0 0.69765625 0.19609375 0.0328125 0.0359375
0 0.1640625 0.84609375 0.0234375 0.0375
0 0.76796875 0.921875 0.046875 0.0328125
0 0.16484375 0.784375 0.0296875 0.0390625
0 0.190625 0.89453125 0.0328125 0.0453125
0 0.8421875 0.52734375 0.0234375 0.040625
0 0.16875 0.515625 0.0203125 0.0453125
0 0.5546875 0.3484375 0.046875 0.0171875
0 0.86484375 0.86328125 0.059375 0.0265625
0 0.5578125 0.79140625 0.0203125 0.0203125
0 0.8296875 0.40546875 0.0265625 0.015625
0 0.22109375 0.35546875 0.05625 0.015625
0 0.5421875 0.8640625 0.0484375 0.025
0 0.29140625 0.4015625 0.025 0.0125
0 0.85390625 0.84140625 0.071875 0.0140625