0 0.15859375 0.065625 0.0390625 0.053125
0 0.16484375 0.115625 0.0328125 0.0390625
0 0.25234375 0.06953125 0.0265625 0.0421875
0 0.31015625 0.08984375 0.0515625 0.03125
0 0.40234375 0.10390625 0.04375 0.053125
0 0.521875 0.08359375 0.0515625 0.0421875
0 0.52578125 0.1203125 0.0734375 0.021875
0 0.6203125 0.11484375 0.078125 0.0265625
0 0.70703125 0.1296875 0.0328125 0.046875
0 0.76015625 0.15703125 0.0609375 0.034375
0 0.8125 0.11171875 0.059375 0.015625
0 0.86484375 0.12890625 0.046875 0.021875
0 0.8703125 0.17109375 0.040625 0.0265625
0 0.89375 0.1546875 0.040625 0.0234375
0 0.921875 0.16875 0.0265625 0.0421875
0 0.925 0.209375 0.034375 0.0515625
0 0.83359375 0.22109375 0.0421875 0.046875
0 0.8703125 0.2890625 0.025 0.046875
0 0.88671875 0.29609375 0.0234375 0.0484375
0 0.78125 0.33203125 0.059375 0.0390625
0 0.5859375 0.20390625 0.065625 0.0375
0 0.8875 0.36171875 0.05 0.0390625
0 0.8734375 0.43359375 0.0625 0.0265625
0 0.8796875 0.4796875 0.028125 0.0375
0 0.88203125 0.540625 0.03125 0.04375
0 0.884375 0.51796875 0.05 0.0359375
0 0.84921875 0.54453125 0.05 0.0234375
0 0.72734375 0.571875 0.0625 0.0421875
0 0.2765625 0.40625 0.0609375 0.040625
0 0.434375 0.51640625 0.0609375 0.0296875
0 0.47734375 0.659375 0.0265625 0.025
0 0.43984375 0.69296875 0.0703125 0.025
0 0.42109375 0.7359375 0.034375 0.0390625
0 0.34296875 0.75 0.0546875 0.021875
0 0.1203125 0.78359375 0.0375 0.0515625
0 0.18671875 0.89375 0.0515625 0.0234375
0 0.1734375 0.86875 0.04375 0.0265625
0 0.14296875 0.88828125 0.0453125 0.0203125
0 0.0890625 0.88671875 0.0484375 0.0265625
0 0.278125 0.90390625 0.0609375 0.025
0 0.33671875 0.91328125 0.0515625 0.0390625
0 0.40546875 0.91328125 0.0703125 0.034375
0 0.55078125 0.796875 0.0703125 0.0234375
0 0.74140625 0.765625 0.0328125 0.0515625
0 0.8015625 0.8890625 0.0515625 0.0421875
0 0.725 0.6609375 0.0453125 0.021875