0 0.571875 0.35390625 0.03515625 0.03515625
0 0.3921875 0.66484375 0.05703125 0.03515625
0 0.6703125 0.48671875 0.053125 0.01875
0 0.4734375 0.74296875 0.03984375 0.03515625
0 0.81171875 0.72734375 0.02578125 0.046875
0 0.32734375 0.3921875 0.05859375 0.0296875
0 0.31875 0.33359375 0.04765625 0.03359375
0 0.42578125 0.346875 0.02890625 0.04453125
0 0.8296875 0.421875 0.071875 0.025
0 0.546875 0.5359375 0.03359375 0.0453125
0 0.2296875 0.37734375 0.04375 0.053125
0 0.209375 0.2640625 0.03828125 0.0484375
0 0.77421875 0.69375 0.05859375 0.0421875
0 0.42890625 0.5921875 0.04921875 0.0453125
0 0.8453125 0.76796875 0.0375 0.03359375
0 0.34375 0.46015625 0.0390625 0.04453125
0 0.66328125 0.8234375 0.07421875 0.01796875
0 0.81875 0.5203125 0.03125 0.04453125
0 0.7828125 0.26015625 0.075 0.0203125
0 0.66328125 0.7796875 0.02578125 0.0171875
0 0.51328125 0.665625 0.02265625 0.03203125
0 0.20625 0.78203125 0.0515625 0.0375
0 0.21328125 0.4625 0.0515625 0.03046875
0 0.55078125 0.70703125 0.03125 0.05078125
0 0.56640625 0.9046875 0.0609375 0.0171875
0 0.5671875 0.89296875 0.06875 0.01796875
0 0.725 0.8484375 0.02734375 0.05390625
0 0.803125 0.84765625 0.0515625 0.03046875
0 0.65546875 0.65390625 0.0703125 0.01953125
0 0.63828125 0.69296875 0.07265625 0.03203125
0 0.54375 0.4765625 0.05703125 0.0203125
0 0.39765625 0.79140625 0.0234375 0.034375
0 0.77890625 0.8 0.025 0.0375
0 0.1734375 0.3140625 0.0265625 0.053125
0 0.8109375 0.80390625 0.0328125 0.04609375
0 0.59140625 0.86328125 0.0703125 0.0171875
0 0.75234375 0.46953125 0.06875 0.03203125
0 0.14296875 0.18359375 0.05703125 0.02421875
0 0.2203125 0.19453125 0.07421875 0.0296875
0 0.371875 0.35546875 0.03046875 0.04921875
0 0.85078125 0.4640625 0.04140625 0.04296875
0 0.15859375 0.63125 0.040625 0.06484375
0 0.4953125 0.6328125 0.03046875 0.03671875
0 0.65234375 0.63046875 0.0578125 0.02265625
0 0.4625 0.81015625 0.07890625 0.02265625
0 0.52109375 0.8734375 0.05546875 0.021875
0 0.6703125 0.75625 0.05 0.028125
0 0.68515625 0.8671875 0.05234375 0.02734375