0 0.23359375 0.67578125 0.05625 0.0609375
0 0.753125 0.41640625 0.0421875 0.040625
0 0.84453125 0.65078125 0.059375 0.0546875
0 0.78984375 0.50234375 0.0484375 0.0484375
0 0.3453125 0.490625 0.0484375 0.0453125
0 0.475 0.70234375 0.04375 0.0546875
0 0.6125 0.10546875 0.046875 0.0609375
0 0.4265625 0.82421875 0.0390625 0.04375
0 0.7828125 0.3828125 0.046875 0.0484375
0 0.43984375 0.2484375 0.08125 0.0546875
0 0.3390625 0.2484375 0.078125 0.0484375
0 0.1796875 0.584375 0.04375 0.059375
0 0.88125 0.77734375 0.04375 0.034375
0 0.35078125 0.5671875 0.071875 0.0390625
0 0.196875 0.7421875 0.0453125 0.05625
0 0.8640625 0.84375 0.0484375 0.065625
0 0.77421875 0.86171875 0.065625 0.04375
0 0.37578125 0.95859375 0.0640625 0.05
0 0.134375 0.31953125 0.0609375 0.0328125
0 0.159375 0.34375 0.028125 0.04375
0 0.284375 0.8828125 0.0609375 0.040625
0 0.32421875 0.46640625 0.0609375 0.028125
0 0.27421875 0.79765625 0.046875 0.05625
0 0.90703125 0.8 0.046875 0.0296875
0 0.109375 0.2125 0.065625 0.0453125
0 0.5203125 0.79296875 0.0484375 0.0375
0 0.65625 0.2640625 0.04375 0.0484375
0 0.25078125 0.45 0.0796875 0.034375
0 0.184375 0.41484375 0.0640625 0.0328125
0 0.51796875 0.65546875 0.0375 0.053125
0 0.94609375 0.796875 0.0390625 0.05
0 0.11796875 0.36328125 0.0421875 0.0578125
0 0.39921875 0.42734375 0.071875 0.0359375
0 0.21328125 0.50703125 0.059375 0.0546875
0 0.04140625 0.23359375 0.0375 0.0546875
0 0.81796875 0.84609375 0.0296875 0.0390625
0 0.3359375 0.6671875 0.08125 0.0640625
0 0.65859375 0.8703125 0.05625 0.0578125
0 0.2578125 0.37734375 0.0828125 0.0390625
0 0.20546875 0.77734375 0.078125 0.040625
0 0.3453125 0.11171875 0.078125 0.046875
0 0.4234375 0.128125 0.084375 0.0421875
0 0.22109375 0.415625 0.0421875 0.025
0 0.77890625 0.596875 0.0453125 0.0578125
0 0.81171875 0.42734375 0.0609375 0.040625
0 0.9046875 0.71015625 0.05 0.0640625
0 0.61953125 0.92734375 0.078125 0.0453125
0 0.54921875 0.87578125 0.0765625 0.05625
0 0.290625 0.9609375 0.05625 0.0609375
0 0.33671875 0.98125 0.0640625 0.0375