0 0.6359375 0.16328125 0.0671875 0.0421875
0 0.45546875 0.2046875 0.053125 0.0390625
0 0.546875 0.81640625 0.040625 0.0390625
0 0.33984375 0.1953125 0.0515625 0.0390625
0 0.73125 0.50078125 0.05 0.0453125
0 0.21640625 0.353125 0.0453125 0.0359375
0 0.596875 0.2015625 0.0640625 0.0328125
0 0.2453125 0.325 0.040625 0.0359375
0 0.2390625 0.29453125 0.046875 0.034375
0 0.7078125 0.08671875 0.0359375 0.05
0 0.6671875 0.65390625 0.0359375 0.0390625
0 0.275 0.2625 0.059375 0.0328125
0 0.59453125 0.46796875 0.0390625 0.0359375
0 0.409375 0.43671875 0.0375 0.0421875
0 0.6015625 0.24921875 0.05 0.03125
0 0.696875 0.28125 0.034375 0.0390625
0 0.609375 0.7625 0.0328125 0.0421875
0 0.28984375 0.36171875 0.0296875 0.0375
0 0.53203125 0.57890625 0.0421875 0.0421875
0 0.35859375 0.53828125 0.03125 0.0375
0 0.58203125 0.52421875 0.053125 0.0296875
0 0.46328125 0.57890625 0.05 0.040625
0 0.55 0.3828125 0.053125 0.0359375
0 0.70859375 0.6359375 0.03125 0.034375
0 0.19296875 0.49765625 0.0265625 0.04375
0 0.64609375 0.11328125 0.0609375 0.0328125
0 0.7015625 0.38359375 0.046875 0.0546875
0 0.7484375 0.3609375 0.0375 0.0609375
0 0.38046875 0.59765625 0.040625 0.04375
0 0.47265625 0.7484375 0.0265625 0.0359375
0 0.36953125 0.403125 0.05625 0.03125
0 0.70546875 0.7375 0.034375 0.0390625
0 0.2703125 0.615625 0.05 0.0390625
0 0.6734375 0.3234375 0.040625 0.040625
0 0.8390625 0.7328125 0.04375 0.0453125
0 0.52265625 0.23828125 0.0265625 0.04375
0 0.57890625 0.359375 0.0453125 0.040625
0 0.496875 0.45390625 0.0359375 0.0484375
0 0.53359375 0.45625 0.0515625 0.0390625
0 0.3171875 0.44921875 0.0296875 0.0421875
0 0.12421875 0.4171875 0.0296875 0.0375
0 0.48828125 0.30546875 0.0546875 0.0375
0 0.64140625 0.096875 0.0828125 0.034375
0 0.69453125 0.20390625 0.0734375 0.0453125
0 0.18515625 0.2796875 0.0328125 0.0515625
0 0.23515625 0.6359375 0.0671875 0.04375
0 0.47265625 0.6296875 0.06875 0.0421875
0 0.43046875 0.72734375 0.0328125 0.053125
0 0.74609375 0.71484375 0.0375 0.0671875
0 0.77734375 0.81953125 0.0734375 0.0484375