0 0.73671875 0.7234375 0.046875 0.034375
0 0.396875 0.68125 0.053125 0.040625
0 0.6234375 0.85390625 0.075 0.028125
0 0.646875 0.69375 0.0390625 0.0421875
0 0.2140625 0.9046875 0.05 0.0203125
0 0.4484375 0.9 0.0671875 0.0359375
0 0.80703125 0.83359375 0.0265625 0.0484375
0 0.45390625 0.484375 0.028125 0.040625
0 0.24140625 0.12578125 0.075 0.034375
0 0.1796875 0.8421875 0.0390625 0.0578125
0 0.659375 0.74140625 0.046875 0.0515625
0 0.7359375 0.8828125 0.0703125 0.0203125
0 0.40703125 0.8671875 0.0671875 0.028125
0 0.25 0.6953125 0.059375 0.0453125
0 0.56171875 0.80234375 0.0359375 0.0515625
0 0.65 0.0984375 0.028125 0.040625
0 0.38671875 0.1671875 0.059375 0.0546875
0 0.7171875 0.07109375 0.0546875 0.021875
0 0.83828125 0.5640625 0.0359375 0.0515625
0 0.25546875 0.45234375 0.065625 0.0578125
0 0.12890625 0.6640625 0.053125 0.0515625
0 0.5265625 0.35 0.0390625 0.0453125
0 0.246875 0.08515625 0.05 0.0171875
0 0.8125 0.2578125 0.03125 0.04375
0 0.79765625 0.0828125 0.0515625 0.04375
0 0.1484375 0.3703125 0.046875 0.0453125
0 0.55 0.08671875 0.078125 0.034375
0 0.29296875 0.265625 0.0625 0.0296875
0 0.29140625 0.07265625 0.0453125 0.03125
0 0.40703125 0.52890625 0.0484375 0.0234375
0 0.2078125 0.5375 0.046875 0.0484375
0 0.25078125 0.55703125 0.0671875 0.0265625
0 0.171875 0.50703125 0.046875 0.0484375
0 0.45 0.234375 0.05625 0.0421875
0 0.11015625 0.8984375 0.0203125 0.01875
0 0.8265625 0.675 0.0609375 0.0375
0 0.34140625 0.44296875 0.040625 0.053125
0 0.57890625 0.7125 0.0765625 0.0265625
0 0.13515625 0.89140625 0.01875 0.021875
0 0.1265625 0.91875 0.03125 0.0171875
0 0.3078125 0.82578125 0.0671875 0.034375
0 0.78203125 0.8671875 0.0625 0.0234375
0 0.553125 0.64765625 0.0765625 0.021875
0 0.74296875 0.6171875 0.0625 0.04375
0 0.69140625 0.4890625 0.0328125 0.0515625
0 0.84765625 0.4453125 0.0359375 0.059375
0 0.12734375 0.51015625 0.0453125 0.0234375
0 0.68359375 0.08359375 0.0421875 0.0140625