0 0.47890625 0.3546875 0.03984375 0.03203125
0 0.35859375 0.45234375 0.04765625 0.0453125
0 0.378125 0.2421875 0.0421875 0.0328125
0 0.1984375 0.1375 0.0453125 0.02734375
0 0.73828125 0.36953125 0.03203125 0.04453125
0 0.48125 0.228125 0.040625 0.046875
0 0.796875 0.43046875 0.03515625 0.06015625
0 0.85 0.92890625 0.04296875 0.0265625
0 0.83984375 0.22734375 0.0375 0.03359375
0 0.509375 0.39921875 0.05078125 0.03359375
0 0.8390625 0.26953125 0.040625 0.0328125
0 0.20078125 0.61484375 0.05390625 0.03046875
0 0.834375 0.7640625 0.0234375 0.04140625
0 0.71796875 0.93515625 0.04375 0.02578125
0 0.32421875 0.1265625 0.06484375 0.02890625
0 0.64609375 0.12890625 0.040625 0.059375
0 0.85390625 0.1875 0.01953125 0.040625
0 0.83046875 0.17578125 0.02421875 0.025
0 0.85625 0.153125 0.03359375 0.02578125
0 0.2390625 0.18984375 0.04140625 0.03828125
0 0.37109375 0.171875 0.06015625 0.02265625
0 0.7390625 0.16015625 0.07421875 0.03359375
0 0.90625 0.0796875 0.03359375 0.040625
0 0.7078125 0.903125 0.05078125 0.0203125
0 0.58203125 0.30625 0.05234375 0.02890625
0 0.140625 0.22734375 0.040625 0.02265625
0 0.74765625 0.23828125 0.0609375 0.02265625
0 0.79140625 0.115625 0.04453125 0.0140625
0 0.5703125 0.47109375 0.06640625 0.02421875
0 0.36953125 0.89375 0.02734375 0.03046875
0 0.78671875 0.9421875 0.02578125 0.04375
0 0.52890625 0.871875 0.03671875 0.034375
0 0.825 0.8734375 0.03984375 0.03203125
0 0.5875 0.13515625 0.06328125 0.02109375
0 0.81015625 0.1640625 0.01796875 0.02109375
0 0.228125 0.121875 0.04296875 0.025
0 0.15546875 0.1015625 0.0359375 0.0265625
0 0.13203125 0.1203125 0.0453125 0.01484375
0 0.15 0.171875 0.015625 0.02265625
0 0.17578125 0.1734375 0.03046875 0.0390625
0 0.1875 0.22421875 0.02421875 0.0453125
0 0.14375 0.20625 0.02109375 0.02734375
0 0.378125 0.36328125 0.03125 0.05546875
0 0.85 0.3140625 0.028125 0.05078125
0 0.37109375 0.584375 0.0671875 0.028125
0 0.14609375 0.68828125 0.0703125 0.02109375
0 0.2765625 0.8140625 0.07421875 0.0296875
0 0.78046875 0.8765625 0.03515625 0.04453125
0 0.81484375 0.915625 0.02265625 0.02109375
0 0.8421875 0.6984375 0.0296875 0.0484375