0 0.71484375 0.36171875 0.05 0.0375
0 0.71484375 0.82578125 0.0421875 0.034375
0 0.8421875 0.3703125 0.046875 0.04375
0 0.34375 0.55703125 0.05 0.0359375
0 0.17890625 0.65390625 0.053125 0.05625
0 0.76484375 0.67578125 0.0390625 0.0375
0 0.834375 0.65 0.0359375 0.0453125
0 0.7015625 0.72734375 0.05 0.0296875
0 0.45703125 0.4375 0.034375 0.040625
0 0.60078125 0.54140625 0.0390625 0.05
0 0.46953125 0.53984375 0.0640625 0.034375
0 0.5140625 0.6359375 0.05 0.0390625
0 0.55 0.76484375 0.0515625 0.0421875
0 0.190625 0.76328125 0.028125 0.040625
0 0.76875 0.93046875 0.0375 0.059375
0 0.83828125 0.1234375 0.065625 0.0375
0 0.3484375 0.1609375 0.046875 0.0578125
0 0.7640625 0.72265625 0.028125 0.0453125
0 0.4109375 0.215625 0.0625 0.0328125
0 0.13359375 0.73359375 0.0421875 0.0515625
0 0.21171875 0.365625 0.0515625 0.0390625
0 0.2578125 0.33515625 0.053125 0.04375
0 0.6171875 0.11640625 0.0578125 0.028125
0 0.7734375 0.128125 0.0359375 0.0234375
0 0.68125 0.52578125 0.0546875 0.0515625
0 0.6203125 0.59765625 0.03125 0.0515625
0 0.73515625 0.70390625 0.025 0.040625
0 0.878125 0.4203125 0.028125 0.046875
0 0.8671875 0.28359375 0.0375 0.0625
0 0.30078125 0.703125 0.0609375 0.03125
0 0.2421875 0.84140625 0.0359375 0.06875
0 0.8 0.5390625 0.03125 0.0515625
0 0.16328125 0.7859375 0.0203125 0.0390625
0 0.08203125 0.77734375 0.0625 0.025
0 0.09453125 0.8265625 0.028125 0.0484375
0 0.6453125 0.75078125 0.05625 0.0234375
0 0.32578125 0.89453125 0.08125 0.03125
0 0.76640625 0.7859375 0.0296875 0.0609375
0 0.38828125 0.9234375 0.0453125 0.034375
0 0.909375 0.209375 0.03125 0.05
0 0.80546875 0.7546875 0.03125 0.0546875
0 0.89296875 0.34921875 0.0671875 0.028125
0 0.83203125 0.15859375 0.0640625 0.0296875
0 0.88671875 0.1390625 0.04375 0.040625
0 0.73046875 0.13828125 0.059375 0.03125
0 0.1359375 0.44296875 0.065625 0.0453125
0 0.43828125 0.80078125 0.0703125 0.034375
0 0.1 0.675 0.0265625 0.04375
0 0.08828125 0.7140625 0.025 0.034375
0 0.15546875 0.7625 0.0234375 0.021875