0 0.8328125 0.4328125 0.04375 0.040625
0 0.36796875 0.71015625 0.04375 0.046875
0 0.88828125 0.5359375 0.046875 0.040625
0 0.89453125 0.8796875 0.0484375 0.0375
0 0.30546875 0.9046875 0.040625 0.034375
0 0.30859375 0.12578125 0.0375 0.0578125
0 0.32265625 0.76953125 0.053125 0.04375
0 0.63515625 0.53359375 0.0421875 0.0453125
0 0.671875 0.59609375 0.034375 0.0453125
0 0.57578125 0.1640625 0.053125 0.0328125
0 0.153125 0.88984375 0.040625 0.0421875
0 0.2140625 0.73984375 0.0265625 0.05
0 0.46953125 0.4765625 0.025 0.0515625
0 0.38984375 0.09921875 0.0671875 0.0203125
0 0.60546875 0.05390625 0.0578125 0.04375
0 0.540625 0.53828125 0.0234375 0.0515625
0 0.15625 0.7890625 0.0265625 0.04375
0 0.6671875 0.70859375 0.0359375 0.0375
0 0.828125 0.8703125 0.0453125 0.0390625
0 0.26640625 0.64296875 0.05625 0.0390625
0 0.23203125 0.90078125 0.0609375 0.0203125
0 0.79765625 0.54921875 0.0453125 0.0328125
0 0.85 0.57578125 0.0359375 0.0484375
0 0.34921875 0.928125 0.021875 0.0578125
0 0.71171875 0.61328125 0.028125 0.0578125
0 0.61796875 0.87421875 0.05 0.040625
0 0.62578125 0.9 0.078125 0.01875
0 0.5171875 0.23828125 0.04375 0.0625
0 0.7203125 0.06015625 0.06875 0.028125
0 0.4359375 0.89765625 0.0203125 0.04375
0 0.7953125 0.76953125 0.0515625 0.0375
0 0.846875 0.31640625 0.03125 0.05625
0 0.56640625 0.6484375 0.0453125 0.0265625
0 0.8125 0.0765625 0.071875 0.0203125
0 0.16328125 0.59140625 0.0359375 0.059375
0 0.1453125 0.11796875 0.065625 0.01875
0 0.83671875 0.903125 0.0296875 0.0296875
0 0.89375 0.79609375 0.0390625 0.0546875
0 0.89453125 0.8359375 0.0390625 0.0296875
0 0.89296875 0.70703125 0.015625 0.0515625
0 0.8796875 0.71015625 0.0171875 0.0578125
0 0.85390625 0.74765625 0.0265625 0.040625
0 0.32265625 0.70703125 0.0375 0.0421875
0 0.86796875 0.4796875 0.0640625 0.0328125
0 0.30546875 0.503125 0.0421875 0.0625
0 0.4390625 0.4390625 0.0734375 0.0265625
0 0.18125 0.38515625 0.04375 0.059375
0 0.1828125 0.2625 0.0671875 0.0359375
0 0.13984375 0.15 0.065625 0.028125
0 0.50078125 0.128125 0.08125 0.040625