0 0.565625 0.796875 0.0546875 0.03125
0 0.759375 0.70546875 0.040625 0.0390625
0 0.48125 0.80078125 0.059375 0.040625
0 0.74609375 0.5828125 0.0453125 0.0390625
0 0.84375 0.8984375 0.04375 0.0234375
0 0.63671875 0.39375 0.0453125 0.0375
0 0.3390625 0.7328125 0.0390625 0.0390625
0 0.3703125 0.8125 0.0625 0.0421875
0 0.76875 0.39375 0.0453125 0.034375
0 0.67109375 0.5171875 0.034375 0.0359375
0 0.83359375 0.85078125 0.04375 0.0421875
0 0.7640625 0.465625 0.0421875 0.0171875
0 0.496875 0.45078125 0.0578125 0.0265625
0 0.60546875 0.43203125 0.034375 0.0359375
0 0.1953125 0.0453125 0.0453125 0.0359375
0 0.828125 0.33984375 0.0546875 0.021875
0 0.58359375 0.7171875 0.0453125 0.0265625
0 0.8046875 0.3703125 0.04375 0.0265625
0 0.653125 0.159375 0.05625 0.0203125
0 0.16875 0.7890625 0.065625 0.0203125
0 0.73828125 0.28671875 0.0375 0.028125
0 0.8640625 0.27421875 0.0265625 0.0359375
0 0.71796875 0.346875 0.03125 0.0390625
0 0.16953125 0.64453125 0.0265625 0.0390625
0 0.525 0.66484375 0.0265625 0.025
0 0.29921875 0.05390625 0.0671875 0.025
0 0.2890625 0.07265625 0.0609375 0.021875
0 0.34765625 0.5125 0.0578125 0.01875
0 0.66328125 0.65546875 0.05625 0.0203125
0 0.76484375 0.83671875 0.0578125 0.0140625
0 0.76484375 0.67578125 0.0296875 0.03125
0 0.75390625 0.1734375 0.04375 0.03125
0 0.3671875 0.6328125 0.03125 0.0375
0 0.39921875 0.6296875 0.0484375 0.021875
0 0.4875 0.2203125 0.0328125 0.03125
0 0.23125 0.5171875 0.034375 0.028125
0 0.24296875 0.54140625 0.0296875 0.0484375
0 0.39375 0.56171875 0.034375 0.0390625
0 0.475 0.56484375 0.0640625 0.0328125
0 0.5890625 0.57890625 0.0609375 0.0234375
0 0.65703125 0.5703125 0.0609375 0.0265625
0 0.6796875 0.559375 0.0578125 0.025
0 0.78203125 0.5046875 0.0421875 0.0515625
0 0.640625 0.5265625 0.0359375 0.0203125
0 0.5328125 0.4921875 0.0375 0.0421875
0 0.8828125 0.3828125 0.0421875 0.0484375
0 0.365625 0.40703125 0.04375 0.0515625