0 0.25078125 0.396875 0.0546875 0.0625
0 0.16796875 0.82109375 0.0390625 0.05
0 0.3921875 0.91171875 0.0484375 0.040625
0 0.5578125 0.07734375 0.0515625 0.03125
0 0.8234375 0.23359375 0.059375 0.040625
0 0.8578125 0.5265625 0.04375 0.0578125
0 0.403125 0.42734375 0.0546875 0.0421875
0 0.4046875 0.6875 0.0328125 0.040625
0 0.1015625 0.7515625 0.0421875 0.0421875
0 0.29453125 0.3625 0.0515625 0.053125
0 0.840625 0.4671875 0.040625 0.0546875
0 0.5328125 0.10546875 0.071875 0.0359375
0 0.125 0.6328125 0.05 0.04375
0 0.7203125 0.9515625 0.053125 0.0390625
0 0.4765625 0.05234375 0.0578125 0.034375
0 0.36015625 0.0515625 0.08125 0.0375
0 0.55859375 0.95078125 0.0578125 0.03125
0 0.659375 0.96796875 0.053125 0.0453125
0 0.403125 0.76953125 0.0546875 0.03125
0 0.778125 0.834375 0.0546875 0.05
0 0.30078125 0.4296875 0.0546875 0.04375
0 0.86953125 0.1765625 0.05 0.04375
0 0.8671875 0.42265625 0.046875 0.053125
0 0.82109375 0.75546875 0.034375 0.0453125
0 0.78046875 0.67734375 0.0640625 0.0359375
0 0.81484375 0.86171875 0.040625 0.0578125
0 0.796875 0.9546875 0.034375 0.053125
0 0.7484375 0.19609375 0.0765625 0.053125
0 0.18984375 0.39140625 0.059375 0.0421875
0 0.50234375 0.8265625 0.04375 0.046875
0 0.92734375 0.14609375 0.0359375 0.03125
0 0.21484375 0.09375 0.071875 0.04375
0 0.55078125 0.18515625 0.0640625 0.059375
0 0.45 0.6171875 0.065625 0.046875
0 0.7953125 0.79921875 0.0390625 0.0359375
0 0.4546875 0.89765625 0.065625 0.0390625
0 0.30703125 0.87890625 0.0796875 0.0453125
0 0.23203125 0.83125 0.078125 0.0375
0 0.09375 0.7875 0.0453125 0.0546875
0 0.43828125 0.80390625 0.06875 0.034375
0 0.63828125 0.9578125 0.034375 0.0234375
0 0.33125 0.47421875 0.075 0.0484375
0 0.88671875 0.33203125 0.0515625 0.0578125
0 0.8234375 0.3203125 0.071875 0.04375
0 0.9078125 0.2328125 0.0453125 0.0625
0 0.91171875 0.175 0.0328125 0.0296875
0 0.8984375 0.1484375 0.03125 0.03125
0 0.21328125 0.1515625 0.040625 0.0578125
0 0.2546875 0.1921875 0.071875 0.0453125