0 0.55 0.23359375 0.0296875 0.03671875
0 0.6359375 0.290625 0.04921875 0.03203125
0 0.696875 0.33359375 0.03125 0.0390625
0 0.41640625 0.45234375 0.03671875 0.0390625
0 0.69609375 0.69375 0.0453125 0.03203125
0 0.25703125 0.3921875 0.0421875 0.028125
0 0.7125 0.4265625 0.040625 0.04296875
0 0.86171875 0.89921875 0.0296875 0.0296875
0 0.7640625 0.31953125 0.025 0.04296875
0 0.7234375 0.60859375 0.04375 0.01953125
0 0.41640625 0.5953125 0.0375 0.0421875
0 0.3359375 0.26171875 0.0390625 0.03359375
0 0.75 0.88671875 0.04765625 0.034375
0 0.27734375 0.2359375 0.040625 0.03203125
0 0.721875 0.25703125 0.03125 0.03671875
0 0.72109375 0.2265625 0.0390625 0.03359375
0 0.46484375 0.23671875 0.04375 0.03125
0 0.3609375 0.7609375 0.06484375 0.028125
0 0.6578125 0.725 0.05703125 0.0375
0 0.3046875 0.44921875 0.0453125 0.03125
0 0.6171875 0.4515625 0.04375 0.028125
0 0.7640625 0.58515625 0.04453125 0.0578125
0 0.41171875 0.22265625 0.046875 0.0265625
0 0.48203125 0.3640625 0.02578125 0.040625
0 0.55859375 0.71328125 0.0296875 0.040625
0 0.5078125 0.6328125 0.05 0.028125
0 0.5546875 0.4234375 0.04765625 0.0171875
0 0.76875 0.16328125 0.06484375 0.0140625
0 0.7578125 0.15078125 0.02109375 0.01640625
0 0.775 0.125 0.05078125 0.028125
0 0.69921875 0.4734375 0.04453125 0.01640625
0 0.23984375 0.68828125 0.040625 0.03203125
0 0.41015625 0.25390625 0.03828125 0.0328125
0 0.40546875 0.32109375 0.06015625 0.03828125
0 0.3421875 0.46875 0.0375 0.04296875
0 0.85859375 0.846875 0.03359375 0.040625
0 0.3375 0.34921875 0.03984375 0.05390625
0 0.6234375 0.63828125 0.04921875 0.02109375
0 0.5625 0.47109375 0.04296875 0.02890625
0 0.33359375 0.53671875 0.0203125 0.04453125
0 0.66484375 0.3015625 0.02109375 0.05
0 0.64453125 0.5703125 0.04609375 0.0390625
0 0.6328125 0.25546875 0.04765625 0.02578125
0 0.44453125 0.48671875 0.02421875 0.04140625
0 0.84375 0.43359375 0.0640625 0.015625
0 0.78359375 0.4375 0.025 0.04453125
0 0.57734375 0.4203125 0.021875 0.03984375
0 0.55625 0.596875 0.0609375 0.02421875
0 0.31015625 0.6328125 0.0375 0.0453125
0 0.19296875 0.8203125 0.03125 0.059375