0 0.1671875 0.14609375 0.04375 0.034375
0 0.32109375 0.48203125 0.0390625 0.0390625
0 0.2765625 0.19296875 0.0453125 0.0296875
0 0.39765625 0.08984375 0.0609375 0.053125
0 0.77421875 0.79375 0.05 0.0421875
0 0.49296875 0.53828125 0.0375 0.05625
0 0.5296875 0.39453125 0.040625 0.046875
0 0.61640625 0.1171875 0.0671875 0.0421875
0 0.5296875 0.3 0.071875 0.0375
0 0.81875 0.15625 0.0421875 0.05625
0 0.60859375 0.78046875 0.046875 0.0453125
0 0.13125 0.52109375 0.0453125 0.034375
0 0.1375 0.484375 0.034375 0.0375
0 0.646875 0.46328125 0.028125 0.0484375
0 0.146875 0.20234375 0.053125 0.0578125
0 0.79921875 0.03984375 0.0671875 0.0265625
0 0.24609375 0.6453125 0.0578125 0.03125
0 0.1140625 0.3671875 0.04375 0.05
0 0.2375 0.1140625 0.0546875 0.025
0 0.60859375 0.55625 0.0484375 0.059375
0 0.78125 0.365625 0.03125 0.05625
0 0.4484375 0.40859375 0.0734375 0.028125
0 0.2078125 0.746875 0.034375 0.0546875
0 0.52890625 0.18828125 0.0609375 0.04375
0 0.7421875 0.4359375 0.0375 0.05
0 0.3828125 0.16640625 0.0828125 0.034375
0 0.4109375 0.7234375 0.0359375 0.0625
0 0.2578125 0.375 0.03125 0.05625
0 0.2515625 0.9484375 0.053125 0.0265625
0 0.17890625 0.96796875 0.0296875 0.0234375
0 0.21328125 0.25859375 0.06875 0.040625
0 0.315625 0.11640625 0.065625 0.025
0 0.78203125 0.434375 0.0234375 0.0515625
0 0.428125 0.19453125 0.0515625 0.04375
0 0.5234375 0.896875 0.0765625 0.0296875
0 0.68359375 0.73359375 0.046875 0.0578125
0 0.52890625 0.69296875 0.0390625 0.0640625
0 0.30234375 0.92890625 0.05625 0.0296875
0 0.20859375 0.9625 0.034375 0.021875
0 0.3296875 0.61875 0.0453125 0.0609375
0 0.1671875 0.59765625 0.0359375 0.05
0 0.78984375 0.475 0.025 0.0296875
0 0.4359375 0.48203125 0.0359375 0.0515625
0 0.1359375 0.3125 0.028125 0.053125
0 0.28203125 0.15390625 0.0625 0.03125
0 0.4578125 0.09140625 0.0390625 0.0234375
0 0.5 0.08125 0.0390625 0.01875
0 0.6015625 0.046875 0.0734375 0.0328125
0 0.6 0.28828125 0.040625 0.0515625