0 0.79921875 0.65546875 0.040625 0.040625
0 0.68046875 0.61875 0.059375 0.0375
0 0.58359375 0.73125 0.0484375 0.0484375
0 0.6625 0.23828125 0.0734375 0.05
0 0.39296875 0.88359375 0.0453125 0.0546875
0 0.68359375 0.84296875 0.059375 0.0453125
0 0.475 0.8609375 0.0734375 0.05
0 0.178125 0.27109375 0.0515625 0.04375
0 0.096875 0.575 0.0703125 0.040625
0 0.7015625 0.88671875 0.04375 0.04375
0 0.13671875 0.46796875 0.0546875 0.0421875
0 0.853125 0.5328125 0.0515625 0.04375
0 0.7765625 0.321875 0.0609375 0.046875
0 0.78203125 0.84375 0.0328125 0.053125
0 0.08984375 0.77890625 0.06875 0.040625
0 0.7875 0.71171875 0.0328125 0.0359375
0 0.821875 0.61328125 0.0296875 0.0453125
0 0.70078125 0.31875 0.0453125 0.053125
0 0.35859375 0.53828125 0.0640625 0.06875
0 0.2640625 0.06953125 0.0625 0.0328125
0 0.8140625 0.478125 0.0375 0.0578125
0 0.36875 0.4 0.05 0.046875
0 0.3265625 0.41953125 0.0484375 0.05
0 0.1140625 0.43828125 0.034375 0.053125
0 0.203125 0.76328125 0.046875 0.065625
0 0.43046875 0.04765625 0.0796875 0.0375
0 0.32578125 0.05078125 0.0671875 0.040625
0 0.80703125 0.71875 0.0296875 0.034375
0 0.0375 0.8046875 0.053125 0.053125
0 0.82421875 0.3296875 0.0390625 0.059375
0 0.24765625 0.15546875 0.0296875 0.04375
0 0.77578125 0.92578125 0.0484375 0.0453125
0 0.78046875 0.77890625 0.040625 0.05
0 0.28671875 0.01484375 0.0578125 0.0296875
0 0.2140625 0.46796875 0.0796875 0.04375
0 0.72109375 0.95703125 0.0375 0.0328125
0 0.2875 0.81171875 0.0703125 0.0359375
0 0.2 0.29609375 0.0359375 0.0390625
0 0.20703125 0.15625 0.0328125 0.0625
0 0.74921875 0.98046875 0.0453125 0.0296875
0 0.22734375 0.190625 0.03125 0.0421875
0 0.7078125 0.984375 0.0328125 0.03125
0 0.7609375 0.95234375 0.0359375 0.0265625
0 0.75703125 0.9703125 0.025 0.01875
0 0.928125 0.203125 0.04375 0.04375
0 0.7453125 0.90390625 0.0375 0.0453125
0 0.659375 0.9484375 0.075 0.040625
0 0.51328125 0.31328125 0.0765625 0.0390625