0 0.446875 0.16484375 0.05078125 0.05078125
0 0.19765625 0.22578125 0.0359375 0.05546875
0 0.78671875 0.59609375 0.04296875 0.0515625
0 0.8 0.18125 0.04296875 0.0546875
0 0.184375 0.3875 0.03828125 0.03984375
0 0.4296875 0.83203125 0.053125 0.0578125
0 0.5921875 0.546875 0.06640625 0.028125
0 0.1 0.1375 0.02890625 0.03125
0 0.85703125 0.796875 0.04375 0.04375
0 0.67421875 0.93359375 0.0421875 0.02734375
0 0.35546875 0.1703125 0.06328125 0.03046875
0 0.1890625 0.8265625 0.03359375 0.03515625
0 0.26171875 0.825 0.065625 0.02265625
0 0.8375 0.21484375 0.028125 0.05
0 0.4265625 0.340625 0.05 0.05078125
0 0.34140625 0.14375 0.04375 0.03125
0 0.25234375 0.071875 0.0765625 0.0171875
0 0.13046875 0.86796875 0.05390625 0.02109375
0 0.728125 0.91171875 0.0734375 0.021875
0 0.65 0.10859375 0.07578125 0.01953125
0 0.1671875 0.64296875 0.046875 0.021875
0 0.1390625 0.57421875 0.01796875 0.03984375
0 0.20390625 0.9328125 0.05703125 0.01640625
0 0.496875 0.91484375 0.0734375 0.0234375
0 0.3515625 0.08203125 0.04375 0.01484375
0 0.31328125 0.859375 0.0546875 0.03125
0 0.190625 0.871875 0.040625 0.03125
0 0.59140625 0.9125 0.08046875 0.0265625
0 0.15390625 0.6578125 0.03828125 0.0296875
0 0.86015625 0.83203125 0.05625 0.03125
0 0.13828125 0.2609375 0.05546875 0.02421875
0 0.80625 0.0796875 0.078125 0.0265625
0 0.1234375 0.11484375 0.0390625 0.03203125
0 0.8015625 0.10703125 0.07265625 0.0203125
0 0.15078125 0.078125 0.02265625 0.04296875
0 0.68515625 0.6546875 0.04453125 0.0484375
0 0.14140625 0.93359375 0.04765625 0.02421875
0 0.3171875 0.078125 0.05078125 0.01328125
0 0.66171875 0.49765625 0.0703125 0.028125
0 0.62421875 0.57890625 0.0421875 0.04765625
0 0.7171875 0.3796875 0.03046875 0.0625
0 0.803125 0.75078125 0.065625 0.03359375
0 0.55859375 0.41171875 0.03359375 0.04296875
0 0.63125 0.12890625 0.07421875 0.0203125
0 0.1859375 0.1015625 0.0234375 0.0515625
0 0.11015625 0.0890625 0.05 0.01875
0 0.11640625 0.2234375 0.03671875 0.04609375
0 0.1765625 0.90703125 0.0765625 0.01328125