0 0.56328125 0.8765625 0.0453125 0.0421875
0 0.57578125 0.11171875 0.040625 0.0328125
0 0.92421875 0.128125 0.046875 0.046875
0 0.621875 0.47734375 0.0484375 0.0265625
0 0.79375 0.77265625 0.04375 0.0484375
0 0.86796875 0.11484375 0.053125 0.01875
0 0.553125 0.9109375 0.071875 0.03125
0 0.88671875 0.19140625 0.04375 0.05
0 0.48046875 0.1171875 0.059375 0.0265625
0 0.78828125 0.3453125 0.0421875 0.040625
0 0.828125 0.63125 0.028125 0.0390625
0 0.4625 0.9140625 0.03125 0.046875
0 0.39296875 0.4546875 0.0421875 0.040625
0 0.26796875 0.83359375 0.059375 0.034375
0 0.80703125 0.13203125 0.0484375 0.03125
0 0.8109375 0.69765625 0.0234375 0.0421875
0 0.40546875 0.91328125 0.046875 0.0203125
0 0.240625 0.80234375 0.053125 0.0203125
0 0.21640625 0.88125 0.040625 0.04375
0 0.434375 0.4046875 0.0515625 0.034375
0 0.1546875 0.61953125 0.0328125 0.0375
0 0.10703125 0.7625 0.059375 0.040625
0 0.17109375 0.82265625 0.028125 0.046875
0 0.753125 0.534375 0.059375 0.034375
0 0.4078125 0.10859375 0.028125 0.034375
0 0.371875 0.9109375 0.034375 0.0484375
0 0.76640625 0.9265625 0.0390625 0.0296875
0 0.7875 0.95625 0.05 0.0296875
0 0.84296875 0.86484375 0.025 0.0390625
0 0.78125 0.86640625 0.0359375 0.0421875
0 0.8125 0.81484375 0.028125 0.021875
0 0.8359375 0.8296875 0.0453125 0.034375
0 0.8265625 0.93671875 0.025 0.04375
0 0.72421875 0.80546875 0.028125 0.05
0 0.45859375 0.828125 0.03125 0.0375
0 0.85859375 0.42265625 0.0265625 0.034375
0 0.8359375 0.34296875 0.0234375 0.0421875
0 0.35625 0.6421875 0.0359375 0.046875
0 0.84453125 0.9375 0.025 0.0390625
0 0.82265625 0.88984375 0.0390625 0.0234375
0 0.7171875 0.8640625 0.059375 0.0234375
0 0.6578125 0.83046875 0.0609375 0.028125
0 0.771875 0.12109375 0.0734375 0.0296875
0 0.2796875 0.20546875 0.0421875 0.0546875
0 0.45625 0.27421875 0.0375 0.0515625