0 0.69375 0.790625 0.05234375 0.0390625
0 0.6359375 0.7953125 0.06484375 0.0234375
0 0.7078125 0.88359375 0.03359375 0.04609375
0 0.76015625 0.13203125 0.0703125 0.0296875
0 0.7703125 0.89375 0.06484375 0.0234375
0 0.8484375 0.78359375 0.0203125 0.03515625
0 0.865625 0.775 0.0234375 0.03984375
0 0.35390625 0.93984375 0.03125 0.04921875
0 0.82734375 0.28671875 0.06875 0.021875
0 0.8578125 0.078125 0.03515625 0.0359375
0 0.8 0.85625 0.05625 0.021875
0 0.65625 0.896875 0.05390625 0.0296875
0 0.30546875 0.55390625 0.04296875 0.0328125
0 0.83046875 0.5796875 0.0265625 0.05390625
0 0.4265625 0.5859375 0.028125 0.053125
0 0.86484375 0.83125 0.05546875 0.015625
0 0.17265625 0.91953125 0.03984375 0.02421875
0 0.82265625 0.9109375 0.04375 0.0359375
0 0.18203125 0.86171875 0.059375 0.0140625
0 0.85625 0.1109375 0.05859375 0.02578125
0 0.53984375 0.91796875 0.0671875 0.01640625
0 0.6234375 0.9234375 0.06484375 0.0140625
0 0.56796875 0.88828125 0.078125 0.0171875
0 0.28359375 0.903125 0.0453125 0.02109375
0 0.48515625 0.53125 0.046875 0.040625
0 0.24765625 0.49765625 0.0671875 0.0296875
0 0.865625 0.9109375 0.04140625 0.03203125
0 0.83515625 0.7375 0.05546875 0.01796875
0 0.77890625 0.07734375 0.0703125 0.01640625
0 0.80546875 0.17265625 0.0359375 0.04140625
0 0.85234375 0.2046875 0.02578125 0.04609375
0 0.85703125 0.846875 0.05234375 0.021875
0 0.134375 0.9078125 0.01953125 0.028125
0 0.71484375 0.92265625 0.0375 0.0546875
0 0.28125 0.94921875 0.05234375 0.02421875
0 0.19921875 0.94296875 0.04453125 0.02109375
0 0.50078125 0.10390625 0.03671875 0.04921875
0 0.77265625 0.09453125 0.07890625 0.01875
0 0.8125 0.228125 0.0375 0.053125
0 0.83203125 0.36328125 0.03359375 0.05546875
0 0.73046875 0.65703125 0.0375 0.03984375
0 0.5046875 0.76484375 0.03125 0.05703125
0 0.52890625 0.9421875 0.03359375 0.02421875
0 0.8484375 0.8890625 0.03046875 0.02109375
0 0.8390625 0.8671875 0.02734375 0.02421875
0 0.30625 0.93125 0.03984375 0.01875
0 0.12890625 0.93984375 0.02578125 0.02265625
0 0.14609375 0.95078125 0.02265625 0.028125