0 0.27109375 0.8421875 0.0484375 0.04375
0 0.37109375 0.1578125 0.0390625 0.0453125
0 0.75703125 0.215625 0.03125 0.0421875
0 0.51484375 0.04765625 0.034375 0.0328125
0 0.3359375 0.815625 0.0359375 0.040625
0 0.8640625 0.5015625 0.0453125 0.028125
0 0.30234375 0.253125 0.05625 0.05
0 0.82890625 0.18515625 0.0671875 0.0171875
0 0.115625 0.2 0.034375 0.04375
0 0.84765625 0.57421875 0.0390625 0.0265625
0 0.77578125 0.87578125 0.0515625 0.0171875
0 0.39140625 0.059375 0.0546875 0.028125
0 0.7546875 0.57421875 0.0421875 0.0328125
0 0.41484375 0.86328125 0.0578125 0.01875
0 0.73046875 0.0984375 0.075 0.0234375
0 0.61640625 0.89375 0.053125 0.0203125
0 0.325 0.475 0.021875 0.0390625
0 0.446875 0.15703125 0.040625 0.0359375
0 0.7046875 0.0796875 0.0328125 0.0265625
0 0.53984375 0.3796875 0.0265625 0.059375
0 0.83984375 0.478125 0.0515625 0.0421875
0 0.39609375 0.740625 0.025 0.0578125
0 0.68515625 0.69609375 0.0296875 0.05625
0 0.503125 0.33359375 0.028125 0.0546875
0 0.24609375 0.728125 0.0234375 0.0546875
0 0.1921875 0.58125 0.04375 0.0328125
0 0.17265625 0.4984375 0.0703125 0.021875
0 0.37421875 0.37734375 0.065625 0.034375
0 0.48984375 0.05234375 0.0265625 0.0375
0 0.82109375 0.1328125 0.021875 0.046875
0 0.5015625 0.65546875 0.025 0.0359375
0 0.67734375 0.79296875 0.0390625 0.0484375
0 0.85625 0.23828125 0.0265625 0.0390625
0 0.81640625 0.04921875 0.0375 0.0265625
0 0.87578125 0.884375 0.08125 0.0171875
0 0.87265625 0.90390625 0.05625 0.021875
0 0.7390625 0.8953125 0.0546875 0.015625
0 0.85625 0.3421875 0.0265625 0.053125
0 0.353125 0.64609375 0.028125 0.05
0 0.55234375 0.1515625 0.078125 0.0203125
0 0.65625 0.08125 0.0640625 0.021875
0 0.58515625 0.83984375 0.03125 0.05625
0 0.1921875 0.60859375 0.0328125 0.0296875
0 0.725 0.43828125 0.0859375 0.028125
0 0.82578125 0.0953125 0.0359375 0.0296875
0 0.47421875 0.10546875 0.0265625 0.0484375
0 0.44609375 0.07109375 0.034375 0.0453125
0 0.11171875 0.1109375 0.04375 0.0609375
0 0.77890625 0.0734375 0.065625 0.0171875