0 0.71640625 0.25703125 0.0484375 0.034375
0 0.38125 0.32890625 0.0546875 0.040625
0 0.5921875 0.13671875 0.075 0.028125
0 0.62890625 0.29453125 0.040625 0.0421875
0 0.1796875 0.121875 0.05 0.021875
0 0.41328125 0.10625 0.0671875 0.0375
0 0.7765625 0.14140625 0.0265625 0.0484375
0 0.45546875 0.51953125 0.028125 0.040625
0 0.275 0.8953125 0.075 0.034375
0 0.15078125 0.1875 0.040625 0.0578125
0 0.6375 0.2453125 0.046875 0.0515625
0 0.7015625 0.0984375 0.071875 0.021875
0 0.37578125 0.1421875 0.0671875 0.0296875
0 0.23359375 0.32734375 0.0609375 0.046875
0 0.534375 0.19296875 0.0359375 0.0515625
0 0.684375 0.88671875 0.028125 0.040625
0 0.41640625 0.84140625 0.059375 0.0546875
0 0.75390625 0.90859375 0.05625 0.0234375
0 0.83125 0.40703125 0.0375 0.053125
0 0.26015625 0.56875 0.065625 0.059375
0 0.11640625 0.36875 0.053125 0.053125
0 0.53984375 0.64765625 0.040625 0.046875
0 0.284375 0.93515625 0.05 0.0171875
0 0.8328125 0.7140625 0.0328125 0.04375
0 0.8328125 0.8890625 0.0515625 0.04375
0 0.1609375 0.66015625 0.0484375 0.046875
0 0.58515625 0.90703125 0.0796875 0.0359375
0 0.31484375 0.7515625 0.0625 0.03125
0 0.32890625 0.94375 0.0453125 0.0328125
0 0.4046875 0.47890625 0.05 0.0234375
0 0.20625 0.48828125 0.0484375 0.05
0 0.246875 0.46484375 0.0671875 0.028125
0 0.17265625 0.521875 0.046875 0.0484375
0 0.4734375 0.76875 0.05625 0.04375
0 0.07734375 0.1375 0.021875 0.0203125
0 0.81015625 0.29765625 0.0625 0.0390625
0 0.346875 0.5703125 0.0421875 0.053125
0 0.559375 0.28203125 0.0765625 0.028125
0 0.10234375 0.1421875 0.0203125 0.0234375
0 0.0921875 0.115625 0.03125 0.0171875
0 0.28046875 0.1921875 0.06875 0.0359375
0 0.7484375 0.11015625 0.0640625 0.025
0 0.53984375 0.3484375 0.0765625 0.0234375
0 0.73203125 0.36171875 0.0625 0.0453125
0 0.69140625 0.49375 0.034375 0.0515625
0 0.85078125 0.52421875 0.0359375 0.0609375
0 0.128125 0.52265625 0.046875 0.0234375
0 0.71875 0.8984375 0.0421875 0.015625