0 0.26953125 0.62421875 0.0578125 0.0453125
0 0.565625 0.4328125 0.05625 0.0328125
0 0.4328125 0.87890625 0.0609375 0.0515625
0 0.3109375 0.0515625 0.0515625 0.04375
0 0.52109375 0.63515625 0.05 0.053125
0 0.20703125 0.72734375 0.040625 0.05625
0 0.66015625 0.14921875 0.0453125 0.04375
0 0.09375 0.85 0.0515625 0.03125
0 0.34375 0.86484375 0.034375 0.053125
0 0.85703125 0.3875 0.0328125 0.05
0 0.1546875 0.79140625 0.040625 0.0546875
0 0.77421875 0.59140625 0.05 0.0390625
0 0.40078125 0.2546875 0.065625 0.04375
0 0.3640625 0.8359375 0.0703125 0.0265625
0 0.59453125 0.1515625 0.0625 0.0328125
0 0.4234375 0.58359375 0.0421875 0.0421875
0 0.75546875 0.65546875 0.0703125 0.0375
0 0.2125 0.46875 0.0421875 0.0625
0 0.628125 0.79609375 0.0625 0.0578125
0 0.36640625 0.05546875 0.0515625 0.0265625
0 0.2515625 0.68046875 0.0359375 0.0578125
0 0.73671875 0.459375 0.0328125 0.0484375
0 0.2046875 0.27265625 0.071875 0.059375
0 0.59375 0.77578125 0.0390625 0.059375
0 0.634375 0.9265625 0.046875 0.0546875
0 0.39453125 0.0796875 0.0625 0.028125
0 0.26171875 0.5796875 0.05 0.05625
0 0.8171875 0.68046875 0.0453125 0.0484375
0 0.15234375 0.5203125 0.0390625 0.053125
0 0.19296875 0.8703125 0.075 0.0390625
0 0.73125 0.95546875 0.04375 0.05
0 0.40078125 0.40703125 0.065625 0.0421875
0 0.56328125 0.86171875 0.075 0.0375
0 0.86953125 0.43125 0.0390625 0.04375
0 0.56015625 0.55546875 0.05 0.0265625
0 0.70234375 0.57890625 0.025 0.0421875
0 0.3421875 0.6953125 0.05625 0.0265625
0 0.3484375 0.26953125 0.0640625 0.0328125
0 0.86953125 0.5484375 0.0390625 0.0546875
0 0.38359375 0.4671875 0.075 0.0375
0 0.4515625 0.590625 0.0328125 0.040625
0 0.80625 0.7375 0.04375 0.05625
0 0.68046875 0.88359375 0.0578125 0.0515625
0 0.76875 0.934375 0.0421875 0.0546875
0 0.2328125 0.85546875 0.078125 0.034375
0 0.04921875 0.79140625 0.040625 0.0296875
0 0.05703125 0.825 0.0265625 0.034375
0 0.11015625 0.83515625 0.046875 0.0390625