0 0.73984375 0.72734375 0.0265625 0.0515625
0 0.7828125 0.746875 0.0453125 0.0375
0 0.6234375 0.70546875 0.05 0.0265625
0 0.340625 0.63046875 0.0421875 0.0453125
0 0.51328125 0.58125 0.0421875 0.0359375
0 0.75546875 0.86953125 0.025 0.0328125
0 0.8625 0.47421875 0.015625 0.034375
0 0.7953125 0.646875 0.0265625 0.04375
0 0.6484375 0.43828125 0.0390625 0.040625
0 0.69140625 0.7421875 0.04375 0.0140625
0 0.66484375 0.1890625 0.0421875 0.0359375
0 0.49140625 0.45 0.046875 0.0234375
0 0.7546875 0.8390625 0.046875 0.015625
0 0.1953125 0.475 0.04375 0.0390625
0 0.621875 0.2140625 0.0375 0.0265625
0 0.33671875 0.73203125 0.046875 0.04375
0 0.8796875 0.115625 0.0328125 0.0359375
0 0.7265625 0.36640625 0.0359375 0.03125
0 0.821875 0.45234375 0.0234375 0.034375
0 0.48125 0.121875 0.046875 0.03125
0 0.178125 0.040625 0.0265625 0.034375
0 0.40078125 0.5703125 0.0484375 0.01875
0 0.56484375 0.528125 0.0421875 0.040625
0 0.7734375 0.46796875 0.034375 0.021875
0 0.55 0.74375 0.040625 0.0453125
0 0.63203125 0.25234375 0.0484375 0.034375
0 0.30859375 0.44453125 0.0421875 0.0234375
0 0.30625 0.4859375 0.04375 0.03125
0 0.74609375 0.41484375 0.040625 0.0328125
0 0.6796875 0.53125 0.05625 0.0171875
0 0.33046875 0.5125 0.05 0.021875
0 0.69609375 0.5078125 0.0421875 0.0328125
0 0.534375 0.45859375 0.021875 0.0375
0 0.48203125 0.55 0.05 0.0140625
0 0.45625 0.7515625 0.0453125 0.0265625
0 0.59375 0.5859375 0.0203125 0.0390625
0 0.44453125 0.6671875 0.05625 0.0203125
0 0.41484375 0.6546875 0.059375 0.0296875
0 0.18515625 0.6078125 0.028125 0.05
0 0.303125 0.55703125 0.075 0.015625
0 0.3515625 0.56953125 0.0546875 0.025
0 0.653125 0.56171875 0.0640625 0.0296875
0 0.7171875 0.5796875 0.021875 0.0515625
0 0.7453125 0.59765625 0.0296875 0.053125
0 0.728125 0.5453125 0.059375 0.021875
0 0.68671875 0.4421875 0.0171875 0.05625
0 0.81796875 0.353125 0.025 0.053125
0 0.3484375 0.42265625 0.04375 0.0453125
0 0.35859375 0.5265625 0.046875 0.028125
0 0.54296875 0.1046875 0.078125 0.0234375