0 0.11953125 0.13125 0.028125 0.0375
0 0.309375 0.6890625 0.0359375 0.040625
0 0.434375 0.30078125 0.0296875 0.034375
0 0.38203125 0.7234375 0.04375 0.0359375
0 0.59921875 0.3796875 0.0296875 0.05
0 0.47265625 0.7734375 0.0328125 0.0375
0 0.61171875 0.771875 0.05 0.028125
0 0.24921875 0.70390625 0.03125 0.040625
0 0.55703125 0.76484375 0.0484375 0.0328125
0 0.48671875 0.4265625 0.0578125 0.0328125
0 0.71875 0.28125 0.0234375 0.0375
0 0.4234375 0.61015625 0.0484375 0.0390625
0 0.33828125 0.29375 0.0453125 0.034375
0 0.29453125 0.59921875 0.04375 0.04375
0 0.128125 0.184375 0.03125 0.0359375
0 0.7015625 0.540625 0.05 0.034375
0 0.29765625 0.3265625 0.0578125 0.0390625
0 0.74375 0.75859375 0.04375 0.040625
0 0.53359375 0.63671875 0.028125 0.04375
0 0.23125 0.13984375 0.046875 0.0390625
0 0.38828125 0.76171875 0.0515625 0.0296875
0 0.3 0.76875 0.034375 0.0484375
0 0.29921875 0.8 0.046875 0.0390625
0 0.58984375 0.5421875 0.03125 0.040625
0 0.6734375 0.64296875 0.04375 0.0578125
0 0.75390625 0.59765625 0.0546875 0.0359375
0 0.3890625 0.559375 0.0453125 0.025
0 0.36171875 0.45390625 0.053125 0.0421875
0 0.68359375 0.73671875 0.0484375 0.0421875
0 0.240625 0.4421875 0.034375 0.05
0 0.67265625 0.52421875 0.0390625 0.0421875
0 0.2546875 0.86484375 0.0578125 0.0203125
0 0.66796875 0.7921875 0.0453125 0.0359375
0 0.609375 0.675 0.0546875 0.0359375
0 0.665625 0.45390625 0.0234375 0.0375
0 0.28046875 0.41640625 0.0640625 0.03125
0 0.23046875 0.5875 0.0203125 0.05
0 0.19375 0.5953125 0.0515625 0.0234375
0 0.4796875 0.60078125 0.0265625 0.046875
0 0.24140625 0.884375 0.059375 0.0171875
0 0.26015625 0.8953125 0.03125 0.025
0 0.30234375 0.55078125 0.0734375 0.021875
0 0.4484375 0.5375 0.05625 0.0421875
0 0.5578125 0.5140625 0.0296875 0.05
0 0.375 0.38359375 0.075 0.0375
0 0.49296875 0.3734375 0.065625 0.040625
0 0.6828125 0.3578125 0.0328125 0.0484375
0 0.6109375 0.2359375 0.071875 0.025
0 0.7859375 0.17109375 0.0265625 0.0609375
0 0.35 0.71875 0.03125 0.065625