0 0.84140625 0.18515625 0.0484375 0.034375
0 0.45625 0.57734375 0.0484375 0.0203125
0 0.74609375 0.87265625 0.0484375 0.021875
0 0.24296875 0.87109375 0.053125 0.0234375
0 0.82890625 0.596875 0.0375 0.0421875
0 0.75078125 0.37265625 0.034375 0.040625
0 0.634375 0.88359375 0.0515625 0.025
0 0.24765625 0.31328125 0.0390625 0.0359375
0 0.26015625 0.34609375 0.05 0.03125
0 0.42109375 0.29765625 0.05 0.03125
0 0.5390625 0.45703125 0.0453125 0.028125
0 0.20390625 0.72890625 0.0484375 0.034375
0 0.4875 0.8109375 0.0578125 0.0515625
0 0.78203125 0.0625 0.05 0.015625
0 0.17734375 0.60859375 0.025 0.0390625
0 0.81875 0.06015625 0.053125 0.028125
0 0.55703125 0.0921875 0.0546875 0.025
0 0.36484375 0.1484375 0.05625 0.0171875
0 0.31796875 0.15625 0.0296875 0.03125
0 0.53515625 0.51328125 0.0546875 0.0171875
0 0.3578125 0.7875 0.046875 0.0375
0 0.31171875 0.1890625 0.053125 0.0265625
0 0.33828125 0.47734375 0.0515625 0.01875
0 0.8015625 0.51328125 0.0265625 0.0546875
0 0.3875 0.21328125 0.05625 0.0234375
0 0.69765625 0.25546875 0.0203125 0.0375
0 0.728125 0.78125 0.0328125 0.0359375
0 0.1296875 0.190625 0.0234375 0.0375
0 0.721875 0.05234375 0.046875 0.0328125
0 0.1375 0.25234375 0.0296875 0.0390625
0 0.15078125 0.13984375 0.0328125 0.0453125
0 0.8375 0.43671875 0.0234375 0.040625
0 0.16953125 0.51875 0.0203125 0.0453125
0 0.5703125 0.6453125 0.046875 0.0171875
0 0.825 0.10078125 0.059375 0.0265625
0 0.5265625 0.2046875 0.0203125 0.0203125
0 0.83828125 0.559375 0.0265625 0.015625
0 0.2375 0.67265625 0.05625 0.015625
0 0.50390625 0.13359375 0.0484375 0.025
0 0.303125 0.61953125 0.025 0.0125
0 0.81640625 0.1234375 0.071875 0.0140625