0 0.25859375 0.21328125 0.0453125 0.03828125
0 0.82109375 0.85390625 0.03515625 0.046875
0 0.384375 0.8375 0.0484375 0.0375
0 0.4890625 0.8546875 0.03984375 0.034375
0 0.36640625 0.39140625 0.0546875 0.04921875
0 0.70703125 0.384375 0.0515625 0.0578125
0 0.31875 0.7359375 0.05078125 0.04921875
0 0.4953125 0.89140625 0.04765625 0.034375
0 0.79453125 0.4171875 0.03359375 0.0421875
0 0.8296875 0.26796875 0.03125 0.0453125
0 0.66484375 0.23125 0.05859375 0.0328125
0 0.14296875 0.1 0.0375 0.0296875
0 0.13515625 0.209375 0.0265625 0.03515625
0 0.78203125 0.4859375 0.06484375 0.028125
0 0.1359375 0.89921875 0.0296875 0.05546875
0 0.571875 0.859375 0.053125 0.01796875
0 0.13203125 0.1390625 0.0296875 0.03203125
0 0.70390625 0.30703125 0.04453125 0.05390625
0 0.48984375 0.5078125 0.0234375 0.0515625
0 0.8296875 0.48671875 0.0265625 0.05390625
0 0.340625 0.91015625 0.06796875 0.0296875
0 0.26640625 0.9046875 0.0765625 0.02421875
0 0.14765625 0.590625 0.04609375 0.04765625
0 0.26171875 0.1546875 0.06953125 0.01953125
0 0.1609375 0.83203125 0.0421875 0.0484375
0 0.8296875 0.9234375 0.04296875 0.02890625
0 0.628125 0.65078125 0.06953125 0.0203125
0 0.86484375 0.88984375 0.0296875 0.04921875
0 0.5609375 0.6546875 0.0578125 0.04453125
0 0.271875 0.32109375 0.02734375 0.0484375
0 0.27890625 0.63125 0.04765625 0.03515625
0 0.18515625 0.3765625 0.0265625 0.046875
0 0.14921875 0.353125 0.0234375 0.05
0 0.78359375 0.37265625 0.03515625 0.05078125
0 0.3203125 0.84375 0.05625 0.03671875
0 0.18046875 0.6703125 0.03828125 0.0609375
0 0.1421875 0.1625 0.02421875 0.0328125
0 0.171875 0.1921875 0.05546875 0.02734375
0 0.43984375 0.21171875 0.03359375 0.04453125
0 0.2390625 0.1203125 0.0765625 0.0203125
0 0.18046875 0.10546875 0.03046875 0.03046875
0 0.10859375 0.09375 0.02890625 0.03671875
0 0.16796875 0.13046875 0.03671875 0.01640625
0 0.71875 0.12265625 0.06640625 0.034375
0 0.31875 0.52578125 0.0296875 0.04921875
0 0.72421875 0.8828125 0.07265625 0.02890625
0 0.4203125 0.9109375 0.06953125 0.028125
0 0.38828125 0.80546875 0.03046875 0.02265625
0 0.178125 0.88203125 0.03203125 0.05703125