0 0.428125 0.440625 0.0421875 0.040625
0 0.5734375 0.71171875 0.046875 0.040625
0 0.6640625 0.3125 0.0578125 0.040625
0 0.53515625 0.4171875 0.0421875 0.040625
0 0.65625 0.625 0.05 0.03125
0 0.640625 0.75546875 0.0375 0.04375
0 0.6703125 0.53203125 0.034375 0.040625
0 0.50390625 0.2328125 0.0515625 0.0390625
0 0.728125 0.56796875 0.0390625 0.0421875
0 0.82734375 0.1671875 0.0453125 0.034375
0 0.4578125 0.3359375 0.04375 0.028125
0 0.37109375 0.3375 0.0375 0.04375
0 0.69765625 0.91171875 0.0515625 0.0421875
0 0.809375 0.4359375 0.021875 0.0484375
0 0.3609375 0.3984375 0.0390625 0.04375
0 0.734375 0.44765625 0.0359375 0.0453125
0 0.809375 0.94296875 0.0359375 0.0390625
0 0.5984375 0.46328125 0.0515625 0.0390625
0 0.51015625 0.7609375 0.034375 0.0421875
0 0.42734375 0.4765625 0.0515625 0.03125
0 0.75390625 0.28359375 0.025 0.046875
0 0.78125 0.25546875 0.0265625 0.0359375
0 0.5265625 0.54296875 0.0328125 0.0390625
0 0.37265625 0.23984375 0.0421875 0.0390625
0 0.778125 0.575 0.053125 0.021875
0 0.62890625 0.4265625 0.0453125 0.04375
0 0.59453125 0.2625 0.0484375 0.0515625
0 0.48359375 0.54296875 0.0421875 0.0265625
0 0.53828125 0.3859375 0.05 0.0359375
0 0.62890625 0.4953125 0.046875 0.0265625
0 0.63515625 0.5765625 0.046875 0.04375
0 0.81484375 0.48671875 0.0453125 0.0390625
0 0.3484375 0.44921875 0.0484375 0.0421875
0 0.69921875 0.49921875 0.0546875 0.025
0 0.44453125 0.51875 0.046875 0.034375
0 0.47578125 0.321875 0.065625 0.0234375
0 0.81953125 0.20390625 0.0734375 0.025
0 0.77421875 0.34453125 0.0859375 0.0328125
0 0.76875 0.3171875 0.0765625 0.03125
0 0.76640625 0.3875 0.040625 0.05
0 0.33515625 0.51328125 0.0234375 0.0421875
0 0.34296875 0.4890625 0.0296875 0.04375
0 0.21640625 0.45078125 0.0359375 0.053125
0 0.1859375 0.54453125 0.0265625 0.05
0 0.2078125 0.5203125 0.0421875 0.0453125
0 0.73515625 0.61875 0.0390625 0.034375
0 0.790625 0.68984375 0.040625 0.0515625
0 0.66953125 0.715625 0.065625 0.028125
0 0.13125 0.8625 0.046875 0.05
0 0.8765625 0.4828125 0.065625 0.0296875