0 0.50546875 0.82578125 0.05546875 0.04921875
0 0.79140625 0.8203125 0.04140625 0.04609375
0 0.66171875 0.69453125 0.03828125 0.0453125
0 0.75234375 0.55234375 0.05234375 0.0453125
0 0.48828125 0.5453125 0.0375 0.02734375
0 0.546875 0.19609375 0.0484375 0.03046875
0 0.29765625 0.6359375 0.02421875 0.053125
0 0.45078125 0.41328125 0.02734375 0.03828125
0 0.809375 0.11796875 0.04453125 0.05078125
0 0.734375 0.40078125 0.01796875 0.053125
0 0.6734375 0.78828125 0.0390625 0.04921875
0 0.41640625 0.26796875 0.06015625 0.0296875
0 0.6046875 0.2390625 0.0265625 0.0515625
0 0.2640625 0.5609375 0.04765625 0.03125
0 0.4734375 0.1453125 0.025 0.0453125
0 0.5796875 0.78125 0.059375 0.0296875
0 0.31484375 0.2359375 0.03984375 0.02890625
0 0.73984375 0.3578125 0.03359375 0.0359375
0 0.70234375 0.6921875 0.0328125 0.05703125
0 0.42421875 0.4765625 0.05078125 0.028125
0 0.76875 0.328125 0.021875 0.0375
0 0.265625 0.21484375 0.01953125 0.0453125
0 0.65234375 0.2625 0.0578125 0.01875
0 0.44609375 0.228125 0.02578125 0.046875
0 0.31484375 0.29765625 0.06171875 0.021875
0 0.31484375 0.2703125 0.040625 0.0265625
0 0.53515625 0.37734375 0.04375 0.03359375
0 0.56640625 0.53203125 0.0296875 0.03671875
0 0.35859375 0.4078125 0.0265625 0.03828125
0 0.178125 0.3234375 0.02265625 0.04765625
0 0.79765625 0.41875 0.0265625 0.05234375
0 0.36484375 0.5203125 0.02734375 0.04609375
0 0.22578125 0.4265625 0.025 0.04765625
0 0.44140625 0.159375 0.03359375 0.0375
0 0.64609375 0.3640625 0.0703125 0.04375
0 0.71484375 0.7671875 0.0296875 0.05859375
0 0.4046875 0.70859375 0.0265625 0.05390625
0 0.728125 0.87890625 0.06484375 0.034375
0 0.68671875 0.51953125 0.06796875 0.021875
0 0.571875 0.46484375 0.0578125 0.02421875
0 0.53046875 0.453125 0.0234375 0.03984375
0 0.7546875 0.159375 0.01875 0.06171875
0 0.73671875 0.15234375 0.01953125 0.01640625
0 0.61484375 0.1546875 0.059375 0.01484375
0 0.56171875 0.15234375 0.0359375 0.025
0 0.3515625 0.31875 0.02265625 0.03359375
0 0.62265625 0.46796875 0.03984375 0.01953125
0 0.57265625 0.56328125 0.02734375 0.02109375
0 0.43828125 0.73125 0.028125 0.0484375