0 0.1 0.828125 0.059375 0.0453125
0 0.0703125 0.84140625 0.034375 0.05
0 0.221875 0.8546875 0.0578125 0.0390625
0 0.35390625 0.896875 0.0796875 0.05625
0 0.525 0.94296875 0.0625 0.034375
0 0.728125 0.9875 0.078125 0.025
0 0.2734375 0.81484375 0.0625 0.05625
0 0.3671875 0.82734375 0.06875 0.0390625
0 0.109375 0.73359375 0.0453125 0.0328125
0 0.10703125 0.7625 0.0640625 0.046875
0 0.06171875 0.675 0.05625 0.059375
0 0.16796875 0.65234375 0.0484375 0.0546875
0 0.5375 0.74140625 0.0734375 0.0421875
0 0.65546875 0.896875 0.0625 0.0375
0 0.5609375 0.9140625 0.0484375 0.0296875
0 0.59609375 0.93046875 0.034375 0.0203125
0 0.64140625 0.94453125 0.0375 0.025
0 0.703125 0.95390625 0.05 0.0359375
0 0.7125 0.925 0.0375 0.028125
0 0.76640625 0.925 0.0625 0.0375
0 0.7765625 0.8703125 0.040625 0.05
0 0.81328125 0.803125 0.03125 0.0359375
0 0.7671875 0.709375 0.05625 0.04375
0 0.809375 0.72421875 0.034375 0.0359375
0 0.8125 0.69140625 0.0328125 0.034375
0 0.67109375 0.49921875 0.046875 0.0296875
0 0.63515625 0.4765625 0.0484375 0.0328125
0 0.5546875 0.43984375 0.046875 0.0390625
0 0.12265625 0.49765625 0.05625 0.0453125
0 0.88515625 0.53125 0.04375 0.0578125
0 0.43046875 0.3328125 0.075 0.05
0 0.2125 0.31796875 0.0359375 0.053125
0 0.82890625 0.40703125 0.05625 0.0421875
0 0.86484375 0.39765625 0.0421875 0.034375
0 0.69765625 0.25625 0.0625 0.053125
0 0.60703125 0.259375 0.0625 0.0484375
0 0.5234375 0.23125 0.0734375 0.046875
0 0.55546875 0.190625 0.0546875 0.0453125
0 0.9140625 0.3078125 0.04375 0.05
0 0.86328125 0.2015625 0.0359375 0.053125
0 0.89453125 0.24375 0.0359375 0.0578125
0 0.75859375 0.1296875 0.08125 0.0390625
0 0.60625 0.0875 0.0859375 0.05
0 0.51875 0.059375 0.0703125 0.04375
0 0.51015625 0.0875 0.0375 0.03125
0 0.4828125 0.09453125 0.0515625 0.025
0 0.43984375 0.103125 0.05625 0.025
0 0.31015625 0.04609375 0.065625 0.0375
0 0.29296875 0.009375 0.0578125 0.01875