0 0.65390625 0.93046875 0.071875 0.0375
0 0.746875 0.86953125 0.05 0.05625
0 0.62265625 0.8265625 0.05 0.0515625
0 0.54921875 0.815625 0.0703125 0.0453125
0 0.528125 0.87890625 0.0609375 0.0515625
0 0.4671875 0.91640625 0.075 0.0484375
0 0.4046875 0.81796875 0.075 0.0484375
0 0.325 0.76484375 0.06875 0.0421875
0 0.259375 0.74140625 0.04375 0.0296875
0 0.20390625 0.7421875 0.0640625 0.04375
0 0.17734375 0.78515625 0.08125 0.0453125
0 0.1328125 0.740625 0.0453125 0.046875
0 0.19296875 0.69609375 0.065625 0.053125
0 0.11640625 0.63828125 0.0703125 0.05625
0 0.21640625 0.63203125 0.05625 0.059375
0 0.28671875 0.6265625 0.0640625 0.05625
0 0.3015625 0.68203125 0.0484375 0.05625
0 0.34765625 0.690625 0.0734375 0.0609375
0 0.4515625 0.70859375 0.0578125 0.0546875
0 0.4859375 0.68203125 0.0515625 0.0609375
0 0.54140625 0.7046875 0.0453125 0.05625
0 0.6140625 0.76953125 0.0765625 0.040625
0 0.6625 0.725 0.0375 0.0265625
0 0.65703125 0.7515625 0.03125 0.03125
0 0.61875 0.7125 0.0625 0.0453125
0 0.6234375 0.66796875 0.065625 0.0390625
0 0.715625 0.684375 0.0625 0.0578125
0 0.57890625 0.63984375 0.034375 0.0484375
0 0.52421875 0.64296875 0.0671875 0.04375
0 0.43984375 0.61875 0.065625 0.04375
0 0.26171875 0.5703125 0.059375 0.046875
0 0.1953125 0.52890625 0.040625 0.053125
0 0.32890625 0.54140625 0.0421875 0.034375
0 0.359375 0.55390625 0.040625 0.034375
0 0.44375 0.5578125 0.059375 0.0546875
0 0.5203125 0.5359375 0.075 0.0453125
0 0.665625 0.5828125 0.053125 0.065625
0 0.75 0.6421875 0.0625 0.053125
0 0.809375 0.63359375 0.0484375 0.053125
0 0.81640625 0.5703125 0.0828125 0.0453125
0 0.71171875 0.53125 0.05625 0.0546875
0 0.58359375 0.5015625 0.06875 0.0421875
0 0.49609375 0.4796875 0.0453125 0.05
0 0.4375 0.50625 0.071875 0.0390625
0 0.4234375 0.47265625 0.0578125 0.0453125
0 0.34375 0.4734375 0.0484375 0.0625
0 0.29375 0.45234375 0.0453125 0.0546875
0 0.25703125 0.4265625 0.0578125 0.0546875
0 0.20703125 0.45703125 0.0515625 0.0578125
0 0.3515625 0.40546875 0.06875 0.0375
0 0.40859375 0.41875 0.0546875 0.0359375
0 0.47734375 0.4140625 0.065625 0.0328125
0 0.51171875 0.43359375 0.028125 0.0265625
0 0.5609375 0.45390625 0.0703125 0.0390625
0 0.6265625 0.4609375 0.06875 0.0421875
0 0.71171875 0.4640625 0.0453125 0.0578125
0 0.78828125 0.5203125 0.059375 0.0515625
0 0.8265625 0.47734375 0.0421875 0.05
0 0.84453125 0.515625 0.040625 0.0484375
0 0.75703125 0.4265625 0.0546875 0.0546875
0 0.84140625 0.4265625 0.075 0.040625
0 0.71171875 0.4015625 0.0453125 0.05625
0 0.61640625 0.39609375 0.0375 0.03125
0 0.64765625 0.39609375 0.03125 0.025
0 0.58046875 0.39296875 0.0515625 0.0546875
0 0.4125 0.340625 0.03125 0.0234375
0 0.26640625 0.35390625 0.059375 0.046875
0 0.3171875 0.31875 0.0625 0.0390625
0 0.2703125 0.30390625 0.05 0.0578125
0 0.23515625 0.25234375 0.0609375 0.0671875
0 0.31484375 0.2609375 0.0453125 0.0484375
0 0.39375 0.27421875 0.0609375 0.0578125
0 0.44296875 0.28984375 0.0484375 0.053125
0 0.45078125 0.234375 0.04375 0.0515625
0 0.6046875 0.29609375 0.0625 0.0484375
0 0.68046875 0.32421875 0.0734375 0.0421875
0 0.759375 0.3578125 0.046875 0.0609375
0 0.8484375 0.35625 0.06875 0.05
0 0.87421875 0.3125 0.065625 0.065625
0 0.73984375 0.296875 0.0546875 0.053125
0 0.665625 0.26953125 0.0578125 0.05625
0 0.5953125 0.2296875 0.0546875 0.0484375
0 0.515625 0.19296875 0.065625 0.0609375
0 0.365625 0.175 0.03125 0.03125
0 0.37421875 0.19609375 0.028125 0.0203125
0 0.31796875 0.16796875 0.0515625 0.0609375
0 0.384375 0.15390625 0.0390625 0.034375
0 0.42890625 0.13515625 0.059375 0.0546875
0 0.4859375 0.0984375 0.0765625 0.0484375
0 0.6046875 0.1484375 0.0484375 0.0546875
0 0.690625 0.20625 0.059375 0.0453125
0 0.73203125 0.1921875 0.04375 0.0515625
0 0.74375 0.2453125 0.059375 0.0609375
0 0.80703125 0.2203125 0.0609375 0.0484375
0 0.8546875 0.24921875 0.0578125 0.05
0 0.8828125 0.21796875 0.04375 0.0453125
0 0.7890625 0.18984375 0.0734375 0.034375
0 0.65546875 0.15625 0.028125 0.021875
0 0.67734375 0.165625 0.028125 0.01875