0 0.7046875 0.2359375 0.02890625 0.040625
0 0.81875 0.2078125 0.0359375 0.0390625
0 0.82734375 0.76171875 0.0390625 0.04140625
0 0.78828125 0.41953125 0.0390625 0.040625
0 0.8 0.54765625 0.03984375 0.0375
0 0.6265625 0.134375 0.04765625 0.03828125
0 0.29140625 0.20078125 0.04921875 0.0296875
0 0.3546875 0.48671875 0.025 0.0375
0 0.52734375 0.278125 0.05703125 0.021875
0 0.67578125 0.31953125 0.05703125 0.03046875
0 0.35234375 0.4203125 0.04375 0.0296875
0 0.2640625 0.24296875 0.046875 0.0359375
0 0.7265625 0.29921875 0.03828125 0.02109375
0 0.25703125 0.32109375 0.034375 0.0453125
0 0.4109375 0.8390625 0.0578125 0.03359375
0 0.29296875 0.64375 0.0515625 0.02734375
0 0.653125 0.425 0.03671875 0.03984375
0 0.409375 0.8921875 0.05 0.03125
0 0.60390625 0.32421875 0.0265625 0.034375
0 0.33359375 0.33125 0.04453125 0.03125
0 0.7203125 0.54140625 0.03984375 0.034375
0 0.29921875 0.503125 0.03203125 0.04140625
0 0.56875 0.72265625 0.0421875 0.03203125
0 0.58671875 0.51953125 0.04921875 0.0171875
0 0.53671875 0.16796875 0.05078125 0.015625
0 0.26875 0.1546875 0.04921875 0.0234375
0 0.40546875 0.27265625 0.05078125 0.0328125
0 0.36015625 0.2546875 0.01796875 0.0421875
0 0.69765625 0.7515625 0.03046875 0.03671875
0 0.7421875 0.33828125 0.03515625 0.03046875
0 0.79296875 0.12734375 0.03984375 0.034375
0 0.6671875 0.85546875 0.03046875 0.04765625
0 0.83046875 0.596875 0.0234375 0.040625
0 0.6953125 0.64453125 0.025 0.04375
0 0.3921875 0.66171875 0.03984375 0.034375
0 0.6296875 0.56328125 0.034375 0.03671875
0 0.41796875 0.715625 0.05078125 0.02890625
0 0.3078125 0.81953125 0.05 0.04140625
0 0.29375 0.3796875 0.04296875 0.03203125
0 0.66484375 0.80234375 0.0390625 0.0296875
0 0.7296875 0.69296875 0.02265625 0.05
0 0.50625 0.79765625 0.0375 0.0453125
0 0.34765625 0.5953125 0.05078125 0.01796875
0 0.5265625 0.584375 0.0453125 0.02734375
0 0.82109375 0.8609375 0.0296875 0.04453125
0 0.40625 0.2015625 0.065625 0.0140625
0 0.56328125 0.61875 0.028125 0.02734375
0 0.36328125 0.815625 0.0265625 0.0421875
0 0.6703125 0.196875 0.05 0.01640625
0 0.48828125 0.5359375 0.046875 0.0234375
0 0.22265625 0.196875 0.03515625 0.04453125
0 0.15703125 0.2859375 0.04609375 0.040625
0 0.57421875 0.465625 0.05625 0.01796875
0 0.37890625 0.63671875 0.05390625 0.0234375
0 0.30546875 0.7875 0.01875 0.0265625
0 0.32109375 0.77578125 0.03046875 0.01796875
0 0.840625 0.51015625 0.05546875 0.021875
0 0.47421875 0.37890625 0.0453125 0.0328125
0 0.3984375 0.75703125 0.0234375 0.04296875
0 0.265625 0.684375 0.03671875 0.03984375
0 0.62734375 0.63515625 0.02265625 0.02578125
0 0.78671875 0.30390625 0.046875 0.01875
0 0.7453125 0.84140625 0.05 0.0484375
0 0.55859375 0.565625 0.03359375 0.03515625
0 0.21484375 0.4765625 0.0296875 0.0421875
0 0.63046875 0.7171875 0.0203125 0.0296875
0 0.64609375 0.7125 0.0375 0.021875
0 0.31796875 0.71796875 0.0609375 0.0328125
0 0.31171875 0.578125 0.05 0.01640625
0 0.5390625 0.328125 0.01953125 0.04375
0 0.503125 0.73203125 0.0265625 0.04375
0 0.7625 0.76875 0.053125 0.01640625
0 0.7421875 0.6296875 0.0140625 0.03828125
0 0.253125 0.784375 0.02578125 0.04375
0 0.19609375 0.68515625 0.028125 0.034375
0 0.70859375 0.86328125 0.03828125 0.01953125
0 0.5734375 0.0890625 0.0609375 0.01875
0 0.33046875 0.21015625 0.03671875 0.02265625
0 0.85078125 0.56171875 0.0234375 0.040625
0 0.846875 0.44296875 0.0296875 0.03984375
0 0.7953125 0.6484375 0.046875 0.0171875
0 0.4171875 0.55625 0.05859375 0.02265625
0 0.36796875 0.5515625 0.0578125 0.01796875
0 0.4671875 0.43359375 0.025 0.040625
0 0.271875 0.56171875 0.01640625 0.0515625
0 0.584375 0.875 0.02890625 0.01953125
0 0.39140625 0.41171875 0.0296875 0.01640625
0 0.225 0.41796875 0.0265625 0.0359375
0 0.56953125 0.3640625 0.0671875 0.0140625
0 0.6859375 0.3703125 0.0625 0.02734375
0 0.7953125 0.365625 0.06328125 0.01640625
0 0.68671875 0.45390625 0.02109375 0.04375
0 0.49765625 0.4671875 0.0609375 0.02109375
0 0.503125 0.55703125 0.01875 0.015625
0 0.56171875 0.59765625 0.034375 0.01171875
0 0.59609375 0.62890625 0.03046875 0.01640625
0 0.6921875 0.79453125 0.0171875 0.0421875
0 0.8140625 0.8296875 0.0546875 0.02734375
0 0.621875 0.8671875 0.046875 0.01796875