0 0.68515625 0.77890625 0.053125 0.0484375
0 0.615625 0.6609375 0.0609375 0.0453125
0 0.596875 0.22109375 0.04375 0.040625
0 0.1296875 0.7921875 0.0484375 0.04375
0 0.409375 0.37578125 0.05 0.0453125
0 0.65 0.6015625 0.034375 0.0375
0 0.51640625 0.8046875 0.0625 0.034375
0 0.7890625 0.2265625 0.0359375 0.046875
0 0.60546875 0.9140625 0.04375 0.05
0 0.55234375 0.40859375 0.0453125 0.0484375
0 0.63671875 0.19375 0.05 0.0328125
0 0.40859375 0.5578125 0.05625 0.04375
0 0.25390625 0.53984375 0.034375 0.0453125
0 0.66328125 0.384375 0.0609375 0.040625
0 0.415625 0.14921875 0.0453125 0.046875
0 0.7390625 0.1859375 0.0625 0.0390625
0 0.78046875 0.7859375 0.0328125 0.0484375
0 0.603125 0.521875 0.0390625 0.053125
0 0.615625 0.73984375 0.0390625 0.05
0 0.14453125 0.74921875 0.046875 0.04375
0 0.55703125 0.3015625 0.053125 0.0484375
0 0.2796875 0.571875 0.0375 0.05
0 0.3359375 0.7453125 0.0421875 0.0484375
0 0.3828125 0.71015625 0.046875 0.0390625
0 0.4375 0.1875 0.0359375 0.046875
0 0.2609375 0.6625 0.0375 0.04375
0 0.23515625 0.77734375 0.0515625 0.0453125
0 0.33828125 0.62265625 0.0453125 0.0453125
0 0.225 0.50546875 0.0609375 0.0390625
0 0.725 0.91171875 0.0375 0.05625
0 0.16015625 0.55 0.0578125 0.0359375
0 0.265625 0.37265625 0.0421875 0.0453125
0 0.28671875 0.18984375 0.0359375 0.053125
0 0.27421875 0.25625 0.0390625 0.053125
0 0.83046875 0.37265625 0.046875 0.04375
0 0.3421875 0.6984375 0.046875 0.0390625
0 0.36484375 0.2328125 0.0484375 0.0546875
0 0.74140625 0.63828125 0.0375 0.0515625
0 0.728125 0.39609375 0.03125 0.046875
0 0.53203125 0.60234375 0.0421875 0.040625
0 0.246875 0.6171875 0.040625 0.0453125
0 0.62265625 0.56484375 0.0609375 0.0359375
0 0.7078125 0.65390625 0.034375 0.0515625
0 0.45703125 0.490625 0.03125 0.05
0 0.421875 0.29296875 0.0328125 0.053125
0 0.31953125 0.1015625 0.053125 0.0375
0 0.728125 0.51875 0.0359375 0.053125
0 0.46796875 0.653125 0.0375 0.028125
0 0.665625 0.33828125 0.040625 0.0453125
0 0.7015625 0.31953125 0.0359375 0.0515625
0 0.5296875 0.4953125 0.05625 0.0375
0 0.37109375 0.171875 0.0359375 0.05625
0 0.2046875 0.60234375 0.034375 0.053125
0 0.4171875 0.8953125 0.0625 0.0453125
0 0.90546875 0.1609375 0.040625 0.05
0 0.63671875 0.2578125 0.0578125 0.034375
0 0.83515625 0.15234375 0.053125 0.034375
0 0.65234375 0.41953125 0.053125 0.034375
0 0.44296875 0.34296875 0.0359375 0.04375
0 0.190625 0.178125 0.0359375 0.0515625
0 0.6234375 0.84453125 0.0453125 0.05
0 0.06640625 0.8421875 0.0375 0.0484375
0 0.125 0.584375 0.0375 0.05
0 0.13828125 0.70390625 0.078125 0.0359375
0 0.5625 0.79375 0.0671875 0.0296875
0 0.746875 0.3375 0.0328125 0.0453125
0 0.31953125 0.2046875 0.0328125 0.046875
0 0.68828125 0.51328125 0.0578125 0.028125
0 0.61015625 0.41484375 0.0359375 0.0265625
0 0.09453125 0.76640625 0.0453125 0.04375
0 0.13671875 0.4984375 0.0359375 0.053125
0 0.3796875 0.45625 0.046875 0.028125
0 0.35390625 0.56484375 0.0375 0.053125
0 0.36171875 0.4046875 0.071875 0.0359375
0 0.490625 0.5984375 0.046875 0.0359375
0 0.20546875 0.228125 0.0390625 0.053125
0 0.221875 0.13203125 0.03125 0.046875
0 0.259375 0.11640625 0.0359375 0.053125
0 0.8859375 0.271875 0.034375 0.046875
0 0.77421875 0.553125 0.0546875 0.0328125
0 0.83203125 0.43515625 0.0390625 0.053125
0 0.69765625 0.596875 0.0546875 0.034375
0 0.2890625 0.1375 0.034375 0.0484375
0 0.61796875 0.3296875 0.059375 0.0375
0 0.68671875 0.22265625 0.075 0.0328125
0 0.76328125 0.16015625 0.0640625 0.0359375
0 0.70078125 0.44375 0.059375 0.0390625
0 0.6015625 0.45078125 0.03125 0.053125
0 0.76796875 0.38828125 0.05 0.0296875
0 0.23828125 0.196875 0.0421875 0.053125
0 0.29765625 0.415625 0.05625 0.04375
0 0.4328125 0.684375 0.0359375 0.0421875
0 0.18125 0.7390625 0.0328125 0.0484375
0 0.4234375 0.6453125 0.05 0.0296875
0 0.55703125 0.640625 0.059375 0.0359375
0 0.54140625 0.4671875 0.0375 0.034375
0 0.8625 0.1828125 0.025 0.0421875
0 0.88515625 0.19765625 0.0359375 0.0421875