0 0.50546875 0.28046875 0.0390625 0.0375
0 0.62109375 0.1328125 0.04375 0.0328125
0 0.83046875 0.484375 0.05078125 0.0203125
0 0.6359375 0.61796875 0.0421875 0.03515625
0 0.30390625 0.3578125 0.03515625 0.03671875
0 0.7703125 0.5078125 0.0203125 0.04453125
0 0.7875 0.11796875 0.0359375 0.03828125
0 0.478125 0.92734375 0.03984375 0.0421875
0 0.63203125 0.25859375 0.0421875 0.03828125
0 0.21015625 0.1515625 0.04609375 0.01796875
0 0.7703125 0.23046875 0.040625 0.0203125
0 0.165625 0.3828125 0.04375 0.02421875
0 0.73671875 0.28984375 0.021875 0.04765625
0 0.2703125 0.67578125 0.05390625 0.03984375
0 0.57578125 0.64296875 0.02890625 0.02421875
0 0.60234375 0.6375 0.03125 0.03984375
0 0.20546875 0.5109375 0.02109375 0.0296875
0 0.67265625 0.25078125 0.040625 0.03359375
0 0.63515625 0.38046875 0.02109375 0.040625
0 0.33203125 0.2796875 0.06015625 0.0265625
0 0.40546875 0.26640625 0.040625 0.01953125
0 0.41953125 0.67734375 0.03984375 0.02890625
0 0.3328125 0.61171875 0.02421875 0.03671875
0 0.3015625 0.80703125 0.0265625 0.0453125
0 0.42109375 0.52734375 0.040625 0.0375
0 0.8328125 0.74296875 0.03984375 0.03203125
0 0.70234375 0.30859375 0.021875 0.03671875
0 0.41171875 0.3625 0.01953125 0.03671875
0 0.5671875 0.47265625 0.04921875 0.03828125
0 0.38515625 0.53203125 0.0265625 0.03984375
0 0.59453125 0.68203125 0.04375 0.0375
0 0.3484375 0.88203125 0.040625 0.04296875
0 0.39140625 0.1484375 0.02421875 0.0515625
0 0.803125 0.6765625 0.021875 0.01953125
0 0.234375 0.54765625 0.02265625 0.03515625
0 0.45 0.65625 0.02734375 0.025
0 0.478125 0.63125 0.04921875 0.01796875
0 0.6953125 0.615625 0.028125 0.04765625
0 0.85703125 0.80546875 0.02109375 0.03828125
0 0.4765625 0.5359375 0.0359375 0.03515625
0 0.29296875 0.5875 0.0234375 0.0421875
0 0.2203125 0.3 0.05625 0.0171875
0 0.7703125 0.3 0.025 0.04375
0 0.215625 0.6359375 0.0421875 0.03828125
0 0.4765625 0.50234375 0.01796875 0.01875
0 0.49921875 0.4796875 0.0484375 0.0203125
0 0.52578125 0.78984375 0.028125 0.04140625
0 0.43203125 0.17578125 0.034375 0.02734375
0 0.83046875 0.4421875 0.02109375 0.05234375
0 0.425 0.5890625 0.0296875 0.0390625
0 0.1828125 0.534375 0.03984375 0.0171875
0 0.7109375 0.3640625 0.0265625 0.02890625
0 0.65859375 0.33203125 0.05703125 0.00859375
0 0.1578125 0.49140625 0.040625 0.03359375
0 0.58046875 0.525 0.0296875 0.0359375
0 0.7015625 0.4015625 0.01796875 0.0359375
0 0.38671875 0.83046875 0.0265625 0.03984375
0 0.67265625 0.659375 0.02890625 0.040625
0 0.74140625 0.4296875 0.0234375 0.03359375
0 0.5578125 0.24140625 0.02734375 0.0359375
0 0.25390625 0.27734375 0.03828125 0.034375
0 0.83515625 0.38046875 0.01953125 0.03515625
0 0.1328125 0.44453125 0.01953125 0.04375
0 0.3875 0.62265625 0.05 0.03515625
0 0.3046875 0.421875 0.025 0.0390625
0 0.83359375 0.57734375 0.01875 0.0421875
0 0.725 0.703125 0.02578125 0.04140625
0 0.346875 0.41484375 0.0171875 0.0421875
0 0.32109375 0.15 0.03359375 0.02578125
0 0.6 0.5453125 0.0296875 0.053125
0 0.31953125 0.71875 0.02734375 0.05
0 0.7890625 0.3453125 0.021875 0.0390625
0 0.2421875 0.24609375 0.01953125 0.025
0 0.259375 0.23046875 0.021875 0.03828125
0 0.36640625 0.228125 0.0609375 0.02265625
0 0.53671875 0.48125 0.0234375 0.03984375
0 0.42890625 0.24453125 0.05 0.015625
0 0.559375 0.36953125 0.040625 0.01484375
0 0.4984375 0.21640625 0.059375 0.0171875
0 0.634375 0.4578125 0.02421875 0.04296875
0 0.40859375 0.89453125 0.05625 0.01640625
0 0.81640625 0.628125 0.02578125 0.04609375
0 0.47421875 0.684375 0.02578125 0.046875
0 0.59453125 0.30859375 0.01796875 0.05859375
0 0.359375 0.30703125 0.053125 0.02578125
0 0.75234375 0.58984375 0.040625 0.02890625
0 0.18203125 0.71875 0.03203125 0.04921875
0 0.44296875 0.41640625 0.02734375 0.04375
0 0.51796875 0.25546875 0.05703125 0.0171875
0 0.2328125 0.13828125 0.03515625 0.025
0 0.31640625 0.18203125 0.0578125 0.009375
0 0.44375 0.2234375 0.01796875 0.0265625
0 0.4109375 0.2875 0.03984375 0.0203125
0 0.18828125 0.30390625 0.0203125 0.0421875
0 0.16640625 0.35859375 0.025 0.02421875
0 0.56875 0.38515625 0.0203125 0.01640625
0 0.671875 0.3203125 0.034375 0.0140625
0 0.27890625 0.48984375 0.02734375 0.04453125
0 0.1625 0.54609375 0.05625 0.0125
0 0.1671875 0.8875 0.02265625 0.04765625