0 0.353125 0.2640625 0.04765625 0.0265625
0 0.796875 0.73046875 0.04765625 0.046875
0 0.7234375 0.32109375 0.0359375 0.0484375
0 0.25078125 0.340625 0.046875 0.03046875
0 0.22421875 0.309375 0.046875 0.02890625
0 0.64921875 0.20234375 0.02734375 0.03828125
0 0.71640625 0.2703125 0.03515625 0.0296875
0 0.42109375 0.31796875 0.03984375 0.04296875
0 0.1609375 0.26484375 0.046875 0.03359375
0 0.21171875 0.3640625 0.0484375 0.02109375
0 0.340625 0.3578125 0.05625 0.03828125
0 0.38125 0.2328125 0.034375 0.02578125
0 0.80078125 0.42734375 0.04296875 0.03828125
0 0.60859375 0.571875 0.025 0.0390625
0 0.6703125 0.44453125 0.025 0.04921875
0 0.82265625 0.375 0.0265625 0.04296875
0 0.63125 0.25859375 0.04296875 0.03828125
0 0.425 0.13515625 0.05625 0.03046875
0 0.59375 0.2125 0.053125 0.03203125
0 0.61484375 0.6984375 0.04765625 0.03828125
0 0.83203125 0.21171875 0.02578125 0.0546875
0 0.49765625 0.58671875 0.04375 0.034375
0 0.44375 0.54296875 0.03203125 0.021875
0 0.57421875 0.7390625 0.04375 0.02734375
0 0.27109375 0.4234375 0.0265625 0.03828125
0 0.546875 0.57265625 0.0296875 0.03828125
0 0.725 0.69296875 0.05078125 0.03203125
0 0.18671875 0.1671875 0.06796875 0.01640625
0 0.64609375 0.5140625 0.02421875 0.04140625
0 0.6625 0.34453125 0.03203125 0.040625
0 0.365625 0.20859375 0.0515625 0.025
0 0.39921875 0.4234375 0.0390625 0.04140625
0 0.8515625 0.646875 0.0296875 0.02734375
0 0.39140625 0.63984375 0.02734375 0.0453125
0 0.65859375 0.38515625 0.04921875 0.0265625
0 0.51796875 0.4703125 0.04296875 0.03125
0 0.77890625 0.6828125 0.0453125 0.04296875
0 0.57265625 0.61953125 0.01796875 0.03359375
0 0.4421875 0.60703125 0.025 0.04921875
0 0.246875 0.725 0.053125 0.0390625
0 0.40234375 0.47421875 0.028125 0.04765625
0 0.53125 0.1953125 0.0328125 0.03515625
0 0.340625 0.53046875 0.0265625 0.03984375
0 0.80390625 0.2640625 0.021875 0.04453125
0 0.69921875 0.50546875 0.025 0.04609375
0 0.55625 0.2921875 0.03671875 0.028125
0 0.6515625 0.47890625 0.034375 0.02421875
0 0.85546875 0.4609375 0.02265625 0.04453125
0 0.48515625 0.1890625 0.0359375 0.0265625
0 0.41015625 0.27265625 0.02109375 0.03828125
0 0.5234375 0.134375 0.0578125 0.01796875
0 0.546875 0.53125 0.03203125 0.0421875
0 0.81015625 0.60390625 0.04921875 0.021875
0 0.21796875 0.253125 0.02890625 0.03828125
0 0.2203125 0.23125 0.04140625 0.0203125
0 0.24296875 0.5078125 0.025 0.04375
0 0.1609375 0.2015625 0.06875 0.0140625
0 0.453125 0.33984375 0.0203125 0.0359375
0 0.80546875 0.49375 0.02734375 0.0453125
0 0.4640625 0.2875 0.021875 0.0359375
0 0.51953125 0.65546875 0.0484375 0.03203125
0 0.35703125 0.47265625 0.0484375 0.0234375
0 0.67265625 0.77578125 0.0265625 0.05078125
0 0.68125 0.26015625 0.0296875 0.034375
0 0.35078125 0.58203125 0.0546875 0.0171875
0 0.3015625 0.24140625 0.0203125 0.05625
0 0.29453125 0.4890625 0.0609375 0.01953125
0 0.740625 0.56484375 0.0265625 0.0546875
0 0.4078125 0.565625 0.02578125 0.04453125
0 0.46640625 0.48671875 0.01796875 0.04453125
0 0.8390625 0.58125 0.02421875 0.03515625
0 0.86875 0.5828125 0.02421875 0.04296875
0 0.321875 0.7328125 0.04921875 0.02265625
0 0.7140625 0.728125 0.0421875 0.03359375
0 0.84140625 0.53828125 0.03125 0.040625
0 0.65234375 0.7375 0.02890625 0.0390625
0 0.65625 0.575 0.02734375 0.05
0 0.63203125 0.625 0.04375 0.01171875
0 0.27421875 0.24921875 0.0234375 0.05390625
0 0.56640625 0.34921875 0.0234375 0.04296875
0 0.15703125 0.54140625 0.02578125 0.03984375
0 0.7734375 0.559375 0.02890625 0.0453125
0 0.57265625 0.1609375 0.05703125 0.0203125
0 0.7515625 0.21640625 0.02421875 0.02734375
0 0.78203125 0.1875 0.04609375 0.02734375
0 0.1953125 0.21875 0.0578125 0.01171875
0 0.34140625 0.309375 0.0328125 0.04140625
0 0.46953125 0.3875 0.0203125 0.04296875
0 0.53046875 0.375 0.05390625 0.02734375
0 0.7546875 0.3265625 0.02578125 0.046875
0 0.50546875 0.5203125 0.05703125 0.02109375
0 0.34453125 0.55859375 0.0265625 0.02421875
0 0.46328125 0.625 0.02421875 0.05390625
0 0.5875 0.6453125 0.02265625 0.0421875
0 0.65546875 0.64296875 0.02890625 0.03515625
0 0.8609375 0.621875 0.02421875 0.028125
0 0.475 0.7828125 0.02578125 0.05390625