0 0.32421875 0.09375 0.04296875 0.02265625
0 0.384375 0.0953125 0.06953125 0.01875
0 0.1859375 0.125 0.078125 0.034375
0 0.2828125 0.15078125 0.0703125 0.02109375
0 0.58203125 0.10234375 0.05703125 0.05
0 0.2703125 0.18515625 0.0515625 0.04375
0 0.20234375 0.2046875 0.03359375 0.0625
0 0.2703125 0.22890625 0.03828125 0.028125
0 0.315625 0.2375 0.03671875 0.03046875
0 0.36015625 0.2125 0.03515625 0.04609375
0 0.41875 0.20859375 0.05234375 0.021875
0 0.46875 0.228125 0.03828125 0.05078125
0 0.43671875 0.259375 0.025 0.0234375
0 0.4625 0.26875 0.028125 0.02109375
0 0.64921875 0.1203125 0.03359375 0.053125
0 0.71796875 0.10078125 0.06875 0.03125
0 0.88984375 0.08359375 0.03203125 0.046875
0 0.8609375 0.1125 0.03515625 0.04140625
0 0.81328125 0.1265625 0.02734375 0.0140625
0 0.896875 0.1671875 0.0359375 0.04375
0 0.86796875 0.19765625 0.06875 0.0234375
0 0.8015625 0.18203125 0.06328125 0.021875
0 0.76328125 0.171875 0.01953125 0.04453125
0 0.69453125 0.19296875 0.03359375 0.05703125
0 0.6359375 0.21328125 0.028125 0.05078125
0 0.87890625 0.23828125 0.0296875 0.0421875
0 0.8796875 0.278125 0.03046875 0.03203125
0 0.8484375 0.26875 0.021875 0.02265625
0 0.77734375 0.2765625 0.05234375 0.04296875
0 0.7765625 0.31484375 0.0609375 0.03203125
0 0.659375 0.2828125 0.07265625 0.01640625
0 0.6875 0.3015625 0.04765625 0.02578125
0 0.63984375 0.31484375 0.046875 0.02890625
0 0.59453125 0.30625 0.046875 0.04921875
0 0.5046875 0.31875 0.06015625 0.046875
0 0.52890625 0.3578125 0.0703125 0.0390625
0 0.60625 0.36171875 0.06328125 0.02890625
0 0.3171875 0.359375 0.040625 0.0578125
0 0.40078125 0.403125 0.01875 0.0515625
0 0.41640625 0.384375 0.015625 0.01875
0 0.5109375 0.4015625 0.0328125 0.0515625
0 0.671875 0.3828125 0.07421875 0.03046875
0 0.74921875 0.38359375 0.05078125 0.04375
0 0.81953125 0.3484375 0.053125 0.04296875
0 0.871875 0.340625 0.02890625 0.0578125
0 0.653125 0.43046875 0.0453125 0.05078125
0 0.77109375 0.44765625 0.0421875 0.06171875
0 0.8234375 0.46015625 0.03515625 0.03984375
0 0.80546875 0.49140625 0.03984375 0.03046875
0 0.67109375 0.48671875 0.06953125 0.03046875
0 0.6625 0.5234375 0.04765625 0.05078125
0 0.6078125 0.54140625 0.03203125 0.0421875
0 0.51171875 0.4796875 0.04140625 0.0609375
0 0.41484375 0.515625 0.06484375 0.04296875
0 0.24453125 0.50078125 0.04296875 0.0640625
0 0.2015625 0.57890625 0.0375 0.06328125
0 0.334375 0.59296875 0.04453125 0.05
0 0.42421875 0.578125 0.059375 0.0578125
0 0.496875 0.578125 0.04296875 0.05703125
0 0.57109375 0.56171875 0.05546875 0.02578125
0 0.415625 0.6203125 0.0765625 0.02734375
0 0.63828125 0.6125 0.0296875 0.040625
0 0.66328125 0.5703125 0.03359375 0.0453125
0 0.68125 0.61875 0.04609375 0.05234375
0 0.765625 0.56640625 0.04765625 0.0265625
0 0.79140625 0.55 0.03046875 0.0234375
0 0.83359375 0.59609375 0.0640625 0.034375
0 0.8640625 0.64296875 0.02734375 0.05
0 0.81484375 0.634375 0.0328125 0.0390625
0 0.8328125 0.67578125 0.0328125 0.05
0 0.784375 0.62421875 0.0234375 0.05078125
0 0.7640625 0.66015625 0.0328125 0.053125
0 0.65390625 0.65234375 0.07265625 0.021875
0 0.615625 0.68984375 0.03671875 0.05078125
0 0.75703125 0.725 0.06328125 0.0484375
0 0.53671875 0.71875 0.05234375 0.05546875
0 0.45625 0.7359375 0.053125 0.034375
0 0.46953125 0.7640625 0.071875 0.02890625
0 0.4078125 0.73046875 0.05703125 0.0609375
0 0.31875 0.69375 0.06796875 0.0328125
0 0.36328125 0.78203125 0.04140625 0.05
0 0.3046875 0.7609375 0.04453125 0.0625
0 0.23515625 0.8453125 0.05625 0.0328125
0 0.334375 0.8765625 0.07109375 0.03984375
0 0.5234375 0.81796875 0.05546875 0.0421875
0 0.55078125 0.86875 0.06953125 0.04375
0 0.6234375 0.92109375 0.08359375 0.03046875
0 0.61796875 0.80390625 0.03203125 0.02421875
0 0.6609375 0.803125 0.03671875 0.01875
0 0.728125 0.796875 0.0734375 0.03203125
0 0.7625 0.828125 0.0765625 0.0328125
0 0.81640625 0.8109375 0.0390625 0.06328125
0 0.8546875 0.85078125 0.03203125 0.0484375
0 0.884375 0.8328125 0.02734375 0.05703125
0 0.84921875 0.890625 0.0515625 0.0359375
0 0.7671875 0.86875 0.025 0.02421875
0 0.77890625 0.90390625 0.02734375 0.0421875
0 0.7234375 0.87890625 0.06953125 0.04609375
0 0.2046875 0.2828125 0.03515625 0.05859375
0 0.81484375 0.1140625 0.01875 0.01328125