0 0.609375 0.096875 0.0484375 0.0546875
0 0.7171875 0.18671875 0.065625 0.034375
0 0.6578125 0.23359375 0.053125 0.0453125
0 0.5953125 0.2609375 0.0390625 0.046875
0 0.6265625 0.3 0.0609375 0.028125
0 0.70078125 0.325 0.078125 0.025
0 0.684375 0.303125 0.0609375 0.025
0 0.66171875 0.37734375 0.0421875 0.05
0 0.59609375 0.340625 0.0328125 0.0546875
0 0.55234375 0.32890625 0.0421875 0.05
0 0.4953125 0.32109375 0.03125 0.05625
0 0.45390625 0.36171875 0.0640625 0.0359375
0 0.396875 0.375 0.05 0.034375
0 0.40625 0.33828125 0.0265625 0.040625
0 0.3 0.33359375 0.0671875 0.0484375
0 0.29296875 0.3859375 0.040625 0.04375
0 0.215625 0.35546875 0.065625 0.040625
0 0.1375 0.40234375 0.0421875 0.0625
0 0.19140625 0.4171875 0.06875 0.03125
0 0.2984375 0.41796875 0.0421875 0.0171875
0 0.353125 0.4140625 0.0421875 0.0265625
0 0.4046875 0.4296875 0.04375 0.025
0 0.440625 0.45390625 0.03125 0.05
0 0.48984375 0.46171875 0.0328125 0.0484375
0 0.546875 0.434375 0.0421875 0.0515625
0 0.584375 0.42890625 0.028125 0.0515625
0 0.61953125 0.4109375 0.0375 0.05
0 0.7703125 0.4453125 0.034375 0.053125
0 0.728125 0.4921875 0.0421875 0.0546875
0 0.78671875 0.50703125 0.0265625 0.0484375
0 0.79609375 0.5453125 0.0203125 0.0328125
0 0.7390625 0.58046875 0.0640625 0.025
0 0.68046875 0.54921875 0.053125 0.034375
0 0.63046875 0.48359375 0.034375 0.0546875
0 0.5765625 0.48125 0.034375 0.05
0 0.578125 0.53125 0.0328125 0.0453125
0 0.52109375 0.5125 0.05625 0.04375
0 0.4375 0.50859375 0.065625 0.028125
0 0.3734375 0.51484375 0.0421875 0.0328125
0 0.34921875 0.54375 0.06875 0.028125
0 0.31015625 0.58203125 0.0484375 0.0484375
0 0.24609375 0.5125 0.034375 0.0359375
0 0.25234375 0.5578125 0.0421875 0.0546875
0 0.20234375 0.49296875 0.053125 0.0203125
0 0.1625 0.48046875 0.0375 0.04375
0 0.1125 0.496875 0.03125 0.0609375
0 0.15078125 0.5296875 0.0265625 0.0484375
0 0.11015625 0.61015625 0.0265625 0.05625
0 0.13046875 0.571875 0.0234375 0.0265625
0 0.15 0.5953125 0.025 0.0515625
0 0.1796875 0.6140625 0.0265625 0.0546875
0 0.21875 0.59765625 0.0484375 0.046875
0 0.13203125 0.665625 0.0390625 0.053125
0 0.309375 0.63046875 0.0546875 0.0421875
0 0.35859375 0.60234375 0.05 0.028125
0 0.41015625 0.60546875 0.0453125 0.059375
0 0.484375 0.56484375 0.0765625 0.03125
0 0.57578125 0.6 0.0609375 0.01875
0 0.55859375 0.58046875 0.034375 0.0234375
0 0.4765625 0.60078125 0.0703125 0.0234375
0 0.48203125 0.63203125 0.0359375 0.0484375
0 0.40390625 0.6703125 0.06875 0.0375
0 0.58359375 0.6515625 0.0671875 0.0328125
0 0.8015625 0.63671875 0.034375 0.05
0 0.73046875 0.64140625 0.053125 0.0359375
0 0.68125 0.6609375 0.05 0.028125
0 0.6828125 0.70234375 0.0625 0.0296875
0 0.7203125 0.73203125 0.0421875 0.0421875
0 0.54296875 0.71171875 0.05625 0.0421875
0 0.43984375 0.7171875 0.0375 0.05625
0 0.38359375 0.71328125 0.0390625 0.05625
0 0.321875 0.734375 0.065625 0.03125
0 0.31640625 0.78125 0.046875 0.0484375
0 0.37734375 0.78828125 0.05625 0.0453125
0 0.4640625 0.753125 0.0375 0.053125
0 0.571875 0.77578125 0.071875 0.0265625
0 0.646875 0.753125 0.01875 0.0265625
0 0.7875 0.79765625 0.065625 0.028125
0 0.7140625 0.8265625 0.0703125 0.0359375
0 0.525 0.84296875 0.04375 0.0453125
0 0.53125 0.81484375 0.0375 0.0171875
0 0.61796875 0.8515625 0.0296875 0.0609375
0 0.6953125 0.87265625 0.05 0.025
0 0.73515625 0.8671875 0.0375 0.01875
0 0.50546875 0.89453125 0.078125 0.028125
0 0.4578125 0.875 0.0609375 0.028125
0 0.46015625 0.853125 0.0578125 0.0234375
0 0.43984375 0.7984375 0.034375 0.025
0 0.35078125 0.84921875 0.0609375 0.021875
0 0.39453125 0.88046875 0.0609375 0.01875
0 0.38984375 0.853125 0.0265625 0.034375
0 0.18984375 0.88125 0.065625 0.0234375
0 0.20078125 0.82109375 0.0390625 0.0265625
0 0.16328125 0.79765625 0.021875 0.0453125
0 0.1390625 0.73125 0.0375 0.0421875
0 0.2625 0.77421875 0.0609375 0.040625
0 0.484375 0.8 0.0203125 0.01875
0 0.46328125 0.80625 0.01875 0.0234375
0 0.62890625 0.75078125 0.015625 0.015625