0 0.8625 0.12734375 0.06875 0.0421875
0 0.7859375 0.1125 0.0578125 0.0515625
0 0.6921875 0.1 0.0625 0.0296875
0 0.6234375 0.109375 0.0765625 0.0328125
0 0.58125 0.05546875 0.0796875 0.03125
0 0.37265625 0.04765625 0.0890625 0.0328125
0 0.33046875 0.090625 0.06875 0.028125
0 0.32734375 0.13203125 0.040625 0.065625
0 0.38203125 0.12265625 0.0359375 0.059375
0 0.421875 0.14140625 0.053125 0.0390625
0 0.43515625 0.178125 0.03125 0.0328125
0 0.49765625 0.19140625 0.0515625 0.034375
0 0.5015625 0.14140625 0.0609375 0.0421875
0 0.47578125 0.2265625 0.0625 0.0328125
0 0.52109375 0.23515625 0.0375 0.05
0 0.45546875 0.265625 0.071875 0.0328125
0 0.4140625 0.29375 0.0625 0.040625
0 0.31015625 0.2453125 0.0484375 0.0640625
0 0.225 0.1828125 0.028125 0.021875
0 0.18125 0.1625 0.0671875 0.0453125
0 0.14765625 0.19296875 0.0546875 0.0625
0 0.16640625 0.33828125 0.078125 0.0453125
0 0.31171875 0.334375 0.0734375 0.034375
0 0.4359375 0.35 0.0703125 0.034375
0 0.5203125 0.35546875 0.0625 0.0484375
0 0.5578125 0.3046875 0.05 0.0546875
0 0.6375 0.4 0.0296875 0.0265625
0 0.6609375 0.3765625 0.046875 0.0234375
0 0.68828125 0.409375 0.03125 0.0515625
0 0.6265625 0.4390625 0.0546875 0.0453125
0 0.54765625 0.4390625 0.0546875 0.04375
0 0.55390625 0.48515625 0.05 0.04375
0 0.48125 0.5140625 0.065625 0.028125
0 0.43203125 0.51171875 0.0375 0.0546875
0 0.2859375 0.49765625 0.05 0.03125
0 0.23203125 0.48046875 0.0515625 0.0375
0 0.18515625 0.48984375 0.0453125 0.05625
0 0.28828125 0.46015625 0.0546875 0.0484375
0 0.33359375 0.43203125 0.0671875 0.015625
0 0.22578125 0.41015625 0.046875 0.0625
0 0.15 0.40859375 0.0390625 0.05625
0 0.63515625 0.49453125 0.03125 0.04375
0 0.690625 0.521875 0.0296875 0.046875
0 0.71484375 0.46875 0.0203125 0.0265625
0 0.7765625 0.42421875 0.0484375 0.0609375
0 0.7828125 0.49453125 0.028125 0.028125
0 0.73046875 0.49296875 0.0265625 0.0359375
0 0.76015625 0.49921875 0.0234375 0.0234375
0 0.7375 0.53046875 0.0390625 0.04375
0 0.75703125 0.56484375 0.0671875 0.0375
0 0.8296875 0.52734375 0.04375 0.0546875
0 0.8234375 0.5859375 0.046875 0.05
0 0.76953125 0.62890625 0.065625 0.0328125
0 0.703125 0.63359375 0.0390625 0.0546875
0 0.8546875 0.67578125 0.04375 0.0578125
0 0.8078125 0.7296875 0.040625 0.0515625
0 0.6390625 0.6796875 0.0578125 0.0390625
0 0.571875 0.68203125 0.0734375 0.046875
0 0.54296875 0.64375 0.0515625 0.0515625
0 0.4546875 0.61484375 0.0390625 0.0484375
0 0.45625 0.58359375 0.06875 0.025
0 0.403125 0.6046875 0.0484375 0.040625
0 0.40625 0.6453125 0.0515625 0.0421875
0 0.36875 0.66171875 0.0390625 0.0671875
0 0.30703125 0.6734375 0.0515625 0.05625
0 0.21171875 0.58359375 0.0546875 0.046875
0 0.125 0.59765625 0.0453125 0.0609375
0 0.2640625 0.7109375 0.05 0.0359375
0 0.23671875 0.746875 0.065625 0.028125
0 0.1875 0.76328125 0.0578125 0.034375
0 0.12734375 0.74375 0.0390625 0.0515625
0 0.36171875 0.71328125 0.0359375 0.021875
0 0.41484375 0.7375 0.06875 0.0359375
0 0.50078125 0.76015625 0.0484375 0.0578125
0 0.4765625 0.8 0.075 0.0265625
0 0.5671875 0.74296875 0.0296875 0.0546875
0 0.61796875 0.74453125 0.0453125 0.028125
0 0.64765625 0.765625 0.01875 0.053125
0 0.6796875 0.79375 0.0734375 0.0375
0 0.715625 0.75234375 0.05 0.0421875
0 0.75703125 0.7796875 0.046875 0.0484375
0 0.821875 0.83828125 0.0375 0.053125
0 0.859375 0.85234375 0.025 0.034375
0 0.70234375 0.89765625 0.0640625 0.0265625
0 0.659375 0.9265625 0.0265625 0.05625
0 0.62421875 0.90234375 0.0578125 0.046875
0 0.7609375 0.928125 0.028125 0.025
0 0.7546875 0.91171875 0.0203125 0.0125
0 0.30234375 0.82421875 0.0609375 0.04375
0 0.21171875 0.8640625 0.0296875 0.021875
0 0.1828125 0.8703125 0.025 0.0234375
0 0.1453125 0.81640625 0.05 0.0546875
0 0.725 0.1890625 0.0421875 0.0390625
0 0.759375 0.19921875 0.0265625 0.034375
0 0.77265625 0.271875 0.0484375 0.0625
0 0.8734375 0.27734375 0.075 0.0421875
0 0.8140625 0.30390625 0.0421875 0.053125