0 0.2359375 0.09765625 0.01796875 0.04921875
0 0.2921875 0.115625 0.0546875 0.034375
0 0.25546875 0.13359375 0.034375 0.03828125
0 0.17109375 0.1 0.028125 0.01328125
0 0.15546875 0.2078125 0.02265625 0.0484375
0 0.1828125 0.1796875 0.0265625 0.034375
0 0.20078125 0.16015625 0.04921875 0.03671875
0 0.1859375 0.1359375 0.0421875 0.025
0 0.38984375 0.13984375 0.05 0.01328125
0 0.49453125 0.12265625 0.07578125 0.02578125
0 0.56328125 0.1484375 0.06484375 0.01796875
0 0.6546875 0.1125 0.0421875 0.0265625
0 0.65859375 0.146875 0.04296875 0.03984375
0 0.5890625 0.21953125 0.034375 0.0421875
0 0.5390625 0.23828125 0.03203125 0.0421875
0 0.27421875 0.26015625 0.03203125 0.04296875
0 0.17265625 0.2515625 0.06640625 0.0140625
0 0.209375 0.27421875 0.03125 0.03046875
0 0.22421875 0.309375 0.025 0.04609375
0 0.26328125 0.33828125 0.0265625 0.04375
0 0.36875 0.31484375 0.03203125 0.05078125
0 0.41953125 0.31875 0.0328125 0.0390625
0 0.45859375 0.3046875 0.04140625 0.03671875
0 0.43515625 0.35703125 0.028125 0.03359375
0 0.46484375 0.3421875 0.03359375 0.04296875
0 0.51328125 0.359375 0.046875 0.025
0 0.56875 0.34453125 0.03046875 0.05
0 0.6625 0.33203125 0.04921875 0.021875
0 0.7171875 0.3078125 0.0359375 0.04609375
0 0.765625 0.38125 0.02890625 0.04375
0 0.7296875 0.375 0.03515625 0.03984375
0 0.6875 0.37734375 0.05078125 0.0203125
0 0.6390625 0.403125 0.03359375 0.04140625
0 0.53828125 0.3984375 0.05703125 0.03125
0 0.43125 0.4078125 0.03984375 0.04375
0 0.37265625 0.42265625 0.028125 0.03828125
0 0.30234375 0.384375 0.02890625 0.0484375
0 0.22578125 0.39921875 0.02890625 0.04609375
0 0.18203125 0.375 0.03515625 0.0515625
0 0.27421875 0.44296875 0.02265625 0.0421875
0 0.14609375 0.47578125 0.03984375 0.0375
0 0.2046875 0.515625 0.01796875 0.04140625
0 0.16796875 0.5265625 0.04921875 0.0421875
0 0.2890625 0.55 0.02265625 0.04453125
0 0.3609375 0.509375 0.0359375 0.04375
0 0.47578125 0.490625 0.06328125 0.0234375
0 0.52734375 0.47109375 0.0578125 0.034375
0 0.60859375 0.49921875 0.05234375 0.04453125
0 0.6921875 0.46328125 0.03984375 0.0421875
0 0.75234375 0.428125 0.06328125 0.01953125
0 0.71796875 0.53046875 0.053125 0.040625
0 0.82265625 0.51484375 0.04375 0.0484375
0 0.828125 0.55703125 0.06796875 0.0171875
0 0.7578125 0.5640625 0.03515625 0.03046875
0 0.775 0.590625 0.03515625 0.0265625
0 0.58125 0.53203125 0.0625 0.0171875
0 0.5890625 0.5609375 0.0609375 0.01953125
0 0.53046875 0.5609375 0.04921875 0.02421875
0 0.471875 0.55546875 0.05859375 0.03515625
0 0.38203125 0.60625 0.06171875 0.02578125
0 0.21875 0.61015625 0.03359375 0.0375
0 0.284375 0.66171875 0.05625 0.03359375
0 0.421875 0.6703125 0.0671875 0.0234375
0 0.56484375 0.5984375 0.0765625 0.02578125
0 0.63515625 0.61875 0.04296875 0.03828125
0 0.61484375 0.64921875 0.0609375 0.0234375
0 0.66015625 0.66015625 0.0328125 0.04921875
0 0.734375 0.6484375 0.0484375 0.02578125
0 0.715625 0.68984375 0.02578125 0.04765625
0 0.80703125 0.64375 0.0265625 0.0390625
0 0.8359375 0.59140625 0.0296875 0.03515625
0 0.83828125 0.6453125 0.0171875 0.04921875
0 0.41484375 0.721875 0.0453125 0.025
0 0.4734375 0.721875 0.06171875 0.0203125
0 0.56953125 0.74296875 0.02265625 0.040625
0 0.6046875 0.76328125 0.04140625 0.04375
0 0.64140625 0.728125 0.0421875 0.0359375
0 0.24609375 0.76015625 0.03203125 0.04140625
0 0.1953125 0.7390625 0.02890625 0.03828125
0 0.14921875 0.8125 0.03828125 0.03515625
0 0.1359375 0.89375 0.03984375 0.0328125
0 0.21015625 0.91484375 0.05390625 0.01328125
0 0.1984375 0.9 0.059375 0.01015625
0 0.165625 0.915625 0.034375 0.0265625
0 0.265625 0.9125 0.0640625 0.0140625
0 0.309375 0.878125 0.02421875 0.04765625
0 0.41953125 0.78203125 0.06484375 0.0328125
0 0.50859375 0.77734375 0.06484375 0.02265625
0 0.45703125 0.92578125 0.06796875 0.01796875
0 0.584375 0.89140625 0.0703125 0.03046875
0 0.6046875 0.83984375 0.053125 0.04296875
0 0.64609375 0.871875 0.01953125 0.03828125
0 0.68046875 0.89140625 0.0328125 0.046875
0 0.771875 0.890625 0.065625 0.01484375
0 0.7078125 0.83828125 0.0671875 0.0265625
0 0.78125 0.78828125 0.02890625 0.05390625
0 0.81640625 0.81015625 0.02890625 0.04375