0 0.18984375 0.165625 0.0421875 0.0265625
0 0.66953125 0.69609375 0.021875 0.0375
0 0.6390625 0.64453125 0.025 0.0453125
0 0.51875 0.45390625 0.059375 0.0390625
0 0.19609375 0.23359375 0.0421875 0.053125
0 0.80078125 0.171875 0.053125 0.0265625
0 0.75859375 0.6375 0.0390625 0.053125
0 0.35859375 0.47265625 0.025 0.040625
0 0.53125 0.521875 0.0421875 0.0421875
0 0.69921875 0.55 0.021875 0.0390625
0 0.3609375 0.16484375 0.0578125 0.021875
0 0.41953125 0.2890625 0.059375 0.025
0 0.7390625 0.3859375 0.053125 0.0359375
0 0.66875 0.1984375 0.034375 0.04375
0 0.15 0.19765625 0.0578125 0.028125
0 0.50859375 0.31796875 0.040625 0.03125
0 0.3078125 0.575 0.0421875 0.0375
0 0.42578125 0.24140625 0.025 0.0296875
0 0.35703125 0.61015625 0.034375 0.0375
0 0.73671875 0.1453125 0.059375 0.0203125
0 0.634375 0.52109375 0.03125 0.0375
0 0.40625 0.85 0.0328125 0.040625
0 0.33046875 0.22109375 0.0375 0.040625
0 0.23828125 0.725 0.03125 0.0375
0 0.5421875 0.80078125 0.046875 0.0296875
0 0.61796875 0.73359375 0.0171875 0.0265625
0 0.14609375 0.1328125 0.025 0.0296875
0 0.3453125 0.34140625 0.0296875 0.04375
0 0.64375 0.25078125 0.034375 0.0421875
0 0.3453125 0.25390625 0.0453125 0.0328125
0 0.65546875 0.9109375 0.04375 0.0421875
0 0.47734375 0.75078125 0.03125 0.046875
0 0.303125 0.26953125 0.0375 0.04375
0 0.2484375 0.45078125 0.0390625 0.0375
0 0.82265625 0.65390625 0.04375 0.034375
0 0.1984375 0.4046875 0.0265625 0.0359375
0 0.6390625 0.4734375 0.028125 0.0484375
0 0.58828125 0.8984375 0.053125 0.028125
0 0.278125 0.90234375 0.0609375 0.028125
0 0.59765625 0.6515625 0.053125 0.0296875
0 0.6609375 0.37265625 0.028125 0.04375
0 0.290625 0.484375 0.0234375 0.0421875
0 0.26640625 0.20390625 0.0265625 0.034375
0 0.4984375 0.3796875 0.05 0.034375
0 0.15390625 0.1015625 0.0296875 0.034375
0 0.42265625 0.4453125 0.0609375 0.025
0 0.59609375 0.4171875 0.0203125 0.0484375
0 0.2515625 0.2375 0.0578125 0.034375
0 0.26875 0.634375 0.046875 0.0296875
0 0.76875 0.76796875 0.034375 0.040625
0 0.28203125 0.7359375 0.03125 0.04375
0 0.221875 0.64765625 0.0296875 0.0375
0 0.2046875 0.62109375 0.025 0.0453125
0 0.68125 0.1453125 0.059375 0.0203125
0 0.70703125 0.596875 0.0421875 0.0359375
0 0.62890625 0.7 0.028125 0.0453125
0 0.47421875 0.496875 0.04375 0.0390625
0 0.2375 0.5046875 0.0578125 0.01875
0 0.39921875 0.503125 0.0265625 0.046875
0 0.73828125 0.17421875 0.0375 0.021875
0 0.325 0.665625 0.0203125 0.0390625
0 0.5921875 0.8484375 0.0625 0.025
0 0.28671875 0.3125 0.0328125 0.0421875
0 0.1890625 0.53203125 0.0328125 0.040625
0 0.24375 0.78828125 0.0375 0.0421875
0 0.56875 0.21015625 0.0390625 0.0328125
0 0.25390625 0.14140625 0.0375 0.0328125
0 0.37265625 0.66015625 0.0328125 0.04375
0 0.18671875 0.715625 0.03125 0.0546875
0 0.553125 0.40390625 0.0390625 0.034375
0 0.79921875 0.846875 0.0140625 0.0390625
0 0.8171875 0.7796875 0.0484375 0.0265625
0 0.80078125 0.875 0.0515625 0.021875
0 0.35078125 0.3953125 0.0203125 0.040625
0 0.3171875 0.51328125 0.0234375 0.04375
0 0.303125 0.1734375 0.0671875 0.01875
0 0.3 0.12265625 0.0546875 0.0265625
0 0.22734375 0.1640625 0.0296875 0.0359375
0 0.39765625 0.24453125 0.034375 0.034375
0 0.3640625 0.32734375 0.015625 0.015625
0 0.4734375 0.31640625 0.034375 0.046875
0 0.62265625 0.2203125 0.0578125 0.0234375
0 0.6078125 0.1890625 0.0546875 0.0234375
0 0.5859375 0.1203125 0.0625 0.021875
0 0.73046875 0.159375 0.0265625 0.015625
0 0.19609375 0.371875 0.040625 0.0296875
0 0.2796875 0.4484375 0.021875 0.0328125
0 0.36484375 0.5828125 0.0265625 0.0171875
0 0.3734375 0.4390625 0.028125 0.040625
0 0.59453125 0.32890625 0.0203125 0.0171875
0 0.60078125 0.35390625 0.01875 0.0375
0 0.77265625 0.6890625 0.0296875 0.04375
0 0.753125 0.7328125 0.0296875 0.028125
0 0.72578125 0.7765625 0.053125 0.0234375
0 0.59765625 0.72421875 0.025 0.025
0 0.5859375 0.92734375 0.0234375 0.0328125
0 0.45625 0.86484375 0.065625 0.0203125
0 0.2390625 0.62421875 0.0203125 0.034375