0 0.77578125 0.35 0.046875 0.046875
0 0.4125 0.890625 0.0640625 0.0453125
0 0.42890625 0.096875 0.046875 0.046875
0 0.35234375 0.87265625 0.0359375 0.046875
0 0.56328125 0.4125 0.0546875 0.040625
0 0.54453125 0.34921875 0.0546875 0.0421875
0 0.40859375 0.85625 0.0453125 0.04375
0 0.49609375 0.83828125 0.0375 0.03125
0 0.23671875 0.1625 0.0265625 0.040625
0 0.35390625 0.34609375 0.0328125 0.05
0 0.6296875 0.321875 0.053125 0.0265625
0 0.2484375 0.48828125 0.034375 0.040625
0 0.28671875 0.2125 0.0546875 0.034375
0 0.70234375 0.6796875 0.053125 0.04375
0 0.53046875 0.25859375 0.053125 0.04375
0 0.69453125 0.76015625 0.0453125 0.0359375
0 0.7640625 0.08125 0.0390625 0.0390625
0 0.26171875 0.25859375 0.053125 0.0515625
0 0.42421875 0.65703125 0.05625 0.0375
0 0.4015625 0.63828125 0.0453125 0.0296875
0 0.5484375 0.49453125 0.0296875 0.04375
0 0.715625 0.8046875 0.046875 0.046875
0 0.5546875 0.21171875 0.0375 0.0421875
0 0.66796875 0.2140625 0.03125 0.0359375
0 0.83046875 0.52578125 0.0390625 0.0421875
0 0.61796875 0.26796875 0.0390625 0.0390625
0 0.43671875 0.33203125 0.05625 0.0390625
0 0.35 0.73046875 0.025 0.046875
0 0.37890625 0.228125 0.040625 0.0265625
0 0.26953125 0.5578125 0.034375 0.0296875
0 0.2578125 0.64296875 0.0359375 0.053125
0 0.65 0.59765625 0.0359375 0.0359375
0 0.6234375 0.6015625 0.021875 0.0359375
0 0.5875 0.2953125 0.0546875 0.03125
0 0.30625 0.3265625 0.0578125 0.03125
0 0.3984375 0.7453125 0.0359375 0.0453125
0 0.30859375 0.9421875 0.025 0.0359375
0 0.32265625 0.471875 0.0375 0.0390625
0 0.37421875 0.79140625 0.05 0.0390625
0 0.57265625 0.25234375 0.0453125 0.0421875
0 0.7484375 0.11328125 0.0359375 0.0390625
0 0.34375 0.24765625 0.0609375 0.04375
0 0.38515625 0.490625 0.028125 0.046875
0 0.24765625 0.75234375 0.0546875 0.04375
0 0.43984375 0.61953125 0.04375 0.0296875
0 0.853125 0.71328125 0.0296875 0.0453125
0 0.73203125 0.1328125 0.0453125 0.028125
0 0.4625 0.4125 0.05625 0.028125
0 0.4859375 0.3359375 0.05 0.040625
0 0.2984375 0.97890625 0.0671875 0.03125
0 0.7296875 0.20859375 0.0296875 0.0421875
0 0.41640625 0.46796875 0.046875 0.0234375
0 0.45625 0.7078125 0.0546875 0.0296875
0 0.77578125 0.1359375 0.0265625 0.0421875
0 0.8109375 0.27265625 0.0265625 0.0421875
0 0.5171875 0.78046875 0.0578125 0.040625
0 0.6109375 0.38359375 0.03125 0.05625
0 0.83515625 0.3296875 0.034375 0.0421875
0 0.88125 0.68203125 0.0328125 0.0375
0 0.384375 0.94375 0.059375 0.0265625
0 0.48984375 0.30234375 0.0359375 0.04375
0 0.134375 0.21328125 0.03125 0.0421875
0 0.696875 0.14765625 0.0375 0.05
0 0.67578125 0.2390625 0.0421875 0.0296875
0 0.37265625 0.434375 0.0546875 0.025
0 0.909375 0.78203125 0.0265625 0.0484375
0 0.65234375 0.47578125 0.05625 0.025
0 0.62734375 0.13671875 0.046875 0.0359375
0 0.7625 0.01484375 0.03125 0.0296875
0 0.1296875 0.32109375 0.03125 0.05
0 0.2296875 0.46484375 0.028125 0.0375
0 0.22421875 0.56328125 0.0453125 0.028125
0 0.28046875 0.58046875 0.0578125 0.028125
0 0.440625 0.5453125 0.046875 0.0390625
0 0.453125 0.5703125 0.053125 0.040625
0 0.321875 0.63046875 0.0453125 0.0296875
0 0.225 0.69140625 0.0265625 0.040625
0 0.471875 0.646875 0.028125 0.04375
0 0.53671875 0.60625 0.0578125 0.034375
0 0.7453125 0.5265625 0.0640625 0.0390625
0 0.8078125 0.553125 0.0328125 0.0578125
0 0.89921875 0.65078125 0.03125 0.0421875
0 0.8203125 0.746875 0.0296875 0.0484375
0 0.7671875 0.759375 0.0328125 0.0609375
0 0.92890625 0.746875 0.028125 0.05
0 0.9109375 0.75546875 0.0234375 0.04375
0 0.88046875 0.7671875 0.0375 0.040625
0 0.85234375 0.77109375 0.0296875 0.046875
0 0.86640625 0.80625 0.021875 0.028125
0 0.78203125 0.81484375 0.05625 0.03125
0 0.50078125 0.9109375 0.0640625 0.0375
0 0.5296875 0.8453125 0.0296875 0.03125
0 0.565625 0.7546875 0.0375 0.05
0 0.246875 0.86953125 0.028125 0.0421875
0 0.3390625 0.7515625 0.025 0.040625
0 0.35390625 0.45078125 0.034375 0.025
0 0.7140625 0.3421875 0.0375 0.0515625
0 0.80078125 0.31328125 0.0625 0.0265625