0 0.53671875 0.57265625 0.04453125 0.0390625
0 0.63125 0.7296875 0.04296875 0.0375
0 0.684375 0.86015625 0.04375 0.03046875
0 0.2 0.22421875 0.0328125 0.03828125
0 0.315625 0.7234375 0.04296875 0.04140625
0 0.57734375 0.39765625 0.01953125 0.03984375
0 0.43203125 0.8453125 0.0296875 0.03515625
0 0.57578125 0.1984375 0.04609375 0.02265625
0 0.72734375 0.58046875 0.04140625 0.03046875
0 0.8078125 0.8 0.01796875 0.02734375
0 0.20546875 0.3734375 0.034375 0.0421875
0 0.29453125 0.68359375 0.0390625 0.0296875
0 0.6 0.5828125 0.03125 0.0375
0 0.23125 0.18359375 0.04765625 0.03203125
0 0.25859375 0.27265625 0.03984375 0.0421875
0 0.28515625 0.18203125 0.04453125 0.0328125
0 0.384375 0.77421875 0.046875 0.034375
0 0.29765625 0.57109375 0.0328125 0.04140625
0 0.8 0.8609375 0.0359375 0.03515625
0 0.5484375 0.6328125 0.02421875 0.04296875
0 0.759375 0.20546875 0.0296875 0.046875
0 0.52578125 0.86875 0.03515625 0.0421875
0 0.3859375 0.19375 0.04453125 0.0203125
0 0.6265625 0.25703125 0.01875 0.0375
0 0.64453125 0.24765625 0.03125 0.03359375
0 0.64765625 0.83984375 0.05625 0.01953125
0 0.45078125 0.409375 0.01796875 0.03984375
0 0.5265625 0.4453125 0.04765625 0.0375
0 0.34296875 0.63203125 0.04609375 0.02421875
0 0.5359375 0.1734375 0.03671875 0.0265625
0 0.67265625 0.7515625 0.01640625 0.034375
0 0.71640625 0.4765625 0.0390625 0.028125
0 0.56875 0.246875 0.0296875 0.0421875
0 0.29453125 0.1046875 0.0375 0.028125
0 0.65234375 0.41328125 0.0328125 0.03671875
0 0.39375 0.53984375 0.025 0.034375
0 0.2640625 0.8078125 0.0359375 0.0328125
0 0.17109375 0.103125 0.0328125 0.03515625
0 0.4703125 0.5328125 0.0203125 0.0359375
0 0.56640625 0.3390625 0.03515625 0.03984375
0 0.68125 0.459375 0.04609375 0.01015625
0 0.7796875 0.8359375 0.03984375 0.0203125
0 0.6359375 0.53828125 0.01953125 0.04296875
0 0.334375 0.340625 0.03359375 0.0421875
0 0.80390625 0.7203125 0.03046875 0.03515625
0 0.2890625 0.765625 0.0515625 0.02265625
0 0.8453125 0.78984375 0.04609375 0.02109375
0 0.353125 0.2140625 0.0421875 0.025
0 0.29140625 0.24140625 0.04296875 0.0359375
0 0.75703125 0.65234375 0.0484375 0.02109375
0 0.30078125 0.7984375 0.0265625 0.03671875
0 0.53203125 0.71484375 0.01875 0.02890625
0 0.5921875 0.5234375 0.0359375 0.0375
0 0.70078125 0.33671875 0.02734375 0.034375
0 0.3078125 0.3015625 0.025 0.04140625
0 0.715625 0.21796875 0.02734375 0.04140625
0 0.81796875 0.89921875 0.05078125 0.025
0 0.18046875 0.15234375 0.06015625 0.02734375
0 0.71328125 0.140625 0.02890625 0.0453125
0 0.2109375 0.5515625 0.0390625 0.0328125
0 0.22109375 0.6609375 0.034375 0.04453125
0 0.66875 0.58984375 0.02265625 0.03671875
0 0.72265625 0.90625 0.05234375 0.01640625
0 0.43046875 0.27421875 0.0546875 0.015625
0 0.6421875 0.3890625 0.05703125 0.01484375
0 0.70625 0.17578125 0.021875 0.040625
0 0.36875 0.375 0.02421875 0.0359375
0 0.43515625 0.7421875 0.0484375 0.0234375
0 0.3125 0.1546875 0.06171875 0.01484375
0 0.503125 0.653125 0.05546875 0.03046875
0 0.24140625 0.5078125 0.05390625 0.02265625
0 0.63984375 0.65546875 0.0609375 0.01875
0 0.27578125 0.73671875 0.03515625 0.02890625
0 0.725 0.8015625 0.02109375 0.04296875
0 0.42734375 0.68046875 0.0453125 0.0234375
0 0.7765625 0.74609375 0.06171875 0.0296875
0 0.52109375 0.309375 0.04765625 0.0296875
0 0.49375 0.50546875 0.03046875 0.0359375
0 0.8078125 0.69453125 0.04140625 0.0234375
0 0.21640625 0.13203125 0.03828125 0.0203125
0 0.24765625 0.115625 0.0328125 0.0328125
0 0.44609375 0.246875 0.04375 0.025
0 0.31640625 0.4453125 0.025 0.0375
0 0.55078125 0.8375 0.059375 0.02421875
0 0.26015625 0.5578125 0.0453125 0.03125
0 0.3375 0.5609375 0.046875 0.03359375
0 0.1734375 0.81875 0.02109375 0.03828125
0 0.375 0.31484375 0.03046875 0.03984375
0 0.1859375 0.59765625 0.05859375 0.0140625
0 0.67734375 0.88515625 0.06640625 0.01796875
0 0.66796875 0.44765625 0.03359375 0.01484375
0 0.78359375 0.62265625 0.0265625 0.03984375
0 0.66171875 0.63671875 0.0234375 0.02890625
0 0.34375 0.68125 0.05078125 0.01796875
0 0.30703125 0.653125 0.03046875 0.03203125
0 0.2234375 0.6234375 0.02421875 0.0375
0 0.6546875 0.70078125 0.0234375 0.03828125
0 0.715625 0.74453125 0.01875 0.0421875
0 0.778125 0.7921875 0.03671875 0.02109375
0 0.53203125 0.80703125 0.05546875 0.01953125