0 0.35859375 0.125 0.03125 0.0453125
0 0.47578125 0.1734375 0.0640625 0.0234375
0 0.82734375 0.14453125 0.028125 0.0375
0 0.82734375 0.190625 0.0203125 0.0390625
0 0.82421875 0.17109375 0.053125 0.015625
0 0.79375 0.15625 0.034375 0.0390625
0 0.81484375 0.2265625 0.034375 0.0375
0 0.79375 0.21171875 0.0171875 0.0359375
0 0.84375 0.259375 0.0125 0.0328125
0 0.82421875 0.275 0.025 0.040625
0 0.74296875 0.2921875 0.0390625 0.0453125
0 0.83515625 0.3515625 0.025 0.0421875
0 0.790625 0.33046875 0.0203125 0.0453125
0 0.45078125 0.2375 0.053125 0.0390625
0 0.24140625 0.23125 0.021875 0.046875
0 0.503125 0.25390625 0.0328125 0.04375
0 0.6578125 0.33671875 0.046875 0.0484375
0 0.5640625 0.36015625 0.0390625 0.0484375
0 0.50390625 0.34921875 0.0265625 0.04375
0 0.478125 0.3640625 0.025 0.0453125
0 0.378125 0.3015625 0.0390625 0.0359375
0 0.33515625 0.325 0.05625 0.0265625
0 0.27734375 0.35546875 0.03125 0.01875
0 0.24609375 0.33515625 0.0265625 0.040625
0 0.3078125 0.39921875 0.0390625 0.0359375
0 0.34296875 0.3875 0.034375 0.0375
0 0.3796875 0.365625 0.025 0.0390625
0 0.40703125 0.40546875 0.0171875 0.0421875
0 0.3875 0.428125 0.025 0.0171875
0 0.20546875 0.46953125 0.03125 0.0484375
0 0.3109375 0.45625 0.0390625 0.0390625
0 0.365625 0.46328125 0.0296875 0.0515625
0 0.47734375 0.4453125 0.0625 0.03125
0 0.578125 0.409375 0.05625 0.028125
0 0.63125 0.38671875 0.0578125 0.01875
0 0.75546875 0.4 0.028125 0.040625
0 0.84296875 0.4046875 0.0203125 0.0421875
0 0.775 0.47265625 0.028125 0.040625
0 0.8 0.53671875 0.028125 0.0515625
0 0.76796875 0.52890625 0.028125 0.0421875
0 0.734375 0.50078125 0.0171875 0.04375
0 0.7125 0.53046875 0.0296875 0.040625
0 0.61484375 0.50703125 0.03125 0.05
0 0.57109375 0.46796875 0.05625 0.025
0 0.66796875 0.5671875 0.0203125 0.0515625
0 0.5328125 0.5546875 0.0734375 0.0296875
0 0.465625 0.553125 0.0265625 0.0234375
0 0.4515625 0.52421875 0.0234375 0.025
0 0.43203125 0.53046875 0.0328125 0.021875
0 0.39453125 0.5390625 0.0375 0.0390625
0 0.3515625 0.525 0.0234375 0.025
0 0.328125 0.50078125 0.0328125 0.0203125
0 0.1921875 0.5296875 0.028125 0.0453125
0 0.17890625 0.5578125 0.025 0.0390625
0 0.22578125 0.5828125 0.0578125 0.025
0 0.31328125 0.559375 0.0421875 0.028125
0 0.37421875 0.56875 0.05 0.0234375
0 0.4765625 0.58828125 0.0578125 0.0171875
0 0.6015625 0.609375 0.0484375 0.03125
0 0.525 0.6515625 0.021875 0.05
0 0.8375 0.60625 0.0265625 0.0421875
0 0.8375 0.65859375 0.0375 0.0375
0 0.77578125 0.67421875 0.059375 0.0296875
0 0.65546875 0.68046875 0.065625 0.0171875
0 0.46328125 0.63984375 0.0546875 0.0328125
0 0.4046875 0.61953125 0.075 0.0125
0 0.33046875 0.62265625 0.065625 0.0140625
0 0.27421875 0.6515625 0.05625 0.034375
0 0.23125 0.6296875 0.0265625 0.040625
0 0.20625 0.62890625 0.025 0.046875
0 0.18671875 0.684375 0.0375 0.0453125
0 0.29453125 0.6796875 0.05 0.025
0 0.3828125 0.67109375 0.05625 0.03125
0 0.490625 0.7171875 0.053125 0.0328125
0 0.46796875 0.6859375 0.0609375 0.025
0 0.31328125 0.7296875 0.0453125 0.0421875
0 0.3359375 0.78203125 0.046875 0.0453125
0 0.19140625 0.81875 0.0609375 0.025
0 0.41640625 0.78984375 0.0640625 0.0171875
0 0.659375 0.7890625 0.0734375 0.0265625
0 0.69375 0.7515625 0.0375 0.040625
0 0.8421875 0.740625 0.0328125 0.05
0 0.76484375 0.8234375 0.059375 0.03125
0 0.659375 0.86484375 0.0640625 0.0265625
0 0.70625 0.89140625 0.05 0.01875
0 0.78671875 0.88046875 0.0484375 0.025
0 0.8625 0.89296875 0.0515625 0.028125
0 0.62734375 0.91875 0.034375 0.0265625
0 0.6234375 0.890625 0.05625 0.0265625
0 0.49765625 0.88515625 0.08125 0.03125
0 0.528125 0.82421875 0.05 0.03125
0 0.384375 0.83671875 0.065625 0.0203125
0 0.365625 0.8640625 0.0140625 0.0484375
0 0.31328125 0.89765625 0.0671875 0.015625
0 0.33515625 0.8796875 0.046875 0.01875
0 0.2328125 0.89140625 0.05 0.046875
0 0.26953125 0.8484375 0.0640625 0.0265625