0 0.6546875 0.10625 0.0640625 0.034375
0 0.575 0.146875 0.0484375 0.046875
0 0.48125 0.13984375 0.0484375 0.053125
0 0.41953125 0.253125 0.0453125 0.05625
0 0.50859375 0.28828125 0.065625 0.0546875
0 0.34609375 0.3390625 0.053125 0.05
0 0.290625 0.4125 0.0421875 0.0515625
0 0.35 0.42109375 0.046875 0.0421875
0 0.2046875 0.4078125 0.0296875 0.0390625
0 0.16484375 0.3796875 0.034375 0.053125
0 0.19609375 0.5109375 0.0546875 0.0546875
0 0.2828125 0.50546875 0.0421875 0.053125
0 0.32734375 0.475 0.03125 0.0515625
0 0.3828125 0.48359375 0.0296875 0.0453125
0 0.45625 0.42890625 0.0328125 0.0515625
0 0.5484375 0.3734375 0.0578125 0.0421875
0 0.5734375 0.4109375 0.065625 0.0375
0 0.25546875 0.55 0.0671875 0.0453125
0 0.15078125 0.57578125 0.053125 0.0484375
0 0.23984375 0.59375 0.059375 0.0421875
0 0.32890625 0.56328125 0.040625 0.0515625
0 0.39609375 0.56640625 0.025 0.0296875
0 0.41953125 0.53828125 0.065625 0.028125
0 0.4859375 0.5109375 0.059375 0.0390625
0 0.4984375 0.4734375 0.053125 0.040625
0 0.55859375 0.478125 0.0421875 0.05
0 0.63671875 0.43203125 0.0515625 0.046875
0 0.7078125 0.384375 0.0375 0.0453125
0 0.7609375 0.35390625 0.0515625 0.0421875
0 0.71328125 0.33046875 0.0359375 0.0421875
0 0.72265625 0.2984375 0.0515625 0.0359375
0 0.74921875 0.32109375 0.0484375 0.0359375
0 0.79921875 0.28828125 0.05 0.0484375
0 0.628125 0.31328125 0.025 0.0171875
0 0.8203125 0.440625 0.0265625 0.03125
0 0.7921875 0.42890625 0.0453125 0.0265625
0 0.70390625 0.4484375 0.0390625 0.040625
0 0.66328125 0.4671875 0.053125 0.0328125
0 0.625 0.48671875 0.034375 0.0546875
0 0.5859375 0.5390625 0.0515625 0.0640625
0 0.65625 0.52890625 0.0734375 0.034375
0 0.73515625 0.5078125 0.0421875 0.0546875
0 0.83671875 0.51015625 0.04375 0.0328125
0 0.8 0.53203125 0.0296875 0.0296875
0 0.7421875 0.56953125 0.0453125 0.046875
0 0.66875 0.559375 0.0609375 0.0328125
0 0.6515625 0.58671875 0.034375 0.028125
0 0.68984375 0.603125 0.0671875 0.0390625
0 0.58203125 0.63828125 0.0609375 0.0453125
0 0.51953125 0.6296875 0.046875 0.046875
0 0.49140625 0.5890625 0.0484375 0.05
0 0.3875 0.6140625 0.0375 0.0515625
0 0.421875 0.63515625 0.0296875 0.040625
0 0.4375 0.66171875 0.0296875 0.0359375
0 0.3859375 0.6609375 0.03125 0.0265625
0 0.36171875 0.68046875 0.0375 0.021875
0 0.31484375 0.64296875 0.0390625 0.04375
0 0.325 0.6015625 0.0484375 0.034375
0 0.22734375 0.64296875 0.0703125 0.04375
0 0.18203125 0.6734375 0.034375 0.034375
0 0.190625 0.69765625 0.0234375 0.0234375
0 0.26015625 0.68046875 0.0484375 0.059375
0 0.23203125 0.72421875 0.053125 0.0375
0 0.28984375 0.73203125 0.046875 0.028125
0 0.334375 0.728125 0.05625 0.05
0 0.24375 0.7765625 0.0453125 0.053125
0 0.225 0.81640625 0.0375 0.0546875
0 0.2734375 0.81640625 0.034375 0.0453125
0 0.2984375 0.83671875 0.034375 0.0484375
0 0.3453125 0.87734375 0.03125 0.0484375
0 0.23828125 0.8671875 0.0578125 0.04375
0 0.41640625 0.77578125 0.0421875 0.053125
0 0.36328125 0.76796875 0.065625 0.040625
0 0.4640625 0.7546875 0.040625 0.046875
0 0.446875 0.71015625 0.0265625 0.03125
0 0.51171875 0.71875 0.0203125 0.021875
0 0.53046875 0.74375 0.0375 0.05
0 0.64140625 0.728125 0.0515625 0.0453125
0 0.63671875 0.75703125 0.059375 0.0328125
0 0.55390625 0.78828125 0.034375 0.0328125
0 0.55546875 0.7640625 0.03125 0.0234375
0 0.5796875 0.76875 0.0328125 0.0484375
0 0.5203125 0.79453125 0.040625 0.0328125
0 0.44375 0.83125 0.0578125 0.046875
0 0.49296875 0.85703125 0.0703125 0.0453125
0 0.5625 0.853125 0.0578125 0.03125
0 0.33125 0.96796875 0.05625 0.0390625
0 0.71015625 0.8328125 0.0609375 0.0359375
0 0.80234375 0.78203125 0.065625 0.0421875
0 0.79765625 0.73671875 0.0421875 0.040625
0 0.8921875 0.72890625 0.053125 0.0546875
0 0.80859375 0.68515625 0.0421875 0.05
0 0.753125 0.7125 0.0421875 0.0484375
0 0.75625 0.6828125 0.0296875 0.028125
0 0.78828125 0.65390625 0.0421875 0.040625
0 0.8375 0.6140625 0.040625 0.046875
0 0.86171875 0.63203125 0.0359375 0.025