0 0.36171875 0.103125 0.0484375 0.03203125
0 0.6703125 0.2578125 0.03828125 0.0390625
0 0.57265625 0.27421875 0.0328125 0.0390625
0 0.271875 0.6734375 0.03359375 0.03515625
0 0.5421875 0.51484375 0.040625 0.0390625
0 0.3921875 0.57890625 0.046875 0.02421875
0 0.70390625 0.54609375 0.021875 0.03828125
0 0.7078125 0.2875 0.0265625 0.0375
0 0.5609375 0.10234375 0.040625 0.034375
0 0.63671875 0.29609375 0.03984375 0.01953125
0 0.7625 0.30390625 0.01953125 0.0421875
0 0.83515625 0.10390625 0.05390625 0.01875
0 0.259375 0.421875 0.03359375 0.0390625
0 0.73984375 0.3296875 0.02890625 0.03515625
0 0.765625 0.14453125 0.028125 0.034375
0 0.30546875 0.290625 0.0578125 0.021875
0 0.50390625 0.76328125 0.05078125 0.0296875
0 0.44609375 0.92890625 0.03828125 0.0359375
0 0.28359375 0.14609375 0.04609375 0.03125
0 0.38671875 0.29453125 0.025 0.03203125
0 0.61328125 0.75703125 0.03359375 0.02890625
0 0.28359375 0.34609375 0.0421875 0.0203125
0 0.203125 0.44765625 0.01796875 0.04453125
0 0.61328125 0.50703125 0.02890625 0.04296875
0 0.58359375 0.78671875 0.04921875 0.025
0 0.20078125 0.515625 0.03125 0.0390625
0 0.69765625 0.63515625 0.0203125 0.03671875
0 0.515625 0.171875 0.04140625 0.0140625
0 0.3859375 0.47421875 0.0453125 0.03203125
0 0.56015625 0.43515625 0.03984375 0.03125
0 0.415625 0.64453125 0.0359375 0.0390625
0 0.171875 0.35234375 0.03203125 0.0390625
0 0.74140625 0.690625 0.05 0.03046875
0 0.36640625 0.7984375 0.0515625 0.025
0 0.63359375 0.43984375 0.0453125 0.03125
0 0.8046875 0.678125 0.0265625 0.04140625
0 0.4359375 0.3296875 0.02421875 0.0203125
0 0.48046875 0.1921875 0.0171875 0.03359375
0 0.16484375 0.13671875 0.025 0.0453125
0 0.52734375 0.896875 0.03515625 0.01484375
0 0.23984375 0.46171875 0.046875 0.02734375
0 0.59296875 0.33203125 0.0171875 0.0421875
0 0.6453125 0.71171875 0.0359375 0.0390625
0 0.20703125 0.28125 0.04609375 0.02109375
0 0.3546875 0.25 0.05703125 0.02421875
0 0.2015625 0.22578125 0.02578125 0.025
0 0.39921875 0.16171875 0.028125 0.0421875
0 0.7515625 0.73203125 0.05390625 0.01328125
0 0.65703125 0.18984375 0.040625 0.03125
0 0.4984375 0.1453125 0.05546875 0.01484375
0 0.5796875 0.64921875 0.05625 0.01953125
0 0.60703125 0.728125 0.0484375 0.01875
0 0.52734375 0.32421875 0.01875 0.034375
0 0.34296875 0.54375 0.05703125 0.0109375
0 0.34765625 0.128125 0.04609375 0.02578125
0 0.8375 0.53984375 0.021875 0.034375
0 0.23515625 0.7015625 0.05234375 0.015625
0 0.6796875 0.76953125 0.05859375 0.01640625
0 0.146875 0.30625 0.02109375 0.0328125
0 0.75703125 0.859375 0.02421875 0.0421875
0 0.15390625 0.45546875 0.01875 0.03828125
0 0.80546875 0.1953125 0.02109375 0.0453125
0 0.1609375 0.1828125 0.02109375 0.040625
0 0.25703125 0.3875 0.0171875 0.028125
0 0.25546875 0.3640625 0.01484375 0.028125
0 0.1921875 0.17265625 0.02734375 0.046875
0 0.4 0.3625 0.0609375 0.0140625
0 0.12890625 0.1234375 0.02734375 0.03828125
0 0.45390625 0.3671875 0.034375 0.01875
0 0.19453125 0.31484375 0.02578125 0.03515625
0 0.6703125 0.8171875 0.0671875 0.01953125
0 0.30859375 0.878125 0.05703125 0.0140625
0 0.61640625 0.7015625 0.02890625 0.0375
0 0.31640625 0.14453125 0.02578125 0.03671875
0 0.24609375 0.53515625 0.046875 0.04375
0 0.37265625 0.159375 0.034375 0.0328125
0 0.61640625 0.61875 0.0546875 0.03203125
0 0.440625 0.25546875 0.0578125 0.01953125
0 0.13125 0.23203125 0.02265625 0.040625
0 0.53515625 0.253125 0.03984375 0.02421875
0 0.28125 0.74609375 0.028125 0.04609375
0 0.41484375 0.43203125 0.06015625 0.0203125
0 0.28203125 0.56015625 0.05390625 0.02109375
0 0.54921875 0.5625 0.03359375 0.0265625
0 0.309375 0.4234375 0.03125 0.04375
0 0.50234375 0.81875 0.021875 0.0375
0 0.2625 0.184375 0.05546875 0.015625
0 0.23984375 0.2484375 0.04453125 0.0140625
0 0.33359375 0.19453125 0.065625 0.0109375
0 0.4328125 0.28359375 0.0515625 0.01796875
0 0.440625 0.35 0.0265625 0.01640625
0 0.4625 0.3078125 0.0484375 0.0234375
0 0.46484375 0.434375 0.03203125 0.03828125
0 0.5078125 0.4359375 0.04921875 0.02265625
0 0.4109375 0.4921875 0.0515625 0.0203125
0 0.5046875 0.55859375 0.040625 0.025
0 0.3578125 0.61953125 0.046875 0.021875
0 0.78359375 0.6546875 0.02734375 0.0359375
0 0.56015625 0.8890625 0.04765625 0.0109375
0 0.29375 0.86484375 0.02265625 0.02265625