0 0.66015625 0.86640625 0.046875 0.04375
0 0.25078125 0.5578125 0.0390625 0.0421875
0 0.29765625 0.4875 0.046875 0.0453125
0 0.559375 0.21953125 0.0390625 0.0453125
0 0.2828125 0.5640625 0.0390625 0.0421875
0 0.31953125 0.67578125 0.04375 0.0484375
0 0.66015625 0.5765625 0.040625 0.046875
0 0.240625 0.61875 0.0546875 0.0390625
0 0.2734375 0.79609375 0.05 0.040625
0 0.240625 0.7015625 0.0453125 0.0515625
0 0.62890625 0.76015625 0.0390625 0.0453125
0 0.4109375 0.36875 0.0390625 0.04375
0 0.565625 0.7140625 0.05 0.0421875
0 0.4671875 0.60625 0.0421875 0.0546875
0 0.5921875 0.403125 0.053125 0.0375
0 0.37109375 0.10859375 0.0546875 0.0296875
0 0.24609375 0.20859375 0.0375 0.0265625
0 0.35625 0.6484375 0.040625 0.0375
0 0.690625 0.840625 0.0453125 0.0390625
0 0.23203125 0.4640625 0.0390625 0.0484375
0 0.3265625 0.3140625 0.03125 0.046875
0 0.5890625 0.6546875 0.0515625 0.040625
0 0.83046875 0.41328125 0.05 0.046875
0 0.72890625 0.2265625 0.0390625 0.0484375
0 0.33046875 0.7765625 0.0515625 0.0359375
0 0.7 0.80625 0.05 0.0453125
0 0.38125 0.72421875 0.028125 0.0421875
0 0.85 0.30546875 0.0515625 0.0375
0 0.34375 0.36953125 0.0484375 0.03125
0 0.5390625 0.753125 0.0421875 0.04375
0 0.2984375 0.2921875 0.0328125 0.0421875
0 0.58671875 0.8828125 0.0515625 0.0234375
0 0.68359375 0.49765625 0.0484375 0.03125
0 0.52109375 0.53203125 0.0546875 0.0265625
0 0.51640625 0.440625 0.0546875 0.0390625
0 0.70546875 0.659375 0.025 0.040625
0 0.503125 0.646875 0.040625 0.034375
0 0.6234375 0.68359375 0.0546875 0.0359375
0 0.690625 0.3515625 0.0515625 0.0375
0 0.6546875 0.21328125 0.034375 0.040625
0 0.19609375 0.58125 0.0359375 0.046875
0 0.24765625 0.384375 0.0359375 0.0421875
0 0.41796875 0.4546875 0.0421875 0.034375
0 0.2140625 0.3875 0.04375 0.040625
0 0.6359375 0.2484375 0.0390625 0.040625
0 0.29921875 0.440625 0.0484375 0.0390625
0 0.5984375 0.2796875 0.0328125 0.046875
0 0.40625 0.5609375 0.0203125 0.0359375
0 0.40625 0.73515625 0.03125 0.046875
0 0.29765625 0.19375 0.0328125 0.046875
0 0.28515625 0.64765625 0.04375 0.046875
0 0.46484375 0.6578125 0.0359375 0.046875
0 0.4453125 0.29296875 0.046875 0.0390625
0 0.18828125 0.67890625 0.034375 0.0546875
0 0.37734375 0.58203125 0.0421875 0.03125
0 0.13125 0.79765625 0.0328125 0.0421875
0 0.54140625 0.34921875 0.0546875 0.0328125
0 0.78671875 0.35703125 0.05625 0.0359375
0 0.3640625 0.41875 0.0328125 0.040625
0 0.3328125 0.421875 0.0328125 0.0546875
0 0.7984375 0.57578125 0.0390625 0.0515625
0 0.55546875 0.7953125 0.0484375 0.0359375
0 0.41796875 0.759375 0.034375 0.040625
0 0.2875 0.7109375 0.0328125 0.053125
0 0.740625 0.934375 0.040625 0.0484375
0 0.47265625 0.25078125 0.0640625 0.0234375
0 0.3296875 0.19453125 0.03125 0.0421875
0 0.4875 0.7328125 0.0375 0.05
0 0.26875 0.2453125 0.040625 0.04375
0 0.6640625 0.1453125 0.0515625 0.025
0 0.503125 0.37109375 0.0390625 0.04375
0 0.8484375 0.221875 0.06875 0.034375
0 0.609375 0.84765625 0.046875 0.0328125
0 0.47578125 0.16484375 0.040625 0.021875
0 0.6734375 0.96328125 0.040625 0.046875
0 0.51796875 0.7265625 0.0328125 0.0421875
0 0.42578125 0.83203125 0.053125 0.0359375
0 0.66015625 0.4109375 0.059375 0.0359375
0 0.6609375 0.721875 0.0640625 0.0296875
0 0.6375 0.3015625 0.065625 0.0296875
0 0.353125 0.28125 0.04375 0.0328125
0 0.65546875 0.76875 0.046875 0.04375
0 0.2265625 0.41640625 0.05625 0.028125
0 0.55703125 0.55390625 0.0390625 0.046875
0 0.49375 0.5125 0.0328125 0.0265625
0 0.46328125 0.51171875 0.028125 0.040625
0 0.1671875 0.6046875 0.0390625 0.0546875
0 0.540625 0.6296875 0.0515625 0.028125
0 0.8125 0.1765625 0.065625 0.040625
0 0.5765625 0.75703125 0.0359375 0.040625
0 0.70390625 0.7640625 0.05625 0.0234375
0 0.509375 0.69140625 0.05625 0.0359375
0 0.3875 0.44140625 0.025 0.040625
0 0.37265625 0.384375 0.0296875 0.0140625
0 0.2359375 0.2265625 0.0203125 0.0265625
0 0.45078125 0.2609375 0.0328125 0.0265625
0 0.6171875 0.13671875 0.05 0.0234375