0 0.84375 0.86171875 0.0578125 0.0390625
0 0.61875 0.840625 0.0765625 0.03125
0 0.51015625 0.86484375 0.034375 0.028125
0 0.3484375 0.878125 0.0703125 0.0359375
0 0.41953125 0.8375 0.046875 0.0421875
0 0.40234375 0.78359375 0.053125 0.0328125
0 0.3765625 0.8171875 0.0296875 0.0328125
0 0.471875 0.784375 0.0296875 0.053125
0 0.50625 0.759375 0.0484375 0.0203125
0 0.5421875 0.7828125 0.0390625 0.0453125
0 0.5953125 0.7359375 0.0359375 0.05
0 0.69609375 0.74453125 0.0265625 0.0546875
0 0.65625 0.77265625 0.0296875 0.05
0 0.73359375 0.76171875 0.04375 0.021875
0 0.653125 0.7140625 0.046875 0.040625
0 0.62734375 0.675 0.04375 0.0375
0 0.56484375 0.7 0.0234375 0.0421875
0 0.515625 0.6828125 0.034375 0.0484375
0 0.46640625 0.71015625 0.0578125 0.01875
0 0.425 0.73828125 0.028125 0.040625
0 0.4453125 0.67265625 0.0390625 0.053125
0 0.340625 0.70546875 0.03125 0.0515625
0 0.30078125 0.64140625 0.0296875 0.0515625
0 0.28359375 0.67890625 0.0203125 0.0234375
0 0.21875 0.66328125 0.0453125 0.0421875
0 0.33046875 0.596875 0.053125 0.034375
0 0.275 0.5890625 0.0484375 0.0421875
0 0.2296875 0.5875 0.021875 0.046875
0 0.390625 0.61328125 0.0234375 0.025
0 0.3890625 0.58671875 0.0234375 0.025
0 0.46875 0.615625 0.0359375 0.03125
0 0.51171875 0.62890625 0.0375 0.0203125
0 0.584375 0.64453125 0.059375 0.028125
0 0.5484375 0.6046875 0.0234375 0.05625
0 0.503125 0.5890625 0.05625 0.03125
0 0.446875 0.56953125 0.0484375 0.04375
0 0.51875 0.55078125 0.0390625 0.0515625
0 0.59609375 0.55859375 0.03125 0.0546875
0 0.625 0.54609375 0.034375 0.046875
0 0.66015625 0.51953125 0.040625 0.0609375
0 0.696875 0.6671875 0.034375 0.046875
0 0.8546875 0.70390625 0.03125 0.0484375
0 0.81875 0.65625 0.053125 0.0390625
0 0.7265625 0.628125 0.0265625 0.053125
0 0.8234375 0.59609375 0.0375 0.0359375
0 0.834375 0.56015625 0.0421875 0.040625
0 0.75859375 0.51875 0.0234375 0.025
0 0.71328125 0.50546875 0.046875 0.05625
0 0.828125 0.51953125 0.025 0.0171875
0 0.78671875 0.53828125 0.05 0.025
0 0.8390625 0.49765625 0.01875 0.021875
0 0.7625 0.446875 0.0359375 0.04375
0 0.7484375 0.41171875 0.053125 0.0328125
0 0.8 0.40703125 0.0515625 0.028125
0 0.8421875 0.425 0.04375 0.040625
0 0.74921875 0.34140625 0.05 0.0640625
0 0.67734375 0.4328125 0.03125 0.0609375
0 0.653125 0.384375 0.0296875 0.0515625
0 0.5578125 0.378125 0.0828125 0.03125
0 0.61875 0.3359375 0.0359375 0.05
0 0.66953125 0.3171875 0.06875 0.040625
0 0.478125 0.38203125 0.0421875 0.0515625
0 0.56015625 0.4609375 0.0640625 0.03125
0 0.6046875 0.4953125 0.0546875 0.04375
0 0.50390625 0.5046875 0.0453125 0.0234375
0 0.45078125 0.49609375 0.0609375 0.034375
0 0.47265625 0.4609375 0.05 0.0421875
0 0.37578125 0.4515625 0.0421875 0.04375
0 0.384375 0.525 0.034375 0.0515625
0 0.31953125 0.4859375 0.040625 0.0609375
0 0.278125 0.51640625 0.0296875 0.053125
0 0.29375 0.4203125 0.0515625 0.0421875
0 0.37890625 0.40546875 0.0625 0.0265625
0 0.30703125 0.36953125 0.0546875 0.0390625
0 0.35390625 0.34609375 0.0359375 0.046875
0 0.42109375 0.39140625 0.025 0.028125
0 0.4421875 0.3203125 0.0640625 0.028125
0 0.509375 0.3125 0.053125 0.0515625
0 0.44921875 0.2921875 0.0734375 0.028125
0 0.39453125 0.24375 0.0390625 0.053125
0 0.33515625 0.303125 0.0265625 0.053125
0 0.29765625 0.2921875 0.0390625 0.0453125
0 0.278125 0.2546875 0.034375 0.0421875
0 0.30859375 0.23671875 0.0296875 0.0484375
0 0.34296875 0.1859375 0.053125 0.04375
0 0.44453125 0.16953125 0.0609375 0.046875
0 0.228125 0.20625 0.0375 0.05625
0 0.234375 0.30703125 0.028125 0.05625
0 0.1734375 0.30546875 0.034375 0.046875
0 0.18984375 0.21171875 0.034375 0.0515625
0 0.16171875 0.2140625 0.021875 0.053125
0 0.19609375 0.34140625 0.021875 0.0390625
0 0.19296875 0.37109375 0.0265625 0.01875
0 0.18828125 0.39765625 0.05 0.0375
0 0.19296875 0.45703125 0.053125 0.04375
0 0.23203125 0.43125 0.04375 0.0515625
0 0.20546875 0.53359375 0.0734375 0.0265625
0 0.421875 0.35625 0.0203125 0.04375