0 0.41015625 0.89765625 0.05625 0.0546875
0 0.30234375 0.7796875 0.0421875 0.04375
0 0.29921875 0.82421875 0.0609375 0.0296875
0 0.8640625 0.68203125 0.0296875 0.040625
0 0.81015625 0.72890625 0.034375 0.0421875
0 0.87578125 0.63203125 0.0265625 0.0359375
0 0.85390625 0.6328125 0.025 0.04375
0 0.68203125 0.65546875 0.034375 0.04375
0 0.625 0.68515625 0.0625 0.0265625
0 0.5859375 0.6421875 0.0265625 0.040625
0 0.54765625 0.68046875 0.0390625 0.025
0 0.53203125 0.62734375 0.0578125 0.0234375
0 0.49765625 0.659375 0.0359375 0.046875
0 0.4140625 0.7234375 0.0484375 0.0484375
0 0.4 0.6546875 0.025 0.0359375
0 0.38125 0.6734375 0.025 0.0328125
0 0.36171875 0.70546875 0.053125 0.0265625
0 0.30078125 0.684375 0.0484375 0.021875
0 0.30625 0.71171875 0.0546875 0.015625
0 0.4875 0.525 0.0375 0.034375
0 0.48125 0.559375 0.04375 0.0203125
0 0.43828125 0.56796875 0.0171875 0.0421875
0 0.38359375 0.5625 0.0390625 0.03125
0 0.375 0.59375 0.0328125 0.0390625
0 0.33203125 0.625 0.0375 0.046875
0 0.82421875 0.5625 0.0265625 0.040625
0 0.790625 0.5953125 0.040625 0.034375
0 0.68984375 0.5890625 0.0578125 0.01875
0 0.609375 0.58203125 0.0546875 0.028125
0 0.83359375 0.51015625 0.028125 0.04375
0 0.79296875 0.546875 0.0125 0.034375
0 0.77578125 0.5546875 0.025 0.0296875
0 0.4609375 0.58671875 0.0375 0.0171875
0 0.590625 0.54609375 0.0484375 0.0328125
0 0.39609375 0.44765625 0.046875 0.0265625
0 0.3921875 0.48125 0.0265625 0.0359375
0 0.36171875 0.51796875 0.0390625 0.028125
0 0.33828125 0.53671875 0.0203125 0.0203125
0 0.2578125 0.52421875 0.0375 0.0453125
0 0.22109375 0.57109375 0.0328125 0.0375
0 0.19453125 0.51875 0.0328125 0.040625
0 0.18125 0.4859375 0.0265625 0.025
0 0.303125 0.46875 0.05 0.021875
0 0.48046875 0.42734375 0.059375 0.021875
0 0.48359375 0.4453125 0.0296875 0.025
0 0.46328125 0.48671875 0.0265625 0.021875
0 0.43515625 0.484375 0.0375 0.01875
0 0.85078125 0.4640625 0.01875 0.040625
0 0.8296875 0.42421875 0.0296875 0.0484375
0 0.78828125 0.4703125 0.0203125 0.0375
0 0.77734375 0.5015625 0.0359375 0.0421875
0 0.76796875 0.4125 0.0328125 0.0375
0 0.71328125 0.4390625 0.03125 0.04375
0 0.7265625 0.47421875 0.0296875 0.040625
0 0.66015625 0.41015625 0.03125 0.05
0 0.60625 0.43671875 0.028125 0.0390625
0 0.55625 0.45234375 0.0515625 0.021875
0 0.2171875 0.44296875 0.0484375 0.0234375
0 0.41953125 0.40703125 0.06875 0.01875
0 0.39140625 0.39921875 0.0578125 0.021875
0 0.275 0.35625 0.0484375 0.0234375
0 0.26328125 0.3890625 0.0515625 0.0328125
0 0.16171875 0.3890625 0.0390625 0.04375
0 0.18828125 0.33359375 0.053125 0.046875
0 0.37734375 0.35 0.0625 0.0328125
0 0.4578125 0.375 0.0578125 0.034375
0 0.5546875 0.37578125 0.03125 0.0421875
0 0.846875 0.3234375 0.028125 0.0421875
0 0.82421875 0.32578125 0.0265625 0.046875
0 0.74453125 0.3046875 0.06875 0.03125
0 0.60234375 0.29453125 0.0421875 0.0390625
0 0.490625 0.31328125 0.053125 0.0375
0 0.50859375 0.33828125 0.0546875 0.0359375
0 0.41953125 0.2890625 0.05 0.0359375
0 0.29609375 0.30546875 0.0375 0.0421875
0 0.3140625 0.2578125 0.0546875 0.040625
0 0.16328125 0.2359375 0.0640625 0.03125
0 0.42265625 0.2078125 0.059375 0.0265625
0 0.38203125 0.2296875 0.0546875 0.025
0 0.50859375 0.21015625 0.059375 0.053125
0 0.603125 0.20859375 0.0484375 0.0375
0 0.66796875 0.23515625 0.0359375 0.04375
0 0.78046875 0.2390625 0.0421875 0.0453125
0 0.76171875 0.115625 0.0625 0.0296875
0 0.76796875 0.13828125 0.04375 0.0296875
0 0.81875 0.06328125 0.04375 0.0375
0 0.66953125 0.08671875 0.0515625 0.01875
0 0.6703125 0.09765625 0.0578125 0.0171875
0 0.5796875 0.11875 0.053125 0.0171875
0 0.5765625 0.16015625 0.046875 0.0234375
0 0.49140625 0.12890625 0.05625 0.025
0 0.48046875 0.16328125 0.0671875 0.01875
0 0.5265625 0.13203125 0.04375 0.0171875
0 0.52734375 0.08515625 0.065625 0.01875
0 0.3796875 0.11640625 0.0453125 0.034375
0 0.39453125 0.17421875 0.065625 0.0296875
0 0.328125 0.1671875 0.0375 0.0359375
0 0.2765625 0.1390625 0.059375 0.0171875
0 0.19140625 0.16015625 0.04375 0.040625
0 0.2375 0.1953125 0.0515625 0.0265625