0 0.415625 0.27421875 0.040625 0.0296875
0 0.540625 0.390625 0.0515625 0.0390625
0 0.72734375 0.51484375 0.04453125 0.034375
0 0.3890625 0.4765625 0.02578125 0.04609375
0 0.73359375 0.2015625 0.0515625 0.0296875
0 0.6859375 0.3265625 0.06328125 0.03046875
0 0.78359375 0.196875 0.0359375 0.0375
0 0.63984375 0.73203125 0.03671875 0.046875
0 0.72734375 0.38515625 0.040625 0.05078125
0 0.4875 0.4171875 0.03359375 0.0484375
0 0.6046875 0.534375 0.02734375 0.0515625
0 0.3515625 0.425 0.06015625 0.03125
0 0.54609375 0.50234375 0.05546875 0.03984375
0 0.79453125 0.26953125 0.05625 0.03046875
0 0.796875 0.36875 0.034375 0.0421875
0 0.2 0.8796875 0.05546875 0.05390625
0 0.2828125 0.45703125 0.05234375 0.0359375
0 0.6515625 0.4453125 0.04296875 0.0375
0 0.5265625 0.178125 0.03515625 0.03671875
0 0.7875 0.325 0.04296875 0.03828125
0 0.20078125 0.16640625 0.0625 0.02890625
0 0.23671875 0.76640625 0.03671875 0.04140625
0 0.3671875 0.19453125 0.03828125 0.0265625
0 0.73828125 0.2921875 0.0515625 0.028125
0 0.37265625 0.2359375 0.04765625 0.0421875
0 0.82734375 0.34921875 0.03046875 0.0375
0 0.79375 0.6390625 0.04609375 0.02734375
0 0.21015625 0.5421875 0.034375 0.04765625
0 0.8015625 0.42421875 0.03046875 0.0203125
0 0.5671875 0.34453125 0.0421875 0.04765625
0 0.55703125 0.24140625 0.05078125 0.03203125
0 0.8203125 0.5953125 0.0328125 0.03515625
0 0.3875 0.809375 0.05390625 0.04765625
0 0.5765625 0.44296875 0.053125 0.02890625
0 0.765625 0.70234375 0.0578125 0.03359375
0 0.42890625 0.19609375 0.02734375 0.05234375
0 0.23671875 0.27578125 0.0359375 0.0421875
0 0.34453125 0.45703125 0.06484375 0.0265625
0 0.8265625 0.18984375 0.05234375 0.02734375
0 0.35859375 0.3265625 0.06171875 0.0171875
0 0.1953125 0.34765625 0.0203125 0.04140625
0 0.675 0.76953125 0.01875 0.05078125
0 0.2703125 0.8890625 0.05390625 0.01875
0 0.5875 0.296875 0.06328125 0.01328125
0 0.20078125 0.24296875 0.04765625 0.03828125
0 0.17109375 0.34140625 0.02265625 0.04375
0 0.49609375 0.3421875 0.05546875 0.034375
0 0.3375 0.16484375 0.06328125 0.0171875
0 0.325 0.559375 0.02265625 0.04609375
0 0.65 0.1796875 0.05390625 0.02265625
0 0.78125 0.725 0.059375 0.01953125
0 0.303125 0.14296875 0.059375 0.0171875
0 0.65390625 0.68046875 0.06171875 0.028125
0 0.78671875 0.49140625 0.021875 0.0515625
0 0.47734375 0.25546875 0.0640625 0.02265625
0 0.646875 0.921875 0.046875 0.0296875
0 0.26796875 0.4265625 0.05625 0.02890625
0 0.65625 0.89453125 0.0546875 0.02109375
0 0.6265625 0.36640625 0.0265625 0.0140625
0 0.4 0.9109375 0.0734375 0.034375
0 0.74296875 0.16953125 0.06640625 0.015625
0 0.41328125 0.5703125 0.021875 0.03984375
0 0.4 0.36171875 0.05859375 0.015625
0 0.66484375 0.55390625 0.02890625 0.05390625
0 0.15 0.1921875 0.0265625 0.04765625
0 0.2203125 0.48046875 0.03359375 0.05
0 0.7625 0.1515625 0.0578125 0.01328125
0 0.1734375 0.684375 0.02578125 0.0546875
0 0.27734375 0.2390625 0.02578125 0.05
0 0.24375 0.9265625 0.078125 0.03125
0 0.45 0.1484375 0.06484375 0.0171875
0 0.34609375 0.5171875 0.02265625 0.05078125
0 0.4796875 0.18671875 0.04453125 0.02890625
0 0.72578125 0.6109375 0.0625 0.02109375
0 0.79921875 0.3015625 0.04375 0.015625
0 0.31328125 0.78203125 0.0390625 0.040625
0 0.775 0.8046875 0.059375 0.0265625
0 0.35390625 0.39609375 0.0859375 0.01640625
0 0.3515625 0.6921875 0.0703125 0.02109375
0 0.78671875 0.5984375 0.028125 0.05390625
0 0.7203125 0.76875 0.05859375 0.0234375
0 0.62578125 0.259375 0.0671875 0.01640625
0 0.58828125 0.68125 0.06796875 0.021875
0 0.25 0.18515625 0.0328125 0.0515625
0 0.2859375 0.28203125 0.059375 0.0203125
0 0.59453125 0.22421875 0.03203125 0.01796875
0 0.590625 0.1890625 0.02734375 0.04140625
0 0.68046875 0.1609375 0.021875 0.0203125
0 0.80859375 0.15625 0.03046875 0.015625
0 0.815625 0.240625 0.059375 0.028125
0 0.6609375 0.24140625 0.06328125 0.015625
0 0.39921875 0.31796875 0.021875 0.03359375
0 0.834375 0.3984375 0.0328125 0.0359375
0 0.43359375 0.56484375 0.02265625 0.0515625
0 0.3375 0.746875 0.0734375 0.03046875
0 0.18828125 0.61875 0.03203125 0.05078125
0 0.321875 0.9046875 0.04140625 0.02890625
0 0.4921875 0.8734375 0.06796875 0.02421875