0 0.84453125 0.7125 0.0515625 0.034375
0 0.45703125 0.3375 0.0484375 0.0453125
0 0.28125 0.76796875 0.059375 0.05
0 0.75703125 0.78671875 0.0515625 0.0453125
0 0.41796875 0.50078125 0.0484375 0.034375
0 0.16328125 0.371875 0.0546875 0.05
0 0.7328125 0.66640625 0.040625 0.0484375
0 0.75859375 0.5640625 0.05 0.0453125
0 0.37265625 0.66484375 0.0609375 0.04375
0 0.92265625 0.84140625 0.0546875 0.04375
0 0.5859375 0.553125 0.053125 0.04375
0 0.821875 0.58203125 0.0546875 0.040625
0 0.6390625 0.2515625 0.05 0.046875
0 0.653125 0.70625 0.0453125 0.0390625
0 0.559375 0.18828125 0.04375 0.0484375
0 0.65390625 0.75078125 0.0421875 0.0453125
0 0.61171875 0.71875 0.040625 0.04375
0 0.67421875 0.20703125 0.053125 0.0421875
0 0.55859375 0.6984375 0.04375 0.0515625
0 0.31640625 0.23671875 0.03125 0.05625
0 0.159375 0.43515625 0.0328125 0.05
0 0.20390625 0.2203125 0.0421875 0.053125
0 0.49453125 0.51640625 0.03125 0.0484375
0 0.365625 0.178125 0.053125 0.0375
0 0.48203125 0.92578125 0.040625 0.0484375
0 0.725 0.48046875 0.04375 0.05
0 0.6 0.41328125 0.059375 0.034375
0 0.2796875 0.6015625 0.0421875 0.0421875
0 0.74140625 0.33359375 0.0453125 0.053125
0 0.89453125 0.778125 0.0453125 0.0515625
0 0.521875 0.32578125 0.040625 0.04375
0 0.125 0.159375 0.03125 0.0234375
0 0.31953125 0.36953125 0.0390625 0.0515625
0 0.26328125 0.28359375 0.0515625 0.0484375
0 0.27109375 0.5140625 0.0359375 0.0546875
0 0.6484375 0.62890625 0.05 0.0453125
0 0.6578125 0.41640625 0.0453125 0.046875
0 0.37578125 0.74921875 0.0328125 0.0515625
0 0.671875 0.58984375 0.0578125 0.0265625
0 0.715625 0.3984375 0.05625 0.0421875
0 0.36640625 0.2546875 0.053125 0.0328125
0 0.471875 0.81328125 0.05625 0.028125
0 0.39453125 0.9328125 0.046875 0.0453125
0 0.3328125 0.41640625 0.0625 0.0296875
0 0.29375 0.54765625 0.05625 0.0296875
0 0.828125 0.50234375 0.034375 0.0515625
0 0.70703125 0.16640625 0.04375 0.040625
0 0.25 0.6390625 0.0328125 0.05
0 0.47109375 0.57578125 0.0359375 0.05
0 0.84921875 0.7578125 0.0453125 0.0421875
0 0.26484375 0.91875 0.034375 0.0421875
0 0.28359375 0.67265625 0.0328125 0.040625
0 0.70078125 0.4390625 0.040625 0.04375
0 0.1078125 0.18203125 0.0234375 0.040625
0 0.53984375 0.5921875 0.040625 0.053125
0 0.475 0.21796875 0.0578125 0.046875
0 0.38359375 0.428125 0.0421875 0.0328125
0 0.575 0.25546875 0.071875 0.034375
0 0.41171875 0.40703125 0.0265625 0.0265625
0 0.55078125 0.44609375 0.046875 0.03125
0 0.709375 0.25546875 0.06875 0.0265625
0 0.1421875 0.23515625 0.0234375 0.0484375
0 0.12421875 0.2234375 0.021875 0.0296875
0 0.79609375 0.1984375 0.0328125 0.03125
0 0.1015625 0.28046875 0.0265625 0.0484375
0 0.6 0.46015625 0.05 0.028125
0 0.36796875 0.846875 0.0484375 0.05
0 0.24296875 0.38359375 0.06875 0.025
0 0.7890625 0.490625 0.046875 0.0390625
0 0.33203125 0.44609375 0.05 0.0453125
0 0.33828125 0.50703125 0.05625 0.0265625
0 0.41171875 0.33203125 0.0578125 0.03125
0 0.56953125 0.66640625 0.0640625 0.028125
0 0.6046875 0.31640625 0.0375 0.0546875
0 0.515625 0.65 0.0671875 0.03125
0 0.27109375 0.41640625 0.0390625 0.053125
0 0.4296875 0.79921875 0.059375 0.028125
0 0.43515625 0.64296875 0.065625 0.034375
0 0.2 0.76640625 0.03125 0.05
0 0.87109375 0.5921875 0.034375 0.053125
0 0.8375 0.428125 0.03125 0.0515625
0 0.63203125 0.56875 0.0390625 0.0546875
0 0.3203125 0.58125 0.0390625 0.053125
0 0.7875 0.26640625 0.0625 0.0375
0 0.21875 0.55078125 0.0546875 0.034375
0 0.81640625 0.23515625 0.028125 0.025
0 0.8265625 0.83671875 0.071875 0.0296875
0 0.3984375 0.3671875 0.0640625 0.025
0 0.8125 0.75 0.03125 0.0453125
0 0.73125 0.53828125 0.040625 0.0265625
0 0.5359375 0.48046875 0.021875 0.0171875
0 0.51875 0.48671875 0.021875 0.021875
0 0.4375 0.41953125 0.025 0.046875
0 0.55703125 0.34609375 0.0265625 0.040625
0 0.76796875 0.29609375 0.0296875 0.0265625
0 0.771875 0.20859375 0.021875 0.025
0 0.7453125 0.24140625 0.0171875 0.028125
0 0.33984375 0.2390625 0.0234375 0.021875
0 0.1671875 0.17109375 0.053125 0.0296875