0 0.5859375 0.7609375 0.0390625 0.0328125
0 0.55703125 0.58125 0.0375 0.028125
0 0.27265625 0.4359375 0.040625 0.0328125
0 0.41640625 0.47578125 0.0359375 0.04375
0 0.771875 0.88203125 0.0375 0.0359375
0 0.35703125 0.27734375 0.0390625 0.0453125
0 0.61328125 0.23046875 0.04375 0.0390625
0 0.43203125 0.60859375 0.025 0.0453125
0 0.70390625 0.428125 0.0359375 0.0390625
0 0.64921875 0.58203125 0.0203125 0.0359375
0 0.309375 0.63828125 0.0359375 0.040625
0 0.60703125 0.45859375 0.0296875 0.0375
0 0.49296875 0.2421875 0.0421875 0.028125
0 0.56328125 0.259375 0.0546875 0.028125
0 0.4390625 0.7375 0.0265625 0.0453125
0 0.66015625 0.434375 0.0578125 0.03125
0 0.44609375 0.3703125 0.028125 0.04375
0 0.26953125 0.47734375 0.0375 0.0390625
0 0.84453125 0.87890625 0.05 0.025
0 0.184375 0.15859375 0.040625 0.0390625
0 0.8046875 0.81171875 0.046875 0.0203125
0 0.68515625 0.196875 0.025 0.040625
0 0.55078125 0.15 0.034375 0.0390625
0 0.27265625 0.775 0.046875 0.0296875
0 0.65625 0.62890625 0.0546875 0.021875
0 0.46640625 0.434375 0.0421875 0.0375
0 0.31640625 0.2234375 0.03125 0.03125
0 0.49140625 0.6984375 0.05 0.0375
0 0.33203125 0.171875 0.0640625 0.0203125
0 0.7140625 0.73984375 0.01875 0.04375
0 0.48046875 0.5609375 0.046875 0.0390625
0 0.80546875 0.6140625 0.0453125 0.053125
0 0.696875 0.3125 0.0234375 0.0296875
0 0.3 0.54140625 0.0421875 0.028125
0 0.29140625 0.1609375 0.0203125 0.0453125
0 0.26796875 0.1625 0.025 0.0359375
0 0.30859375 0.884375 0.0296875 0.0484375
0 0.353125 0.60078125 0.0390625 0.034375
0 0.71484375 0.253125 0.0421875 0.0296875
0 0.33046875 0.428125 0.025 0.040625
0 0.78046875 0.8484375 0.0140625 0.0359375
0 0.7578125 0.8515625 0.0265625 0.025
0 0.184375 0.23046875 0.01875 0.040625
0 0.26171875 0.54765625 0.040625 0.0359375
0 0.45234375 0.675 0.034375 0.0421875
0 0.1890625 0.29765625 0.0375 0.040625
0 0.3953125 0.425 0.021875 0.05625
0 0.7046875 0.22890625 0.059375 0.0265625
0 0.77421875 0.32578125 0.028125 0.0390625
0 0.67890625 0.27109375 0.0484375 0.0484375
0 0.5640625 0.3171875 0.0546875 0.0265625
0 0.64140625 0.684375 0.0328125 0.0328125
0 0.61171875 0.71640625 0.0234375 0.040625
0 0.78828125 0.43984375 0.040625 0.034375
0 0.525 0.76015625 0.05 0.0234375
0 0.20859375 0.2671875 0.0546875 0.028125
0 0.4375 0.21171875 0.0609375 0.021875
0 0.1703125 0.0984375 0.05625 0.01875
0 0.49765625 0.35234375 0.046875 0.0296875
0 0.45390625 0.13671875 0.0375 0.0390625
0 0.76171875 0.484375 0.059375 0.028125
0 0.35703125 0.3546875 0.059375 0.025
0 0.16640625 0.33125 0.01875 0.0421875
0 0.35234375 0.7234375 0.021875 0.05
0 0.2953125 0.75390625 0.028125 0.0421875
0 0.37265625 0.621875 0.0515625 0.0171875
0 0.7203125 0.18125 0.0421875 0.0375
0 0.73515625 0.61484375 0.0296875 0.0484375
0 0.54765625 0.4375 0.0203125 0.0453125
0 0.7328125 0.6828125 0.0671875 0.01875
0 0.31796875 0.55390625 0.0546875 0.0171875
0 0.76953125 0.38203125 0.059375 0.0171875
0 0.1328125 0.12421875 0.059375 0.021875
0 0.50390625 0.5046875 0.0390625 0.0421875
0 0.52578125 0.7859375 0.059375 0.0265625
0 0.71953125 0.496875 0.040625 0.0359375
0 0.8078125 0.15859375 0.0234375 0.04375
0 0.365625 0.47265625 0.021875 0.040625
0 0.82109375 0.8359375 0.0453125 0.0265625
0 0.3109375 0.828125 0.0421875 0.0265625
0 0.66640625 0.84453125 0.0625 0.021875
0 0.44375 0.81328125 0.0546875 0.025
0 0.2609375 0.2171875 0.0234375 0.046875
0 0.6578125 0.78203125 0.059375 0.015625
0 0.73515625 0.4359375 0.0453125 0.0328125
0 0.225 0.10625 0.071875 0.021875
0 0.3921875 0.74140625 0.0296875 0.040625
0 0.21484375 0.38515625 0.0296875 0.0328125
0 0.6484375 0.31484375 0.04375 0.021875
0 0.51796875 0.80703125 0.05 0.01875
0 0.69609375 0.590625 0.028125 0.0421875
0 0.77265625 0.36328125 0.0140625 0.03125
0 0.65 0.3625 0.0390625 0.021875
0 0.68828125 0.33984375 0.021875 0.0359375
0 0.3328125 0.37109375 0.03125 0.0390625
0 0.271875 0.2703125 0.0265625 0.040625
0 0.33515625 0.3140625 0.040625 0.0421875
0 0.5125 0.190625 0.0578125 0.025
0 0.1609375 0.240625 0.04375 0.01875
0 0.1515625 0.13984375 0.040625 0.0265625