0 0.19296875 0.2359375 0.04765625 0.02734375
0 0.5171875 0.6671875 0.04296875 0.0390625
0 0.7578125 0.26953125 0.05390625 0.04140625
0 0.290625 0.1765625 0.0453125 0.0390625
0 0.58125 0.51171875 0.0453125 0.02734375
0 0.8125 0.67890625 0.04921875 0.0421875
0 0.29609375 0.29921875 0.03359375 0.04296875
0 0.2546875 0.39609375 0.04453125 0.0390625
0 0.6515625 0.35703125 0.05546875 0.03515625
0 0.1359375 0.096875 0.05 0.03671875
0 0.4234375 0.434375 0.04765625 0.03671875
0 0.19453125 0.36875 0.05078125 0.0328125
0 0.3234375 0.7234375 0.04375 0.040625
0 0.38125 0.27265625 0.040625 0.03359375
0 0.39296875 0.7984375 0.03671875 0.04375
0 0.3875 0.228125 0.0359375 0.040625
0 0.42421875 0.26640625 0.03515625 0.0390625
0 0.28203125 0.76171875 0.04765625 0.0359375
0 0.4734375 0.29453125 0.03671875 0.046875
0 0.63984375 0.7890625 0.02265625 0.053125
0 0.8265625 0.6171875 0.0265625 0.04609375
0 0.7484375 0.82265625 0.0359375 0.04765625
0 0.5078125 0.484375 0.02421875 0.04453125
0 0.58203125 0.8390625 0.04921875 0.03046875
0 0.584375 0.08203125 0.034375 0.04296875
0 0.275 0.484375 0.0375 0.0453125
0 0.3875 0.5703125 0.05546875 0.02578125
0 0.73359375 0.434375 0.03671875 0.03671875
0 0.23515625 0.6265625 0.0390625 0.04765625
0 0.15390625 0.16328125 0.0390625 0.04609375
0 0.45078125 0.66875 0.034375 0.03828125
0 0.8171875 0.8953125 0.028125 0.01953125
0 0.6578125 0.65703125 0.03203125 0.046875
0 0.7 0.75078125 0.0453125 0.04140625
0 0.728125 0.521875 0.028125 0.05078125
0 0.3734375 0.34921875 0.04453125 0.0390625
0 0.33125 0.5578125 0.03984375 0.04140625
0 0.66171875 0.2734375 0.02578125 0.0484375
0 0.34453125 0.384375 0.05625 0.01875
0 0.27109375 0.56640625 0.05078125 0.034375
0 0.59375 0.76328125 0.05 0.02578125
0 0.5765625 0.1953125 0.05390625 0.0203125
0 0.671875 0.0890625 0.04140625 0.03984375
0 0.65234375 0.60859375 0.06015625 0.02109375
0 0.7109375 0.48515625 0.053125 0.021875
0 0.1765625 0.44609375 0.0265625 0.0484375
0 0.24375 0.796875 0.03828125 0.034375
0 0.76875 0.4015625 0.02578125 0.046875
0 0.540625 0.4296875 0.0296875 0.04609375
0 0.1953125 0.190625 0.040625 0.0359375
0 0.79765625 0.1234375 0.02890625 0.03828125
0 0.740625 0.36328125 0.02734375 0.0375
0 0.2921875 0.52890625 0.03515625 0.03828125
0 0.8375 0.87578125 0.0171875 0.03828125
0 0.475 0.40234375 0.0328125 0.0484375
0 0.48046875 0.7828125 0.05234375 0.0390625
0 0.60390625 0.5890625 0.0390625 0.02734375
0 0.3875 0.7296875 0.06875 0.02421875
0 0.57265625 0.60546875 0.0234375 0.02265625
0 0.44140625 0.5453125 0.04296875 0.025
0 0.2546875 0.70859375 0.06640625 0.015625
0 0.81171875 0.8171875 0.015625 0.046875
0 0.828125 0.83203125 0.01796875 0.0265625
0 0.16015625 0.7515625 0.02890625 0.0265625
0 0.859375 0.77890625 0.0203125 0.04609375
0 0.3953125 0.5234375 0.046875 0.02109375
0 0.684375 0.178125 0.04140625 0.04375
0 0.7359375 0.65546875 0.0671875 0.01484375
0 0.21328125 0.4640625 0.0421875 0.03359375
0 0.6578125 0.5796875 0.04453125 0.03828125
0 0.6609375 0.51875 0.05390625 0.01796875
0 0.5609375 0.6796875 0.05546875 0.0234375
0 0.45703125 0.325 0.06171875 0.01796875
0 0.36796875 0.66484375 0.0296875 0.05
0 0.5078125 0.34921875 0.0640625 0.021875
0 0.71328125 0.61875 0.03203125 0.0484375
0 0.61640625 0.215625 0.05703125 0.01875
0 0.58671875 0.36875 0.06171875 0.025
0 0.83828125 0.28359375 0.0234375 0.04765625
0 0.14765625 0.35078125 0.0265625 0.05
0 0.15546875 0.51796875 0.0234375 0.0484375
0 0.38046875 0.41171875 0.03203125 0.05
0 0.68984375 0.44765625 0.03203125 0.04921875
0 0.1796875 0.6859375 0.05859375 0.028125
0 0.7859375 0.49375 0.0515625 0.0265625
0 0.14609375 0.71171875 0.025 0.021875
0 0.23046875 0.11640625 0.0703125 0.01875
0 0.5796875 0.646875 0.0625 0.01484375
0 0.23046875 0.20390625 0.025 0.0421875
0 0.27734375 0.42578125 0.03828125 0.02109375
0 0.46171875 0.5140625 0.01953125 0.0140625
0 0.4796875 0.51015625 0.01875 0.01875
0 0.54921875 0.5890625 0.01875 0.04375
0 0.41953125 0.64296875 0.0203125 0.0375
0 0.203125 0.659375 0.02578125 0.0234375
0 0.1859375 0.7453125 0.01796875 0.021875
0 0.2171875 0.7171875 0.0140625 0.02578125
0 0.6171875 0.7828125 0.02109375 0.01953125
0 0.77734375 0.8765625 0.05078125 0.02265625