0 0.20625 0.12421875 0.07109375 0.02421875
0 0.3046875 0.14140625 0.0421875 0.046875
0 0.3453125 0.15625 0.03671875 0.0421875
0 0.41484375 0.1390625 0.06484375 0.02421875
0 0.4640625 0.171875 0.053125 0.0390625
0 0.5375 0.184375 0.0625 0.03046875
0 0.33359375 0.20859375 0.05859375 0.0359375
0 0.38046875 0.234375 0.05546875 0.02578125
0 0.18828125 0.1703125 0.02578125 0.04609375
0 0.21328125 0.175 0.02421875 0.04375
0 0.22734375 0.21953125 0.05390625 0.03671875
0 0.21328125 0.26328125 0.05 0.040625
0 0.28046875 0.2859375 0.040625 0.0484375
0 0.36171875 0.27734375 0.06171875 0.040625
0 0.3796875 0.3453125 0.05390625 0.04375
0 0.28125 0.33203125 0.078125 0.0265625
0 0.471875 0.25625 0.03203125 0.02734375
0 0.5015625 0.24375 0.02734375 0.0265625
0 0.53828125 0.24765625 0.0375 0.03359375
0 0.5765625 0.26796875 0.0328125 0.02890625
0 0.65625 0.20546875 0.06796875 0.0203125
0 0.68203125 0.2390625 0.025 0.046875
0 0.73828125 0.209375 0.03828125 0.034375
0 0.76328125 0.159375 0.0265625 0.01640625
0 0.778125 0.14609375 0.03125 0.015625
0 0.63359375 0.26953125 0.03515625 0.0484375
0 0.6734375 0.2859375 0.02578125 0.0265625
0 0.71484375 0.2828125 0.059375 0.0234375
0 0.71328125 0.3265625 0.03203125 0.02578125
0 0.7359375 0.34453125 0.040625 0.0296875
0 0.76796875 0.3375 0.021875 0.04140625
0 0.7828125 0.3671875 0.0203125 0.0234375
0 0.68203125 0.33203125 0.015625 0.04296875
0 0.65078125 0.32421875 0.0453125 0.0265625
0 0.5578125 0.296875 0.03203125 0.0296875
0 0.5453125 0.321875 0.03984375 0.021875
0 0.51015625 0.303125 0.05078125 0.03125
0 0.6203125 0.37734375 0.034375 0.0421875
0 0.61796875 0.4125 0.05 0.03046875
0 0.6765625 0.4234375 0.0390625 0.0484375
0 0.6796875 0.459375 0.0234375 0.0171875
0 0.70625 0.4796875 0.028125 0.0390625
0 0.7640625 0.4671875 0.0265625 0.025
0 0.7453125 0.49296875 0.03125 0.021875
0 0.771875 0.5203125 0.03515625 0.03828125
0 0.73515625 0.52578125 0.02421875 0.04140625
0 0.66328125 0.51796875 0.02734375 0.04609375
0 0.58515625 0.4421875 0.015625 0.046875
0 0.5484375 0.4296875 0.04375 0.01796875
0 0.51640625 0.4484375 0.021875 0.0375
0 0.49921875 0.40390625 0.03046875 0.0234375
0 0.43515625 0.4 0.0234375 0.04921875
0 0.47109375 0.45234375 0.0296875 0.05234375
0 0.4234375 0.47421875 0.03515625 0.03828125
0 0.47265625 0.5265625 0.0328125 0.04140625
0 0.5484375 0.51484375 0.04609375 0.02734375
0 0.53046875 0.54609375 0.0421875 0.04296875
0 0.41953125 0.5203125 0.0625 0.03046875
0 0.35703125 0.46171875 0.028125 0.046875
0 0.3171875 0.42890625 0.03359375 0.04765625
0 0.253125 0.3984375 0.028125 0.0484375
0 0.2203125 0.453125 0.0625 0.02578125
0 0.2125 0.4921875 0.040625 0.04609375
0 0.27734375 0.48046875 0.021875 0.0203125
0 0.2859375 0.49609375 0.06015625 0.01328125
0 0.3375 0.57578125 0.02421875 0.03984375
0 0.2890625 0.5859375 0.040625 0.04765625
0 0.40234375 0.5671875 0.0390625 0.046875
0 0.45078125 0.575 0.040625 0.046875
0 0.4828125 0.6046875 0.03515625 0.04609375
0 0.6265625 0.54921875 0.02734375 0.01640625
0 0.6328125 0.578125 0.021875 0.0453125
0 0.671875 0.5765625 0.0359375 0.0453125
0 0.71484375 0.6109375 0.034375 0.05625
0 0.77734375 0.5734375 0.0234375 0.05234375
0 0.75859375 0.66015625 0.03046875 0.05859375
0 0.8015625 0.6640625 0.02265625 0.01953125
0 0.79140625 0.69453125 0.02421875 0.040625
0 0.684375 0.65390625 0.028125 0.02265625
0 0.65390625 0.6828125 0.034375 0.04296875
0 0.63984375 0.6171875 0.05625 0.02265625
0 0.59296875 0.625 0.0375 0.03125
0 0.76875 0.7328125 0.0515625 0.02578125
0 0.690625 0.74375 0.0546875 0.040625
0 0.73203125 0.7765625 0.0203125 0.02109375
0 0.675 0.8640625 0.05546875 0.034375
0 0.42734375 0.7515625 0.0640625 0.040625
0 0.4546875 0.640625 0.0609375 0.028125
0 0.4046875 0.65078125 0.04375 0.0484375
0 0.31953125 0.7046875 0.0296875 0.0515625
0 0.27265625 0.67109375 0.0328125 0.0546875
0 0.23828125 0.6203125 0.040625 0.04609375
0 0.1828125 0.72265625 0.04921875 0.046875
0 0.22265625 0.79609375 0.07265625 0.0375
0 0.246875 0.83828125 0.06015625 0.0484375
0 0.32265625 0.7953125 0.0578125 0.04453125
0 0.353125 0.84609375 0.04921875 0.04453125
0 0.73984375 0.7546875 0.01328125 0.01953125
0 0.521875 0.3890625 0.01640625 0.0421875
0 0.565625 0.45234375 0.025 0.0359375