0 0.28046875 0.384375 0.04375 0.0359375
0 0.53046875 0.39609375 0.0390625 0.0328125
0 0.403125 0.39453125 0.0390625 0.0421875
0 0.321875 0.478125 0.0625 0.04375
0 0.184375 0.55625 0.053125 0.04375
0 0.765625 0.36328125 0.040625 0.03125
0 0.60234375 0.3140625 0.05625 0.028125
0 0.446875 0.2796875 0.0421875 0.034375
0 0.5609375 0.3625 0.0390625 0.0375
0 0.4078125 0.5640625 0.046875 0.046875
0 0.18515625 0.5015625 0.0421875 0.046875
0 0.565625 0.465625 0.0515625 0.0328125
0 0.63125 0.36875 0.0484375 0.0328125
0 0.28359375 0.55859375 0.0484375 0.0421875
0 0.234375 0.6625 0.0421875 0.05625
0 0.76640625 0.39453125 0.05625 0.0375
0 0.659375 0.79609375 0.028125 0.0421875
0 0.628125 0.234375 0.0390625 0.04375
0 0.4265625 0.45 0.025 0.0484375
0 0.240625 0.21171875 0.034375 0.04375
0 0.34921875 0.37109375 0.04375 0.03125
0 0.42734375 0.52265625 0.0453125 0.0390625
0 0.6640625 0.403125 0.0234375 0.0390625
0 0.6734375 0.3265625 0.0484375 0.025
0 0.490625 0.65 0.0453125 0.03125
0 0.671875 0.2546875 0.046875 0.03125
0 0.29375 0.23203125 0.053125 0.025
0 0.634375 0.66015625 0.0359375 0.046875
0 0.25078125 0.15 0.0421875 0.03125
0 0.2703125 0.34609375 0.0453125 0.0421875
0 0.60859375 0.41640625 0.0203125 0.0390625
0 0.73828125 0.61171875 0.046875 0.040625
0 0.7109375 0.209375 0.040625 0.0421875
0 0.75703125 0.48125 0.0296875 0.015625
0 0.77265625 0.46328125 0.028125 0.0328125
0 0.4828125 0.52421875 0.0390625 0.046875
0 0.22578125 0.41171875 0.053125 0.0296875
0 0.71171875 0.32109375 0.0453125 0.028125
0 0.31328125 0.634375 0.059375 0.0375
0 0.4859375 0.20234375 0.0484375 0.0296875
0 0.8234375 0.37421875 0.01875 0.0375
0 0.26171875 0.4890625 0.040625 0.05
0 0.42265625 0.215625 0.059375 0.0203125
0 0.640625 0.73984375 0.0453125 0.0359375
0 0.5609375 0.57890625 0.0484375 0.0328125
0 0.68125 0.6171875 0.028125 0.0375
0 0.48203125 0.40625 0.0265625 0.0421875
0 0.5609375 0.21015625 0.0578125 0.021875
0 0.34765625 0.446875 0.0421875 0.040625
0 0.753125 0.28203125 0.040625 0.034375
0 0.621875 0.9046875 0.0453125 0.04375
0 0.35078125 0.20078125 0.03125 0.0421875
0 0.29921875 0.51640625 0.03125 0.04375
0 0.24921875 0.28984375 0.028125 0.0375
0 0.7640625 0.5765625 0.0359375 0.0421875
0 0.68828125 0.5875 0.0421875 0.0296875
0 0.7078125 0.28984375 0.0234375 0.0375
0 0.78984375 0.44765625 0.03125 0.034375
0 0.30390625 0.18359375 0.05 0.03125
0 0.74453125 0.80234375 0.0328125 0.0421875
0 0.29140625 0.4078125 0.03125 0.0171875
0 0.32890625 0.40546875 0.0390625 0.040625
0 0.540625 0.6109375 0.0578125 0.0234375
0 0.59140625 0.36015625 0.0296875 0.040625
0 0.27265625 0.196875 0.021875 0.040625
0 0.65078125 0.4609375 0.0328125 0.040625
0 0.66171875 0.534375 0.05625 0.0234375
0 0.76796875 0.50234375 0.03125 0.0140625
0 0.79453125 0.49921875 0.028125 0.0375
0 0.71015625 0.4109375 0.025 0.04375
0 0.71796875 0.37890625 0.021875 0.028125
0 0.16875 0.40078125 0.0296875 0.0390625
0 0.7296875 0.478125 0.0234375 0.04375
0 0.31484375 0.67109375 0.05 0.028125
0 0.61796875 0.58671875 0.0484375 0.040625
0 0.30703125 0.78046875 0.05 0.040625
0 0.5921875 0.26484375 0.025 0.0421875
0 0.7453125 0.69296875 0.03125 0.04375
0 0.52421875 0.28359375 0.025 0.0390625
0 0.69296875 0.8296875 0.0296875 0.0453125
0 0.30234375 0.16015625 0.053125 0.0234375
0 0.4 0.140625 0.0203125 0.0421875
0 0.2453125 0.25703125 0.0265625 0.0359375
0 0.465625 0.3328125 0.0375 0.0375
0 0.78046875 0.690625 0.034375 0.040625
0 0.30078125 0.7234375 0.0609375 0.040625
0 0.31640625 0.59609375 0.034375 0.040625
0 0.6890625 0.459375 0.0265625 0.0359375
0 0.40625 0.61171875 0.059375 0.0328125
0 0.40859375 0.2671875 0.046875 0.01875
0 0.3265625 0.2890625 0.0546875 0.0265625
0 0.80234375 0.35078125 0.03125 0.021875
0 0.8078125 0.57265625 0.0296875 0.04375
0 0.37734375 0.48984375 0.0234375 0.05
0 0.465625 0.628125 0.059375 0.021875
0 0.4578125 0.565625 0.034375 0.0453125
0 0.76015625 0.7625 0.0234375 0.0421875