0 0.37578125 0.1625 0.0421875 0.0546875
0 0.278125 0.1859375 0.05 0.05
0 0.20625 0.1984375 0.0671875 0.0375
0 0.29921875 0.24921875 0.0703125 0.03125
0 0.421875 0.190625 0.0484375 0.0515625
0 0.48359375 0.2421875 0.04375 0.046875
0 0.4296875 0.26640625 0.04375 0.0421875
0 0.4125 0.3296875 0.0546875 0.0453125
0 0.27890625 0.3453125 0.0515625 0.04375
0 0.3296875 0.36640625 0.0421875 0.0453125
0 0.16875 0.3703125 0.053125 0.05625
0 0.58359375 0.29296875 0.05625 0.053125
0 0.7390625 0.29453125 0.0359375 0.05
0 0.7734375 0.25546875 0.0390625 0.053125
0 0.66484375 0.3359375 0.0359375 0.0515625
0 0.85546875 0.309375 0.0609375 0.046875
0 0.75625 0.3625 0.0296875 0.0484375
0 0.82734375 0.3640625 0.025 0.0390625
0 0.6546875 0.3875 0.0375 0.0203125
0 0.7546875 0.4125 0.034375 0.0421875
0 0.81640625 0.42578125 0.0328125 0.04375
0 0.8578125 0.425 0.0296875 0.0484375
0 0.7484375 0.45703125 0.05625 0.034375
0 0.721875 0.4953125 0.0359375 0.03125
0 0.6703125 0.478125 0.028125 0.0390625
0 0.60546875 0.4296875 0.0578125 0.0234375
0 0.553125 0.446875 0.0359375 0.04375
0 0.53828125 0.38984375 0.0296875 0.0421875
0 0.4984375 0.3859375 0.046875 0.0375
0 0.4546875 0.4 0.0265625 0.0453125
0 0.39921875 0.44765625 0.065625 0.040625
0 0.19609375 0.43515625 0.0453125 0.0296875
0 0.2296875 0.453125 0.0453125 0.0359375
0 0.196875 0.50859375 0.0375 0.034375
0 0.35390625 0.50234375 0.0390625 0.0359375
0 0.44296875 0.5109375 0.0296875 0.040625
0 0.38515625 0.55390625 0.0296875 0.0453125
0 0.3453125 0.5390625 0.040625 0.028125
0 0.30078125 0.53984375 0.0359375 0.040625
0 0.221875 0.54296875 0.0390625 0.0296875
0 0.20625 0.5890625 0.028125 0.0390625
0 0.27265625 0.58515625 0.040625 0.0421875
0 0.35234375 0.58515625 0.0296875 0.0453125
0 0.44296875 0.5859375 0.025 0.0234375
0 0.42578125 0.575 0.025 0.0234375
0 0.50390625 0.546875 0.0421875 0.046875
0 0.58515625 0.50078125 0.05 0.0421875
0 0.62890625 0.5203125 0.0296875 0.05
0 0.55234375 0.57265625 0.059375 0.025
0 0.5421875 0.5875 0.0265625 0.0328125
0 0.65703125 0.55625 0.0390625 0.0484375
0 0.634375 0.59921875 0.028125 0.0484375
0 0.4046875 0.64609375 0.0234375 0.0421875
0 0.36015625 0.634375 0.0546875 0.0265625
0 0.22578125 0.653125 0.0484375 0.0453125
0 0.25390625 0.68125 0.0421875 0.0328125
0 0.36484375 0.68515625 0.0671875 0.0375
0 0.85625 0.521875 0.05 0.0640625
0 0.7078125 0.565625 0.05 0.0359375
0 0.71171875 0.60546875 0.03125 0.04375
0 0.809375 0.59375 0.0265625 0.0421875
0 0.7875 0.59140625 0.03125 0.04375
0 0.809375 0.62578125 0.0203125 0.04375
0 0.78046875 0.62109375 0.04375 0.0203125
0 0.78203125 0.65 0.0234375 0.0421875
0 0.7140625 0.65546875 0.0375 0.0515625
0 0.65 0.65859375 0.0265625 0.04375
0 0.6296875 0.63203125 0.06875 0.0296875
0 0.5390625 0.6453125 0.06875 0.0359375
0 0.57734375 0.68671875 0.028125 0.0296875
0 0.55625 0.6703125 0.0546875 0.0328125
0 0.52109375 0.70546875 0.0359375 0.046875
0 0.49296875 0.709375 0.0375 0.0484375
0 0.584375 0.73359375 0.03125 0.0515625
0 0.51484375 0.77890625 0.0515625 0.034375
0 0.47109375 0.77734375 0.0375 0.040625
0 0.434375 0.803125 0.04375 0.03125
0 0.4015625 0.8265625 0.034375 0.03125
0 0.35234375 0.80859375 0.0296875 0.0359375
0 0.2890625 0.80625 0.04375 0.0484375
0 0.2515625 0.77265625 0.059375 0.0296875
0 0.22109375 0.7390625 0.059375 0.0328125
0 0.77109375 0.7125 0.0390625 0.0390625
0 0.87890625 0.67265625 0.0484375 0.053125
0 0.8359375 0.73671875 0.034375 0.0453125
0 0.71328125 0.74453125 0.0359375 0.059375
0 0.64765625 0.77890625 0.0640625 0.0265625
0 0.56796875 0.80234375 0.0296875 0.034375
0 0.578125 0.77890625 0.025 0.021875
0 0.6265625 0.8265625 0.0453125 0.0515625
0 0.80625 0.80078125 0.03125 0.046875
0 0.715625 0.85546875 0.0609375 0.0375
0 0.59375 0.865625 0.05 0.025
0 0.32890625 0.89921875 0.0640625 0.0453125
0 0.3203125 0.8546875 0.034375 0.040625
0 0.21953125 0.88515625 0.046875 0.0515625
0 0.43984375 0.90546875 0.0640625 0.03125
0 0.74140625 0.90859375 0.0703125 0.0359375