0 0.096875 0.1578125 0.0171875 0.015625
0 0.11015625 0.14921875 0.01875 0.0125
0 0.11953125 0.13828125 0.028125 0.0125
0 0.140625 0.16640625 0.025 0.040625
0 0.17421875 0.1578125 0.0296875 0.01875
0 0.21796875 0.15546875 0.059375 0.0234375
0 0.13203125 0.20390625 0.025 0.0484375
0 0.1640625 0.259375 0.03125 0.0265625
0 0.1953125 0.27421875 0.0296875 0.01875
0 0.21875 0.2296875 0.04375 0.0328125
0 0.29765625 0.2421875 0.0734375 0.0328125
0 0.3078125 0.146875 0.0421875 0.040625
0 0.4078125 0.19921875 0.065625 0.0328125
0 0.48671875 0.18828125 0.0421875 0.0453125
0 0.5734375 0.1453125 0.065625 0.03125
0 0.5671875 0.23203125 0.05625 0.0359375
0 0.67421875 0.1328125 0.0265625 0.0203125
0 0.69375 0.14375 0.01875 0.034375
0 0.69296875 0.20546875 0.0359375 0.0515625
0 0.7078125 0.25546875 0.0296875 0.040625
0 0.759375 0.25078125 0.0375 0.0515625
0 0.65546875 0.25546875 0.0375 0.046875
0 0.68203125 0.29375 0.05625 0.025
0 0.71640625 0.3234375 0.04375 0.0359375
0 0.6734375 0.3296875 0.0375 0.0453125
0 0.746875 0.37109375 0.040625 0.0390625
0 0.6546875 0.396875 0.03125 0.046875
0 0.61328125 0.3859375 0.03125 0.0390625
0 0.5453125 0.3515625 0.0234375 0.0390625
0 0.5265625 0.29609375 0.0609375 0.025
0 0.453125 0.3453125 0.04375 0.0515625
0 0.575 0.39921875 0.040625 0.046875
0 0.6296875 0.43984375 0.03125 0.0421875
0 0.553125 0.44453125 0.059375 0.0234375
0 0.56171875 0.46796875 0.046875 0.021875
0 0.54140625 0.4875 0.04375 0.0234375
0 0.6515625 0.49453125 0.0328125 0.0390625
0 0.76640625 0.48359375 0.028125 0.0453125
0 0.73515625 0.54921875 0.0265625 0.0359375
0 0.70703125 0.5328125 0.0265625 0.0453125
0 0.64609375 0.5390625 0.0328125 0.040625
0 0.64375 0.5796875 0.065625 0.0265625
0 0.709375 0.61171875 0.0421875 0.0359375
0 0.73359375 0.65859375 0.0234375 0.04375
0 0.68359375 0.65703125 0.0265625 0.040625
0 0.70546875 0.7296875 0.0546875 0.0375
0 0.7859375 0.73046875 0.0359375 0.04375
0 0.64765625 0.753125 0.034375 0.0359375
0 0.6265625 0.77578125 0.025 0.0234375
0 0.59921875 0.76640625 0.028125 0.04375
0 0.54140625 0.79140625 0.0421875 0.04375
0 0.4625 0.76875 0.0375 0.0296875
0 0.46875 0.8171875 0.0390625 0.0421875
0 0.39765625 0.79453125 0.0640625 0.03125
0 0.3359375 0.7703125 0.05625 0.0453125
0 0.41640625 0.709375 0.040625 0.053125
0 0.4953125 0.66015625 0.040625 0.0421875
0 0.4265625 0.6203125 0.05625 0.034375
0 0.36875 0.61796875 0.0328125 0.0484375
0 0.4328125 0.5703125 0.0640625 0.0265625
0 0.42734375 0.54453125 0.04375 0.03125
0 0.503125 0.54140625 0.065625 0.03125
0 0.4765625 0.5 0.053125 0.04375
0 0.44375 0.453125 0.071875 0.0234375
0 0.35859375 0.4890625 0.0265625 0.01875
0 0.38671875 0.51015625 0.028125 0.0484375
0 0.3515625 0.55703125 0.0390625 0.046875
0 0.253125 0.52734375 0.0421875 0.0390625
0 0.2375 0.58828125 0.05625 0.03125
0 0.15390625 0.59921875 0.0484375 0.046875
0 0.20703125 0.4421875 0.040625 0.0484375
0 0.30234375 0.38046875 0.034375 0.0484375
0 0.334375 0.4140625 0.03125 0.0484375
0 0.37265625 0.41875 0.040625 0.046875
0 0.4140625 0.39140625 0.03125 0.0484375
0 0.36875 0.30546875 0.0578125 0.0296875
0 0.11015625 0.35078125 0.0140625 0.01875
0 0.125 0.34765625 0.0171875 0.0234375
0 0.75234375 0.778125 0.028125 0.0265625
0 0.6953125 0.79921875 0.0390625 0.040625
0 0.75078125 0.8171875 0.0375 0.046875
0 0.80546875 0.81328125 0.025 0.021875
0 0.82578125 0.81171875 0.0203125 0.0203125
0 0.83671875 0.89453125 0.0265625 0.01875
0 0.834375 0.87578125 0.0203125 0.01875
0 0.75859375 0.88125 0.046875 0.028125
0 0.7078125 0.8890625 0.0484375 0.025
0 0.71171875 0.86875 0.05 0.01875
0 0.671875 0.85 0.05 0.0234375
0 0.5671875 0.85859375 0.0515625 0.034375
0 0.42265625 0.89375 0.075 0.028125
0 0.34921875 0.8953125 0.0484375 0.040625
0 0.26328125 0.85078125 0.0328125 0.053125
0 0.23515625 0.759375 0.0421875 0.05
0 0.1828125 0.809375 0.059375 0.028125
0 0.14453125 0.8234375 0.025 0.0296875