0 0.62421875 0.11171875 0.05234375 0.05
0 0.72109375 0.23828125 0.0390625 0.03984375
0 0.728125 0.19453125 0.059375 0.025
0 0.153125 0.28671875 0.02578125 0.0390625
0 0.2109375 0.2453125 0.03125 0.0390625
0 0.1375 0.3359375 0.02421875 0.034375
0 0.159375 0.33671875 0.021875 0.0421875
0 0.33203125 0.32890625 0.03046875 0.04140625
0 0.39140625 0.3046875 0.0609375 0.021875
0 0.4265625 0.35078125 0.02265625 0.03828125
0 0.46796875 0.31640625 0.03671875 0.02265625
0 0.47890625 0.3703125 0.05625 0.01796875
0 0.51640625 0.34140625 0.03203125 0.04375
0 0.6046875 0.28515625 0.0453125 0.04453125
0 0.61328125 0.3546875 0.02265625 0.034375
0 0.63359375 0.3375 0.02265625 0.03046875
0 0.65546875 0.30703125 0.0515625 0.021875
0 0.71484375 0.33359375 0.046875 0.01796875
0 0.71171875 0.30625 0.05390625 0.01171875
0 0.51484375 0.4765625 0.03515625 0.03203125
0 0.52421875 0.4421875 0.0421875 0.01640625
0 0.5671875 0.4375 0.0140625 0.04140625
0 0.62109375 0.44765625 0.0375 0.02734375
0 0.6328125 0.4171875 0.03046875 0.03671875
0 0.678125 0.38984375 0.034375 0.04453125
0 0.1828125 0.409375 0.02265625 0.0390625
0 0.21875 0.3796875 0.03828125 0.03125
0 0.31875 0.39453125 0.05625 0.0140625
0 0.3984375 0.40859375 0.053125 0.02421875
0 0.16875 0.4609375 0.02421875 0.04140625
0 0.2125 0.428125 0.009375 0.03359375
0 0.2296875 0.42109375 0.02265625 0.028125
0 0.54609375 0.4171875 0.03671875 0.01328125
0 0.4140625 0.44609375 0.0453125 0.0296875
0 0.59921875 0.5609375 0.04453125 0.02265625
0 0.60546875 0.528125 0.0234375 0.034375
0 0.6390625 0.49375 0.03671875 0.025
0 0.6640625 0.47734375 0.01796875 0.01953125
0 0.74375 0.496875 0.03359375 0.0421875
0 0.784375 0.453125 0.03046875 0.03515625
0 0.80625 0.5078125 0.02890625 0.0375
0 0.81640625 0.54140625 0.02421875 0.02265625
0 0.69375 0.5484375 0.04921875 0.0171875
0 0.51328125 0.57421875 0.05859375 0.01640625
0 0.51171875 0.55625 0.02734375 0.02265625
0 0.53515625 0.51640625 0.025 0.0203125
0 0.56328125 0.52109375 0.0359375 0.015625
0 0.14765625 0.50546875 0.015625 0.03984375
0 0.16484375 0.546875 0.025 0.04609375
0 0.21015625 0.5046875 0.0171875 0.03671875
0 0.22421875 0.47421875 0.0328125 0.0390625
0 0.22578125 0.5640625 0.03046875 0.034375
0 0.28203125 0.5421875 0.028125 0.0421875
0 0.271875 0.50625 0.02578125 0.03828125
0 0.3328125 0.57578125 0.0265625 0.0484375
0 0.38828125 0.55390625 0.02421875 0.0375
0 0.43984375 0.5421875 0.05 0.01796875
0 0.7765625 0.58125 0.04765625 0.01953125
0 0.571875 0.6 0.06796875 0.0125
0 0.59921875 0.61015625 0.05703125 0.0171875
0 0.71171875 0.6625 0.046875 0.01875
0 0.72578125 0.63125 0.04921875 0.028125
0 0.82734375 0.63984375 0.0359375 0.04140625
0 0.79609375 0.69296875 0.04921875 0.0421875
0 0.609375 0.66015625 0.0609375 0.028125
0 0.53125 0.628125 0.0546875 0.0296875
0 0.434375 0.61875 0.02734375 0.03984375
0 0.1390625 0.6453125 0.02421875 0.03984375
0 0.16171875 0.6453125 0.0234375 0.0453125
0 0.2390625 0.6734375 0.06640625 0.02578125
0 0.38046875 0.69609375 0.03984375 0.03515625
0 0.49296875 0.68671875 0.05078125 0.03359375
0 0.47734375 0.66015625 0.05234375 0.03125
0 0.56171875 0.7171875 0.046875 0.03125
0 0.6859375 0.71171875 0.03359375 0.03984375
0 0.6640625 0.7578125 0.05234375 0.0359375
0 0.8125 0.7921875 0.06171875 0.0265625
0 0.5515625 0.79765625 0.0578125 0.021875
0 0.59375 0.7796875 0.05234375 0.0203125
0 0.46640625 0.78828125 0.0546875 0.0484375
0 0.371875 0.78125 0.04609375 0.03359375
0 0.309375 0.74921875 0.03203125 0.04140625
0 0.19765625 0.73515625 0.03828125 0.0421875
0 0.20546875 0.86015625 0.0609375 0.02421875
0 0.2015625 0.83671875 0.04140625 0.0265625
0 0.14453125 0.90703125 0.040625 0.034375
0 0.2953125 0.896875 0.05078125 0.0140625
0 0.2953125 0.8859375 0.05703125 0.01171875
0 0.3875 0.87265625 0.05234375 0.01328125
0 0.39375 0.83203125 0.0453125 0.0203125
0 0.4765625 0.8703125 0.05390625 0.02109375
0 0.48984375 0.8375 0.065625 0.0125
0 0.44140625 0.8640625 0.04296875 0.01328125
0 0.43671875 0.9109375 0.06484375 0.01328125
0 0.58671875 0.89296875 0.04296875 0.03125
0 0.5765625 0.83359375 0.06328125 0.025
0 0.6421875 0.846875 0.034375 0.0328125
0 0.69140625 0.87890625 0.0578125 0.0125
0 0.778125 0.865625 0.04140625 0.0375
0 0.73515625 0.8265625 0.04921875 0.021875