0 0.1125 0.86171875 0.021875 0.0203125
0 0.134375 0.83046875 0.01875 0.021875
0 0.13046875 0.77109375 0.0234375 0.0453125
0 0.12578125 0.71953125 0.0296875 0.03125
0 0.15390625 0.7328125 0.028125 0.021875
0 0.1640625 0.753125 0.025 0.025
0 0.16171875 0.66484375 0.0359375 0.05
0 0.2046875 0.73671875 0.0453125 0.025
0 0.24921875 0.73515625 0.0375 0.04375
0 0.25625 0.8265625 0.0546875 0.034375
0 0.29609375 0.76953125 0.04375 0.05
0 0.39765625 0.80078125 0.0671875 0.021875
0 0.41875 0.8375 0.0421875 0.046875
0 0.38125 0.73125 0.0625 0.034375
0 0.49765625 0.7796875 0.04375 0.05
0 0.58984375 0.825 0.0625 0.0296875
0 0.64609375 0.83203125 0.0484375 0.025
0 0.61171875 0.790625 0.0390625 0.04375
0 0.63671875 0.77890625 0.03125 0.05
0 0.678125 0.76015625 0.053125 0.0296875
0 0.746875 0.75 0.053125 0.0375
0 0.77734375 0.70703125 0.0359375 0.05
0 0.675 0.73125 0.0640625 0.0125
0 0.50234375 0.72421875 0.0609375 0.021875
0 0.553125 0.69765625 0.06875 0.01875
0 0.634375 0.67890625 0.034375 0.03125
0 0.67109375 0.6890625 0.04375 0.0421875
0 0.72890625 0.646875 0.046875 0.028125
0 0.7640625 0.6171875 0.046875 0.0453125
0 0.6765625 0.61484375 0.03125 0.0375
0 0.6484375 0.603125 0.028125 0.040625
0 0.6015625 0.646875 0.0234375 0.0421875
0 0.5609375 0.64375 0.028125 0.0390625
0 0.58984375 0.59609375 0.028125 0.046875
0 0.46640625 0.65078125 0.040625 0.0453125
0 0.428125 0.621875 0.034375 0.040625
0 0.49921875 0.6015625 0.03125 0.04375
0 0.48125 0.56015625 0.046875 0.0390625
0 0.38984375 0.5875 0.04375 0.040625
0 0.34453125 0.57265625 0.05 0.028125
0 0.31484375 0.6265625 0.0359375 0.046875
0 0.265625 0.5296875 0.046875 0.046875
0 0.38671875 0.5484375 0.059375 0.025
0 0.41484375 0.50546875 0.034375 0.040625
0 0.45625 0.4765625 0.075 0.0296875
0 0.35859375 0.45234375 0.0328125 0.046875
0 0.25625 0.490625 0.0375 0.040625
0 0.19375 0.5203125 0.05625 0.040625
0 0.2375 0.4234375 0.0625 0.0296875
0 0.3390625 0.40546875 0.0375 0.05
0 0.15390625 0.31953125 0.0625 0.0296875
0 0.2609375 0.3140625 0.0453125 0.046875
0 0.3 0.28203125 0.0546875 0.0453125
0 0.33203125 0.22578125 0.05625 0.03125
0 0.290625 0.19140625 0.0375 0.05
0 0.36796875 0.1375 0.021875 0.046875
0 0.40703125 0.15625 0.059375 0.0234375
0 0.4578125 0.20390625 0.046875 0.028125
0 0.50625 0.21171875 0.05 0.03125
0 0.46796875 0.265625 0.0265625 0.05
0 0.4265625 0.27265625 0.0375 0.046875
0 0.4359375 0.32421875 0.06875 0.028125
0 0.62734375 0.1609375 0.05625 0.028125
0 0.69609375 0.12421875 0.0296875 0.025
0 0.71328125 0.10625 0.028125 0.021875
0 0.72578125 0.19921875 0.025 0.0453125
0 0.64296875 0.19765625 0.03125 0.04375
0 0.6109375 0.253125 0.03125 0.046875
0 0.75078125 0.2046875 0.0296875 0.04375
0 0.80703125 0.12734375 0.021875 0.05
0 0.81640625 0.18359375 0.021875 0.0421875
0 0.78671875 0.22109375 0.021875 0.0234375
0 0.78203125 0.24140625 0.021875 0.01875
0 0.77265625 0.27109375 0.0234375 0.040625
0 0.6765625 0.2421875 0.015625 0.0421875
0 0.69140625 0.2359375 0.01875 0.0359375
0 0.5796875 0.27890625 0.0484375 0.034375
0 0.57265625 0.32109375 0.025 0.04375
0 0.6078125 0.3171875 0.03125 0.0265625
0 0.62109375 0.3484375 0.0390625 0.034375
0 0.7453125 0.3578125 0.0328125 0.04375
0 0.75703125 0.41640625 0.046875 0.040625
0 0.7015625 0.44609375 0.0296875 0.0484375
0 0.725 0.50859375 0.028125 0.04375
0 0.78515625 0.51015625 0.0328125 0.0421875
0 0.6171875 0.47421875 0.03125 0.04375
0 0.56953125 0.46484375 0.040625 0.046875
0 0.62265625 0.51484375 0.03125 0.0421875
0 0.56484375 0.54609375 0.0625 0.028125
0 0.67421875 0.54765625 0.03125 0.04375
0 0.70546875 0.5484375 0.034375 0.040625
0 0.528125 0.41328125 0.034375 0.05
0 0.45703125 0.375 0.0609375 0.028125
0 0.4625 0.42421875 0.0375 0.0484375
0 0.4078125 0.4328125 0.059375 0.0328125
0 0.36484375 0.51328125 0.025 0.015625