0 0.63046875 0.22421875 0.0484375 0.0484375
0 0.2375 0.86796875 0.059375 0.05625
0 0.7578125 0.5890625 0.053125 0.05
0 0.721875 0.33671875 0.0515625 0.05625
0 0.41875 0.8703125 0.0640625 0.0640625
0 0.36328125 0.8375 0.0453125 0.0484375
0 0.4765625 0.409375 0.0484375 0.0578125
0 0.45859375 0.18671875 0.034375 0.040625
0 0.478125 0.35390625 0.0421875 0.04375
0 0.2171875 0.68984375 0.0515625 0.0625
0 0.628125 0.3609375 0.0390625 0.04375
0 0.6546875 0.521875 0.0421875 0.0453125
0 0.2953125 0.50078125 0.04375 0.0515625
0 0.38125 0.5265625 0.03125 0.0453125
0 0.3921875 0.4875 0.03125 0.040625
0 0.42109375 0.61875 0.0453125 0.053125
0 0.49140625 0.9 0.0703125 0.0421875
0 0.515625 0.86015625 0.0671875 0.0484375
0 0.6296875 0.5859375 0.0375 0.053125
0 0.56875 0.4375 0.06875 0.0375
0 0.60703125 0.6984375 0.0515625 0.0328125
0 0.2875 0.70078125 0.0375 0.0484375
0 0.46875 0.22578125 0.04375 0.0453125
0 0.7765625 0.67109375 0.046875 0.05
0 0.5140625 0.275 0.04375 0.053125
0 0.5078125 0.7375 0.05625 0.0453125
0 0.75234375 0.84609375 0.046875 0.0484375
0 0.3359375 0.596875 0.040625 0.0546875
0 0.6921875 0.53203125 0.0546875 0.0546875
0 0.1703125 0.73515625 0.04375 0.0546875
0 0.5265625 0.521875 0.040625 0.046875
0 0.65546875 0.78515625 0.05 0.05
0 0.35546875 0.778125 0.0359375 0.0546875
0 0.7296875 0.98125 0.0625 0.0375
0 0.4765625 0.78125 0.059375 0.0359375
0 0.5046875 0.490625 0.034375 0.0546875
0 0.48984375 0.4671875 0.0359375 0.04375
0 0.546875 0.21484375 0.0390625 0.0546875
0 0.36171875 0.3671875 0.0609375 0.046875
0 0.609375 0.640625 0.0328125 0.053125
0 0.68203125 0.81953125 0.046875 0.046875
0 0.34609375 0.4375 0.059375 0.03125
0 0.40078125 0.3046875 0.0421875 0.04375
0 0.58046875 0.33125 0.05 0.0546875
0 0.56875 0.8703125 0.0546875 0.0546875
0 0.20859375 0.81796875 0.0265625 0.0203125
0 0.734375 0.678125 0.0359375 0.05
0 0.65078125 0.86484375 0.0421875 0.05625
0 0.2109375 0.64375 0.059375 0.0375
0 0.49140625 0.81015625 0.0609375 0.04375
0 0.61171875 0.73359375 0.053125 0.0265625
0 0.43671875 0.54609375 0.0453125 0.04375
0 0.3421875 0.715625 0.0515625 0.059375
0 0.796875 0.38359375 0.0640625 0.0484375
0 0.14609375 0.7 0.04375 0.0609375
0 0.44453125 0.25625 0.05625 0.0453125
0 0.9015625 0.3171875 0.0359375 0.0546875
0 0.4078125 0.1265625 0.065625 0.0421875
0 0.68046875 0.7390625 0.034375 0.046875
0 0.59765625 0.390625 0.0359375 0.05
0 0.58125 0.81640625 0.040625 0.0578125
0 0.234375 0.428125 0.0375 0.0515625
0 0.24609375 0.3953125 0.0328125 0.0328125
0 0.18125 0.853125 0.0609375 0.0359375
0 0.32578125 0.821875 0.046875 0.025
0 0.43125 0.68203125 0.0265625 0.025
0 0.6453125 0.66328125 0.0328125 0.0484375
0 0.39296875 0.403125 0.0546875 0.0515625
0 0.259375 0.8078125 0.0328125 0.040625
0 0.665625 0.69609375 0.053125 0.0375
0 0.82109375 0.6671875 0.0359375 0.05
0 0.68125 0.16796875 0.0453125 0.046875
0 0.528125 0.6453125 0.0671875 0.0515625
0 0.37734375 0.334375 0.034375 0.0453125
0 0.35078125 0.32890625 0.0375 0.04375
0 0.72890625 0.171875 0.0625 0.0375
0 0.74765625 0.15234375 0.0625 0.0375
0 0.76328125 0.75390625 0.04375 0.0546875
0 0.8640625 0.26875 0.0609375 0.046875
0 0.753125 0.50234375 0.0390625 0.0546875
0 0.32109375 0.671875 0.04375 0.05625
0 0.22421875 0.78984375 0.034375 0.0265625
0 0.10546875 0.85859375 0.0515625 0.0390625
0 0.68125 0.2140625 0.065625 0.0359375
0 0.79375 0.61171875 0.0375 0.05625
0 0.134375 0.8078125 0.034375 0.0484375
0 0.10390625 0.8078125 0.03125 0.046875
0 0.3796875 0.60546875 0.04375 0.05625
0 0.4671875 0.309375 0.0359375 0.0328125
0 0.44453125 0.2859375 0.034375 0.034375
0 0.31875 0.45234375 0.0578125 0.04375
0 0.73125 0.4828125 0.0375 0.059375
0 0.73359375 0.44921875 0.028125 0.025
0 0.70078125 0.43671875 0.040625 0.0421875
0 0.7640625 0.709375 0.04375 0.040625
0 0.115625 0.8359375 0.03125 0.028125
0 0.2484375 0.77734375 0.059375 0.03125