0 0.746875 0.11484375 0.06875 0.02265625
0 0.8234375 0.1953125 0.040625 0.04765625
0 0.69296875 0.209375 0.04140625 0.04375
0 0.61875 0.203125 0.06484375 0.03203125
0 0.6125 0.13671875 0.053125 0.040625
0 0.56171875 0.08671875 0.06875 0.03359375
0 0.47890625 0.16875 0.06953125 0.034375
0 0.3890625 0.20234375 0.0640625 0.028125
0 0.31953125 0.2109375 0.0390625 0.021875
0 0.265625 0.19765625 0.059375 0.03046875
0 0.25 0.15 0.07578125 0.0296875
0 0.19609375 0.1828125 0.03671875 0.03984375
0 0.2453125 0.23984375 0.0578125 0.040625
0 0.15703125 0.27890625 0.0625 0.04375
0 0.253125 0.3078125 0.046875 0.05
0 0.3203125 0.32890625 0.05546875 0.04453125
0 0.34765625 0.278125 0.03828125 0.0484375
0 0.39453125 0.2796875 0.0640625 0.04765625
0 0.5 0.2859375 0.04921875 0.04453125
0 0.52734375 0.31953125 0.04140625 0.053125
0 0.58671875 0.31015625 0.03515625 0.05
0 0.671875 0.26328125 0.071875 0.02578125
0 0.709375 0.3171875 0.034375 0.01953125
0 0.709375 0.28984375 0.0265625 0.0265625
0 0.66328125 0.31953125 0.05703125 0.03359375
0 0.6578125 0.3640625 0.0609375 0.02578125
0 0.7515625 0.36875 0.053125 0.046875
0 0.60859375 0.38125 0.025 0.04375
0 0.55546875 0.36640625 0.0625 0.03046875
0 0.46796875 0.37109375 0.059375 0.03125
0 0.28359375 0.378125 0.053125 0.03515625
0 0.209375 0.403125 0.03046875 0.04765625
0 0.34296875 0.42109375 0.0375 0.0265625
0 0.375 0.415625 0.0359375 0.0265625
0 0.4578125 0.43125 0.05078125 0.04453125
0 0.528125 0.46953125 0.06953125 0.03125
0 0.6796875 0.45625 0.04140625 0.05703125
0 0.77578125 0.41796875 0.0546875 0.04140625
0 0.83125 0.4390625 0.03984375 0.04609375
0 0.82421875 0.50234375 0.07890625 0.028125
0 0.71328125 0.5171875 0.046875 0.04609375
0 0.58203125 0.5171875 0.06328125 0.028125
0 0.49140625 0.51875 0.0359375 0.04296875
0 0.440625 0.4796875 0.06796875 0.025
0 0.41953125 0.509375 0.0515625 0.034375
0 0.3421875 0.490625 0.0359375 0.05625
0 0.28828125 0.5 0.0359375 0.0484375
0 0.246875 0.5171875 0.04921875 0.04453125
0 0.2046875 0.47578125 0.0421875 0.04921875
0 0.334375 0.55859375 0.065625 0.0234375
0 0.39296875 0.55859375 0.05 0.025
0 0.45859375 0.57890625 0.0625 0.01953125
0 0.496875 0.5671875 0.02421875 0.021875
0 0.54921875 0.55859375 0.0671875 0.025
0 0.61484375 0.56640625 0.06484375 0.028125
0 0.6984375 0.5828125 0.03515625 0.0515625
0 0.78515625 0.5453125 0.05078125 0.040625
0 0.81328125 0.5953125 0.0328125 0.04453125
0 0.8390625 0.5625 0.03125 0.04296875
0 0.73359375 0.6296875 0.04609375 0.04609375
0 0.81640625 0.6484375 0.07109375 0.025
0 0.684375 0.64375 0.034375 0.05
0 0.58984375 0.62734375 0.03203125 0.025
0 0.6203125 0.634375 0.028125 0.01953125
0 0.55390625 0.62265625 0.04140625 0.046875
0 0.37890625 0.6359375 0.02734375 0.0171875
0 0.23984375 0.58984375 0.053125 0.0359375
0 0.28125 0.63515625 0.05859375 0.0265625
0 0.23203125 0.6390625 0.03984375 0.05078125
0 0.1859375 0.68203125 0.0484375 0.0578125
0 0.265625 0.69140625 0.0375 0.04140625
0 0.3453125 0.69609375 0.05234375 0.046875
0 0.396875 0.6921875 0.03984375 0.0453125
0 0.3921875 0.74765625 0.034375 0.0453125
0 0.55625 0.72265625 0.05546875 0.03671875
0 0.63671875 0.71171875 0.06953125 0.0265625
0 0.72109375 0.696875 0.0359375 0.05390625
0 0.80703125 0.71875 0.0625 0.03671875
0 0.82265625 0.7671875 0.0546875 0.0546875
0 0.68828125 0.7515625 0.0453125 0.04375
0 0.609375 0.76171875 0.0484375 0.046875
0 0.53203125 0.78515625 0.046875 0.03828125
0 0.44609375 0.80234375 0.05546875 0.05
0 0.29609375 0.78671875 0.0265625 0.02578125
0 0.309375 0.76796875 0.025 0.015625
0 0.24765625 0.7828125 0.04140625 0.053125
0 0.309375 0.8109375 0.0328125 0.028125
0 0.3484375 0.8390625 0.05 0.04453125
0 0.39609375 0.88828125 0.07109375 0.03359375
0 0.52265625 0.86640625 0.03828125 0.046875
0 0.61953125 0.82890625 0.053125 0.03359375
0 0.65703125 0.85234375 0.034375 0.04453125
0 0.68046875 0.803125 0.0484375 0.05078125
0 0.7359375 0.84140625 0.0546875 0.03671875
0 0.7890625 0.82421875 0.05078125 0.0390625
0 0.809375 0.8609375 0.03671875 0.0375
0 0.71171875 0.8671875 0.07109375 0.01953125
0 0.57421875 0.8703125 0.02578125 0.01640625
0 0.59765625 0.865625 0.0265625 0.01328125