0 0.221875 0.15078125 0.040625 0.0515625
0 0.346875 0.1796875 0.078125 0.0234375
0 0.4109375 0.15390625 0.0453125 0.0578125
0 0.38984375 0.21484375 0.059375 0.0390625
0 0.4625 0.20546875 0.0453125 0.034375
0 0.4734375 0.1515625 0.0328125 0.0359375
0 0.5 0.17421875 0.0671875 0.0234375
0 0.52578125 0.19765625 0.0640625 0.0296875
0 0.4828125 0.234375 0.0671875 0.028125
0 0.603125 0.22265625 0.071875 0.0265625
0 0.58359375 0.2578125 0.0421875 0.0484375
0 0.634375 0.259375 0.0671875 0.0328125
0 0.559375 0.290625 0.0296875 0.0390625
0 0.51171875 0.31171875 0.0328125 0.0453125
0 0.46015625 0.28671875 0.0484375 0.040625
0 0.4140625 0.28046875 0.0359375 0.034375
0 0.38046875 0.29453125 0.0328125 0.0484375
0 0.33046875 0.296875 0.0359375 0.053125
0 0.2109375 0.3484375 0.053125 0.0421875
0 0.3828125 0.35234375 0.0640625 0.0390625
0 0.64765625 0.29140625 0.01875 0.0140625
0 0.8203125 0.22109375 0.01875 0.05
0 0.6921875 0.3234375 0.03125 0.0484375
0 0.7234375 0.35390625 0.03125 0.0453125
0 0.70078125 0.39765625 0.03125 0.0453125
0 0.64453125 0.37890625 0.0671875 0.025
0 0.61640625 0.353125 0.065625 0.0265625
0 0.7625 0.3828125 0.059375 0.04375
0 0.81953125 0.3875 0.0375 0.034375
0 0.82734375 0.425 0.034375 0.0421875
0 0.7671875 0.4484375 0.071875 0.03125
0 0.68984375 0.4359375 0.065625 0.0234375
0 0.70078125 0.4765625 0.05 0.0453125
0 0.6640625 0.5078125 0.065625 0.0328125
0 0.61171875 0.459375 0.0453125 0.0453125
0 0.5578125 0.42109375 0.053125 0.0453125
0 0.53828125 0.37265625 0.0515625 0.0375
0 0.49609375 0.3625 0.046875 0.034375
0 0.4453125 0.37109375 0.0390625 0.0484375
0 0.49453125 0.4046875 0.053125 0.0234375
0 0.50859375 0.43984375 0.0453125 0.0515625
0 0.43828125 0.4296875 0.059375 0.04375
0 0.3796875 0.3890625 0.0234375 0.0234375
0 0.375 0.41875 0.01875 0.01875
0 0.31640625 0.41171875 0.034375 0.0484375
0 0.296875 0.37578125 0.0328125 0.0375
0 0.2453125 0.41015625 0.0375 0.0515625
0 0.27578125 0.42734375 0.03125 0.0421875
0 0.2109375 0.46328125 0.0625 0.0390625
0 0.275 0.4609375 0.0265625 0.03125
0 0.2859375 0.496875 0.0390625 0.040625
0 0.3171875 0.51015625 0.028125 0.059375
0 0.37890625 0.4765625 0.0375 0.0546875
0 0.4921875 0.48046875 0.0484375 0.046875
0 0.4984375 0.5296875 0.0484375 0.040625
0 0.45 0.55859375 0.0390625 0.0546875
0 0.559375 0.52578125 0.0453125 0.05
0 0.80859375 0.49609375 0.0578125 0.0421875
0 0.771875 0.53671875 0.078125 0.01875
0 0.8109375 0.58203125 0.0328125 0.0484375
0 0.671875 0.5640625 0.0375 0.0484375
0 0.753125 0.56484375 0.021875 0.0203125
0 0.7546875 0.59765625 0.0234375 0.028125
0 0.753125 0.64609375 0.078125 0.0234375
0 0.7703125 0.6890625 0.05 0.05625
0 0.6578125 0.625 0.05 0.0484375
0 0.621875 0.653125 0.0484375 0.0484375
0 0.55703125 0.6046875 0.08125 0.028125
0 0.47578125 0.61796875 0.0421875 0.0515625
0 0.37890625 0.55078125 0.0421875 0.0515625
0 0.3390625 0.56953125 0.0421875 0.040625
0 0.2953125 0.58515625 0.0453125 0.046875
0 0.23046875 0.57265625 0.040625 0.05
0 0.190625 0.5515625 0.0609375 0.0453125
0 0.18046875 0.61875 0.071875 0.0359375
0 0.20234375 0.66328125 0.021875 0.0296875
0 0.1875 0.64140625 0.034375 0.01875
0 0.1875 0.6859375 0.0328125 0.01875
0 0.240625 0.69765625 0.028125 0.0515625
0 0.2859375 0.74609375 0.0421875 0.046875
0 0.2828125 0.67890625 0.0578125 0.021875
0 0.29765625 0.703125 0.0359375 0.03125
0 0.38125 0.71640625 0.0671875 0.0265625
0 0.3546875 0.70078125 0.028125 0.01875
0 0.33828125 0.68359375 0.0234375 0.0234375
0 0.35625 0.65234375 0.0328125 0.046875
0 0.3109375 0.6265625 0.059375 0.0328125
0 0.38125 0.59140625 0.059375 0.0203125
0 0.4203125 0.60625 0.025 0.028125
0 0.4171875 0.64375 0.034375 0.04375
0 0.5 0.6828125 0.0421875 0.053125
0 0.390625 0.75859375 0.034375 0.0515625
0 0.35 0.8125 0.0515625 0.0515625
0 0.4515625 0.8203125 0.0546875 0.0484375
0 0.23515625 0.79453125 0.0375 0.05625
0 0.16640625 0.7921875 0.046875 0.05625
0 0.1921875 0.84375 0.0765625 0.0328125