0 0.85078125 0.2 0.065625 0.0328125
0 0.65078125 0.14140625 0.040625 0.0578125
0 0.4765625 0.13203125 0.0765625 0.034375
0 0.640625 0.24921875 0.0703125 0.0375
0 0.73203125 0.2546875 0.0609375 0.053125
0 0.63359375 0.3109375 0.040625 0.0515625
0 0.753125 0.35703125 0.0375 0.059375
0 0.6390625 0.3734375 0.05 0.04375
0 0.5578125 0.29140625 0.0640625 0.0234375
0 0.521875 0.31875 0.0375 0.0484375
0 0.46484375 0.29921875 0.0296875 0.0515625
0 0.4140625 0.3359375 0.0359375 0.0515625
0 0.34296875 0.346875 0.05625 0.0609375
0 0.4453125 0.38984375 0.040625 0.059375
0 0.33203125 0.40859375 0.0421875 0.0484375
0 0.2375 0.3859375 0.0515625 0.059375
0 0.1671875 0.45546875 0.0390625 0.053125
0 0.2765625 0.4890625 0.0375 0.046875
0 0.325 0.49765625 0.0375 0.05
0 0.36875 0.46640625 0.028125 0.04375
0 0.40390625 0.4421875 0.0671875 0.025
0 0.5234375 0.4203125 0.046875 0.0375
0 0.575 0.4328125 0.0625 0.0328125
0 0.49140625 0.47578125 0.0359375 0.05
0 0.565625 0.496875 0.0671875 0.0390625
0 0.65234375 0.43984375 0.0453125 0.04375
0 0.625 0.46953125 0.0296875 0.0328125
0 0.70546875 0.45078125 0.034375 0.0546875
0 0.7484375 0.459375 0.040625 0.053125
0 0.78359375 0.43828125 0.053125 0.0484375
0 0.71171875 0.49921875 0.046875 0.05625
0 0.6703125 0.5046875 0.04375 0.05625
0 0.784375 0.51875 0.0546875 0.03125
0 0.7953125 0.55625 0.0625 0.040625
0 0.76171875 0.58203125 0.034375 0.0421875
0 0.3546875 0.540625 0.0578125 0.0453125
0 0.175 0.5453125 0.0515625 0.053125
0 0.16796875 0.61640625 0.0328125 0.034375
0 0.165625 0.63984375 0.0390625 0.021875
0 0.2921875 0.58046875 0.040625 0.0421875
0 0.32890625 0.59140625 0.0359375 0.05
0 0.3203125 0.63828125 0.0390625 0.04375
0 0.36796875 0.63203125 0.0453125 0.046875
0 0.44375 0.63828125 0.05625 0.053125
0 0.42578125 0.56171875 0.034375 0.046875
0 0.5015625 0.58515625 0.065625 0.040625
0 0.56796875 0.54921875 0.03125 0.0484375
0 0.5921875 0.58125 0.0359375 0.040625
0 0.61015625 0.665625 0.0421875 0.0375
0 0.61875 0.640625 0.028125 0.021875
0 0.63828125 0.628125 0.0390625 0.01875
0 0.66875 0.63828125 0.0328125 0.05625
0 0.7296875 0.6125 0.0484375 0.0359375
0 0.7671875 0.6203125 0.0359375 0.0421875
0 0.8203125 0.61484375 0.0296875 0.04375
0 0.5203125 0.703125 0.034375 0.0484375
0 0.53828125 0.73515625 0.0359375 0.0484375
0 0.48515625 0.7 0.0359375 0.046875
0 0.32265625 0.6984375 0.0515625 0.0453125
0 0.265625 0.6671875 0.04375 0.053125
0 0.17265625 0.7375 0.0390625 0.0546875
0 0.11875 0.7 0.040625 0.059375
0 0.33046875 0.75703125 0.0578125 0.05
0 0.43515625 0.78984375 0.0796875 0.03125
0 0.34765625 0.809375 0.0703125 0.0296875
0 0.24140625 0.8171875 0.0703125 0.0359375
0 0.19453125 0.84609375 0.0546875 0.0453125
0 0.13984375 0.84765625 0.05625 0.053125
0 0.11328125 0.80078125 0.0375 0.0515625
0 0.25703125 0.86484375 0.071875 0.0359375
0 0.3109375 0.8734375 0.03125 0.0234375
0 0.35390625 0.8734375 0.034375 0.0234375
0 0.3953125 0.89296875 0.0390625 0.0234375
0 0.43671875 0.896875 0.03125 0.0234375
0 0.46875 0.89296875 0.0390625 0.025
0 0.50234375 0.90703125 0.03125 0.0265625
0 0.51640625 0.865625 0.053125 0.01875
0 0.5015625 0.846875 0.0515625 0.0265625
0 0.59921875 0.77890625 0.0546875 0.0375
0 0.659375 0.81640625 0.0546875 0.0375
0 0.628125 0.89765625 0.025 0.01875
0 0.6375 0.9125 0.01875 0.01875
0 0.6421875 0.93671875 0.0234375 0.025
0 0.68125 0.92578125 0.05625 0.0375
0 0.7265625 0.88046875 0.03125 0.046875
0 0.7375 0.93203125 0.021875 0.021875
0 0.784375 0.92578125 0.0203125 0.025
0 0.78984375 0.8984375 0.0234375 0.0296875
0 0.7875 0.8625 0.01875 0.04375
0 0.778125 0.80078125 0.0328125 0.0265625
0 0.8046875 0.79453125 0.028125 0.0265625
0 0.771875 0.7453125 0.021875 0.046875
0 0.73828125 0.7390625 0.0515625 0.028125
0 0.68671875 0.74296875 0.0328125 0.0515625
0 0.63828125 0.74375 0.065625 0.04375
0 0.74296875 0.69453125 0.0390625 0.046875
0 0.78515625 0.684375 0.0296875 0.0515625