0 0.546875 0.28671875 0.04609375 0.0375
0 0.60703125 0.20703125 0.04375 0.02265625
0 0.60625 0.56484375 0.03828125 0.0421875
0 0.325 0.421875 0.03125 0.04453125
0 0.7640625 0.8015625 0.0453125 0.0390625
0 0.4875 0.4875 0.05703125 0.034375
0 0.19296875 0.6390625 0.0328125 0.04609375
0 0.20234375 0.69140625 0.03046875 0.04453125
0 0.83203125 0.44765625 0.03671875 0.03984375
0 0.26796875 0.31328125 0.0421875 0.0296875
0 0.79609375 0.19609375 0.05 0.03359375
0 0.41171875 0.19609375 0.0515625 0.01171875
0 0.1703125 0.3796875 0.03828125 0.03984375
0 0.24296875 0.79453125 0.04453125 0.03984375
0 0.80390625 0.146875 0.028125 0.021875
0 0.72421875 0.3859375 0.04609375 0.03203125
0 0.79140625 0.24375 0.0328125 0.04921875
0 0.29453125 0.81171875 0.0421875 0.03984375
0 0.5765625 0.48671875 0.04765625 0.034375
0 0.6140625 0.459375 0.040625 0.03203125
0 0.81484375 0.490625 0.04921875 0.034375
0 0.6609375 0.38125 0.05703125 0.02109375
0 0.7671875 0.3171875 0.04765625 0.03203125
0 0.39921875 0.47734375 0.06640625 0.03984375
0 0.3203125 0.26328125 0.0515625 0.021875
0 0.7140625 0.8625 0.05234375 0.0328125
0 0.73515625 0.57578125 0.06328125 0.03046875
0 0.31328125 0.56484375 0.0359375 0.0421875
0 0.6828125 0.10546875 0.0484375 0.0390625
0 0.528125 0.7328125 0.03984375 0.0421875
0 0.23828125 0.846875 0.03671875 0.046875
0 0.8546875 0.5765625 0.03046875 0.05234375
0 0.36171875 0.525 0.021875 0.0390625
0 0.76015625 0.26484375 0.0203125 0.05234375
0 0.7203125 0.2890625 0.03203125 0.03984375
0 0.48125 0.39921875 0.0421875 0.0484375
0 0.78359375 0.68515625 0.03671875 0.03984375
0 0.4703125 0.6046875 0.0546875 0.021875
0 0.415625 0.40546875 0.05 0.03671875
0 0.3859375 0.253125 0.0578125 0.03515625
0 0.75859375 0.1078125 0.04296875 0.015625
0 0.7875 0.096875 0.01953125 0.0515625
0 0.1625 0.22734375 0.03046875 0.04609375
0 0.57109375 0.4453125 0.04765625 0.02734375
0 0.71953125 0.3234375 0.0453125 0.02421875
0 0.36171875 0.77734375 0.053125 0.02734375
0 0.65 0.2 0.02890625 0.04609375
0 0.36875 0.71328125 0.034375 0.06015625
0 0.4953125 0.665625 0.0328125 0.03984375
0 0.54296875 0.621875 0.02578125 0.04921875
0 0.21796875 0.5375 0.02578125 0.04765625
0 0.215625 0.5828125 0.05859375 0.0328125
0 0.515625 0.3421875 0.01953125 0.0421875
0 0.26875 0.46875 0.03125 0.04296875
0 0.54140625 0.3796875 0.0171875 0.0515625
0 0.64453125 0.26796875 0.01953125 0.01953125
0 0.321875 0.15546875 0.05546875 0.028125
0 0.49375 0.284375 0.03515625 0.03125
0 0.23828125 0.26171875 0.06875 0.015625
0 0.60703125 0.71796875 0.02890625 0.0484375
0 0.78828125 0.36953125 0.040625 0.03515625
0 0.15390625 0.5265625 0.0234375 0.0515625
0 0.2234375 0.17265625 0.0671875 0.015625
0 0.47109375 0.2296875 0.0171875 0.05234375
0 0.61328125 0.33984375 0.025 0.05546875
0 0.625 0.16171875 0.05703125 0.01796875
0 0.80390625 0.584375 0.0546875 0.02578125
0 0.6515625 0.296875 0.065625 0.01953125
0 0.365625 0.36171875 0.065625 0.0140625
0 0.175 0.340625 0.0390625 0.0359375
0 0.3125 0.70703125 0.03515625 0.046875
0 0.61640625 0.78515625 0.025 0.05078125
0 0.315625 0.29140625 0.0671875 0.01484375
0 0.22578125 0.42265625 0.06171875 0.021875
0 0.5671875 0.84375 0.06015625 0.0328125
0 0.21796875 0.3578125 0.028125 0.03984375
0 0.23125 0.2109375 0.071875 0.01640625
0 0.2484375 0.88828125 0.06875 0.015625
0 0.15625 0.80859375 0.04140625 0.04296875
0 0.4125 0.3078125 0.05390625 0.028125
0 0.33203125 0.3171875 0.04921875 0.0265625
0 0.24765625 0.64453125 0.03203125 0.04921875
0 0.4359375 0.53125 0.0703125 0.021875
0 0.21015625 0.7484375 0.01875 0.0375
0 0.23515625 0.12734375 0.08046875 0.025
0 0.17421875 0.7390625 0.06328125 0.021875
0 0.50390625 0.45703125 0.06953125 0.015625
0 0.25546875 0.1578125 0.06484375 0.0171875
0 0.83125 0.75390625 0.07109375 0.0265625
0 0.55703125 0.12265625 0.075 0.0328125
0 0.75078125 0.521875 0.028125 0.05390625
0 0.78515625 0.42578125 0.05703125 0.01796875
0 0.78203125 0.1296875 0.02109375 0.015625
0 0.74765625 0.13828125 0.02890625 0.03515625
0 0.43671875 0.2515625 0.03203125 0.03515625
0 0.640625 0.25234375 0.021875 0.01328125
0 0.34609375 0.6171875 0.0265625 0.053125
0 0.65703125 0.684375 0.0703125 0.021875