0 0.8609375 0.14609375 0.071875 0.0390625
0 0.79375 0.15859375 0.071875 0.034375
0 0.728125 0.12421875 0.0390625 0.021875
0 0.7421875 0.140625 0.0234375 0.01875
0 0.6640625 0.13984375 0.0640625 0.03125
0 0.58828125 0.11015625 0.06875 0.034375
0 0.60078125 0.13828125 0.04375 0.040625
0 0.52109375 0.14375 0.04375 0.0609375
0 0.39375 0.06328125 0.0765625 0.046875
0 0.64140625 0.18984375 0.0484375 0.0484375
0 0.596875 0.17890625 0.0359375 0.04375
0 0.84140625 0.23984375 0.046875 0.053125
0 0.76640625 0.26328125 0.08125 0.0359375
0 0.72734375 0.23828125 0.0234375 0.025
0 0.7046875 0.23046875 0.0234375 0.0234375
0 0.68671875 0.25 0.028125 0.0421875
0 0.50546875 0.20234375 0.05625 0.0484375
0 0.44765625 0.1796875 0.071875 0.046875
0 0.32578125 0.1421875 0.0625 0.0421875
0 0.2375 0.16171875 0.040625 0.0625
0 0.328125 0.18671875 0.04375 0.0296875
0 0.31484375 0.2203125 0.034375 0.0546875
0 0.41875 0.22109375 0.0359375 0.0234375
0 0.4921875 0.2375 0.0265625 0.0234375
0 0.56875 0.253125 0.06875 0.04375
0 0.56640625 0.29453125 0.08125 0.040625
0 0.5265625 0.3296875 0.0515625 0.0546875
0 0.62109375 0.35390625 0.071875 0.046875
0 0.6765625 0.34609375 0.0453125 0.0546875
0 0.71875 0.33359375 0.04375 0.0546875
0 0.36875 0.28984375 0.040625 0.0578125
0 0.40625 0.32578125 0.0609375 0.0578125
0 0.1890625 0.203125 0.0796875 0.0390625
0 0.153125 0.25 0.078125 0.034375
0 0.1328125 0.2765625 0.06875 0.0484375
0 0.19140625 0.303125 0.0453125 0.0640625
0 0.22421875 0.28671875 0.03125 0.028125
0 0.2453125 0.34609375 0.05 0.0546875
0 0.34375 0.38203125 0.0453125 0.0546875
0 0.43671875 0.396875 0.0375 0.053125
0 0.1296875 0.38671875 0.053125 0.0546875
0 0.478125 0.37265625 0.040625 0.0484375
0 0.4953125 0.40625 0.0625 0.03125
0 0.53984375 0.4140625 0.04375 0.053125
0 0.65078125 0.4453125 0.046875 0.053125
0 0.7015625 0.4484375 0.059375 0.0328125
0 0.759375 0.45859375 0.040625 0.053125
0 0.7296875 0.48828125 0.0390625 0.034375
0 0.67578125 0.51875 0.053125 0.05
0 0.74140625 0.5765625 0.0515625 0.06875
0 0.5125 0.4875 0.04375 0.05
0 0.38046875 0.4421875 0.03125 0.0359375
0 0.3578125 0.4703125 0.025 0.03125
0 0.29921875 0.48359375 0.040625 0.0453125
0 0.24375 0.4578125 0.040625 0.0296875
0 0.1953125 0.4296875 0.05 0.046875
0 0.14296875 0.45078125 0.0375 0.0515625
0 0.1625 0.49375 0.028125 0.053125
0 0.134375 0.496875 0.0390625 0.0484375
0 0.209375 0.5140625 0.0375 0.059375
0 0.25234375 0.553125 0.053125 0.0546875
0 0.19921875 0.47265625 0.046875 0.0359375
0 0.315625 0.51875 0.0703125 0.0328125
0 0.4390625 0.5546875 0.0453125 0.05625
0 0.42734375 0.63203125 0.078125 0.040625
0 0.3140625 0.621875 0.0640625 0.0453125
0 0.1328125 0.5625 0.0515625 0.065625
0 0.10390625 0.621875 0.075 0.0453125
0 0.6484375 0.621875 0.04375 0.053125
0 0.69609375 0.69296875 0.04375 0.0640625
0 0.59765625 0.6296875 0.0390625 0.0265625
0 0.5578125 0.64765625 0.0546875 0.0375
0 0.509375 0.71328125 0.0703125 0.040625
0 0.36640625 0.67265625 0.0625 0.053125
0 0.26015625 0.6859375 0.0390625 0.05625
0 0.23046875 0.7390625 0.0484375 0.06875
0 0.29296875 0.73046875 0.05 0.0546875
0 0.1796875 0.75234375 0.0453125 0.0546875
0 0.121875 0.69609375 0.034375 0.053125
0 0.08984375 0.709375 0.0375 0.0625
0 0.12109375 0.7453125 0.0515625 0.0546875
0 0.21484375 0.7875 0.0546875 0.0453125
0 0.35546875 0.79140625 0.0421875 0.059375
0 0.30859375 0.821875 0.05625 0.05625
0 0.4390625 0.76484375 0.0515625 0.040625
0 0.484375 0.7765625 0.0484375 0.028125
0 0.48125 0.8296875 0.05625 0.0453125
0 0.428125 0.840625 0.059375 0.040625
0 0.69140625 0.77109375 0.0484375 0.059375
0 0.73046875 0.775 0.03125 0.0578125
0 0.7390625 0.7359375 0.0328125 0.034375
0 0.78828125 0.7875 0.053125 0.0578125
0 0.6671875 0.834375 0.028125 0.0359375
0 0.63515625 0.83046875 0.040625 0.0328125
0 0.75078125 0.92578125 0.0703125 0.04375
0 0.434375 0.90078125 0.059375 0.0296875
0 0.41640625 0.92421875 0.0390625 0.0328125
0 0.10859375 0.80234375 0.0484375 0.0515625