0 0.215625 0.9921875 0.0875 0.015625
0 0.340625 0.9609375 0.0453125 0.0265625
0 0.38984375 0.92734375 0.078125 0.0421875
0 0.42734375 0.8890625 0.05625 0.0375
0 0.49453125 0.8859375 0.0671875 0.0390625
0 0.3 0.89296875 0.08125 0.05625
0 0.19140625 0.87265625 0.04375 0.0640625
0 0.17734375 0.93515625 0.034375 0.053125
0 0.18359375 0.98515625 0.0421875 0.025
0 0.196875 0.96484375 0.025 0.021875
0 0.2375 0.95078125 0.0265625 0.0203125
0 0.278125 0.95703125 0.0859375 0.0296875
0 0.34765625 0.77109375 0.06875 0.04375
0 0.48125 0.70234375 0.0640625 0.0578125
0 0.30859375 0.68125 0.078125 0.040625
0 0.36484375 0.6453125 0.0625 0.0515625
0 0.20859375 0.7125 0.0328125 0.028125
0 0.19609375 0.77734375 0.04375 0.0546875
0 0.15625 0.7828125 0.034375 0.0515625
0 0.16328125 0.728125 0.025 0.03125
0 0.1890625 0.72890625 0.0234375 0.0234375
0 0.1578125 0.70859375 0.025 0.0171875
0 0.171875 0.68359375 0.0359375 0.0359375
0 0.13203125 0.67734375 0.0375 0.0265625
0 0.1359375 0.6453125 0.0515625 0.0453125
0 0.16953125 0.628125 0.025 0.028125
0 0.15078125 0.6 0.0359375 0.03125
0 0.17421875 0.56796875 0.0234375 0.0421875
0 0.196875 0.5828125 0.0328125 0.0328125
0 0.24921875 0.52109375 0.0453125 0.0328125
0 0.2875 0.503125 0.0375 0.0453125
0 0.4234375 0.49140625 0.034375 0.0359375
0 0.1828125 0.475 0.05 0.0359375
0 0.1734375 0.4390625 0.0359375 0.0578125
0 0.38359375 0.409375 0.0359375 0.0390625
0 0.42109375 0.40078125 0.05 0.0578125
0 0.3609375 0.3078125 0.0484375 0.05625
0 0.51171875 0.315625 0.0703125 0.04375
0 0.49140625 0.2421875 0.0515625 0.05
0 0.3671875 0.24609375 0.06875 0.040625
0 0.31328125 0.21015625 0.04375 0.059375
0 0.4203125 0.2 0.0390625 0.0453125
0 0.453125 0.153125 0.0625 0.0421875
0 0.52890625 0.1859375 0.040625 0.06875
0 0.28984375 0.15546875 0.0640625 0.0609375
0 0.4015625 0.11015625 0.0796875 0.0421875
0 0.36171875 0.08203125 0.040625 0.0296875
0 0.3109375 0.10078125 0.0625 0.025
0 0.26875 0.12265625 0.05625 0.0265625
0 0.2078125 0.10859375 0.071875 0.0390625
0 0.23203125 0.15078125 0.021875 0.021875
0 0.221875 0.1828125 0.028125 0.0546875
0 0.159375 0.24296875 0.065625 0.0578125
0 0.1375 0.190625 0.0625 0.05625
0 0.1859375 0.165625 0.046875 0.0328125
0 0.63984375 0.13046875 0.075 0.0484375
0 0.690625 0.17265625 0.05 0.0671875
0 0.7421875 0.0828125 0.028125 0.0453125
0 0.74609375 0.05 0.0328125 0.0296875
0 0.71171875 0.05625 0.0390625 0.0484375
0 0.7703125 0.21875 0.0390625 0.05625
0 0.70546875 0.27109375 0.0484375 0.04375
0 0.6578125 0.2484375 0.05 0.0296875
0 0.5828125 0.25234375 0.0578125 0.0609375
0 0.815625 0.29609375 0.05 0.0578125
0 0.75546875 0.37265625 0.0421875 0.065625
0 0.8 0.371875 0.0515625 0.04375
0 0.8234375 0.40234375 0.0453125 0.0484375
0 0.79765625 0.4359375 0.034375 0.034375
0 0.77578125 0.45703125 0.0296875 0.0234375
0 0.6921875 0.4484375 0.046875 0.059375
0 0.6671875 0.3703125 0.059375 0.0640625
0 0.609375 0.42734375 0.0609375 0.046875
0 0.57265625 0.40546875 0.053125 0.0359375
0 0.66484375 0.5 0.0546875 0.0609375
0 0.6515625 0.59765625 0.021875 0.0234375
0 0.62890625 0.5828125 0.0296875 0.0234375
0 0.5984375 0.6171875 0.0640625 0.059375
0 0.9109375 0.61875 0.0390625 0.0234375
0 0.903125 0.64765625 0.0578125 0.0421875
0 0.9234375 0.68828125 0.0375 0.046875
0 0.8453125 0.67734375 0.0359375 0.053125
0 0.8265625 0.6390625 0.03125 0.0296875
0 0.80859375 0.67578125 0.0328125 0.0453125
0 0.8453125 0.734375 0.0390625 0.0609375
0 0.88515625 0.72109375 0.0265625 0.0359375
0 0.8734375 0.76015625 0.0328125 0.04375
0 0.69140625 0.73671875 0.040625 0.0640625
0 0.70078125 0.79140625 0.05625 0.053125
0 0.82578125 0.825 0.0890625 0.046875
0 0.6921875 0.8734375 0.0484375 0.065625
0 0.91328125 0.7875 0.0359375 0.0546875
0 0.95625 0.79609375 0.028125 0.05625
0 0.95 0.84921875 0.0328125 0.028125
0 0.93984375 0.82421875 0.0359375 0.0328125
0 0.90859375 0.86015625 0.0234375 0.03125