0 0.84375 0.24609375 0.0546875 0.03515625
0 0.75625 0.271875 0.07265625 0.0234375
0 0.7578125 0.17421875 0.0421875 0.02265625
0 0.8 0.1484375 0.03828125 0.05
0 0.59453125 0.140625 0.0671875 0.03125
0 0.521875 0.18359375 0.04453125 0.02109375
0 0.52734375 0.16484375 0.03125 0.01875
0 0.42578125 0.16484375 0.0828125 0.025
0 0.44296875 0.23984375 0.0453125 0.04609375
0 0.3875 0.22578125 0.04609375 0.0515625
0 0.26484375 0.2328125 0.07421875 0.02265625
0 0.24375 0.29296875 0.0609375 0.02890625
0 0.17421875 0.2703125 0.06328125 0.040625
0 0.13984375 0.3609375 0.03515625 0.05625
0 0.221875 0.35625 0.04609375 0.0515625
0 0.325 0.3390625 0.021875 0.015625
0 0.35234375 0.40625 0.02890625 0.04921875
0 0.4171875 0.39453125 0.05390625 0.03046875
0 0.4109375 0.4265625 0.0515625 0.0328125
0 0.2609375 0.4359375 0.0453125 0.0421875
0 0.2703125 0.409375 0.0609375 0.015625
0 0.22578125 0.434375 0.02734375 0.0375
0 0.15390625 0.503125 0.0421875 0.0515625
0 0.24140625 0.54296875 0.06875 0.02578125
0 0.30859375 0.4828125 0.03359375 0.05234375
0 0.415625 0.33984375 0.02578125 0.01875
0 0.4296875 0.3515625 0.0265625 0.01640625
0 0.4484375 0.3609375 0.02109375 0.021875
0 0.56953125 0.2953125 0.0578125 0.034375
0 0.528125 0.38359375 0.046875 0.05234375
0 0.590625 0.415625 0.06015625 0.02421875
0 0.65 0.4234375 0.05625 0.04296875
0 0.65546875 0.47265625 0.0359375 0.04765625
0 0.453125 0.46640625 0.065625 0.03125
0 0.37734375 0.46015625 0.02578125 0.05
0 0.446875 0.49921875 0.053125 0.0328125
0 0.471875 0.52421875 0.0625 0.025
0 0.37734375 0.52109375 0.06171875 0.03125
0 0.7484375 0.35 0.06015625 0.025
0 0.6328125 0.2296875 0.065625 0.0203125
0 0.54375 0.2203125 0.03203125 0.021875
0 0.53125 0.25 0.021875 0.0140625
0 0.56875 0.2390625 0.06484375 0.01171875
0 0.75703125 0.4109375 0.03984375 0.0453125
0 0.82109375 0.42421875 0.03203125 0.03203125
0 0.821875 0.46484375 0.028125 0.040625
0 0.778125 0.475 0.0328125 0.04453125
0 0.72734375 0.496875 0.04765625 0.0375
0 0.7234375 0.5625 0.0328125 0.05078125
0 0.6265625 0.53046875 0.071875 0.03203125
0 0.62265625 0.571875 0.04609375 0.04296875
0 0.55625 0.5671875 0.06640625 0.05078125
0 0.55234375 0.6046875 0.059375 0.02421875
0 0.440625 0.5796875 0.0421875 0.05703125
0 0.3671875 0.5953125 0.0359375 0.0546875
0 0.31171875 0.61796875 0.06875 0.040625
0 0.359375 0.6703125 0.0625 0.03125
0 0.359375 0.6984375 0.08125 0.02578125
0 0.475 0.72734375 0.04296875 0.05234375
0 0.5375 0.7453125 0.04140625 0.05234375
0 0.6109375 0.7125 0.05625 0.04609375
0 0.646875 0.66875 0.02734375 0.0609375
0 0.68515625 0.678125 0.05 0.034375
0 0.6109375 0.6390625 0.05390625 0.03203125
0 0.82265625 0.64140625 0.028125 0.05
0 0.7203125 0.6046875 0.05546875 0.0359375
0 0.77578125 0.7359375 0.053125 0.05546875
0 0.68515625 0.759375 0.03046875 0.0453125
0 0.67734375 0.81484375 0.02109375 0.01875
0 0.68515625 0.79453125 0.03359375 0.02890625
0 0.75546875 0.84140625 0.0453125 0.04921875
0 0.6546875 0.8125 0.025 0.02109375
0 0.5296875 0.83203125 0.0390625 0.03828125
0 0.45546875 0.78046875 0.0609375 0.03671875
0 0.4046875 0.753125 0.0625 0.02265625
0 0.35546875 0.75 0.04375 0.040625
0 0.28671875 0.75234375 0.05625 0.040625
0 0.36640625 0.80390625 0.04921875 0.02734375
0 0.3109375 0.83984375 0.06953125 0.034375
0 0.3703125 0.8546875 0.05546875 0.0375
0 0.3796875 0.896875 0.06875 0.03203125
0 0.39296875 0.93671875 0.06171875 0.0359375
0 0.55078125 0.8609375 0.0546875 0.0171875
0 0.65078125 0.8828125 0.02734375 0.040625
0 0.64375 0.91640625 0.06015625 0.02734375
0 0.6171875 0.9453125 0.0265625 0.03125
0 0.575 0.9421875 0.053125 0.028125
0 0.2734375 0.93984375 0.07109375 0.0265625
0 0.21875 0.9328125 0.04140625 0.02734375
0 0.1734375 0.93046875 0.04765625 0.01875
0 0.16875 0.9046875 0.0640625 0.021875
0 0.12265625 0.9375 0.0375 0.03828125
0 0.18515625 0.828125 0.08125 0.03125
0 0.203125 0.73671875 0.0421875 0.059375
0 0.1765625 0.66640625 0.03203125 0.05859375
0 0.2015625 0.5765625 0.0734375 0.021875
0 0.29453125 0.68515625 0.01953125 0.0265625