0 0.6875 0.02421875 0.0796875 0.040625
0 0.7328125 0.0734375 0.03125 0.0453125
0 0.7015625 0.09921875 0.059375 0.0375
0 0.6375 0.13046875 0.03125 0.0359375
0 0.6046875 0.13359375 0.0359375 0.040625
0 0.54765625 0.18515625 0.0625 0.05625
0 0.38984375 0.16171875 0.0765625 0.04375
0 0.30078125 0.26640625 0.065625 0.0546875
0 0.4796875 0.22421875 0.0609375 0.0421875
0 0.46875 0.265625 0.0328125 0.053125
0 0.54765625 0.2375 0.0546875 0.065625
0 0.60078125 0.2296875 0.0484375 0.059375
0 0.67421875 0.19140625 0.0453125 0.0609375
0 0.728125 0.1734375 0.0546875 0.0609375
0 0.715625 0.2828125 0.0671875 0.0515625
0 0.50625 0.33359375 0.0359375 0.04375
0 0.46640625 0.378125 0.0703125 0.0609375
0 0.5296875 0.3671875 0.0359375 0.04375
0 0.58984375 0.34921875 0.0671875 0.046875
0 0.59140625 0.3828125 0.046875 0.0484375
0 0.6265625 0.40625 0.065625 0.040625
0 0.67265625 0.346875 0.078125 0.0421875
0 0.71640625 0.37578125 0.08125 0.04375
0 0.7671875 0.3375 0.0265625 0.040625
0 0.80703125 0.4390625 0.04375 0.0640625
0 0.7296875 0.44765625 0.040625 0.059375
0 0.67734375 0.44765625 0.03125 0.0328125
0 0.6515625 0.4453125 0.0265625 0.0328125
0 0.77109375 0.48359375 0.053125 0.05625
0 0.859375 0.5109375 0.065625 0.065625
0 0.6671875 0.52734375 0.071875 0.0375
0 0.64375 0.56484375 0.0671875 0.04375
0 0.59140625 0.52578125 0.0484375 0.0484375
0 0.73203125 0.56953125 0.071875 0.04375
0 0.790625 0.5765625 0.0421875 0.0546875
0 0.75 0.615625 0.0890625 0.0375
0 0.865625 0.60390625 0.0375 0.05625
0 0.86640625 0.64453125 0.034375 0.0375
0 0.809375 0.66484375 0.03125 0.03125
0 0.83984375 0.6671875 0.03125 0.0234375
0 0.88515625 0.67109375 0.0625 0.03125
0 0.76171875 0.69921875 0.0640625 0.0546875
0 0.80078125 0.7234375 0.034375 0.0453125
0 0.82734375 0.7390625 0.0359375 0.05625
0 0.91015625 0.74765625 0.040625 0.05625
0 0.7234375 0.75859375 0.0703125 0.0359375
0 0.63203125 0.715625 0.0421875 0.0578125
0 0.63828125 0.78984375 0.065625 0.0453125
0 0.5671875 0.75390625 0.0625 0.05
0 0.55625 0.81015625 0.0375 0.0453125
0 0.5546875 0.846875 0.025 0.0359375
0 0.69140625 0.84453125 0.09375 0.04375
0 0.85078125 0.81171875 0.040625 0.0390625
0 0.79453125 0.853125 0.071875 0.0359375
0 0.86796875 0.840625 0.0296875 0.028125
0 0.68515625 0.865625 0.0375 0.0265625
0 0.59296875 0.90703125 0.0625 0.0296875
0 0.56484375 0.90078125 0.06875 0.0296875
0 0.53515625 0.89609375 0.0640625 0.0265625
0 0.56953125 0.86953125 0.0515625 0.0265625
0 0.540625 0.8671875 0.0203125 0.01875
0 0.4359375 0.95703125 0.078125 0.0390625
0 0.4328125 0.91953125 0.04375 0.0328125
0 0.38203125 0.94296875 0.0734375 0.0421875
0 0.3078125 0.940625 0.059375 0.0328125
0 0.253125 0.94296875 0.0578125 0.0515625
0 0.328125 0.9125 0.034375 0.0375
0 0.50859375 0.8640625 0.0390625 0.0234375
0 0.47265625 0.86015625 0.0609375 0.028125
0 0.47734375 0.82890625 0.0453125 0.046875
0 0.4109375 0.81875 0.05625 0.0515625
0 0.3625 0.840625 0.0390625 0.046875
0 0.3078125 0.8875 0.0328125 0.0359375
0 0.28046875 0.8828125 0.0359375 0.0328125
0 0.24375 0.88125 0.0546875 0.0625
0 0.26953125 0.82265625 0.0546875 0.05
0 0.44453125 0.78359375 0.028125 0.0453125
0 0.44296875 0.753125 0.03125 0.0234375
0 0.3578125 0.7265625 0.0421875 0.0546875
0 0.3046875 0.70546875 0.0421875 0.0671875
0 0.2421875 0.675 0.05 0.059375
0 0.33984375 0.65234375 0.0421875 0.059375
0 0.38828125 0.60625 0.053125 0.0515625
0 0.4125 0.6921875 0.071875 0.046875
0 0.47578125 0.671875 0.05 0.0546875
0 0.2921875 0.59296875 0.046875 0.06875
0 0.16875 0.57109375 0.040625 0.0578125
0 0.228125 0.51796875 0.0546875 0.05
0 0.29453125 0.48828125 0.0265625 0.0328125
0 0.32109375 0.4875 0.0296875 0.025
0 0.4296875 0.4234375 0.04375 0.0609375
0 0.4265625 0.48984375 0.0734375 0.0390625
0 0.42109375 0.54140625 0.053125 0.0671875
0 0.490625 0.48359375 0.0546875 0.053125
0 0.51328125 0.5484375 0.059375 0.0625
0 0.14765625 0.43125 0.0703125 0.0515625
0 0.209375 0.37578125 0.071875 0.053125
0 0.35625 0.35 0.0703125 0.0453125
0 0.53828125 0.64921875 0.04375 0.0609375