0 0.1390625 0.184375 0.025 0.05625
0 0.18515625 0.21875 0.0390625 0.02578125
0 0.2140625 0.23984375 0.040625 0.02578125
0 0.17734375 0.2625 0.08203125 0.0203125
0 0.21796875 0.1703125 0.04765625 0.03515625
0 0.28671875 0.19296875 0.053125 0.04453125
0 0.45 0.2 0.096875 0.0328125
0 0.4546875 0.24765625 0.06484375 0.0421875
0 0.38515625 0.2765625 0.05 0.05078125
0 0.2875 0.315625 0.075 0.02734375
0 0.6359375 0.17890625 0.07734375 0.0359375
0 0.68203125 0.2640625 0.04453125 0.0546875
0 0.75 0.26875 0.0421875 0.0609375
0 0.6109375 0.3328125 0.03203125 0.01796875
0 0.5796875 0.3453125 0.0296875 0.0515625
0 0.603125 0.39921875 0.0578125 0.028125
0 0.5453125 0.37890625 0.025 0.05546875
0 0.4875 0.41484375 0.05 0.04453125
0 0.23125 0.44296875 0.0328125 0.0578125
0 0.29296875 0.44453125 0.059375 0.040625
0 0.16953125 0.4109375 0.0234375 0.0296875
0 0.134375 0.415625 0.03046875 0.03828125
0 0.12109375 0.56171875 0.025 0.03515625
0 0.115625 0.52109375 0.0265625 0.0484375
0 0.31796875 0.5 0.05703125 0.02734375
0 0.38125 0.4671875 0.06953125 0.0203125
0 0.459375 0.478125 0.0359375 0.03515625
0 0.31875 0.553125 0.0265625 0.0546875
0 0.484375 0.51640625 0.02578125 0.053125
0 0.6046875 0.46953125 0.0171875 0.05703125
0 0.6265625 0.4421875 0.02734375 0.02734375
0 0.67109375 0.4328125 0.0625 0.0328125
0 0.7125 0.48984375 0.06015625 0.03125
0 0.6734375 0.5640625 0.07109375 0.02578125
0 0.60234375 0.56015625 0.059375 0.0171875
0 0.66796875 0.60390625 0.03515625 0.06015625
0 0.60859375 0.6234375 0.0265625 0.0578125
0 0.55546875 0.58984375 0.053125 0.0484375
0 0.49296875 0.62265625 0.0703125 0.0390625
0 0.6015625 0.67265625 0.03203125 0.053125
0 0.65703125 0.70625 0.0453125 0.05625
0 0.7265625 0.70703125 0.05234375 0.046875
0 0.3875 0.646875 0.03359375 0.05390625
0 0.5390625 0.7296875 0.0578125 0.03828125
0 0.3078125 0.66640625 0.034375 0.01953125
0 0.3265625 0.64375 0.0265625 0.01875
0 0.1703125 0.5984375 0.0609375 0.021875
0 0.19765625 0.63046875 0.040625 0.03359375
0 0.21796875 0.66875 0.04765625 0.034375
0 0.1671875 0.66328125 0.0515625 0.03984375
0 0.14453125 0.70625 0.0203125 0.04375
0 0.11015625 0.73828125 0.0390625 0.028125
0 0.134375 0.75390625 0.02734375 0.0265625
0 0.1765625 0.73359375 0.02890625 0.02734375
0 0.178125 0.7765625 0.0203125 0.0203125
0 0.20390625 0.7828125 0.0390625 0.02421875
0 0.159375 0.78203125 0.0203125 0.0328125
0 0.28828125 0.7578125 0.06171875 0.0140625
0 0.35625 0.7453125 0.0703125 0.015625
0 0.25390625 0.8078125 0.021875 0.01796875
0 0.30078125 0.81015625 0.06796875 0.02265625
0 0.2796875 0.8328125 0.03671875 0.015625
0 0.24140625 0.834375 0.04296875 0.0328125
0 0.18125 0.82890625 0.0515625 0.03828125
0 0.19921875 0.865625 0.04140625 0.03671875
0 0.1421875 0.85078125 0.02421875 0.0484375
0 0.121875 0.81171875 0.02578125 0.0484375
0 0.2421875 0.90078125 0.03203125 0.02109375
0 0.196875 0.9 0.0578125 0.02109375
0 0.14609375 0.925 0.04296875 0.046875
0 0.3078125 0.9 0.0484375 0.02109375
0 0.303125 0.91796875 0.04765625 0.015625
0 0.2890625 0.9421875 0.06640625 0.01953125
0 0.38046875 0.8671875 0.0765625 0.0265625
0 0.37421875 0.89765625 0.0703125 0.0203125
0 0.434375 0.89609375 0.04921875 0.01953125
0 0.415625 0.91171875 0.0703125 0.0171875
0 0.471875 0.8671875 0.078125 0.0203125
0 0.4515625 0.7796875 0.03125 0.02265625
0 0.403125 0.78671875 0.06796875 0.03046875
0 0.54921875 0.79296875 0.03671875 0.04296875
0 0.54453125 0.82421875 0.04453125 0.01953125
0 0.575 0.83828125 0.0359375 0.03515625
0 0.5734375 0.871875 0.04453125 0.02265625
0 0.61953125 0.87734375 0.0453125 0.0390625
0 0.57578125 0.90234375 0.08203125 0.01953125
0 0.590625 0.92109375 0.0703125 0.01875
0 0.6734375 0.884375 0.04375 0.0375
0 0.6828125 0.91484375 0.0703125 0.01953125
0 0.734375 0.83984375 0.06328125 0.0203125
0 0.7578125 0.8703125 0.03515625 0.025
0 0.75703125 0.90078125 0.03046875 0.025
0 0.83125 0.86015625 0.0578125 0.03984375
0 0.81328125 0.81484375 0.02578125 0.0453125
0 0.809375 0.78203125 0.01875 0.01796875
0 0.734375 0.7984375 0.02890625 0.06171875
0 0.59140625 0.79609375 0.046875 0.03125