0 0.66875 0.12109375 0.0359375 0.05
0 0.675 0.1640625 0.06875 0.0296875
0 0.775 0.17265625 0.05 0.0421875
0 0.8203125 0.175 0.0453125 0.0296875
0 0.86875 0.23515625 0.034375 0.053125
0 0.871875 0.19296875 0.04375 0.0234375
0 0.9125 0.209375 0.04375 0.021875
0 0.9296875 0.18203125 0.034375 0.046875
0 0.90546875 0.178125 0.0359375 0.0328125
0 0.91484375 0.25546875 0.034375 0.0453125
0 0.44609375 0.07109375 0.065625 0.0296875
0 0.4921875 0.1421875 0.0296875 0.046875
0 0.4625 0.11875 0.0578125 0.0234375
0 0.4578125 0.1 0.0671875 0.03125
0 0.51796875 0.12421875 0.0546875 0.025
0 0.37421875 0.10859375 0.065625 0.0453125
0 0.2734375 0.06796875 0.0484375 0.053125
0 0.27265625 0.12734375 0.03125 0.0515625
0 0.40390625 0.1671875 0.0578125 0.04375
0 0.5953125 0.22578125 0.0546875 0.0328125
0 0.6046875 0.2015625 0.0515625 0.0328125
0 0.61953125 0.1734375 0.0578125 0.03125
0 0.6625 0.2453125 0.0453125 0.046875
0 0.7703125 0.25078125 0.0515625 0.065625
0 0.825 0.29765625 0.0359375 0.05
0 0.76328125 0.3203125 0.059375 0.0296875
0 0.70859375 0.34140625 0.0703125 0.0390625
0 0.88046875 0.35625 0.0359375 0.0453125
0 0.83203125 0.36953125 0.040625 0.053125
0 0.63046875 0.30078125 0.04375 0.0546875
0 0.56796875 0.31640625 0.0359375 0.0515625
0 0.5 0.28671875 0.0296875 0.0421875
0 0.4296875 0.2921875 0.028125 0.0453125
0 0.39296875 0.2890625 0.040625 0.04375
0 0.403125 0.23203125 0.04375 0.0515625
0 0.3484375 0.2578125 0.059375 0.0328125
0 0.20234375 0.24140625 0.0671875 0.0546875
0 0.89609375 0.4171875 0.03125 0.0453125
0 0.86640625 0.45078125 0.05 0.0453125
0 0.86953125 0.42109375 0.0265625 0.021875
0 0.77734375 0.4125 0.075 0.034375
0 0.778125 0.4546875 0.046875 0.046875
0 0.5640625 0.3875 0.05 0.04375
0 0.55625 0.42265625 0.04375 0.0484375
0 0.63984375 0.4625 0.05 0.0578125
0 0.8484375 0.52578125 0.0421875 0.0546875
0 0.79296875 0.57109375 0.0390625 0.053125
0 0.6703125 0.5890625 0.059375 0.0421875
0 0.503125 0.47421875 0.0640625 0.0265625
0 0.4875 0.5234375 0.0640625 0.034375
0 0.39140625 0.44375 0.053125 0.0359375
0 0.31015625 0.43671875 0.046875 0.05
0 0.24453125 0.38828125 0.03125 0.0515625
0 0.18046875 0.33984375 0.046875 0.0625
0 0.1625 0.48046875 0.0359375 0.04375
0 0.3234375 0.534375 0.034375 0.04375
0 0.371875 0.5453125 0.0734375 0.040625
0 0.459375 0.57265625 0.0671875 0.03125
0 0.41015625 0.5859375 0.0375 0.0453125
0 0.6109375 0.65078125 0.0515625 0.040625
0 0.70390625 0.68203125 0.0703125 0.0390625
0 0.74921875 0.7859375 0.0421875 0.0484375
0 0.6625 0.8375 0.025 0.025
0 0.64765625 0.81875 0.028125 0.0421875
0 0.48984375 0.74453125 0.059375 0.0390625
0 0.3421875 0.66953125 0.0546875 0.0296875
0 0.30625 0.68203125 0.04375 0.0390625
0 0.21875 0.61875 0.034375 0.05
0 0.25625 0.58671875 0.0359375 0.059375
0 0.1984375 0.565625 0.0640625 0.0390625
0 0.15546875 0.56015625 0.0328125 0.0578125
0 0.7609375 0.86953125 0.0375 0.0484375
0 0.75390625 0.94296875 0.0296875 0.0390625
0 0.74453125 0.915625 0.03125 0.0421875
0 0.7046875 0.91484375 0.0390625 0.059375
0 0.76015625 0.984375 0.0328125 0.03125
0 0.74609375 0.97265625 0.0296875 0.0375
0 0.70234375 0.97109375 0.0328125 0.0328125
0 0.665625 0.95078125 0.053125 0.0296875
0 0.6125 0.92578125 0.05625 0.04375
0 0.5984375 0.95390625 0.0625 0.0390625
0 0.57421875 0.859375 0.0421875 0.0546875
0 0.446875 0.875 0.046875 0.05
0 0.3953125 0.85078125 0.075 0.05
0 0.325 0.815625 0.05 0.065625
0 0.2453125 0.71953125 0.04375 0.05
0 0.128125 0.6734375 0.0296875 0.040625
0 0.11015625 0.653125 0.0296875 0.04375
0 0.1578125 0.79140625 0.028125 0.021875
0 0.14140625 0.78046875 0.0375 0.0390625
0 0.1171875 0.746875 0.0375 0.0390625
0 0.0984375 0.79140625 0.0359375 0.0453125
0 0.18203125 0.80703125 0.0625 0.03125
0 0.21796875 0.77890625 0.0390625 0.053125
0 0.2125 0.83515625 0.05625 0.0375
0 0.2453125 0.859375 0.046875 0.025
0 0.20625 0.87421875 0.03125 0.0359375
0 0.15234375 0.840625 0.0359375 0.046875
0 0.12734375 0.865625 0.0453125 0.025