0 0.2 0.14453125 0.05859375 0.04296875
0 0.2765625 0.178125 0.0375 0.0546875
0 0.36796875 0.2390625 0.03828125 0.05703125
0 0.35234375 0.2828125 0.04765625 0.03046875
0 0.203125 0.23125 0.05078125 0.04453125
0 0.228125 0.31875 0.0765625 0.02890625
0 0.2796875 0.38671875 0.07734375 0.02890625
0 0.32109375 0.425 0.06328125 0.03125
0 0.478125 0.31640625 0.0734375 0.03515625
0 0.49140625 0.26484375 0.040625 0.0515625
0 0.48203125 0.20859375 0.07109375 0.03125
0 0.61640625 0.1171875 0.0390625 0.06171875
0 0.6359375 0.18984375 0.02734375 0.04453125
0 0.621875 0.3265625 0.06875 0.034375
0 0.7828125 0.359375 0.05625 0.04453125
0 0.70859375 0.390625 0.04609375 0.0484375
0 0.7640625 0.41953125 0.0640625 0.0453125
0 0.80703125 0.453125 0.034375 0.04609375
0 0.77265625 0.4984375 0.03671875 0.03984375
0 0.7328125 0.51796875 0.04765625 0.02109375
0 0.66171875 0.5171875 0.0453125 0.04921875
0 0.62890625 0.4921875 0.03671875 0.0234375
0 0.6359375 0.4578125 0.04140625 0.03515625
0 0.58671875 0.51171875 0.06328125 0.0265625
0 0.55390625 0.54140625 0.04453125 0.04453125
0 0.5078125 0.396875 0.02734375 0.04921875
0 0.425 0.40703125 0.0390625 0.05546875
0 0.37421875 0.46171875 0.02890625 0.04375
0 0.4015625 0.45859375 0.0296875 0.0453125
0 0.471875 0.48046875 0.0515625 0.04140625
0 0.5109375 0.49375 0.02578125 0.05234375
0 0.48515625 0.55390625 0.034375 0.0453125
0 0.4140625 0.55703125 0.034375 0.0453125
0 0.33046875 0.50234375 0.034375 0.0515625
0 0.28984375 0.47265625 0.028125 0.0484375
0 0.24609375 0.48984375 0.04296875 0.05703125
0 0.21953125 0.4515625 0.03984375 0.040625
0 0.1578125 0.5484375 0.03671875 0.05703125
0 0.13046875 0.459375 0.06796875 0.02578125
0 0.28203125 0.53828125 0.07421875 0.02890625
0 0.3 0.628125 0.040625 0.0578125
0 0.2 0.5953125 0.025 0.05
0 0.134375 0.60703125 0.04140625 0.0515625
0 0.16328125 0.6609375 0.046875 0.05078125
0 0.1890625 0.71953125 0.05703125 0.046875
0 0.18515625 0.7734375 0.07109375 0.02265625
0 0.2390625 0.77890625 0.03125 0.0453125
0 0.28515625 0.71171875 0.03671875 0.05546875
0 0.33125 0.74921875 0.0546875 0.04375
0 0.27421875 0.75859375 0.04140625 0.0375
0 0.4421875 0.72578125 0.05703125 0.0359375
0 0.34296875 0.659375 0.028125 0.04453125
0 0.36484375 0.64609375 0.0140625 0.02578125
0 0.39765625 0.59296875 0.0265625 0.0265625
0 0.4078125 0.61484375 0.0265625 0.0265625
0 0.4078125 0.640625 0.02421875 0.025
0 0.44375 0.65703125 0.04453125 0.0484375
0 0.52734375 0.63671875 0.04765625 0.0625
0 0.49609375 0.690625 0.0390625 0.0484375
0 0.51953125 0.71875 0.03125 0.03359375
0 0.4765625 0.59453125 0.05546875 0.01796875
0 0.525 0.58125 0.0578125 0.01640625
0 0.59375 0.6171875 0.03828125 0.06171875
0 0.63828125 0.56953125 0.071875 0.02578125
0 0.725 0.6140625 0.05078125 0.0390625
0 0.7890625 0.603125 0.046875 0.06328125
0 0.671875 0.65703125 0.01875 0.0578125
0 0.6921875 0.6453125 0.0234375 0.0609375
0 0.62734375 0.67890625 0.03515625 0.0328125
0 0.58125 0.7 0.0640625 0.0265625
0 0.64375 0.72421875 0.0421875 0.04375
0 0.7109375 0.69140625 0.06015625 0.028125
0 0.7046875 0.72578125 0.0390625 0.0328125
0 0.79609375 0.68125 0.05078125 0.02578125
0 0.83125 0.70703125 0.02265625 0.040625
0 0.80546875 0.7515625 0.03203125 0.0453125
0 0.734375 0.728125 0.0234375 0.01640625
0 0.7546875 0.7203125 0.01640625 0.015625
0 0.759375 0.76015625 0.0453125 0.04140625
0 0.809375 0.81015625 0.028125 0.04921875
0 0.7625 0.8125 0.04375 0.0515625
0 0.6890625 0.79453125 0.03515625 0.05078125
0 0.634375 0.79609375 0.0265625 0.05625
0 0.70546875 0.8578125 0.0296875 0.05625
0 0.60234375 0.81875 0.02109375 0.04140625
0 0.59140625 0.8578125 0.0328125 0.04453125
0 0.56015625 0.8 0.07109375 0.021875
0 0.43359375 0.790625 0.03359375 0.0515625
0 0.49921875 0.8390625 0.07265625 0.028125
0 0.5375 0.896875 0.07578125 0.04296875
0 0.4421875 0.87734375 0.0640625 0.04765625
0 0.39765625 0.84140625 0.046875 0.034375
0 0.3015625 0.8453125 0.05234375 0.04765625
0 0.234375 0.8234375 0.03828125 0.0484375
0 0.2515625 0.8640625 0.02578125 0.025
0 0.225 0.8671875 0.0265625 0.01953125
0 0.290625 0.9 0.0625 0.03671875
0 0.35546875 0.90234375 0.07421875 0.0203125
0 0.83671875 0.89375 0.0359375 0.05546875