0 0.26875 0.16171875 0.08125 0.0578125
0 0.53828125 0.08046875 0.0203125 0.0171875
0 0.56796875 0.15234375 0.0578125 0.034375
0 0.57890625 0.11484375 0.0578125 0.021875
0 0.55234375 0.1 0.025 0.0390625
0 0.64765625 0.15234375 0.0578125 0.046875
0 0.640625 0.109375 0.0390625 0.028125
0 0.70390625 0.0828125 0.0328125 0.0359375
0 0.7296875 0.09453125 0.0390625 0.04375
0 0.7625 0.11640625 0.034375 0.046875
0 0.53125 0.22890625 0.05 0.015625
0 0.52421875 0.21484375 0.046875 0.015625
0 0.54609375 0.19296875 0.06875 0.01875
0 0.7984375 0.165625 0.015625 0.0328125
0 0.81875 0.16484375 0.025 0.03125
0 0.81328125 0.2109375 0.025 0.0375
0 0.74140625 0.26484375 0.0359375 0.046875
0 0.77265625 0.25234375 0.01875 0.0421875
0 0.8265625 0.25078125 0.021875 0.04375
0 0.84140625 0.240625 0.0140625 0.03125
0 0.8390625 0.21484375 0.0296875 0.025
0 0.67890625 0.25546875 0.0640625 0.028125
0 0.43984375 0.1859375 0.05 0.040625
0 0.48046875 0.24140625 0.053125 0.0234375
0 0.41640625 0.27578125 0.0609375 0.0328125
0 0.36796875 0.2703125 0.028125 0.04375
0 0.31484375 0.33984375 0.06875 0.0265625
0 0.4125 0.3796875 0.05 0.0328125
0 0.48671875 0.365625 0.053125 0.021875
0 0.559375 0.36015625 0.0421875 0.0453125
0 0.5953125 0.38671875 0.025 0.0390625
0 0.61875 0.3546875 0.0296875 0.01875
0 0.6625 0.34765625 0.059375 0.0328125
0 0.684375 0.29609375 0.0703125 0.0296875
0 0.81015625 0.303125 0.034375 0.04375
0 0.74296875 0.3875 0.04375 0.034375
0 0.765625 0.35703125 0.03125 0.0328125
0 0.79296875 0.340625 0.0375 0.03125
0 0.8265625 0.35859375 0.0453125 0.0265625
0 0.8171875 0.33359375 0.0234375 0.021875
0 0.84375 0.434375 0.0375 0.0453125
0 0.7875 0.4390625 0.0359375 0.0515625
0 0.74453125 0.46953125 0.05625 0.0328125
0 0.7265625 0.44609375 0.021875 0.0265625
0 0.65546875 0.48046875 0.0359375 0.05
0 0.76796875 0.496875 0.0265625 0.0328125
0 0.53046875 0.51875 0.0625 0.0375
0 0.3859375 0.48359375 0.0546875 0.028125
0 0.28984375 0.459375 0.0703125 0.0359375
0 0.22890625 0.53046875 0.028125 0.0484375
0 0.14140625 0.55390625 0.028125 0.05
0 0.21171875 0.63359375 0.0625 0.0296875
0 0.1453125 0.64609375 0.040625 0.0484375
0 0.153125 0.6828125 0.025 0.0234375
0 0.15078125 0.7140625 0.0265625 0.0359375
0 0.2078125 0.7203125 0.059375 0.0328125
0 0.2671875 0.71015625 0.0421875 0.0390625
0 0.34609375 0.653125 0.0265625 0.0484375
0 0.37890625 0.64609375 0.025 0.0515625
0 0.29921875 0.74375 0.0640625 0.01875
0 0.4890625 0.63515625 0.0578125 0.0390625
0 0.54765625 0.625 0.05625 0.0390625
0 0.6078125 0.59609375 0.05625 0.034375
0 0.81796875 0.575 0.021875 0.05625
0 0.8453125 0.58828125 0.03125 0.021875
0 0.5625 0.67734375 0.075 0.021875
0 0.66328125 0.7203125 0.0421875 0.040625
0 0.75703125 0.690625 0.034375 0.046875
0 0.59296875 0.74921875 0.0546875 0.0375
0 0.4453125 0.82734375 0.0484375 0.0421875
0 0.57421875 0.83203125 0.040625 0.046875
0 0.66328125 0.8328125 0.05 0.040625
0 0.77421875 0.8515625 0.0296875 0.0375
0 0.7796875 0.82734375 0.0359375 0.034375
0 0.74609375 0.91171875 0.0234375 0.0203125
0 0.72265625 0.88828125 0.040625 0.025
0 0.7 0.9125 0.0625 0.0328125
0 0.5265625 0.92421875 0.075 0.0234375
0 0.49375 0.86875 0.059375 0.028125
0 0.4515625 0.86953125 0.028125 0.0359375
0 0.38046875 0.87421875 0.0609375 0.01875
0 0.37109375 0.8421875 0.0703125 0.025
0 0.29765625 0.84765625 0.05625 0.01875
0 0.296875 0.80703125 0.078125 0.01875
0 0.19609375 0.85625 0.0578125 0.01875
0 0.1828125 0.83828125 0.0578125 0.025
0 0.15546875 0.81328125 0.028125 0.0453125
0 0.1359375 0.859375 0.034375 0.0328125
0 0.13359375 0.915625 0.03125 0.0125
0 0.15234375 0.903125 0.025 0.0421875
0 0.18515625 0.89921875 0.028125 0.040625
0 0.2078125 0.90078125 0.0296875 0.05
0 0.2078125 0.94375 0.0625 0.01875
0 0.2671875 0.89609375 0.0453125 0.04375
0 0.3125 0.8921875 0.040625 0.025
0 0.3296875 0.93671875 0.059375 0.01875
0 0.321875 0.91640625 0.05 0.01875
0 0.396875 0.92890625 0.04375 0.01875
0 0.365625 0.9140625 0.0421875 0.0203125
0 0.41484375 0.9109375 0.0546875 0.0203125