0 0.428125 0.8890625 0.059375 0.0296875
0 0.3984375 0.83515625 0.0359375 0.0265625
0 0.50859375 0.86015625 0.08125 0.034375
0 0.44296875 0.83359375 0.040625 0.0234375
0 0.42890625 0.80625 0.053125 0.028125
0 0.54765625 0.80390625 0.065625 0.0375
0 0.25234375 0.79140625 0.0453125 0.053125
0 0.2453125 0.73359375 0.0609375 0.040625
0 0.1953125 0.6984375 0.0390625 0.046875
0 0.36875 0.7578125 0.0453125 0.0265625
0 0.3328125 0.765625 0.0234375 0.0296875
0 0.36015625 0.72578125 0.0609375 0.0421875
0 0.33046875 0.671875 0.05625 0.0453125
0 0.4203125 0.71640625 0.0453125 0.0265625
0 0.47890625 0.7328125 0.059375 0.040625
0 0.50078125 0.68203125 0.075 0.0265625
0 0.415625 0.65859375 0.059375 0.034375
0 0.39375 0.615625 0.0609375 0.0328125
0 0.38125 0.578125 0.059375 0.0328125
0 0.25859375 0.5796875 0.06875 0.01875
0 0.58828125 0.634375 0.090625 0.03125
0 0.53984375 0.59375 0.04375 0.0609375
0 0.44375 0.57109375 0.046875 0.05625
0 0.575 0.759375 0.021875 0.0203125
0 0.575 0.73125 0.0203125 0.0234375
0 0.5828125 0.71015625 0.0265625 0.0265625
0 0.63828125 0.72421875 0.053125 0.040625
0 0.69453125 0.7296875 0.0390625 0.03125
0 0.69765625 0.7703125 0.0359375 0.0421875
0 0.690625 0.81640625 0.0625 0.028125
0 0.67265625 0.840625 0.0734375 0.021875
0 0.71015625 0.86015625 0.0640625 0.03125
0 0.8265625 0.78671875 0.0421875 0.046875
0 0.79609375 0.7359375 0.0375 0.025
0 0.8234375 0.72265625 0.0265625 0.0296875
0 0.8359375 0.68515625 0.0421875 0.0546875
0 0.76171875 0.69453125 0.053125 0.05
0 0.7203125 0.63984375 0.053125 0.0484375
0 0.74765625 0.57890625 0.0328125 0.05625
0 0.86640625 0.6171875 0.0328125 0.05
0 0.865625 0.5640625 0.0359375 0.0515625
0 0.78359375 0.48828125 0.0359375 0.0515625
0 0.75390625 0.4625 0.046875 0.03125
0 0.69453125 0.45703125 0.0515625 0.04375
0 0.703125 0.53203125 0.0328125 0.0515625
0 0.61015625 0.4859375 0.046875 0.05625
0 0.5875 0.54140625 0.0375 0.0484375
0 0.5265625 0.45625 0.0515625 0.04375
0 0.8296875 0.4421875 0.0421875 0.06875
0 0.8296875 0.384375 0.03125 0.03125
0 0.84453125 0.35546875 0.0375 0.0359375
0 0.7609375 0.35078125 0.0328125 0.053125
0 0.6875 0.371875 0.0453125 0.0484375
0 0.64375 0.3453125 0.059375 0.034375
0 0.82578125 0.3125 0.06875 0.05
0 0.74921875 0.28984375 0.0359375 0.059375
0 0.6953125 0.2890625 0.0390625 0.05625
0 0.440625 0.365625 0.0765625 0.0359375
0 0.3546875 0.42578125 0.0484375 0.040625
0 0.45078125 0.4765625 0.0546875 0.040625
0 0.365625 0.4890625 0.071875 0.0296875
0 0.24921875 0.42734375 0.0375 0.05625
0 0.29140625 0.3828125 0.0453125 0.05
0 0.40546875 0.41328125 0.021875 0.0171875
0 0.425 0.421875 0.0171875 0.025
0 0.36875 0.3328125 0.034375 0.025
0 0.325 0.33359375 0.0390625 0.03125
0 0.28828125 0.3046875 0.0359375 0.05
0 0.34765625 0.284375 0.028125 0.0296875
0 0.321875 0.2515625 0.01875 0.01875
0 0.42109375 0.2515625 0.0640625 0.034375
0 0.49609375 0.33671875 0.0578125 0.028125
0 0.51953125 0.30546875 0.0546875 0.0265625
0 0.503125 0.25703125 0.0234375 0.015625
0 0.50390625 0.24375 0.01875 0.0125
0 0.48515625 0.2171875 0.0390625 0.0359375
0 0.58203125 0.2546875 0.053125 0.0328125
0 0.59609375 0.1765625 0.046875 0.040625
0 0.590625 0.12890625 0.0671875 0.0375
0 0.521875 0.1296875 0.034375 0.05625
0 0.553125 0.08828125 0.046875 0.0375
0 0.425 0.1640625 0.0734375 0.0265625
0 0.6609375 0.178125 0.0359375 0.065625
0 0.6921875 0.11875 0.0640625 0.0359375
0 0.6296875 0.0875 0.071875 0.0234375
0 0.6109375 0.0625 0.046875 0.0296875
0 0.7046875 0.08359375 0.0734375 0.040625
0 0.77109375 0.0640625 0.0625 0.0390625
0 0.821875 0.08515625 0.0375 0.0484375
0 0.7875 0.146875 0.0328125 0.0203125
0 0.76640625 0.1640625 0.03125 0.021875
0 0.74921875 0.20859375 0.0453125 0.0609375
0 0.78828125 0.24921875 0.046875 0.0359375
0 0.83671875 0.2421875 0.025 0.01875
0 0.834375 0.259375 0.025 0.01875
0 0.3125 0.18984375 0.0234375 0.0546875
0 0.29296875 0.16640625 0.028125 0.0375
0 0.30546875 0.1125 0.0765625 0.0296875
0 0.18671875 0.11484375 0.071875 0.03125