0 0.11640625 0.1515625 0.03125 0.046875
0 0.1484375 0.1953125 0.07109375 0.0234375
0 0.2890625 0.1953125 0.0609375 0.02890625
0 0.43984375 0.21875 0.07734375 0.021875
0 0.56015625 0.225 0.03046875 0.03671875
0 0.571875 0.08359375 0.04921875 0.0328125
0 0.6375 0.08359375 0.071875 0.015625
0 0.73828125 0.06484375 0.07109375 0.0109375
0 0.7484375 0.08671875 0.02890625 0.03203125
0 0.7890625 0.10625 0.059375 0.01171875
0 0.8625 0.08515625 0.0453125 0.03984375
0 0.8390625 0.11640625 0.0625 0.01796875
0 0.7234375 0.12578125 0.046875 0.021875
0 0.67421875 0.10859375 0.03984375 0.02578125
0 0.73671875 0.1796875 0.06328125 0.025
0 0.83203125 0.18125 0.03515625 0.0484375
0 0.79140625 0.25625 0.0265625 0.04609375
0 0.81875 0.2484375 0.0328125 0.02265625
0 0.8484375 0.2328125 0.02578125 0.040625
0 0.71640625 0.25390625 0.0609375 0.02890625
0 0.61015625 0.24921875 0.05390625 0.0203125
0 0.3734375 0.26796875 0.0546875 0.0296875
0 0.253125 0.24375 0.06015625 0.01875
0 0.2640625 0.3390625 0.025 0.03515625
0 0.21015625 0.32265625 0.025 0.03515625
0 0.21796875 0.3578125 0.0546875 0.01484375
0 0.10625 0.3234375 0.02578125 0.046875
0 0.1265625 0.30234375 0.02109375 0.053125
0 0.10625 0.37734375 0.01875 0.0359375
0 0.1515625 0.3859375 0.02890625 0.04609375
0 0.1109375 0.42421875 0.02109375 0.03203125
0 0.621875 0.36015625 0.065625 0.02578125
0 0.7515625 0.37578125 0.034375 0.04296875
0 0.809375 0.3640625 0.05234375 0.025
0 0.81640625 0.40234375 0.028125 0.0484375
0 0.84609375 0.46484375 0.0515625 0.0203125
0 0.859375 0.49140625 0.03359375 0.0359375
0 0.709375 0.43984375 0.04765625 0.03046875
0 0.625 0.42578125 0.0328125 0.04765625
0 0.49765625 0.4328125 0.05 0.040625
0 0.3421875 0.47734375 0.05078125 0.025
0 0.240625 0.5140625 0.046875 0.04375
0 0.10546875 0.51640625 0.01953125 0.0453125
0 0.12578125 0.49296875 0.02265625 0.05234375
0 0.1390625 0.55078125 0.03203125 0.02890625
0 0.28984375 0.57421875 0.03359375 0.04765625
0 0.43515625 0.571875 0.06328125 0.028125
0 0.62265625 0.50390625 0.0296875 0.034375
0 0.665625 0.5640625 0.053125 0.03515625
0 0.77578125 0.63515625 0.0328125 0.046875
0 0.66796875 0.63828125 0.06953125 0.015625
0 0.51953125 0.615625 0.07890625 0.02421875
0 0.3609375 0.6453125 0.0359375 0.05390625
0 0.225 0.62109375 0.03359375 0.040625
0 0.128125 0.6359375 0.021875 0.0453125
0 0.16953125 0.61328125 0.034375 0.034375
0 0.20703125 0.603125 0.02421875 0.04453125
0 0.109375 0.6390625 0.0171875 0.03984375
0 0.11328125 0.675 0.0265625 0.0265625
0 0.14609375 0.6671875 0.02734375 0.05234375
0 0.10859375 0.72421875 0.028125 0.04921875
0 0.13984375 0.7125 0.0265625 0.04140625
0 0.33046875 0.721875 0.05390625 0.0390625
0 0.37109375 0.7078125 0.034375 0.0484375
0 0.525 0.72578125 0.07890625 0.01875
0 0.67265625 0.6703125 0.06015625 0.0203125
0 0.615625 0.75859375 0.01015625 0.046875
0 0.63125 0.7390625 0.01328125 0.0421875
0 0.4640625 0.753125 0.05546875 0.0390625
0 0.15078125 0.78828125 0.02890625 0.04296875
0 0.17890625 0.7640625 0.0171875 0.03671875
0 0.15859375 0.753125 0.021875 0.03359375
0 0.09765625 0.81640625 0.02578125 0.03671875
0 0.12734375 0.85703125 0.0203125 0.03984375
0 0.1546875 0.85078125 0.01875 0.0390625
0 0.2359375 0.8359375 0.059375 0.04140625
0 0.20703125 0.8859375 0.04921875 0.03046875
0 0.109375 0.8859375 0.03828125 0.01796875
0 0.12734375 0.89453125 0.03984375 0.0265625
0 0.165625 0.9171875 0.0609375 0.0203125
0 0.22734375 0.921875 0.0546875 0.01484375
0 0.31015625 0.8953125 0.04765625 0.03359375
0 0.31484375 0.8640625 0.05703125 0.01875
0 0.40390625 0.86484375 0.05234375 0.04296875
0 0.32109375 0.81015625 0.05546875 0.03515625
0 0.378125 0.92890625 0.0484375 0.01640625
0 0.3671875 0.90546875 0.0359375 0.0109375
0 0.40234375 0.91171875 0.0421875 0.015625
0 0.5578125 0.9375 0.0578125 0.021875
0 0.575 0.915625 0.06015625 0.01015625
0 0.525 0.88203125 0.0390625 0.0359375
0 0.50234375 0.84609375 0.03515625 0.0515625
0 0.68203125 0.84921875 0.0328125 0.04296875
0 0.70234375 0.89609375 0.0453125 0.01484375
0 0.6625 0.8859375 0.04453125 0.01640625
0 0.61640625 0.90703125 0.04296875 0.0421875
0 0.70625 0.91953125 0.0265625 0.021875
0 0.740625 0.89140625 0.04140625 0.03203125