0 0.621875 0.12578125 0.0625 0.05
0 0.7890625 0.1890625 0.0640625 0.03125
0 0.89375 0.19921875 0.040625 0.0609375
0 0.67421875 0.22265625 0.0515625 0.0484375
0 0.559375 0.16484375 0.04375 0.0484375
0 0.4078125 0.14609375 0.0640625 0.0546875
0 0.265625 0.059375 0.0765625 0.046875
0 0.24140625 0.1328125 0.0296875 0.0515625
0 0.2796875 0.12421875 0.03125 0.0609375
0 0.203125 0.10390625 0.0625 0.025
0 0.23359375 0.20078125 0.065625 0.028125
0 0.22421875 0.1734375 0.03125 0.034375
0 0.2609375 0.1828125 0.03125 0.046875
0 0.31640625 0.19453125 0.0703125 0.0234375
0 0.321875 0.16640625 0.03125 0.0546875
0 0.40546875 0.2109375 0.0671875 0.0234375
0 0.40234375 0.234375 0.034375 0.0390625
0 0.4765625 0.2453125 0.06875 0.0296875
0 0.2390625 0.2796875 0.0359375 0.0453125
0 0.26484375 0.265625 0.0296875 0.0625
0 0.303125 0.25859375 0.0453125 0.03125
0 0.31875 0.23828125 0.0484375 0.046875
0 0.33125 0.30390625 0.046875 0.05
0 0.44140625 0.34296875 0.084375 0.03125
0 0.55546875 0.39140625 0.0609375 0.046875
0 0.61875 0.40703125 0.0296875 0.0421875
0 0.771875 0.44453125 0.046875 0.05
0 0.8203125 0.45234375 0.03125 0.0515625
0 0.8375 0.48671875 0.034375 0.0484375
0 0.76875 0.50390625 0.0578125 0.025
0 0.675 0.509375 0.040625 0.05
0 0.709375 0.496875 0.04375 0.046875
0 0.6875 0.56484375 0.05625 0.0359375
0 0.7140625 0.54609375 0.0359375 0.0421875
0 0.75234375 0.5765625 0.0203125 0.046875
0 0.76875 0.5421875 0.0328125 0.03125
0 0.7890625 0.5296875 0.0625 0.034375
0 0.60546875 0.47109375 0.040625 0.0453125
0 0.5453125 0.4734375 0.0609375 0.034375
0 0.49609375 0.41796875 0.05 0.0296875
0 0.45078125 0.4203125 0.0375 0.0390625
0 0.40703125 0.384375 0.0546875 0.028125
0 0.38046875 0.36484375 0.059375 0.025
0 0.2734375 0.371875 0.0421875 0.04375
0 0.36015625 0.40859375 0.0609375 0.0390625
0 0.22890625 0.409375 0.0671875 0.034375
0 0.3234375 0.4484375 0.0796875 0.046875
0 0.46796875 0.48671875 0.0640625 0.046875
0 0.5953125 0.55625 0.0640625 0.0359375
0 0.553125 0.52265625 0.04375 0.040625
0 0.50546875 0.55390625 0.08125 0.0359375
0 0.3890625 0.50390625 0.0671875 0.028125
0 0.334375 0.5078125 0.0328125 0.0484375
0 0.22734375 0.484375 0.0609375 0.040625
0 0.2 0.52265625 0.0671875 0.0296875
0 0.2203125 0.56796875 0.0375 0.040625
0 0.18359375 0.5640625 0.0515625 0.03125
0 0.35 0.58046875 0.03125 0.0421875
0 0.4078125 0.56953125 0.059375 0.03125
0 0.43359375 0.5921875 0.0609375 0.0390625
0 0.3953125 0.60546875 0.0484375 0.028125
0 0.55078125 0.5921875 0.0484375 0.0375
0 0.571875 0.628125 0.0640625 0.03125
0 0.709375 0.61015625 0.065625 0.028125
0 0.659375 0.70625 0.05 0.04375
0 0.725 0.7671875 0.0578125 0.040625
0 0.10859375 0.61953125 0.0375 0.040625
0 0.1203125 0.59140625 0.0296875 0.0234375
0 0.14453125 0.59921875 0.0296875 0.03125
0 0.16015625 0.634375 0.0625 0.0296875
0 0.25390625 0.63046875 0.0265625 0.0453125
0 0.290625 0.62109375 0.05625 0.04375
0 0.49609375 0.7609375 0.0375 0.040625
0 0.6390625 0.82890625 0.040625 0.053125
0 0.69921875 0.86796875 0.0515625 0.053125
0 0.68515625 0.9046875 0.0625 0.0328125
0 0.53828125 0.859375 0.0390625 0.046875
0 0.43203125 0.80390625 0.0640625 0.0375
0 0.41171875 0.75625 0.05 0.0375
0 0.34609375 0.72265625 0.0796875 0.0421875
0 0.36328125 0.790625 0.0609375 0.0421875
0 0.25390625 0.71328125 0.0578125 0.0453125
0 0.18359375 0.69453125 0.0421875 0.0421875
0 0.2234375 0.6765625 0.040625 0.0515625
0 0.1421875 0.69453125 0.053125 0.0484375
0 0.07734375 0.6984375 0.0578125 0.0265625
0 0.10078125 0.75234375 0.0453125 0.059375
0 0.1484375 0.7625 0.059375 0.03125
0 0.15234375 0.734375 0.046875 0.0328125
0 0.20390625 0.765625 0.0625 0.0359375
0 0.2625 0.79453125 0.0390625 0.05
0 0.3078125 0.83828125 0.0578125 0.028125
0 0.3671875 0.84453125 0.0484375 0.059375
0 0.140625 0.82265625 0.046875 0.0515625
0 0.1140625 0.853125 0.05625 0.0265625
0 0.15390625 0.88515625 0.0484375 0.028125
0 0.265625 0.8953125 0.0765625 0.0328125
0 0.36015625 0.9171875 0.0765625 0.03125
0 0.37578125 0.9046875 0.0640625 0.025