0 0.609375 0.1 0.03984375 0.0484375
0 0.6640625 0.096875 0.0421875 0.04453125
0 0.6875 0.125 0.0359375 0.03046875
0 0.51328125 0.15625 0.06875 0.03359375
0 0.60703125 0.16796875 0.07421875 0.03515625
0 0.7171875 0.1328125 0.02578125 0.02109375
0 0.71875 0.1546875 0.0203125 0.01875
0 0.74765625 0.19140625 0.05703125 0.03828125
0 0.75 0.1125 0.034375 0.0609375
0 0.44609375 0.14140625 0.0265625 0.0609375
0 0.45625 0.21328125 0.05859375 0.02890625
0 0.409375 0.1171875 0.0515625 0.02265625
0 0.3515625 0.103125 0.0703125 0.0125
0 0.2234375 0.1046875 0.0703125 0.02109375
0 0.3203125 0.14296875 0.040625 0.0484375
0 0.1984375 0.13984375 0.03046875 0.01640625
0 0.2203125 0.15859375 0.01875 0.03828125
0 0.15703125 0.14296875 0.0453125 0.040625
0 0.1875 0.18046875 0.0453125 0.01640625
0 0.1234375 0.20625 0.04609375 0.01328125
0 0.15703125 0.24296875 0.02890625 0.059375
0 0.12734375 0.2375 0.021875 0.05234375
0 0.096875 0.23359375 0.02734375 0.0515625
0 0.11796875 0.2796875 0.025 0.03828125
0 0.16640625 0.328125 0.03125 0.05234375
0 0.10703125 0.33046875 0.0171875 0.0265625
0 0.12421875 0.3328125 0.01875 0.021875
0 0.28515625 0.26328125 0.034375 0.03515625
0 0.3203125 0.22421875 0.05703125 0.0359375
0 0.33046875 0.2765625 0.03203125 0.0390625
0 0.35546875 0.30546875 0.04453125 0.0171875
0 0.41171875 0.29375 0.040625 0.025
0 0.43203125 0.36640625 0.03125 0.0515625
0 0.50234375 0.3765625 0.0546875 0.0390625
0 0.5890625 0.321875 0.07421875 0.03203125
0 0.378125 0.415625 0.03515625 0.0546875
0 0.30625 0.4109375 0.03359375 0.05625
0 0.25078125 0.396875 0.05703125 0.028125
0 0.21484375 0.4359375 0.034375 0.0546875
0 0.12265625 0.4296875 0.03515625 0.05625
0 0.121875 0.49453125 0.01875 0.01875
0 0.1390625 0.509375 0.02265625 0.02265625
0 0.115625 0.540625 0.05625 0.02421875
0 0.165625 0.55390625 0.03984375 0.0328125
0 0.1109375 0.62421875 0.040625 0.046875
0 0.203125 0.63515625 0.02265625 0.02421875
0 0.21484375 0.6578125 0.02421875 0.01875
0 0.12734375 0.690625 0.04453125 0.05078125
0 0.32109375 0.7609375 0.03125 0.05
0 0.371875 0.70234375 0.03984375 0.04453125
0 0.43359375 0.77578125 0.03359375 0.059375
0 0.3859375 0.8 0.06640625 0.03671875
0 0.39296875 0.8390625 0.07578125 0.03125
0 0.478125 0.8328125 0.04453125 0.0421875
0 0.46328125 0.865625 0.0828125 0.0234375
0 0.51796875 0.809375 0.04140625 0.04921875
0 0.60625 0.8515625 0.04140625 0.02109375
0 0.6375 0.86484375 0.0359375 0.021875
0 0.63125 0.88515625 0.04296875 0.02109375
0 0.58984375 0.90390625 0.05859375 0.0203125
0 0.52578125 0.9171875 0.06484375 0.03359375
0 0.68828125 0.8828125 0.04375 0.028125
0 0.73203125 0.87734375 0.03828125 0.0265625
0 0.7390625 0.9203125 0.05078125 0.03515625
0 0.78515625 0.87734375 0.02109375 0.02109375
0 0.83046875 0.90703125 0.0265625 0.01875
0 0.8265625 0.88125 0.01953125 0.03515625
0 0.81015625 0.8234375 0.02734375 0.04921875
0 0.82109375 0.77578125 0.0453125 0.034375
0 0.71484375 0.784375 0.04765625 0.0578125
0 0.771875 0.73828125 0.05625 0.034375
0 0.61875 0.6984375 0.08046875 0.02421875
0 0.503125 0.6984375 0.0328125 0.05703125
0 0.521875 0.63046875 0.07109375 0.0203125
0 0.6203125 0.5828125 0.0671875 0.0234375
0 0.7921875 0.56640625 0.0375 0.0515625
0 0.68984375 0.48828125 0.05859375 0.02265625
0 0.48125 0.47578125 0.065625 0.02890625
0 0.56640625 0.41875 0.05078125 0.0421875
0 0.65390625 0.4484375 0.0296875 0.0171875
0 0.69296875 0.4484375 0.04296875 0.04765625
0 0.77265625 0.43359375 0.03828125 0.0578125
0 0.721875 0.3734375 0.06015625 0.02265625
0 0.76953125 0.36171875 0.05 0.021875
0 0.76484375 0.34296875 0.04453125 0.01953125
0 0.77890625 0.3265625 0.05390625 0.021875
0 0.69921875 0.309375 0.03515625 0.02421875
0 0.65859375 0.32265625 0.0328125 0.015625
0 0.72890625 0.26328125 0.0546875 0.04453125
0 0.8375 0.2390625 0.06328125 0.03515625
0 0.79609375 0.2171875 0.040625 0.06484375
0 0.78984375 0.14765625 0.03203125 0.04375
0 0.8328125 0.13046875 0.0296875 0.03359375
0 0.82890625 0.090625 0.040625 0.03828125
0 0.79765625 0.1140625 0.01875 0.0234375
0 0.35078125 0.4796875 0.0640625 0.04453125