0 0.2109375 0.81484375 0.0609375 0.0453125
0 0.2921875 0.77265625 0.0765625 0.0375
0 0.309375 0.86875 0.0453125 0.0296875
0 0.27265625 0.90234375 0.046875 0.05625
0 0.47578125 0.87109375 0.071875 0.04375
0 0.5390625 0.81484375 0.0484375 0.0296875
0 0.5375 0.834375 0.034375 0.025
0 0.63671875 0.81484375 0.0859375 0.040625
0 0.60546875 0.74453125 0.053125 0.053125
0 0.6625 0.74765625 0.0546875 0.059375
0 0.78203125 0.7171875 0.0765625 0.0359375
0 0.79140625 0.6546875 0.065625 0.040625
0 0.86328125 0.66328125 0.0703125 0.0515625
0 0.8796875 0.56796875 0.0453125 0.0625
0 0.80078125 0.58828125 0.0546875 0.059375
0 0.70234375 0.62421875 0.025 0.01875
0 0.6625 0.5640625 0.0375 0.053125
0 0.6015625 0.5875 0.059375 0.040625
0 0.6015625 0.55546875 0.05625 0.0421875
0 0.746875 0.5171875 0.053125 0.05
0 0.74296875 0.5453125 0.0625 0.0265625
0 0.78203125 0.51171875 0.034375 0.0421875
0 0.8390625 0.43125 0.0515625 0.059375
0 0.7453125 0.40859375 0.071875 0.0390625
0 0.69140625 0.48046875 0.0421875 0.0578125
0 0.61328125 0.64140625 0.028125 0.0234375
0 0.59765625 0.63203125 0.0296875 0.021875
0 0.57734375 0.6265625 0.025 0.025
0 0.47109375 0.7140625 0.0640625 0.0453125
0 0.49453125 0.61953125 0.05625 0.0609375
0 0.42734375 0.6 0.0640625 0.0359375
0 0.3671875 0.60390625 0.0640625 0.053125
0 0.35234375 0.55625 0.04375 0.053125
0 0.55234375 0.52421875 0.0703125 0.04375
0 0.628125 0.515625 0.034375 0.0546875
0 0.55234375 0.490625 0.0578125 0.0421875
0 0.52265625 0.47109375 0.065625 0.0359375
0 0.61640625 0.45625 0.0671875 0.0421875
0 0.284375 0.69453125 0.0640625 0.0359375
0 0.42109375 0.790625 0.06875 0.0328125
0 0.51015625 0.7828125 0.0359375 0.028125
0 0.5171875 0.7515625 0.0234375 0.01875
0 0.48203125 0.76953125 0.065625 0.0234375
0 0.26484375 0.63671875 0.0484375 0.0515625
0 0.19921875 0.6359375 0.0375 0.0375
0 0.190625 0.59609375 0.0359375 0.0453125
0 0.23203125 0.57734375 0.040625 0.05
0 0.27734375 0.54609375 0.0546875 0.0453125
0 0.26875 0.48125 0.0421875 0.05625
0 0.3703125 0.49453125 0.0765625 0.0453125
0 0.365625 0.453125 0.053125 0.0515625
0 0.43203125 0.44453125 0.075 0.0625
0 0.42890625 0.40703125 0.0625 0.034375
0 0.54296875 0.41015625 0.0515625 0.0640625
0 0.6125 0.38125 0.0453125 0.0609375
0 0.6625 0.3484375 0.075 0.053125
0 0.60546875 0.30625 0.0671875 0.0421875
0 0.6 0.278125 0.084375 0.040625
0 0.48125 0.271875 0.0515625 0.059375
0 0.41640625 0.26640625 0.05 0.059375
0 0.35078125 0.3125 0.0640625 0.05625
0 0.3234375 0.3625 0.0390625 0.065625
0 0.284375 0.36015625 0.05625 0.04375
0 0.36484375 0.384375 0.059375 0.0421875
0 0.15625 0.42265625 0.0375 0.0546875
0 0.2640625 0.4390625 0.0609375 0.0453125
0 0.184375 0.32109375 0.0625 0.0640625
0 0.26875 0.28046875 0.0390625 0.05
0 0.265625 0.225 0.025 0.021875
0 0.26171875 0.24609375 0.0390625 0.034375
0 0.184375 0.21328125 0.053125 0.05625
0 0.28828125 0.22265625 0.028125 0.025
0 0.4078125 0.1796875 0.0453125 0.0453125
0 0.48984375 0.21640625 0.0671875 0.0484375
0 0.5453125 0.23359375 0.065625 0.034375
0 0.59453125 0.22734375 0.05 0.0484375
0 0.6609375 0.21171875 0.0625 0.05
0 0.5734375 0.1765625 0.053125 0.0359375
0 0.62109375 0.13046875 0.075 0.046875
0 0.559375 0.12734375 0.0609375 0.046875
0 0.5421875 0.0875 0.0734375 0.0453125
0 0.521875 0.05078125 0.0671875 0.046875
0 0.38125 0.15546875 0.05625 0.0265625
0 0.27890625 0.153125 0.034375 0.0453125
0 0.2796875 0.11875 0.0640625 0.0390625
0 0.3 0.08515625 0.0328125 0.0359375
0 0.3421875 0.08046875 0.0578125 0.0375
0 0.63828125 0.025 0.075 0.0390625
0 0.69375 0.02109375 0.0453125 0.034375
0 0.73828125 0.01484375 0.05 0.028125
0 0.74765625 0.03984375 0.0671875 0.034375
0 0.7859375 0.01015625 0.04375 0.0203125
0 0.74609375 0.11796875 0.0859375 0.046875
0 0.74609375 0.2109375 0.053125 0.065625
0 0.7859375 0.275 0.0421875 0.0640625
0 0.778125 0.36796875 0.0765625 0.0359375
0 0.66640625 0.27890625 0.025 0.0296875