0 0.4140625 0.10625 0.0671875 0.025
0 0.45234375 0.1390625 0.06328125 0.040625
0 0.48984375 0.1875 0.0765625 0.0484375
0 0.5703125 0.1640625 0.08203125 0.03125
0 0.3640625 0.1734375 0.078125 0.04921875
0 0.290625 0.11796875 0.0859375 0.0234375
0 0.265625 0.1453125 0.046875 0.0359375
0 0.23203125 0.16484375 0.0875 0.0234375
0 0.271875 0.2390625 0.0640625 0.0265625
0 0.21953125 0.24765625 0.0265625 0.05078125
0 0.1796875 0.27421875 0.0578125 0.03828125
0 0.2625 0.2953125 0.05703125 0.03515625
0 0.26328125 0.325 0.0703125 0.02109375
0 0.3609375 0.23828125 0.07578125 0.0328125
0 0.44765625 0.28359375 0.0625 0.0328125
0 0.43984375 0.25703125 0.07109375 0.02578125
0 0.5734375 0.2921875 0.065625 0.03828125
0 0.44921875 0.35234375 0.04765625 0.0515625
0 0.39609375 0.37734375 0.0359375 0.05078125
0 0.29609375 0.3640625 0.06875 0.02890625
0 0.28046875 0.41328125 0.065625 0.01640625
0 0.26015625 0.4375 0.03984375 0.03984375
0 0.22421875 0.4328125 0.03125 0.04609375
0 0.14140625 0.446875 0.0328125 0.0546875
0 0.3078125 0.4390625 0.04765625 0.034375
0 0.34609375 0.4546875 0.04140625 0.0390625
0 0.421875 0.440625 0.0296875 0.0484375
0 0.53671875 0.3921875 0.06171875 0.0515625
0 0.5953125 0.4140625 0.065625 0.03359375
0 0.54765625 0.47421875 0.0640625 0.03671875
0 0.425 0.48359375 0.06875 0.0234375
0 0.43515625 0.51484375 0.0296875 0.02421875
0 0.43828125 0.53515625 0.04375 0.01953125
0 0.503125 0.53359375 0.053125 0.028125
0 0.54765625 0.571875 0.05 0.04296875
0 0.578125 0.5484375 0.0296875 0.025
0 0.628125 0.53828125 0.0515625 0.0359375
0 0.67109375 0.4890625 0.04375 0.04765625
0 0.73203125 0.49765625 0.05703125 0.0421875
0 0.28046875 0.53359375 0.0234375 0.01484375
0 0.29921875 0.53984375 0.0171875 0.01484375
0 0.2703125 0.58203125 0.04609375 0.0390625
0 0.20390625 0.5796875 0.06328125 0.01484375
0 0.13515625 0.54609375 0.0234375 0.05546875
0 0.19765625 0.60234375 0.0328125 0.03359375
0 0.3140625 0.61953125 0.06484375 0.03515625
0 0.3671875 0.59921875 0.01796875 0.05078125
0 0.42109375 0.59921875 0.06015625 0.02109375
0 0.43359375 0.646875 0.03046875 0.0546875
0 0.49921875 0.64921875 0.02265625 0.0453125
0 0.31875 0.671875 0.046875 0.0421875
0 0.28125 0.68515625 0.03046875 0.04296875
0 0.20390625 0.703125 0.04453125 0.05078125
0 0.1640625 0.73125 0.0375 0.053125
0 0.24453125 0.8015625 0.06875 0.040625
0 0.18828125 0.828125 0.07578125 0.0265625
0 0.17890625 0.859375 0.05 0.03203125
0 0.203125 0.8875 0.0359375 0.0265625
0 0.1625 0.9078125 0.07734375 0.0234375
0 0.11875 0.9484375 0.05546875 0.0453125
0 0.25625 0.89375 0.053125 0.02578125
0 0.29453125 0.8953125 0.01875 0.03203125
0 0.2625 0.91796875 0.040625 0.015625
0 0.309375 0.9328125 0.03046875 0.015625
0 0.278125 0.9421875 0.02890625 0.015625
0 0.3578125 0.8609375 0.05703125 0.03828125
0 0.3859375 0.90078125 0.0671875 0.03359375
0 0.434375 0.8515625 0.06875 0.0296875
0 0.521875 0.865625 0.059375 0.0359375
0 0.459375 0.95234375 0.07578125 0.02265625
0 0.6140625 0.9421875 0.03984375 0.05078125
0 0.653125 0.89296875 0.0265625 0.05234375
0 0.71328125 0.90390625 0.07421875 0.0296875
0 0.75625 0.84609375 0.046875 0.05390625
0 0.66953125 0.82421875 0.0515625 0.04296875
0 0.578125 0.79765625 0.0640625 0.03671875
0 0.5609375 0.77109375 0.078125 0.0234375
0 0.46015625 0.7859375 0.05546875 0.03984375
0 0.4140625 0.7609375 0.03359375 0.05078125
0 0.34453125 0.775 0.040625 0.0171875
0 0.34921875 0.7515625 0.028125 0.0265625
0 0.31484375 0.740625 0.053125 0.03359375
0 0.63671875 0.75703125 0.03671875 0.046875
0 0.68828125 0.740625 0.040625 0.053125
0 0.77421875 0.7390625 0.04609375 0.05234375
0 0.82265625 0.64921875 0.0265625 0.05
0 0.6953125 0.68203125 0.05546875 0.0421875
0 0.575 0.66796875 0.01484375 0.053125
0 0.68671875 0.56484375 0.0234375 0.0234375
0 0.70703125 0.584375 0.0234375 0.0296875
0 0.73125 0.571875 0.01875 0.0421875
0 0.775 0.553125 0.02421875 0.05234375
0 0.8234375 0.4703125 0.02578125 0.05
0 0.7625 0.41484375 0.04140625 0.04296875
0 0.81796875 0.38203125 0.0375 0.06015625
0 0.73046875 0.35625 0.0734375 0.025
0 0.74140625 0.26875 0.07109375 0.02734375
0 0.753125 0.190625 0.08046875 0.0359375
0 0.8515625 0.18359375 0.0328125 0.06171875