0 0.15 0.12109375 0.084375 0.0359375
0 0.17109375 0.1640625 0.071875 0.04375
0 0.3859375 0.1078125 0.0734375 0.0359375
0 0.31796875 0.14921875 0.05625 0.034375
0 0.4328125 0.14375 0.0609375 0.0359375
0 0.45234375 0.12265625 0.0296875 0.0234375
0 0.46640625 0.08125 0.0359375 0.0375
0 0.49375 0.0984375 0.04375 0.034375
0 0.509375 0.1328125 0.0421875 0.04375
0 0.51875 0.18046875 0.0359375 0.040625
0 0.48984375 0.2421875 0.0265625 0.0578125
0 0.521875 0.225 0.034375 0.0359375
0 0.6578125 0.1515625 0.05625 0.0421875
0 0.79296875 0.10390625 0.0578125 0.053125
0 0.7046875 0.1953125 0.0578125 0.040625
0 0.7609375 0.23125 0.0484375 0.05
0 0.64453125 0.2140625 0.0375 0.046875
0 0.71875 0.25390625 0.065625 0.0328125
0 0.665625 0.28828125 0.0578125 0.0328125
0 0.4171875 0.21171875 0.071875 0.01875
0 0.378125 0.18828125 0.05625 0.0234375
0 0.24609375 0.240625 0.0578125 0.040625
0 0.2671875 0.209375 0.0390625 0.0546875
0 0.30703125 0.2015625 0.0296875 0.0609375
0 0.33671875 0.196875 0.0421875 0.0203125
0 0.18828125 0.29765625 0.0421875 0.05
0 0.3046875 0.2796875 0.084375 0.028125
0 0.38046875 0.26328125 0.0515625 0.021875
0 0.3734375 0.23984375 0.065625 0.0359375
0 0.46953125 0.3171875 0.0390625 0.0421875
0 0.49140625 0.29609375 0.0421875 0.0484375
0 0.2609375 0.3140625 0.0703125 0.0328125
0 0.3859375 0.3203125 0.0703125 0.0375
0 0.26328125 0.3609375 0.0453125 0.0546875
0 0.1734375 0.37265625 0.0296875 0.0640625
0 0.23671875 0.41015625 0.0421875 0.0453125
0 0.19140625 0.44296875 0.053125 0.0453125
0 0.34609375 0.396875 0.0609375 0.0375
0 0.33125 0.46171875 0.0515625 0.03125
0 0.353125 0.43359375 0.053125 0.025
0 0.3796875 0.4125 0.0609375 0.0265625
0 0.45 0.4 0.075 0.0234375
0 0.51953125 0.38359375 0.028125 0.0390625
0 0.55234375 0.3828125 0.053125 0.0375
0 0.61015625 0.33828125 0.046875 0.034375
0 0.66640625 0.33828125 0.0453125 0.0484375
0 0.73828125 0.3265625 0.05 0.0375
0 0.73828125 0.40625 0.034375 0.028125
0 0.76875 0.3734375 0.0515625 0.0203125
0 0.8078125 0.3609375 0.0234375 0.046875
0 0.83359375 0.38671875 0.025 0.0515625
0 0.71484375 0.375 0.05 0.021875
0 0.7234375 0.35703125 0.0453125 0.01875
0 0.63984375 0.371875 0.0359375 0.0296875
0 0.66640625 0.403125 0.065625 0.028125
0 0.61171875 0.41796875 0.0625 0.0375
0 0.684375 0.43359375 0.0328125 0.05
0 0.72890625 0.4421875 0.0453125 0.0234375
0 0.20234375 0.5 0.090625 0.0359375
0 0.34765625 0.4953125 0.0484375 0.040625
0 0.35390625 0.53125 0.078125 0.025
0 0.26640625 0.57109375 0.046875 0.05
0 0.2015625 0.596875 0.0421875 0.040625
0 0.38203125 0.5921875 0.04375 0.034375
0 0.4265625 0.603125 0.0359375 0.0515625
0 0.5171875 0.55 0.06875 0.03125
0 0.509375 0.5296875 0.04375 0.0203125
0 0.53984375 0.496875 0.065625 0.025
0 0.55703125 0.56953125 0.0328125 0.04375
0 0.5890625 0.528125 0.0390625 0.040625
0 0.4734375 0.61953125 0.0453125 0.0421875
0 0.62890625 0.49609375 0.059375 0.034375
0 0.665625 0.50703125 0.0328125 0.0421875
0 0.67578125 0.54765625 0.03125 0.05625
0 0.6921875 0.5265625 0.0234375 0.034375
0 0.725 0.52890625 0.0484375 0.0296875
0 0.71328125 0.4875 0.0453125 0.03125
0 0.8109375 0.50625 0.0359375 0.053125
0 0.86640625 0.48203125 0.05 0.0546875
0 0.5921875 0.61875 0.034375 0.05
0 0.58671875 0.590625 0.0609375 0.01875
0 0.63515625 0.63671875 0.0625 0.0390625
0 0.85859375 0.6046875 0.0578125 0.040625
0 0.87265625 0.646875 0.03125 0.046875
0 0.62734375 0.69140625 0.0578125 0.034375
0 0.6859375 0.740625 0.0734375 0.0265625
0 0.5953125 0.72109375 0.0765625 0.034375
0 0.5265625 0.7078125 0.06875 0.021875
0 0.525 0.6859375 0.03125 0.0421875
0 0.5609375 0.68359375 0.0453125 0.034375
0 0.3390625 0.7203125 0.0625 0.065625
0 0.45234375 0.74296875 0.0859375 0.0234375
0 0.53671875 0.76640625 0.0796875 0.03125
0 0.615625 0.79453125 0.0515625 0.0359375
0 0.63046875 0.85859375 0.0578125 0.0640625
0 0.4484375 0.81640625 0.078125 0.046875
0 0.371875 0.8109375 0.075 0.034375
0 0.2703125 0.81015625 0.0328125 0.05
0 0.859375 0.8859375 0.0578125 0.046875
0 0.9171875 0.9125 0.0640625 0.0296875