0 0.215625 0.14921875 0.03984375 0.03828125
0 0.23046875 0.1890625 0.046875 0.03828125
0 0.19140625 0.20546875 0.0625 0.02734375
0 0.2984375 0.1546875 0.04765625 0.046875
0 0.428125 0.14296875 0.0515625 0.04765625
0 0.40234375 0.22265625 0.05390625 0.0484375
0 0.45078125 0.2921875 0.03125 0.0421875
0 0.484375 0.26015625 0.04140625 0.0484375
0 0.63046875 0.140625 0.06640625 0.02421875
0 0.621875 0.11171875 0.03125 0.03046875
0 0.690625 0.2046875 0.03359375 0.04765625
0 0.675 0.2609375 0.04921875 0.0390625
0 0.621875 0.284375 0.0671875 0.0203125
0 0.49296875 0.32265625 0.059375 0.021875
0 0.7796875 0.275 0.02421875 0.04765625
0 0.15859375 0.3078125 0.0375 0.06328125
0 0.2125 0.3515625 0.03046875 0.0578125
0 0.240625 0.45234375 0.03203125 0.04921875
0 0.28203125 0.47265625 0.034375 0.04296875
0 0.13515625 0.46171875 0.06171875 0.0328125
0 0.13828125 0.56328125 0.0296875 0.034375
0 0.1609375 0.53984375 0.021875 0.0390625
0 0.175 0.51640625 0.028125 0.0421875
0 0.234375 0.5078125 0.03125 0.03984375
0 0.40390625 0.47734375 0.03359375 0.04140625
0 0.50078125 0.3984375 0.02265625 0.04609375
0 0.51875 0.42421875 0.0234375 0.03515625
0 0.57890625 0.496875 0.05390625 0.03515625
0 0.69375 0.50234375 0.05546875 0.0234375
0 0.74375 0.48203125 0.0578125 0.0375
0 0.76875 0.4140625 0.03515625 0.04921875
0 0.82421875 0.4015625 0.0234375 0.04453125
0 0.8328125 0.47578125 0.0203125 0.0453125
0 0.75390625 0.525 0.05390625 0.01640625
0 0.67265625 0.53828125 0.04921875 0.0203125
0 0.546875 0.56640625 0.046875 0.02421875
0 0.478125 0.56484375 0.0265625 0.05
0 0.5015625 0.578125 0.0359375 0.0484375
0 0.40078125 0.55078125 0.01796875 0.0453125
0 0.36875 0.51875 0.025 0.04140625
0 0.30703125 0.56328125 0.04453125 0.04140625
0 0.1328125 0.62578125 0.0265625 0.0390625
0 0.17421875 0.615625 0.04609375 0.03203125
0 0.15234375 0.67109375 0.025 0.0421875
0 0.23359375 0.62890625 0.03046875 0.0390625
0 0.2578125 0.67890625 0.034375 0.03984375
0 0.1734375 0.72734375 0.03515625 0.03359375
0 0.25078125 0.75703125 0.04375 0.02109375
0 0.3078125 0.7484375 0.03046875 0.0453125
0 0.359375 0.69375 0.0421875 0.04453125
0 0.3765625 0.63671875 0.02421875 0.04296875
0 0.40859375 0.64921875 0.04375 0.0359375
0 0.52109375 0.6171875 0.0515625 0.028125
0 0.69453125 0.66953125 0.06015625 0.0296875
0 0.73203125 0.64140625 0.0390625 0.02890625
0 0.7953125 0.61015625 0.025 0.025
0 0.80390625 0.571875 0.01875 0.04765625
0 0.7984375 0.66015625 0.01796875 0.04296875
0 0.77265625 0.725 0.03125 0.0171875
0 0.815625 0.7265625 0.0265625 0.0328125
0 0.80390625 0.70703125 0.015625 0.04609375
0 0.84453125 0.675 0.028125 0.04921875
0 0.56015625 0.71796875 0.034375 0.02421875
0 0.49375 0.7078125 0.040625 0.05078125
0 0.4234375 0.740625 0.0390625 0.0296875
0 0.3859375 0.796875 0.0375 0.02890625
0 0.42109375 0.7734375 0.06328125 0.01328125
0 0.328125 0.821875 0.04609375 0.03671875
0 0.2359375 0.8140625 0.0375 0.04375
0 0.28046875 0.85234375 0.02578125 0.03046875
0 0.23515625 0.8546875 0.05546875 0.01953125
0 0.14140625 0.88203125 0.03359375 0.021875
0 0.146875 0.90859375 0.028125 0.0265625
0 0.18203125 0.8796875 0.0265625 0.0171875
0 0.221875 0.9 0.05859375 0.021875
0 0.28203125 0.9046875 0.04296875 0.015625
0 0.271875 0.88984375 0.02890625 0.02734375
0 0.30234375 0.8796875 0.02578125 0.01640625
0 0.32421875 0.8984375 0.02890625 0.0140625
0 0.35546875 0.9140625 0.0453125 0.01640625
0 0.35234375 0.9 0.034375 0.01015625
0 0.409375 0.8984375 0.0484375 0.021875
0 0.40703125 0.83359375 0.05859375 0.02421875
0 0.51953125 0.83203125 0.04375 0.03984375
0 0.53984375 0.784375 0.04765625 0.04765625
0 0.6359375 0.83671875 0.0578125 0.0234375
0 0.72421875 0.7703125 0.075 0.01796875
0 0.7984375 0.778125 0.0421875 0.04453125
0 0.71640625 0.83203125 0.053125 0.01640625
0 0.77890625 0.84609375 0.03046875 0.04296875
0 0.8109375 0.86640625 0.0265625 0.0453125
0 0.84375 0.89140625 0.028125 0.05078125
0 0.7765625 0.91328125 0.046875 0.01875
0 0.67421875 0.88671875 0.015625 0.0453125
0 0.64296875 0.87109375 0.0421875 0.0234375
0 0.584375 0.87421875 0.05703125 0.021875
0 0.5328125 0.91953125 0.03515625 0.040625
0 0.4765625 0.9234375 0.053125 0.02265625
0 0.6578125 0.9109375 0.053125 0.01171875