0 0.33515625 0.853125 0.06875 0.0515625
0 0.3703125 0.7921875 0.06875 0.034375
0 0.29765625 0.7859375 0.065625 0.03125
0 0.2328125 0.796875 0.0625 0.0421875
0 0.171875 0.8109375 0.04375 0.0546875
0 0.11640625 0.77265625 0.059375 0.0546875
0 0.1796875 0.7390625 0.0875 0.0359375
0 0.3234375 0.71796875 0.0625 0.0328125
0 0.43515625 0.71875 0.059375 0.053125
0 0.46953125 0.8796875 0.065625 0.0296875
0 0.5265625 0.8875 0.053125 0.028125
0 0.58515625 0.903125 0.0734375 0.0296875
0 0.6109375 0.8796875 0.0765625 0.0328125
0 0.771875 0.92109375 0.0703125 0.03125
0 0.7703125 0.884375 0.0671875 0.05
0 0.7046875 0.8 0.0328125 0.028125
0 0.67109375 0.80703125 0.0453125 0.0296875
0 0.63828125 0.77734375 0.0328125 0.046875
0 0.56171875 0.675 0.0609375 0.0359375
0 0.45546875 0.67421875 0.0421875 0.0421875
0 0.403125 0.6828125 0.053125 0.0328125
0 0.16953125 0.67109375 0.0390625 0.0609375
0 0.13046875 0.62890625 0.0359375 0.05625
0 0.2671875 0.5453125 0.0625 0.0453125
0 0.5140625 0.61484375 0.06875 0.053125
0 0.578125 0.590625 0.0453125 0.05625
0 0.64921875 0.6046875 0.046875 0.04375
0 0.61328125 0.6703125 0.04375 0.0640625
0 0.66640625 0.69296875 0.03125 0.040625
0 0.68828125 0.65703125 0.034375 0.0265625
0 0.76171875 0.65859375 0.0734375 0.0390625
0 0.80390625 0.7046875 0.0375 0.0546875
0 0.8328125 0.684375 0.0296875 0.053125
0 0.81015625 0.609375 0.0359375 0.0578125
0 0.8484375 0.58359375 0.0296875 0.053125
0 0.8125 0.5546875 0.040625 0.0375
0 0.75703125 0.56796875 0.0484375 0.0609375
0 0.8140625 0.51640625 0.0234375 0.0390625
0 0.6296875 0.51875 0.0453125 0.0578125
0 0.58046875 0.5203125 0.0546875 0.04375
0 0.6734375 0.43203125 0.0421875 0.0265625
0 0.66484375 0.4515625 0.0234375 0.021875
0 0.78515625 0.42421875 0.0421875 0.065625
0 0.83203125 0.3890625 0.0375 0.0546875
0 0.63515625 0.39765625 0.040625 0.053125
0 0.6109375 0.446875 0.0375 0.0453125
0 0.57265625 0.4203125 0.046875 0.05625
0 0.48359375 0.43046875 0.040625 0.0578125
0 0.4953125 0.378125 0.0484375 0.05
0 0.43359375 0.39140625 0.0484375 0.0421875
0 0.38125 0.39296875 0.0484375 0.0328125
0 0.3875 0.328125 0.046875 0.0546875
0 0.2625 0.39765625 0.0703125 0.0328125
0 0.2828125 0.4484375 0.06875 0.0390625
0 0.3609375 0.44921875 0.028125 0.0484375
0 0.34921875 0.4796875 0.0390625 0.0234375
0 0.22578125 0.4921875 0.046875 0.0328125
0 0.1828125 0.45625 0.0453125 0.053125
0 0.18125 0.4015625 0.040625 0.0453125
0 0.1921875 0.35859375 0.028125 0.0390625
0 0.190625 0.31328125 0.0421875 0.0484375
0 0.23359375 0.2234375 0.025 0.053125
0 0.240625 0.25546875 0.028125 0.01875
0 0.184375 0.24453125 0.0234375 0.046875
0 0.1671875 0.2171875 0.0328125 0.0515625
0 0.19765625 0.18046875 0.0359375 0.05
0 0.31796875 0.25234375 0.0734375 0.021875
0 0.390625 0.26171875 0.0625 0.05
0 0.31171875 0.20390625 0.0734375 0.0484375
0 0.40703125 0.1828125 0.0375 0.0609375
0 0.3546875 0.146875 0.06875 0.0359375
0 0.2109375 0.13515625 0.0296875 0.025
0 0.17578125 0.13359375 0.0421875 0.0328125
0 0.18359375 0.08125 0.053125 0.03125
0 0.18671875 0.04140625 0.0421875 0.0578125
0 0.3171875 0.1203125 0.0703125 0.0265625
0 0.34765625 0.08203125 0.0328125 0.0265625
0 0.43359375 0.09375 0.0296875 0.028125
0 0.46328125 0.1078125 0.0265625 0.0265625
0 0.509375 0.0828125 0.0703125 0.028125
0 0.58125 0.103125 0.0515625 0.0484375
0 0.56640625 0.13828125 0.075 0.034375
0 0.53203125 0.19765625 0.075 0.034375
0 0.5484375 0.2890625 0.040625 0.0578125
0 0.72421875 0.25703125 0.046875 0.046875
0 0.796875 0.31484375 0.0421875 0.0609375
0 0.853125 0.2703125 0.0359375 0.0578125
0 0.80625 0.23984375 0.0515625 0.0359375
0 0.86328125 0.2171875 0.0421875 0.0453125
0 0.77265625 0.20390625 0.0640625 0.0359375
0 0.753125 0.153125 0.0828125 0.0546875
0 0.91015625 0.159375 0.028125 0.053125
0 0.8703125 0.13671875 0.0234375 0.025
0 0.83671875 0.12109375 0.025 0.01875
0 0.85859375 0.15234375 0.015625 0.021875
0 0.8671875 0.17265625 0.021875 0.01875