0 0.709375 0.23515625 0.025 0.059375
0 0.73046875 0.25703125 0.0203125 0.05703125
0 0.76640625 0.3078125 0.02421875 0.01796875
0 0.7828125 0.340625 0.03359375 0.046875
0 0.6671875 0.31953125 0.0203125 0.0140625
0 0.696875 0.403125 0.05 0.0453125
0 0.6484375 0.38203125 0.0359375 0.05625
0 0.56640625 0.37421875 0.028125 0.04140625
0 0.58359375 0.3984375 0.01953125 0.01875
0 0.60234375 0.4359375 0.03359375 0.04453125
0 0.5921875 0.340625 0.02578125 0.02734375
0 0.62109375 0.325 0.025 0.025
0 0.625 0.2453125 0.05859375 0.0359375
0 0.55390625 0.28515625 0.0796875 0.021875
0 0.53125 0.3234375 0.02890625 0.04609375
0 0.559375 0.33046875 0.02109375 0.02421875
0 0.5359375 0.2625 0.06640625 0.02265625
0 0.53671875 0.19609375 0.06015625 0.03359375
0 0.46015625 0.16875 0.03046875 0.01953125
0 0.41953125 0.17109375 0.04765625 0.01640625
0 0.28984375 0.1625 0.06015625 0.040625
0 0.1546875 0.10078125 0.08828125 0.03046875
0 0.225 0.18828125 0.0625 0.04296875
0 0.31875 0.20390625 0.0578125 0.04140625
0 0.3703125 0.19375 0.04609375 0.04375
0 0.38828125 0.2296875 0.05234375 0.01171875
0 0.2625 0.27265625 0.04375 0.04296875
0 0.29765625 0.2671875 0.021875 0.03125
0 0.32890625 0.259375 0.03671875 0.0203125
0 0.2328125 0.31328125 0.02265625 0.03203125
0 0.18125 0.29765625 0.03046875 0.0609375
0 0.146875 0.26796875 0.03671875 0.0640625
0 0.21015625 0.35390625 0.0359375 0.05078125
0 0.29765625 0.33515625 0.03828125 0.0484375
0 0.3828125 0.29609375 0.06015625 0.04140625
0 0.43203125 0.25859375 0.0578125 0.02109375
0 0.47890625 0.2609375 0.0328125 0.01796875
0 0.453125 0.32578125 0.05546875 0.03125
0 0.45234375 0.3765625 0.03046875 0.05
0 0.3703125 0.375 0.05 0.04375
0 0.2953125 0.3734375 0.065625 0.02109375
0 0.32734375 0.40703125 0.04296875 0.034375
0 0.23203125 0.40625 0.0265625 0.0515625
0 0.159375 0.41015625 0.03671875 0.05390625
0 0.23984375 0.4484375 0.065625 0.03046875
0 0.3296875 0.46875 0.0546875 0.0296875
0 0.3796875 0.465625 0.05234375 0.03203125
0 0.4390625 0.46328125 0.06171875 0.0375
0 0.2625 0.49609375 0.04765625 0.0484375
0 0.31796875 0.52890625 0.06875 0.034375
0 0.45390625 0.52265625 0.06171875 0.03671875
0 0.53671875 0.49453125 0.0515625 0.0453125
0 0.51015625 0.44765625 0.03046875 0.040625
0 0.50390625 0.4046875 0.0390625 0.0453125
0 0.67109375 0.48359375 0.02578125 0.03125
0 0.703125 0.4640625 0.04296875 0.0359375
0 0.76953125 0.47578125 0.04609375 0.05546875
0 0.6859375 0.53671875 0.0390625 0.04765625
0 0.7359375 0.57265625 0.0453125 0.03125
0 0.6015625 0.5359375 0.05078125 0.04375
0 0.66015625 0.58828125 0.03671875 0.0578125
0 0.70625 0.60078125 0.02265625 0.0390625
0 0.71015625 0.64296875 0.02421875 0.04453125
0 0.578125 0.575 0.03125 0.02109375
0 0.56484375 0.55234375 0.01875 0.02265625
0 0.53828125 0.63046875 0.0515625 0.0421875
0 0.48984375 0.60625 0.0390625 0.06015625
0 0.3828125 0.5828125 0.06484375 0.02578125
0 0.3515625 0.61640625 0.0703125 0.01875
0 0.4375 0.61875 0.0609375 0.01875
0 0.42109375 0.6359375 0.06328125 0.01796875
0 0.3890625 0.6671875 0.06953125 0.028125
0 0.38515625 0.70078125 0.071875 0.01796875
0 0.24921875 0.6859375 0.07578125 0.0203125
0 0.215625 0.59921875 0.06875 0.025
0 0.209375 0.73984375 0.04375 0.05234375
0 0.2640625 0.8046875 0.04375 0.04921875
0 0.2234375 0.821875 0.02890625 0.0484375
0 0.36953125 0.82734375 0.06875 0.021875
0 0.43984375 0.83828125 0.0671875 0.02734375
0 0.54453125 0.77421875 0.0484375 0.053125
0 0.60546875 0.75703125 0.05546875 0.02734375
0 0.65703125 0.7125 0.0296875 0.0515625
0 0.72109375 0.73515625 0.05625 0.03203125
0 0.77265625 0.7265625 0.02578125 0.0296875
0 0.76171875 0.77109375 0.02734375 0.05859375
0 0.72265625 0.78828125 0.040625 0.04609375
0 0.671875 0.771875 0.0515625 0.03203125
0 0.67109375 0.80234375 0.0296875 0.021875
0 0.66328125 0.83828125 0.03046875 0.05078125
0 0.60859375 0.8203125 0.07109375 0.03046875
0 0.5671875 0.85 0.08046875 0.028125
0 0.60703125 0.88125 0.046875 0.0359375
0 0.5484375 0.91875 0.04609375 0.05390625
0 0.715625 0.89921875 0.059375 0.02421875
0 0.7015625 0.92265625 0.06875 0.0234375
0 0.78046875 0.8875 0.03984375 0.0515625