0 0.83671875 0.93125 0.0640625 0.025
0 0.74140625 0.89296875 0.0734375 0.021875
0 0.8515625 0.8625 0.0359375 0.0453125
0 0.7125 0.90859375 0.03125 0.0171875
0 0.67421875 0.90234375 0.0546875 0.0140625
0 0.55 0.80625 0.0640625 0.03125
0 0.328125 0.8234375 0.06875 0.0296875
0 0.25859375 0.84375 0.0390625 0.0421875
0 0.234375 0.8921875 0.04375 0.0453125
0 0.2046875 0.84609375 0.0296875 0.05
0 0.2015625 0.734375 0.0609375 0.0421875
0 0.28046875 0.76171875 0.0359375 0.0515625
0 0.659375 0.70703125 0.0734375 0.025
0 0.70859375 0.69765625 0.04375 0.05
0 0.628125 0.578125 0.0375 0.0421875
0 0.82890625 0.60234375 0.05625 0.04375
0 0.86015625 0.55859375 0.0515625 0.040625
0 0.6375 0.5265625 0.0625 0.0234375
0 0.8296875 0.49296875 0.0765625 0.0328125
0 0.2046875 0.52578125 0.0328125 0.0421875
0 0.13515625 0.51015625 0.0390625 0.0203125
0 0.153125 0.528125 0.0203125 0.0203125
0 0.21015625 0.4703125 0.028125 0.05
0 0.28046875 0.47890625 0.0421875 0.04375
0 0.36640625 0.47109375 0.053125 0.0265625
0 0.69453125 0.40703125 0.0515625 0.0296875
0 0.86875 0.36640625 0.025 0.0484375
0 0.84453125 0.35234375 0.0390625 0.040625
0 0.71015625 0.33671875 0.0515625 0.0234375
0 0.659375 0.33671875 0.046875 0.0453125
0 0.54375 0.3359375 0.0375 0.0515625
0 0.43828125 0.3484375 0.05 0.03125
0 0.3890625 0.37578125 0.0671875 0.0265625
0 0.16796875 0.39453125 0.0484375 0.034375
0 0.128125 0.3703125 0.03125 0.021875
0 0.26875 0.29140625 0.025 0.034375
0 0.16328125 0.27265625 0.0203125 0.05625
0 0.24765625 0.2546875 0.075 0.0328125
0 0.56328125 0.2875 0.0359375 0.053125
0 0.78671875 0.31484375 0.028125 0.0328125
0 0.8265625 0.30625 0.0515625 0.0265625
0 0.9125 0.2765625 0.0296875 0.0453125
0 0.88984375 0.2515625 0.0265625 0.0421875
0 0.8359375 0.25 0.0609375 0.040625
0 0.771875 0.2640625 0.0640625 0.034375
0 0.77578125 0.21953125 0.071875 0.0203125
0 0.72578125 0.21015625 0.0578125 0.021875
0 0.578125 0.1625 0.06875 0.025
0 0.47578125 0.23984375 0.0375 0.0453125
0 0.44453125 0.22734375 0.034375 0.0515625
0 0.2859375 0.21796875 0.05625 0.0328125
0 0.26640625 0.1859375 0.0703125 0.0234375
0 0.16796875 0.21796875 0.025 0.040625
0 0.1734375 0.1734375 0.0234375 0.046875
0 0.1921875 0.1890625 0.0234375 0.0296875
0 0.14296875 0.20703125 0.0359375 0.046875
0 0.1890625 0.12890625 0.0234375 0.0421875
0 0.15 0.1515625 0.021875 0.0453125
0 0.915625 0.17265625 0.0203125 0.046875
0 0.9 0.20546875 0.0203125 0.0453125
0 0.88125 0.215625 0.021875 0.0453125
0 0.88671875 0.16484375 0.015625 0.0421875
0 0.8609375 0.18125 0.01875 0.0484375
0 0.8265625 0.178125 0.0328125 0.059375
0 0.675 0.13515625 0.0203125 0.0515625
0 0.83515625 0.1328125 0.0484375 0.0265625
0 0.91796875 0.11640625 0.01875 0.0375
0 0.90390625 0.12578125 0.01875 0.0328125
0 0.909375 0.09921875 0.0265625 0.025
0 0.8859375 0.09375 0.01875 0.0359375
0 0.8359375 0.08828125 0.05 0.0203125
0 0.85234375 0.0703125 0.0515625 0.021875
0 0.79609375 0.109375 0.021875 0.046875
0 0.76328125 0.07109375 0.0421875 0.0265625
0 0.7640625 0.09375 0.0390625 0.0125
0 0.73984375 0.08671875 0.0375 0.015625
0 0.6484375 0.08984375 0.0453125 0.0140625
0 0.6234375 0.059375 0.01875 0.034375
0 0.61953125 0.10234375 0.05625 0.01875
0 0.66171875 0.06015625 0.053125 0.021875
0 0.575 0.084375 0.040625 0.0171875
0 0.54765625 0.06640625 0.0375 0.01875
0 0.49921875 0.115625 0.03125 0.034375
0 0.45703125 0.0828125 0.0703125 0.0171875
0 0.48046875 0.06640625 0.0609375 0.0171875
0 0.403125 0.07578125 0.0453125 0.0171875
0 0.39375 0.1125 0.03125 0.034375
0 0.3453125 0.09453125 0.05625 0.021875
0 0.34765625 0.04140625 0.0671875 0.0171875
0 0.2296875 0.09453125 0.0296875 0.0375
0 0.23671875 0.05546875 0.0375 0.0375
0 0.2125 0.02890625 0.034375 0.04375
0 0.16328125 0.0484375 0.0390625 0.03125