0 0.1578125 0.12578125 0.0203125 0.0359375
0 0.2015625 0.10390625 0.06328125 0.01015625
0 0.20859375 0.0828125 0.04765625 0.01875
0 0.23515625 0.06796875 0.03046875 0.0296875
0 0.20703125 0.128125 0.0609375 0.0203125
0 0.1453125 0.10703125 0.03828125 0.03359375
0 0.1359375 0.08359375 0.03828125 0.01796875
0 0.384375 0.134375 0.03203125 0.046875
0 0.47578125 0.128125 0.05625 0.0265625
0 0.5890625 0.096875 0.02265625 0.04453125
0 0.61484375 0.1 0.03984375 0.0171875
0 0.6375 0.1453125 0.0640625 0.0296875
0 0.653125 0.1078125 0.0640625 0.025
0 0.72109375 0.084375 0.053125 0.02109375
0 0.84375 0.08046875 0.084375 0.01484375
0 0.753125 0.115625 0.05703125 0.009375
0 0.7828125 0.12109375 0.059375 0.01171875
0 0.77421875 0.09765625 0.03125 0.02265625
0 0.790625 0.14453125 0.02890625 0.03984375
0 0.15703125 0.17265625 0.02265625 0.0421875
0 0.17890625 0.16796875 0.0375 0.02578125
0 0.2421875 0.18515625 0.06953125 0.03125
0 0.3828125 0.1875 0.02265625 0.0609375
0 0.41015625 0.1953125 0.0328125 0.05546875
0 0.484375 0.2203125 0.0390625 0.03203125
0 0.59296875 0.19140625 0.040625 0.03203125
0 0.6390625 0.184375 0.03984375 0.03515625
0 0.68125 0.22890625 0.02421875 0.046875
0 0.70703125 0.190625 0.02890625 0.05390625
0 0.58671875 0.2375 0.0578125 0.02421875
0 0.48359375 0.265625 0.04921875 0.03125
0 0.33359375 0.23828125 0.01875 0.053125
0 0.29375 0.2234375 0.03125 0.040625
0 0.14765625 0.3578125 0.03359375 0.03671875
0 0.1875 0.3359375 0.0546875 0.0390625
0 0.22578125 0.30078125 0.01640625 0.0484375
0 0.26015625 0.2671875 0.0296875 0.04609375
0 0.18203125 0.284375 0.04609375 0.0375
0 0.20625 0.2484375 0.075 0.0265625
0 0.3875 0.321875 0.01953125 0.04609375
0 0.3953125 0.36796875 0.02109375 0.0359375
0 0.51171875 0.33203125 0.02734375 0.04609375
0 0.54140625 0.35 0.02890625 0.0453125
0 0.59609375 0.31015625 0.03671875 0.04375
0 0.7171875 0.2828125 0.03828125 0.03984375
0 0.7796875 0.23359375 0.04765625 0.0203125
0 0.84296875 0.23125 0.04375 0.0359375
0 0.81484375 0.29375 0.03046875 0.0484375
0 0.85078125 0.28125 0.0265625 0.04765625
0 0.80390625 0.34453125 0.03203125 0.0359375
0 0.70703125 0.3296875 0.05078125 0.02265625
0 0.6359375 0.3765625 0.05078125 0.03671875
0 0.68203125 0.40625 0.0234375 0.0421875
0 0.409375 0.415625 0.0484375 0.02109375
0 0.26484375 0.43671875 0.04765625 0.02734375
0 0.30625 0.409375 0.04375 0.04375
0 0.1671875 0.4140625 0.03203125 0.05
0 0.1984375 0.38671875 0.03828125 0.04921875
0 0.5046875 0.44375 0.0421875 0.04609375
0 0.5828125 0.44609375 0.02890625 0.04609375
0 0.65546875 0.4578125 0.059375 0.0375
0 0.76640625 0.4796875 0.02265625 0.053125
0 0.83046875 0.54921875 0.02734375 0.0578125
0 0.63203125 0.55 0.0765625 0.01875
0 0.51640625 0.521875 0.0546875 0.01953125
0 0.53984375 0.55234375 0.05234375 0.03359375
0 0.4734375 0.51953125 0.0390625 0.04453125
0 0.42421875 0.5375 0.040625 0.053125
0 0.32734375 0.52109375 0.05859375 0.04375
0 0.28203125 0.4921875 0.0421875 0.04375
0 0.1828125 0.51796875 0.03671875 0.03515625
0 0.221875 0.4953125 0.02578125 0.0421875
0 0.1671875 0.6375 0.02578125 0.0546875
0 0.184375 0.6109375 0.0265625 0.04765625
0 0.2265625 0.646875 0.0328125 0.04609375
0 0.30234375 0.60859375 0.0609375 0.0515625
0 0.4046875 0.58828125 0.053125 0.0375
0 0.296875 0.671875 0.0671875 0.01953125
0 0.55 0.6 0.025 0.05234375
0 0.61796875 0.59453125 0.075 0.03046875
0 0.67265625 0.63125 0.0765625 0.02421875
0 0.79765625 0.66640625 0.06875 0.02578125
0 0.484375 0.7078125 0.03671875 0.0359375
0 0.51875 0.6734375 0.04375 0.040625
0 0.51328125 0.765625 0.04375 0.04140625
0 0.6875 0.7515625 0.06484375 0.02890625
0 0.45859375 0.78515625 0.0328125 0.034375
0 0.15703125 0.7484375 0.05078125 0.040625
0 0.15078125 0.784375 0.06328125 0.01796875
0 0.18828125 0.82734375 0.03125 0.03671875
0 0.190625 0.8015625 0.03125 0.02578125
0 0.253125 0.83203125 0.05078125 0.03671875
0 0.19921875 0.88671875 0.05859375 0.03828125
0 0.25546875 0.93203125 0.06640625 0.0203125
0 0.2359375 0.91015625 0.05078125 0.03515625
0 0.49453125 0.8828125 0.06328125 0.03046875
0 0.66015625 0.92421875 0.0453125 0.02109375
0 0.66171875 0.90546875 0.084375 0.025
0 0.5921875 0.92890625 0.04375 0.0171875