0 0.13203125 0.11171875 0.0296875 0.0375
0 0.1375 0.1546875 0.04453125 0.040625
0 0.196875 0.16875 0.02734375 0.05078125
0 0.2921875 0.13046875 0.0703125 0.02109375
0 0.29453125 0.0953125 0.0515625 0.0359375
0 0.35 0.09140625 0.06015625 0.02578125
0 0.3546875 0.1171875 0.0328125 0.025
0 0.40703125 0.1390625 0.02265625 0.04375
0 0.4578125 0.09375 0.03046875 0.0390625
0 0.51484375 0.09296875 0.05625 0.0296875
0 0.55234375 0.15 0.0328125 0.034375
0 0.559375 0.11640625 0.03203125 0.02265625
0 0.50390625 0.128125 0.06796875 0.0171875
0 0.6109375 0.159375 0.046875 0.0296875
0 0.81484375 0.13828125 0.0375 0.03046875
0 0.790625 0.1765625 0.03359375 0.0328125
0 0.6 0.2265625 0.04296875 0.0203125
0 0.6328125 0.225 0.01953125 0.03359375
0 0.4703125 0.18125 0.0296875 0.0359375
0 0.49453125 0.2046875 0.05546875 0.02109375
0 0.33515625 0.1796875 0.02109375 0.05
0 0.28828125 0.19453125 0.03828125 0.05234375
0 0.225 0.2296875 0.03984375 0.0515625
0 0.17421875 0.23359375 0.02578125 0.05546875
0 0.25234375 0.26328125 0.06484375 0.01796875
0 0.33359375 0.27109375 0.06640625 0.0171875
0 0.4109375 0.2546875 0.05703125 0.0359375
0 0.45 0.259375 0.03125 0.03359375
0 0.47265625 0.30078125 0.02265625 0.04453125
0 0.53515625 0.3234375 0.0328125 0.0359375
0 0.5703125 0.32109375 0.03046875 0.04609375
0 0.640625 0.31640625 0.04296875 0.03203125
0 0.6375 0.28125 0.06015625 0.03203125
0 0.84453125 0.2953125 0.07265625 0.034375
0 0.85 0.35390625 0.0359375 0.04921875
0 0.81171875 0.403125 0.0390625 0.03359375
0 0.7390625 0.41796875 0.0421875 0.03359375
0 0.5875 0.38984375 0.06640625 0.015625
0 0.459375 0.41328125 0.03515625 0.04609375
0 0.37265625 0.4265625 0.0265625 0.04609375
0 0.31953125 0.36640625 0.0484375 0.0296875
0 0.2984375 0.346875 0.04609375 0.028125
0 0.30234375 0.303125 0.06484375 0.01640625
0 0.15625 0.36875 0.04296875 0.0328125
0 0.18359375 0.3421875 0.0359375 0.021875
0 0.2359375 0.39296875 0.03203125 0.03984375
0 0.12578125 0.48515625 0.034375 0.04453125
0 0.13515625 0.4484375 0.034375 0.034375
0 0.159375 0.4484375 0.01953125 0.04609375
0 0.19765625 0.4890625 0.03203125 0.0515625
0 0.53984375 0.44375 0.0234375 0.05625
0 0.61953125 0.45234375 0.03203125 0.046875
0 0.70078125 0.48671875 0.03671875 0.03828125
0 0.63828125 0.49296875 0.05078125 0.0328125
0 0.55703125 0.5078125 0.05625 0.0265625
0 0.4453125 0.5375 0.0671875 0.02890625
0 0.3765625 0.58046875 0.046875 0.05390625
0 0.28125 0.553125 0.02578125 0.0484375
0 0.41640625 0.65625 0.06640625 0.0265625
0 0.49140625 0.64765625 0.028125 0.05703125
0 0.56640625 0.60390625 0.0265625 0.04765625
0 0.59140625 0.56015625 0.05 0.0421875
0 0.63828125 0.59453125 0.0421875 0.040625
0 0.7 0.5640625 0.07421875 0.0375
0 0.8140625 0.50859375 0.03359375 0.04609375
0 0.8015625 0.6234375 0.0421875 0.04375
0 0.79921875 0.67421875 0.03984375 0.0375
0 0.65078125 0.675 0.0484375 0.03515625
0 0.68203125 0.66875 0.03125 0.04453125
0 0.34609375 0.68359375 0.0296875 0.04609375
0 0.30703125 0.64375 0.02734375 0.046875
0 0.23671875 0.67734375 0.025 0.03984375
0 0.19140625 0.69609375 0.05078125 0.02421875
0 0.22578125 0.7640625 0.07734375 0.01953125
0 0.14609375 0.771875 0.06171875 0.0265625
0 0.1546875 0.7953125 0.02734375 0.0328125
0 0.30859375 0.84921875 0.059375 0.01875
0 0.29921875 0.82109375 0.05703125 0.02421875
0 0.42109375 0.73046875 0.05546875 0.0265625
0 0.56328125 0.83046875 0.07578125 0.02578125
0 0.62421875 0.80234375 0.05234375 0.03515625
0 0.68671875 0.80625 0.0390625 0.01875
0 0.7703125 0.7921875 0.05625 0.03671875
0 0.8078125 0.72890625 0.034375 0.05078125
0 0.83828125 0.784375 0.02265625 0.04140625
0 0.796875 0.853125 0.03046875 0.04453125
0 0.7203125 0.84453125 0.0640625 0.025
0 0.13203125 0.8765625 0.04765625 0.04140625
0 0.153125 0.90546875 0.05390625 0.0203125
0 0.17265625 0.88203125 0.01953125 0.03203125
0 0.18046875 0.92109375 0.053125 0.01953125
0 0.25 0.91875 0.06640625 0.01640625
0 0.49140625 0.9046875 0.04765625 0.0203125
0 0.6 0.928125 0.06328125 0.02578125
0 0.57734375 0.90078125 0.03515625 0.009375
0 0.60078125 0.87734375 0.071875 0.0203125
0 0.653125 0.89765625 0.05703125 0.0203125
0 0.8 0.928125 0.04453125 0.021875
0 0.81640625 0.909375 0.03359375 0.02890625