0 0.44453125 0.13203125 0.071875 0.0484375
0 0.5078125 0.15625 0.0421875 0.0515625
0 0.30859375 0.15703125 0.0703125 0.04375
0 0.165625 0.18984375 0.0359375 0.05625
0 0.20234375 0.1578125 0.053125 0.0375
0 0.16875 0.23671875 0.0421875 0.03125
0 0.21484375 0.21328125 0.0265625 0.046875
0 0.20546875 0.26640625 0.021875 0.046875
0 0.26484375 0.2453125 0.0421875 0.0453125
0 0.33984375 0.2609375 0.040625 0.0578125
0 0.43984375 0.23671875 0.0453125 0.0265625
0 0.52578125 0.21328125 0.065625 0.01875
0 0.50390625 0.2953125 0.034375 0.05
0 0.53203125 0.265625 0.0375 0.053125
0 0.7125 0.33828125 0.040625 0.053125
0 0.8515625 0.32265625 0.021875 0.0421875
0 0.471875 0.40078125 0.05 0.0375
0 0.49609375 0.36953125 0.053125 0.040625
0 0.4 0.3890625 0.053125 0.028125
0 0.28984375 0.42109375 0.0671875 0.025
0 0.29921875 0.3859375 0.065625 0.021875
0 0.203125 0.39609375 0.0265625 0.05
0 0.2234375 0.36796875 0.04375 0.0453125
0 0.24296875 0.334375 0.05625 0.0328125
0 0.16171875 0.4453125 0.025 0.0546875
0 0.1953125 0.446875 0.025 0.046875
0 0.33984375 0.475 0.034375 0.053125
0 0.4203125 0.44296875 0.03125 0.04375
0 0.50390625 0.4796875 0.034375 0.0390625
0 0.50234375 0.44609375 0.0625 0.028125
0 0.5515625 0.48359375 0.0578125 0.03125
0 0.7046875 0.4484375 0.040625 0.0390625
0 0.75 0.475 0.0515625 0.025
0 0.753125 0.44609375 0.0515625 0.015625
0 0.78671875 0.5421875 0.053125 0.0375
0 0.8359375 0.51171875 0.021875 0.05
0 0.7203125 0.559375 0.025 0.0515625
0 0.6 0.5484375 0.078125 0.028125
0 0.4125 0.546875 0.0359375 0.0453125
0 0.4671875 0.5375 0.0265625 0.04375
0 0.50859375 0.53984375 0.06875 0.0296875
0 0.34296875 0.53828125 0.071875 0.0265625
0 0.2671875 0.53828125 0.0625 0.01875
0 0.23203125 0.596875 0.0640625 0.040625
0 0.15546875 0.5890625 0.053125 0.0375
0 0.45703125 0.58203125 0.0734375 0.034375
0 0.425 0.64375 0.059375 0.034375
0 0.4890625 0.6671875 0.0375 0.0515625
0 0.5546875 0.6703125 0.021875 0.0453125
0 0.56953125 0.646875 0.0234375 0.0515625
0 0.61015625 0.64140625 0.0328125 0.04375
0 0.6203125 0.67421875 0.0578125 0.0265625
0 0.6546875 0.60703125 0.0546875 0.05
0 0.78046875 0.62421875 0.04375 0.046875
0 0.7078125 0.6875 0.05 0.0203125
0 0.7609375 0.715625 0.0296875 0.0484375
0 0.78984375 0.771875 0.04375 0.040625
0 0.7140625 0.759375 0.0515625 0.034375
0 0.5875 0.76171875 0.0484375 0.053125
0 0.65625 0.79765625 0.0671875 0.021875
0 0.5390625 0.71484375 0.03125 0.04375
0 0.40859375 0.71015625 0.08125 0.028125
0 0.21875 0.73359375 0.04375 0.0484375
0 0.2125 0.69453125 0.0625 0.034375
0 0.28984375 0.7375 0.059375 0.0328125
0 0.14921875 0.81328125 0.0375 0.0359375
0 0.15546875 0.78203125 0.040625 0.025
0 0.16796875 0.753125 0.05 0.0265625
0 0.15546875 0.728125 0.0359375 0.0421875
0 0.2078125 0.7875 0.0390625 0.03125
0 0.20859375 0.83125 0.0546875 0.0171875
0 0.28046875 0.81171875 0.0671875 0.0234375
0 0.39375 0.78046875 0.0640625 0.0359375
0 0.76328125 0.8515625 0.0390625 0.046875
0 0.77734375 0.8265625 0.0484375 0.025
0 0.81328125 0.8328125 0.0515625 0.028125
0 0.80859375 0.87109375 0.046875 0.025
0 0.721875 0.91015625 0.059375 0.0296875
0 0.71484375 0.87421875 0.0578125 0.028125
0 0.66015625 0.93984375 0.0734375 0.0203125
0 0.684375 0.92421875 0.0484375 0.0296875
0 0.58828125 0.9203125 0.0359375 0.053125
0 0.62578125 0.9078125 0.0453125 0.03125
0 0.575 0.86640625 0.0453125 0.05625
0 0.515625 0.853125 0.0171875 0.0234375
0 0.42734375 0.92265625 0.06875 0.0265625
0 0.37109375 0.91171875 0.0609375 0.015625
0 0.37578125 0.8875 0.0765625 0.0171875
0 0.4265625 0.85859375 0.059375 0.0125
0 0.3546875 0.85 0.0640625 0.0296875
0 0.3078125 0.878125 0.065625 0.015625
0 0.28359375 0.915625 0.0671875 0.0171875
0 0.20703125 0.91015625 0.0546875 0.0203125
0 0.22109375 0.87890625 0.0359375 0.0265625