0 0.9125 0.88828125 0.03125 0.021875
0 0.909375 0.86953125 0.028125 0.01875
0 0.8796875 0.86171875 0.0265625 0.028125
0 0.90546875 0.828125 0.0390625 0.0328125
0 0.8703125 0.8859375 0.0328125 0.015625
0 0.825 0.83359375 0.0640625 0.028125
0 0.74453125 0.82734375 0.0703125 0.0359375
0 0.82421875 0.78828125 0.0484375 0.0484375
0 0.6578125 0.84140625 0.065625 0.0484375
0 0.7234375 0.88828125 0.034375 0.034375
0 0.71640625 0.86796875 0.028125 0.0171875
0 0.50703125 0.875 0.0734375 0.046875
0 0.2140625 0.903125 0.04375 0.0546875
0 0.1609375 0.95 0.075 0.04375
0 0.36796875 0.81953125 0.0796875 0.0296875
0 0.32890625 0.74921875 0.08125 0.028125
0 0.2328125 0.73984375 0.0765625 0.04375
0 0.446875 0.75 0.0796875 0.04375
0 0.51171875 0.7234375 0.05625 0.046875
0 0.58046875 0.7515625 0.034375 0.05625
0 0.56484375 0.69296875 0.0453125 0.0515625
0 0.60625 0.6578125 0.059375 0.0421875
0 0.70546875 0.675 0.0734375 0.0359375
0 0.74453125 0.72890625 0.0546875 0.0359375
0 0.79609375 0.72265625 0.0515625 0.0296875
0 0.7890625 0.68203125 0.05625 0.0484375
0 0.7421875 0.58046875 0.04375 0.0515625
0 0.603125 0.56796875 0.0390625 0.05
0 0.60859375 0.5203125 0.078125 0.034375
0 0.546875 0.5453125 0.046875 0.04375
0 0.50703125 0.5359375 0.04375 0.0375
0 0.40859375 0.56953125 0.075 0.03125
0 0.34453125 0.6046875 0.0359375 0.0484375
0 0.20078125 0.59296875 0.05 0.046875
0 0.190625 0.53828125 0.0484375 0.05625
0 0.32265625 0.50390625 0.0453125 0.05
0 0.55234375 0.4671875 0.071875 0.0265625
0 0.5125 0.42109375 0.078125 0.0328125
0 0.5421875 0.44140625 0.021875 0.028125
0 0.6046875 0.47265625 0.034375 0.0453125
0 0.6390625 0.46328125 0.034375 0.0515625
0 0.6921875 0.4953125 0.059375 0.053125
0 0.690625 0.43046875 0.0390625 0.0671875
0 0.796875 0.4578125 0.040625 0.05
0 0.7890625 0.39921875 0.0328125 0.0625
0 0.85078125 0.47109375 0.0328125 0.05625
0 0.84140625 0.52578125 0.021875 0.0234375
0 0.87890625 0.73828125 0.0203125 0.0171875
0 0.86875 0.75 0.0203125 0.0171875
0 0.7 0.3609375 0.071875 0.040625
0 0.7484375 0.325 0.0515625 0.065625
0 0.64609375 0.35859375 0.0453125 0.0578125
0 0.59765625 0.33828125 0.0359375 0.059375
0 0.58203125 0.375 0.0390625 0.046875
0 0.465625 0.40078125 0.071875 0.0375
0 0.453125 0.36875 0.0578125 0.040625
0 0.3078125 0.4078125 0.078125 0.0328125
0 0.2546875 0.384375 0.0671875 0.0375
0 0.16484375 0.43046875 0.0484375 0.0609375
0 0.25625 0.3296875 0.059375 0.04375
0 0.1390625 0.32109375 0.04375 0.0546875
0 0.28984375 0.284375 0.0765625 0.0296875
0 0.371875 0.3015625 0.05 0.053125
0 0.41484375 0.3140625 0.0390625 0.0609375
0 0.5171875 0.27265625 0.0515625 0.053125
0 0.50703125 0.20625 0.0796875 0.040625
0 0.50703125 0.23671875 0.0828125 0.0328125
0 0.41328125 0.196875 0.0484375 0.05
0 0.29921875 0.228125 0.075 0.034375
0 0.359375 0.15390625 0.04375 0.053125
0 0.14140625 0.2015625 0.0296875 0.040625
0 0.18046875 0.21875 0.025 0.040625
0 0.20546875 0.20546875 0.028125 0.0421875
0 0.1515625 0.25 0.028125 0.0546875
0 0.10234375 0.18984375 0.05 0.0359375
0 0.09921875 0.1296875 0.028125 0.0578125
0 0.1328125 0.11015625 0.040625 0.0515625
0 0.19375 0.1265625 0.040625 0.0234375
0 0.25 0.140625 0.0765625 0.0390625
0 0.446875 0.1125 0.0375 0.0453125
0 0.4921875 0.13125 0.0609375 0.0421875
0 0.6234375 0.19140625 0.05 0.05
0 0.6421875 0.12265625 0.0578125 0.040625
0 0.590625 0.10546875 0.046875 0.0328125
0 0.596875 0.07734375 0.075 0.0265625
0 0.71796875 0.16796875 0.0375 0.025
0 0.76640625 0.20546875 0.0671875 0.040625
0 0.809375 0.1703125 0.0515625 0.046875
0 0.74921875 0.109375 0.0265625 0.025
0 0.778125 0.103125 0.0328125 0.0265625
0 0.70234375 0.1078125 0.03125 0.0359375
0 0.6859375 0.0734375 0.028125 0.0203125
0 0.7296875 0.065625 0.04375 0.0203125
0 0.7671875 0.08125 0.040625 0.01875
0 0.8 0.23671875 0.0296875 0.040625
0 0.81484375 0.26953125 0.0359375 0.034375