0 0.36484375 0.10859375 0.078125 0.01953125
0 0.459375 0.12421875 0.08125 0.02109375
0 0.58359375 0.128125 0.040625 0.02734375
0 0.609375 0.1515625 0.0390625 0.03671875
0 0.65078125 0.1609375 0.0328125 0.0390625
0 0.69609375 0.21953125 0.04609375 0.046875
0 0.640625 0.24296875 0.04765625 0.0515625
0 0.71328125 0.2828125 0.05078125 0.04765625
0 0.571875 0.23984375 0.0359375 0.02109375
0 0.5921875 0.27890625 0.02578125 0.05546875
0 0.69765625 0.13671875 0.015625 0.025
0 0.70390625 0.11015625 0.0234375 0.02890625
0 0.7453125 0.17109375 0.03125 0.01953125
0 0.73984375 0.14765625 0.04609375 0.01640625
0 0.77265625 0.18203125 0.0265625 0.0546875
0 0.78515625 0.1015625 0.0578125 0.03203125
0 0.8046875 0.15546875 0.0375 0.0359375
0 0.83125 0.140625 0.025 0.02109375
0 0.809375 0.2265625 0.02578125 0.046875
0 0.8296875 0.24609375 0.01796875 0.02109375
0 0.37578125 0.246875 0.0421875 0.053125
0 0.40625 0.3 0.04453125 0.04453125
0 0.48125 0.31640625 0.06015625 0.04296875
0 0.46796875 0.3546875 0.046875 0.01875
0 0.4203125 0.37109375 0.040625 0.03203125
0 0.56484375 0.35234375 0.06484375 0.034375
0 0.62890625 0.36328125 0.03203125 0.03984375
0 0.6734375 0.365625 0.05078125 0.04921875
0 0.734375 0.33984375 0.02421875 0.04921875
0 0.76640625 0.30859375 0.03828125 0.034375
0 0.8015625 0.31171875 0.034375 0.03828125
0 0.83828125 0.31484375 0.01640625 0.04765625
0 0.8234375 0.3390625 0.0203125 0.0171875
0 0.7765625 0.36484375 0.02109375 0.02265625
0 0.7953125 0.3484375 0.0171875 0.0171875
0 0.83359375 0.3828125 0.01875 0.0390625
0 0.77265625 0.43671875 0.0359375 0.05078125
0 0.6875 0.4453125 0.0375 0.05703125
0 0.73046875 0.471875 0.0359375 0.059375
0 0.7984375 0.47890625 0.02890625 0.05859375
0 0.646875 0.51875 0.05546875 0.0546875
0 0.575 0.43359375 0.03046875 0.04921875
0 0.60234375 0.41171875 0.02265625 0.059375
0 0.50078125 0.51171875 0.05546875 0.04375
0 0.53671875 0.5640625 0.04609375 0.0390625
0 0.56796875 0.6125 0.0296875 0.05546875
0 0.51015625 0.60390625 0.02578125 0.046875
0 0.5109375 0.65234375 0.0234375 0.01484375
0 0.5109375 0.67890625 0.02734375 0.0296875
0 0.396875 0.6734375 0.053125 0.0359375
0 0.33515625 0.6265625 0.0234375 0.05625
0 0.3421875 0.72421875 0.04921875 0.046875
0 0.32265625 0.77890625 0.059375 0.04921875
0 0.2640625 0.80859375 0.05 0.05
0 0.2171875 0.8046875 0.0390625 0.0515625
0 0.20078125 0.75703125 0.06875 0.0296875
0 0.15234375 0.78828125 0.0234375 0.04921875
0 0.1265625 0.7640625 0.025 0.04609375
0 0.1171875 0.80625 0.03046875 0.034375
0 0.1484375 0.70234375 0.02421875 0.02578125
0 0.12578125 0.67890625 0.025 0.02578125
0 0.22890625 0.496875 0.0296875 0.0578125
0 0.1390625 0.48203125 0.034375 0.05546875
0 0.31015625 0.43515625 0.0390625 0.05078125
0 0.15546875 0.41328125 0.03515625 0.05703125
0 0.7734375 0.54609375 0.07265625 0.03359375
0 0.8 0.61171875 0.04921875 0.05234375
0 0.67421875 0.68125 0.07265625 0.025
0 0.5828125 0.74140625 0.028125 0.0578125
0 0.63203125 0.76328125 0.02421875 0.01875
0 0.61796875 0.75703125 0.01640625 0.01171875
0 0.6578125 0.83359375 0.0421875 0.034375
0 0.53828125 0.8578125 0.0703125 0.0203125
0 0.56796875 0.88984375 0.07578125 0.03125
0 0.46015625 0.85078125 0.06875 0.03515625
0 0.41953125 0.88515625 0.0640625 0.0265625
0 0.36953125 0.8875 0.034375 0.03125
0 0.371875 0.91875 0.05703125 0.02734375
0 0.48359375 0.91796875 0.06875 0.03203125
0 0.26171875 0.8703125 0.04609375 0.03046875
0 0.278125 0.89375 0.0703125 0.01484375
0 0.209375 0.84453125 0.0609375 0.025
0 0.175 0.865625 0.0234375 0.03671875
0 0.15 0.87578125 0.02421875 0.05
0 0.11484375 0.90546875 0.02265625 0.04765625
0 0.1640625 0.9390625 0.0265625 0.01640625
0 0.18515625 0.9296875 0.0296875 0.01328125
0 0.20625 0.91953125 0.0640625 0.0125
0 0.61328125 0.928125 0.0203125 0.01796875
0 0.6375 0.9140625 0.025 0.0234375
0 0.6578125 0.921875 0.02265625 0.0390625
0 0.71875 0.91171875 0.02109375 0.04453125
0 0.69609375 0.88671875 0.06484375 0.01875
0 0.7640625 0.846875 0.03203125 0.04453125
0 0.7375 0.84453125 0.01796875 0.028125