0 0.2953125 0.83359375 0.0703125 0.05
0 0.3921875 0.8203125 0.0546875 0.065625
0 0.48671875 0.82734375 0.053125 0.03125
0 0.5234375 0.85390625 0.0671875 0.0328125
0 0.58828125 0.8875 0.0671875 0.046875
0 0.765625 0.88984375 0.0453125 0.0671875
0 0.75 0.8078125 0.0578125 0.0703125
0 0.5578125 0.77734375 0.05 0.04375
0 0.59453125 0.76171875 0.0265625 0.0328125
0 0.67265625 0.7078125 0.05625 0.059375
0 0.5578125 0.6390625 0.06875 0.05
0 0.46796875 0.71328125 0.0734375 0.0796875
0 0.3953125 0.7328125 0.0734375 0.04375
0 0.28984375 0.64375 0.05625 0.0671875
0 0.36171875 0.6421875 0.0671875 0.0359375
0 0.43203125 0.61171875 0.0625 0.028125
0 0.40859375 0.6296875 0.0390625 0.0296875
0 0.1890625 0.678125 0.05625 0.0625
0 0.12109375 0.6859375 0.0515625 0.05625
0 0.08359375 0.72890625 0.05 0.0671875
0 0.10078125 0.621875 0.0265625 0.0328125
0 0.11328125 0.64140625 0.0203125 0.0203125
0 0.19140625 0.5765625 0.0421875 0.0671875
0 0.2234375 0.61484375 0.053125 0.0546875
0 0.175 0.5203125 0.0390625 0.0484375
0 0.128125 0.52109375 0.0625 0.0328125
0 0.2609375 0.528125 0.06875 0.0296875
0 0.2328125 0.50625 0.06875 0.03125
0 0.4 0.571875 0.0765625 0.040625
0 0.3984375 0.5140625 0.0765625 0.0421875
0 0.5765625 0.590625 0.065625 0.0359375
0 0.59296875 0.54609375 0.0375 0.025
0 0.5609375 0.5484375 0.0375 0.021875
0 0.33984375 0.4875 0.0390625 0.0578125
0 0.4375 0.49296875 0.0640625 0.0421875
0 0.278125 0.46484375 0.025 0.0203125
0 0.29375 0.47421875 0.01875 0.0203125
0 0.30625 0.4375 0.046875 0.05
0 0.19921875 0.4265625 0.034375 0.0453125
0 0.215625 0.38515625 0.04375 0.0546875
0 0.196875 0.34921875 0.05 0.0546875
0 0.4 0.42109375 0.071875 0.0515625
0 0.4203125 0.37734375 0.0640625 0.0328125
0 0.4859375 0.38359375 0.0703125 0.046875
0 0.5421875 0.384375 0.0546875 0.0484375
0 0.59375 0.42421875 0.05625 0.0609375
0 0.68828125 0.4828125 0.0640625 0.034375
0 0.71875 0.45 0.0359375 0.053125
0 0.6640625 0.3671875 0.06875 0.053125
0 0.609375 0.33671875 0.0546875 0.0546875
0 0.46796875 0.3390625 0.075 0.046875
0 0.4296875 0.29140625 0.078125 0.053125
0 0.25078125 0.2859375 0.0890625 0.0484375
0 0.26953125 0.21953125 0.05 0.071875
0 0.240625 0.19921875 0.0390625 0.0625
0 0.209375 0.20546875 0.040625 0.0625
0 0.22109375 0.1484375 0.0453125 0.059375
0 0.378125 0.1859375 0.0796875 0.0390625
0 0.5609375 0.26328125 0.0703125 0.0390625
0 0.49375 0.18671875 0.090625 0.0390625
0 0.52109375 0.15703125 0.046875 0.0625
0 0.4796875 0.1328125 0.0609375 0.0484375
0 0.61640625 0.20703125 0.0453125 0.0484375
0 0.61171875 0.1765625 0.021875 0.015625
0 0.68359375 0.2515625 0.0671875 0.05
0 0.759375 0.25234375 0.075 0.075
0 0.6984375 0.171875 0.0671875 0.0453125
0 0.77890625 0.18359375 0.0671875 0.0515625
0 0.58515625 0.10703125 0.0625 0.046875
0 0.66875 0.09375 0.05 0.05625
0 0.5765625 0.07578125 0.0609375 0.03125
0 0.4734375 0.065625 0.059375 0.0328125
0 0.47265625 0.09140625 0.0828125 0.0375
0 0.39765625 0.06328125 0.05625 0.0359375
0 0.353125 0.11484375 0.03125 0.0375
0 0.37578125 0.1171875 0.025 0.0234375
0 0.2390625 0.09453125 0.0765625 0.0296875
0 0.2546875 0.05234375 0.0265625 0.021875
0 0.3171875 0.0484375 0.0640625 0.03125
0 0.38046875 0.04296875 0.075 0.034375
0 0.30703125 0.015625 0.0765625 0.03125
0 0.39609375 0.03046875 0.0375 0.021875
0 0.8 0.146875 0.06875 0.028125
0 0.928125 0.1734375 0.03125 0.0296875
0 0.88984375 0.1734375 0.025 0.01875
0 0.91171875 0.22734375 0.0265625 0.021875
0 0.84921875 0.3171875 0.0390625 0.0578125
0 0.88359375 0.33203125 0.0359375 0.0515625
0 0.85 0.39140625 0.04375 0.0625
0 0.79140625 0.36953125 0.05625 0.0640625
0 0.78203125 0.43671875 0.065625 0.0640625
0 0.71015625 0.521875 0.06875 0.046875
0 0.809375 0.60859375 0.0796875 0.046875