0 0.28671875 0.15 0.07890625 0.05390625
0 0.56015625 0.0828125 0.01875 0.01640625
0 0.5859375 0.15625 0.05703125 0.03125
0 0.59921875 0.11953125 0.05625 0.01953125
0 0.5734375 0.103125 0.0234375 0.0375
0 0.665625 0.16015625 0.05546875 0.04375
0 0.6609375 0.1171875 0.0375 0.02578125
0 0.72578125 0.09375 0.03046875 0.03515625
0 0.75078125 0.10703125 0.0375 0.04140625
0 0.78203125 0.13046875 0.03203125 0.04453125
0 0.5453125 0.23125 0.04921875 0.0125
0 0.5390625 0.21640625 0.046875 0.0125
0 0.56171875 0.19609375 0.06796875 0.01484375
0 0.815625 0.18203125 0.01328125 0.0328125
0 0.8359375 0.18203125 0.02421875 0.0296875
0 0.828125 0.228125 0.0234375 0.03671875
0 0.753125 0.278125 0.03359375 0.0453125
0 0.78515625 0.2671875 0.0171875 0.040625
0 0.8390625 0.26796875 0.0203125 0.04296875
0 0.8546875 0.25859375 0.0125 0.03046875
0 0.85390625 0.2328125 0.028125 0.0234375
0 0.69140625 0.26484375 0.0625 0.02421875
0 0.45625 0.18359375 0.04765625 0.0375
0 0.49375 0.240625 0.0515625 0.0203125
0 0.428125 0.271875 0.06015625 0.0296875
0 0.38046875 0.2640625 0.0265625 0.04296875
0 0.3234375 0.33046875 0.0671875 0.0234375
0 0.41875 0.375 0.04921875 0.0296875
0 0.49375 0.36484375 0.0515625 0.01875
0 0.56640625 0.36328125 0.03984375 0.04375
0 0.60078125 0.3921875 0.02265625 0.03828125
0 0.6265625 0.3609375 0.02890625 0.0171875
0 0.6703125 0.35625 0.05859375 0.03046875
0 0.69453125 0.30625 0.06875 0.0265625
0 0.8203125 0.31953125 0.03203125 0.04140625
0 0.7484375 0.4 0.04140625 0.0328125
0 0.77265625 0.37109375 0.02890625 0.03125
0 0.80078125 0.35625 0.0359375 0.0296875
0 0.83359375 0.37578125 0.04453125 0.025
0 0.82578125 0.35078125 0.02265625 0.0203125
0 0.846875 0.45234375 0.03515625 0.04375
0 0.790625 0.45390625 0.0328125 0.05
0 0.74609375 0.48203125 0.0546875 0.0296875
0 0.72890625 0.4578125 0.0203125 0.02578125
0 0.65625 0.48828125 0.03359375 0.04765625
0 0.76796875 0.5109375 0.025 0.03125
0 0.5296875 0.5203125 0.06015625 0.034375
0 0.38671875 0.47734375 0.053125 0.02578125
0 0.2921875 0.4484375 0.06796875 0.0328125
0 0.22734375 0.51640625 0.02578125 0.046875
0 0.1390625 0.53515625 0.025 0.0484375
0 0.20546875 0.61796875 0.0609375 0.02578125
0 0.13828125 0.62734375 0.03828125 0.046875
0 0.14375 0.6640625 0.02421875 0.02265625
0 0.13984375 0.6953125 0.02421875 0.034375
0 0.196875 0.7046875 0.05859375 0.03046875
0 0.25625 0.69765625 0.040625 0.0375
0 0.33828125 0.64453125 0.0234375 0.04765625
0 0.37109375 0.63984375 0.02265625 0.05
0 0.28671875 0.7328125 0.06328125 0.01484375
0 0.48203125 0.634375 0.05625 0.03671875
0 0.54140625 0.62734375 0.0546875 0.03671875
0 0.60234375 0.6015625 0.0546875 0.03125
0 0.81328125 0.59140625 0.01953125 0.05546875
0 0.83984375 0.60625 0.03046875 0.01953125
0 0.553125 0.68046875 0.07421875 0.01796875
0 0.6515625 0.72890625 0.03984375 0.0390625
0 0.746875 0.70390625 0.03203125 0.0453125
0 0.5796875 0.75390625 0.05234375 0.03515625
0 0.428125 0.82421875 0.046875 0.0390625
0 0.55703125 0.83515625 0.0390625 0.04453125
0 0.6453125 0.840625 0.04765625 0.0375
0 0.75546875 0.865625 0.02734375 0.0359375
0 0.7625 0.84140625 0.034375 0.03203125
0 0.72421875 0.92421875 0.021875 0.01953125
0 0.70234375 0.89921875 0.03984375 0.02265625
0 0.678125 0.92265625 0.0609375 0.02890625
0 0.5046875 0.925 0.07421875 0.01953125
0 0.47421875 0.86796875 0.0578125 0.02578125
0 0.43203125 0.86640625 0.0265625 0.03515625
0 0.3609375 0.8671875 0.06015625 0.015625
0 0.353125 0.83515625 0.06953125 0.021875
0 0.2796875 0.83671875 0.05546875 0.01640625
0 0.28125 0.79609375 0.078125 0.0140625
0 0.178125 0.83984375 0.05703125 0.015625
0 0.165625 0.82109375 0.05625 0.021875
0 0.13984375 0.79453125 0.0265625 0.04453125
0 0.11796875 0.83984375 0.03359375 0.03046875
0 0.1125 0.89609375 0.03125 0.0109375
0 0.13203125 0.884375 0.02265625 0.04140625
0 0.16484375 0.88203125 0.02578125 0.03984375
0 0.1875 0.88515625 0.0265625 0.04921875
0 0.18515625 0.928125 0.0625 0.01484375
0 0.246875 0.88359375 0.04375 0.0421875
0 0.2921875 0.88203125 0.03984375 0.02265625
0 0.30703125 0.92734375 0.05859375 0.015625
0 0.3 0.90625 0.04921875 0.015625
0 0.37421875 0.92265625 0.04296875 0.01640625
0 0.34453125 0.90625 0.040625 0.01796875
0 0.39375 0.90625 0.05390625 0.01796875