0 0.2125 0.15 0.04375 0.0484375
0 0.271875 0.17109375 0.06875 0.03125
0 0.28515625 0.22890625 0.03671875 0.04296875
0 0.40625 0.1921875 0.084375 0.03203125
0 0.4046875 0.14140625 0.034375 0.0171875
0 0.40703125 0.1109375 0.02265625 0.03515625
0 0.52265625 0.1203125 0.06640625 0.0265625
0 0.56015625 0.15234375 0.03984375 0.03203125
0 0.628125 0.1234375 0.03828125 0.040625
0 0.16171875 0.2515625 0.02890625 0.03359375
0 0.13828125 0.234375 0.02421875 0.04140625
0 0.42265625 0.27421875 0.06171875 0.0421875
0 0.61953125 0.28359375 0.0828125 0.02421875
0 0.7734375 0.1609375 0.04921875 0.05546875
0 0.734375 0.3140625 0.0375 0.04609375
0 0.8265625 0.32265625 0.0359375 0.05546875
0 0.7890625 0.3734375 0.03203125 0.0453125
0 0.8140625 0.40546875 0.0390625 0.03828125
0 0.7828125 0.434375 0.05078125 0.04296875
0 0.67734375 0.43984375 0.01953125 0.028125
0 0.66015625 0.4171875 0.01953125 0.04453125
0 0.54609375 0.375 0.05546875 0.0359375
0 0.54375 0.33515625 0.06953125 0.025
0 0.475 0.3421875 0.05078125 0.0453125
0 0.503125 0.396875 0.02109375 0.053125
0 0.4 0.375 0.05 0.03359375
0 0.52890625 0.4484375 0.0484375 0.03515625
0 0.56171875 0.4765625 0.03046875 0.04140625
0 0.76015625 0.51953125 0.05390625 0.0140625
0 0.821875 0.5265625 0.0171875 0.02421875
0 0.8234375 0.55859375 0.025 0.03828125
0 0.72421875 0.52890625 0.0265625 0.01484375
0 0.64140625 0.5859375 0.0296875 0.04453125
0 0.5921875 0.5484375 0.053125 0.03828125
0 0.55390625 0.5515625 0.0328125 0.04453125
0 0.57109375 0.6046875 0.034375 0.04453125
0 0.6625 0.64453125 0.02890625 0.04921875
0 0.628125 0.6671875 0.0328125 0.03828125
0 0.77421875 0.60234375 0.0515625 0.021875
0 0.80078125 0.628125 0.02109375 0.034375
0 0.83046875 0.6359375 0.034375 0.0171875
0 0.8578125 0.61171875 0.0203125 0.04375
0 0.80859375 0.67265625 0.0296875 0.0484375
0 0.825 0.72734375 0.02890625 0.04921875
0 0.64296875 0.7515625 0.03203125 0.06796875
0 0.5265625 0.73671875 0.08046875 0.0203125
0 0.503125 0.68984375 0.02421875 0.0546875
0 0.53515625 0.665625 0.0390625 0.05703125
0 0.47890625 0.56484375 0.03515625 0.05234375
0 0.36796875 0.659375 0.03984375 0.0515625
0 0.3859375 0.72265625 0.04609375 0.0546875
0 0.31640625 0.71015625 0.0671875 0.01953125
0 0.396875 0.5421875 0.02890625 0.05
0 0.4015625 0.50234375 0.0484375 0.0265625
0 0.3609375 0.525 0.028125 0.0484375
0 0.32109375 0.49609375 0.05234375 0.02421875
0 0.27734375 0.52578125 0.06171875 0.02734375
0 0.16328125 0.48671875 0.0359375 0.0328125
0 0.140625 0.44609375 0.0234375 0.03984375
0 0.209375 0.32265625 0.0515625 0.04375
0 0.21171875 0.5578125 0.01875 0.0265625
0 0.1578125 0.56328125 0.04765625 0.040625
0 0.190625 0.58828125 0.04296875 0.025
0 0.15 0.6203125 0.01953125 0.05078125
0 0.17421875 0.61796875 0.02421875 0.0203125
0 0.23671875 0.64375 0.0546875 0.0234375
0 0.16796875 0.671875 0.03203125 0.046875
0 0.12734375 0.67578125 0.03203125 0.01796875
0 0.2 0.7640625 0.0515625 0.03203125
0 0.28828125 0.80078125 0.02578125 0.04765625
0 0.325 0.81015625 0.0453125 0.04140625
0 0.31640625 0.840625 0.0765625 0.021875
0 0.4484375 0.7953125 0.0671875 0.0359375
0 0.52890625 0.8484375 0.03828125 0.05078125
0 0.4640625 0.88828125 0.059375 0.03203125
0 0.18203125 0.83671875 0.04296875 0.03984375
0 0.1546875 0.84140625 0.015625 0.04140625
0 0.13515625 0.809375 0.02421875 0.059375
0 0.15 0.8796875 0.0171875 0.04140625
0 0.1578125 0.90703125 0.02109375 0.0234375
0 0.21171875 0.90546875 0.065625 0.02109375
0 0.1828125 0.928125 0.05234375 0.021875
0 0.12890625 0.92734375 0.02578125 0.0421875
0 0.34453125 0.9046875 0.0671875 0.03359375
0 0.51484375 0.915625 0.04609375 0.03125
0 0.53125 0.8875 0.0609375 0.025
0 0.6234375 0.87421875 0.08359375 0.025
0 0.646875 0.9171875 0.0609375 0.01796875
0 0.58828125 0.93125 0.04921875 0.034375
0 0.659375 0.83984375 0.06484375 0.02265625
0 0.74375 0.87734375 0.0640625 0.0265625
0 0.80859375 0.90390625 0.02421875 0.015625
0 0.82578125 0.91015625 0.02421875 0.01640625
0 0.82890625 0.81171875 0.0296875 0.0515625
0 0.75390625 0.84375 0.0265625 0.01796875
0 0.728125 0.83359375 0.021875 0.046875
0 0.834375 0.52109375 0.0125 0.025