0 0.265625 0.09609375 0.0875 0.0359375
0 0.46015625 0.1078125 0.0875 0.02578125
0 0.5875 0.1359375 0.075 0.015625
0 0.64296875 0.13984375 0.0234375 0.0421875
0 0.71640625 0.09609375 0.0546875 0.034375
0 0.7625 0.08671875 0.0359375 0.0421875
0 0.82265625 0.071875 0.0375 0.02890625
0 0.86640625 0.08125 0.040625 0.04296875
0 0.86796875 0.11796875 0.025 0.04453125
0 0.81640625 0.09609375 0.059375 0.0140625
0 0.81875 0.1375 0.0546875 0.03984375
0 0.81328125 0.2015625 0.04375 0.0375
0 0.83984375 0.23671875 0.03359375 0.0484375
0 0.76875 0.18359375 0.025 0.04609375
0 0.74609375 0.1828125 0.065625 0.01796875
0 0.69140625 0.1921875 0.03515625 0.05078125
0 0.6671875 0.175 0.0390625 0.02421875
0 0.50859375 0.196875 0.071875 0.0234375
0 0.165625 0.17421875 0.0671875 0.0234375
0 0.115625 0.165625 0.01953125 0.05
0 0.1265625 0.20625 0.0203125 0.040625
0 0.1171875 0.25078125 0.0375 0.03671875
0 0.2328125 0.26171875 0.03203125 0.046875
0 0.26640625 0.2703125 0.0265625 0.05
0 0.30625 0.26796875 0.065625 0.0296875
0 0.44375 0.3078125 0.05546875 0.03515625
0 0.590625 0.31171875 0.040625 0.04765625
0 0.68203125 0.240625 0.0703125 0.02734375
0 0.765625 0.2328125 0.06484375 0.03203125
0 0.76015625 0.309375 0.03828125 0.053125
0 0.71640625 0.3796875 0.034375 0.04765625
0 0.7953125 0.4 0.025 0.05
0 0.61875 0.365625 0.07265625 0.03125
0 0.63359375 0.39765625 0.03828125 0.03984375
0 0.52734375 0.40859375 0.06640625 0.0328125
0 0.834375 0.48046875 0.02421875 0.0421875
0 0.859375 0.45546875 0.02421875 0.04609375
0 0.39375 0.40234375 0.046875 0.046875
0 0.2046875 0.34296875 0.06796875 0.02421875
0 0.13984375 0.3078125 0.04609375 0.03671875
0 0.09609375 0.35 0.02265625 0.05234375
0 0.1140625 0.37109375 0.03203125 0.05078125
0 0.10625 0.415625 0.01953125 0.03984375
0 0.125 0.4171875 0.0203125 0.04375
0 0.14609375 0.384375 0.0453125 0.0296875
0 0.18984375 0.37109375 0.04765625 0.03203125
0 0.2078125 0.42578125 0.02421875 0.0578125
0 0.22265625 0.421875 0.0140625 0.04609375
0 0.13984375 0.45234375 0.0234375 0.04921875
0 0.1140625 0.49765625 0.02734375 0.05
0 0.20078125 0.50625 0.03203125 0.046875
0 0.4140625 0.49921875 0.03671875 0.04765625
0 0.6671875 0.5375 0.059375 0.01875
0 0.715625 0.56640625 0.0421875 0.05078125
0 0.60546875 0.5828125 0.071875 0.034375
0 0.80078125 0.56015625 0.0234375 0.059375
0 0.85078125 0.57890625 0.065625 0.0296875
0 0.8453125 0.6546875 0.0359375 0.0609375
0 0.6578125 0.6625 0.0765625 0.0234375
0 0.4 0.61640625 0.07890625 0.03359375
0 0.28203125 0.578125 0.0578125 0.04375
0 0.23671875 0.54609375 0.04765625 0.0390625
0 0.12265625 0.54453125 0.0171875 0.04921875
0 0.13984375 0.55234375 0.021875 0.046875
0 0.1640625 0.54375 0.0296875 0.0375
0 0.15546875 0.58515625 0.03984375 0.03515625
0 0.18359375 0.63359375 0.0765625 0.02578125
0 0.709375 0.73515625 0.01875 0.05078125
0 0.6640625 0.69453125 0.0328125 0.0296875
0 0.64765625 0.71953125 0.05703125 0.01640625
0 0.396875 0.73125 0.02421875 0.04921875
0 0.41640625 0.7125 0.0296875 0.02890625
0 0.60703125 0.76015625 0.02265625 0.0359375
0 0.61484375 0.79609375 0.021875 0.03515625
0 0.67578125 0.8234375 0.0171875 0.0359375
0 0.7078125 0.840625 0.06640625 0.02890625
0 0.78515625 0.85546875 0.04609375 0.03203125
0 0.284375 0.74609375 0.0375 0.03671875
0 0.18984375 0.6796875 0.04296875 0.02734375
0 0.2015625 0.73984375 0.01796875 0.0265625
0 0.321875 0.80234375 0.06875 0.02109375
0 0.45546875 0.8296875 0.0609375 0.02734375
0 0.53359375 0.83671875 0.0390625 0.0484375
0 0.684375 0.87734375 0.03125 0.0359375
0 0.74765625 0.88359375 0.06015625 0.02578125
0 0.6390625 0.89140625 0.04609375 0.01875
0 0.60546875 0.88359375 0.03046875 0.0203125
0 0.621875 0.92734375 0.04609375 0.01796875
0 0.621875 0.90390625 0.03828125 0.01484375
0 0.5796875 0.91484375 0.05390625 0.0140625
0 0.5328125 0.88203125 0.04375 0.02734375
0 0.4765625 0.88203125 0.0359375 0.04375
0 0.5 0.87578125 0.015625 0.0375
0 0.509375 0.9171875 0.05859375 0.0234375
0 0.3765625 0.8765625 0.06953125 0.03046875
0 0.32890625 0.90703125 0.025 0.0515625
0 0.23671875 0.903125 0.06875 0.0265625
0 0.1703125 0.9 0.046875 0.03671875