0 0.16796875 0.10859375 0.04140625 0.0375
0 0.175 0.1515625 0.0375 0.04140625
0 0.203125 0.1453125 0.0234375 0.04140625
0 0.265625 0.140625 0.059375 0.0265625
0 0.3203125 0.14921875 0.03203125 0.0421875
0 0.334375 0.140625 0.028125 0.02109375
0 0.37265625 0.18984375 0.02109375 0.04453125
0 0.471875 0.18203125 0.0203125 0.04296875
0 0.50390625 0.159375 0.03203125 0.0265625
0 0.653125 0.11640625 0.05390625 0.02265625
0 0.78984375 0.09375 0.046875 0.0375
0 0.8078125 0.1546875 0.01953125 0.04453125
0 0.8234375 0.1484375 0.0328125 0.0140625
0 0.715625 0.1625 0.034375 0.03515625
0 0.68125 0.159375 0.0375 0.01953125
0 0.70390625 0.1953125 0.0328125 0.034375
0 0.77578125 0.19375 0.0296875 0.03671875
0 0.796875 0.22265625 0.0375 0.05
0 0.665625 0.2375 0.06796875 0.0171875
0 0.4890625 0.2546875 0.03125 0.0421875
0 0.44765625 0.23984375 0.0359375 0.03125
0 0.28125 0.246875 0.01953125 0.03671875
0 0.3140625 0.2203125 0.03046875 0.03828125
0 0.2953125 0.2578125 0.015625 0.02578125
0 0.1703125 0.27109375 0.05859375 0.0359375
0 0.14296875 0.35859375 0.0203125 0.0453125
0 0.13828125 0.328125 0.025 0.0140625
0 0.1640625 0.3296875 0.02578125 0.01171875
0 0.1734375 0.34765625 0.02421875 0.01953125
0 0.36171875 0.31875 0.03828125 0.0140625
0 0.3734375 0.303125 0.05 0.021875
0 0.4375 0.36953125 0.03828125 0.04453125
0 0.62421875 0.3078125 0.05234375 0.01484375
0 0.6890625 0.26484375 0.05078125 0.03359375
0 0.8265625 0.31328125 0.03046875 0.03125
0 0.82265625 0.3484375 0.01953125 0.03671875
0 0.65 0.34296875 0.01640625 0.0390625
0 0.6828125 0.32734375 0.06015625 0.01171875
0 0.31953125 0.37890625 0.040625 0.04765625
0 0.39453125 0.41953125 0.06171875 0.02265625
0 0.23515625 0.39453125 0.05078125 0.03359375
0 0.14453125 0.42734375 0.028125 0.04375
0 0.165625 0.40078125 0.0296875 0.03671875
0 0.12109375 0.40546875 0.02421875 0.04375
0 0.2109375 0.4359375 0.03359375 0.04140625
0 0.14140625 0.47109375 0.03359375 0.04453125
0 0.31640625 0.43984375 0.03828125 0.05
0 0.40703125 0.46953125 0.034375 0.04453125
0 0.35625 0.48359375 0.0484375 0.028125
0 0.40703125 0.5140625 0.03984375 0.03125
0 0.2921875 0.52421875 0.03125 0.04765625
0 0.1390625 0.546875 0.0296875 0.04375
0 0.26015625 0.584375 0.03515625 0.04609375
0 0.26640625 0.61640625 0.0390625 0.02890625
0 0.5921875 0.54765625 0.04609375 0.03125
0 0.54609375 0.43515625 0.02890625 0.03515625
0 0.5859375 0.42109375 0.0390625 0.03359375
0 0.6484375 0.40625 0.0234375 0.05546875
0 0.71015625 0.41171875 0.05 0.03984375
0 0.7703125 0.43828125 0.02578125 0.0484375
0 0.6515625 0.47734375 0.0328125 0.05
0 0.73203125 0.51484375 0.03203125 0.05390625
0 0.79296875 0.4765625 0.03125 0.04609375
0 0.63125 0.5890625 0.05703125 0.02421875
0 0.57265625 0.6515625 0.053125 0.02578125
0 0.51640625 0.696875 0.03046875 0.04140625
0 0.3859375 0.67890625 0.0296875 0.04609375
0 0.19765625 0.70234375 0.0328125 0.04296875
0 0.146875 0.671875 0.01640625 0.04609375
0 0.1703125 0.665625 0.01953125 0.040625
0 0.13515625 0.7234375 0.0171875 0.04296875
0 0.15390625 0.71875 0.02890625 0.0390625
0 0.69375 0.715625 0.03203125 0.03828125
0 0.7140625 0.71640625 0.0296875 0.01328125
0 0.82109375 0.74375 0.0578125 0.028125
0 0.74296875 0.784375 0.06015625 0.01953125
0 0.5703125 0.75625 0.0609375 0.0171875
0 0.415625 0.778125 0.071875 0.01640625
0 0.43359375 0.76484375 0.02421875 0.0171875
0 0.27109375 0.76640625 0.08203125 0.0203125
0 0.39375 0.80546875 0.0578125 0.02421875
0 0.13984375 0.83671875 0.02109375 0.04765625
0 0.3296875 0.88203125 0.0640625 0.02265625
0 0.4203125 0.871875 0.06796875 0.03203125
0 0.52109375 0.88046875 0.05390625 0.021875
0 0.56796875 0.8390625 0.0671875 0.02578125
0 0.6203125 0.859375 0.046875 0.02265625
0 0.6828125 0.82109375 0.0625 0.02890625
0 0.75078125 0.8203125 0.06015625 0.03125
0 0.79453125 0.81796875 0.02578125 0.03203125
0 0.7828125 0.8640625 0.03046875 0.046875
0 0.81328125 0.84921875 0.03125 0.04375
0 0.72890625 0.9125 0.053125 0.03984375
0 0.7828125 0.915625 0.02578125 0.040625
0 0.8125 0.9375 0.0390625 0.028125
0 0.55859375 0.928125 0.08125 0.015625
0 0.278125 0.1765625 0.05625 0.0125
0 0.2328125 0.190625 0.0859375 0.01875
0 0.2375 0.1734375 0.03203125 0.01796875
0 0.16796875 0.20390625 0.04921875 0.01328125