0 0.128125 0.08828125 0.03125 0.03671875
0 0.171875 0.13984375 0.04765625 0.04375
0 0.1625 0.109375 0.0484375 0.03359375
0 0.16171875 0.08359375 0.02421875 0.03984375
0 0.3578125 0.196875 0.065625 0.02734375
0 0.45078125 0.240625 0.03984375 0.04609375
0 0.3140625 0.2671875 0.06875 0.0203125
0 0.57734375 0.10703125 0.0609375 0.01796875
0 0.65546875 0.15546875 0.04453125 0.03828125
0 0.56796875 0.2078125 0.02421875 0.04765625
0 0.5703125 0.2703125 0.02890625 0.04375
0 0.70703125 0.30390625 0.03671875 0.05078125
0 0.59296875 0.33359375 0.078125 0.02421875
0 0.74609375 0.28671875 0.0296875 0.053125
0 0.74765625 0.14453125 0.040625 0.0203125
0 0.75703125 0.16484375 0.028125 0.040625
0 0.7453125 0.0796875 0.04296875 0.0390625
0 0.8328125 0.08046875 0.01640625 0.0375
0 0.815625 0.15 0.0125 0.05
0 0.828125 0.12265625 0.05390625 0.015625
0 0.85234375 0.1125 0.02265625 0.03125
0 0.86953125 0.10625 0.0296875 0.046875
0 0.83046875 0.23515625 0.046875 0.03046875
0 0.803125 0.209375 0.0265625 0.04453125
0 0.8421875 0.2046875 0.0203125 0.0359375
0 0.84453125 0.171875 0.0171875 0.03671875
0 0.85859375 0.178125 0.01796875 0.040625
0 0.53359375 0.41015625 0.0265625 0.04765625
0 0.36171875 0.4046875 0.03359375 0.0390625
0 0.2859375 0.46328125 0.06015625 0.021875
0 0.203125 0.4390625 0.0375 0.046875
0 0.55 0.478125 0.05625 0.0140625
0 0.64765625 0.5015625 0.0546875 0.02421875
0 0.78984375 0.4375 0.028125 0.04609375
0 0.82265625 0.43046875 0.01640625 0.03828125
0 0.8625 0.5046875 0.0296875 0.04921875
0 0.78984375 0.4875 0.05703125 0.01953125
0 0.52421875 0.5203125 0.0640625 0.02421875
0 0.55546875 0.5546875 0.0296875 0.03671875
0 0.59765625 0.53203125 0.02734375 0.0265625
0 0.5015625 0.58515625 0.04140625 0.04921875
0 0.2609375 0.55234375 0.03515625 0.04921875
0 0.15859375 0.56796875 0.03359375 0.04765625
0 0.3125 0.6171875 0.025 0.04296875
0 0.2828125 0.64296875 0.05546875 0.0265625
0 0.15859375 0.66484375 0.03125 0.0484375
0 0.43203125 0.65546875 0.0296875 0.05703125
0 0.4703125 0.61875 0.0578125 0.02421875
0 0.396875 0.6953125 0.04609375 0.03515625
0 0.525 0.6390625 0.0484375 0.02109375
0 0.58359375 0.6296875 0.03359375 0.053125
0 0.63125 0.6640625 0.03203125 0.03984375
0 0.69296875 0.56171875 0.02421875 0.0609375
0 0.715625 0.61953125 0.04296875 0.03203125
0 0.7765625 0.5984375 0.028125 0.05
0 0.8375 0.58125 0.02265625 0.05390625
0 0.12890625 0.8171875 0.02578125 0.03984375
0 0.1484375 0.78359375 0.02421875 0.0421875
0 0.21171875 0.80546875 0.034375 0.03984375
0 0.20859375 0.83359375 0.02578125 0.01953125
0 0.290625 0.84140625 0.065625 0.02578125
0 0.28828125 0.79453125 0.0359375 0.04140625
0 0.3296875 0.78828125 0.0484375 0.02578125
0 0.36015625 0.7640625 0.0375 0.0375
0 0.43359375 0.74140625 0.0578125 0.03515625
0 0.5109375 0.746875 0.0484375 0.028125
0 0.55625 0.71328125 0.05 0.03046875
0 0.6171875 0.7375 0.03046875 0.04140625
0 0.709375 0.678125 0.05703125 0.02421875
0 0.57265625 0.765625 0.04375 0.03828125
0 0.6203125 0.79765625 0.06328125 0.0171875
0 0.746875 0.71015625 0.0203125 0.053125
0 0.80390625 0.69609375 0.03046875 0.0421875
0 0.775 0.75390625 0.0203125 0.0484375
0 0.8203125 0.72890625 0.0265625 0.0390625
0 0.77734375 0.80703125 0.03984375 0.03203125
0 0.86328125 0.7875 0.04765625 0.02265625
0 0.8453125 0.76640625 0.03125 0.0234375
0 0.78359375 0.85078125 0.02265625 0.04765625
0 0.82734375 0.83046875 0.0296875 0.046875
0 0.8078125 0.8921875 0.040625 0.0296875
0 0.82578125 0.9234375 0.04296875 0.02734375
0 0.684375 0.85546875 0.0296875 0.01640625
0 0.6359375 0.90625 0.06796875 0.01953125
0 0.6375 0.88125 0.0453125 0.021875
0 0.64453125 0.8578125 0.03984375 0.0234375
0 0.4875 0.90390625 0.0296875 0.05078125
0 0.490625 0.8359375 0.0515625 0.03359375
0 0.4140625 0.83984375 0.040625 0.03125
0 0.34609375 0.90546875 0.06796875 0.02109375
0 0.28046875 0.88515625 0.05234375 0.01953125
0 0.20546875 0.89140625 0.0546875 0.01328125
0 0.1796875 0.865625 0.06015625 0.0171875
0 0.13203125 0.9265625 0.0203125 0.0359375
0 0.14765625 0.90078125 0.040625 0.01328125
0 0.16875 0.92578125 0.0484375 0.021875