0 0.22265625 0.0796875 0.06796875 0.0375
0 0.2515625 0.13671875 0.065625 0.02578125
0 0.178125 0.17578125 0.03984375 0.0515625
0 0.2453125 0.16796875 0.06953125 0.01796875
0 0.425 0.14296875 0.08125 0.01953125
0 0.50703125 0.0921875 0.07421875 0.01953125
0 0.5140625 0.171875 0.059375 0.01796875
0 0.65703125 0.13671875 0.03984375 0.0359375
0 0.63046875 0.18359375 0.05625 0.03125
0 0.6734375 0.2125 0.03515625 0.04453125
0 0.78515625 0.07421875 0.05859375 0.02890625
0 0.8390625 0.078125 0.04375 0.03984375
0 0.82578125 0.15703125 0.05078125 0.04765625
0 0.76953125 0.24140625 0.0484375 0.03671875
0 0.85078125 0.22890625 0.0375 0.040625
0 0.5578125 0.25859375 0.03125 0.0328125
0 0.40078125 0.21171875 0.0578125 0.02578125
0 0.4203125 0.19609375 0.05390625 0.01953125
0 0.31484375 0.19453125 0.05859375 0.034375
0 0.309375 0.26484375 0.0796875 0.02734375
0 0.41484375 0.25546875 0.07578125 0.01953125
0 0.47109375 0.25078125 0.05078125 0.021875
0 0.2296875 0.28984375 0.04296875 0.01640625
0 0.19140625 0.30703125 0.0328125 0.03828125
0 0.69765625 0.296875 0.0609375 0.0359375
0 0.83125 0.2984375 0.028125 0.04609375
0 0.7890625 0.3578125 0.0203125 0.05859375
0 0.81640625 0.3578125 0.02734375 0.03984375
0 0.73515625 0.39609375 0.01796875 0.04296875
0 0.74375 0.42109375 0.01640625 0.0171875
0 0.8421875 0.4015625 0.01640625 0.04453125
0 0.60625 0.35859375 0.0234375 0.03828125
0 0.53828125 0.3375 0.03828125 0.03203125
0 0.5578125 0.38984375 0.0375 0.034375
0 0.45546875 0.36484375 0.059375 0.01875
0 0.36015625 0.36015625 0.04921875 0.0359375
0 0.30234375 0.35859375 0.0515625 0.02734375
0 0.1578125 0.38203125 0.046875 0.0390625
0 0.296875 0.42421875 0.0578125 0.0265625
0 0.340625 0.41328125 0.02734375 0.03984375
0 0.41796875 0.41328125 0.06484375 0.015625
0 0.61953125 0.39375 0.04296875 0.03671875
0 0.6109375 0.434375 0.021875 0.03515625
0 0.68515625 0.43671875 0.05390625 0.03046875
0 0.815625 0.4578125 0.0265625 0.04765625
0 0.83984375 0.4734375 0.01953125 0.04765625
0 0.73359375 0.49140625 0.02578125 0.05625
0 0.78828125 0.51953125 0.0328125 0.0421875
0 0.45703125 0.4671875 0.05703125 0.03359375
0 0.440625 0.490625 0.05546875 0.02109375
0 0.36015625 0.5171875 0.0390625 0.0359375
0 0.30546875 0.509375 0.02109375 0.05
0 0.390625 0.5390625 0.04609375 0.0234375
0 0.44609375 0.5671875 0.05390625 0.01875
0 0.4546875 0.59765625 0.059375 0.02109375
0 0.55859375 0.53984375 0.02421875 0.05
0 0.73671875 0.56796875 0.04375 0.03984375
0 0.7453125 0.6140625 0.03359375 0.0484375
0 0.6796875 0.62890625 0.07578125 0.01796875
0 0.6 0.61484375 0.02890625 0.04609375
0 0.54765625 0.60859375 0.0265625 0.040625
0 0.3 0.60390625 0.03203125 0.06015625
0 0.2078125 0.56015625 0.03671875 0.05234375
0 0.1734375 0.6046875 0.05234375 0.034375
0 0.13828125 0.60078125 0.025 0.05234375
0 0.23984375 0.64375 0.034375 0.0546875
0 0.175 0.653125 0.0421875 0.040625
0 0.38359375 0.65 0.0453125 0.0296875
0 0.4359375 0.65390625 0.0625 0.03125
0 0.61171875 0.67890625 0.0453125 0.03359375
0 0.59375 0.71875 0.0375 0.0453125
0 0.42578125 0.6921875 0.03828125 0.03671875
0 0.39296875 0.7296875 0.028125 0.025
0 0.38984375 0.71328125 0.02109375 0.01796875
0 0.33359375 0.72421875 0.0390625 0.04296875
0 0.275 0.75078125 0.0296875 0.03984375
0 0.240625 0.7046875 0.03515625 0.0515625
0 0.32421875 0.7828125 0.0390625 0.040625
0 0.3484375 0.8046875 0.05703125 0.028125
0 0.4125 0.84609375 0.07265625 0.0390625
0 0.18515625 0.8375 0.03046875 0.0515625
0 0.175 0.87421875 0.0421875 0.04375
0 0.5421875 0.82578125 0.059375 0.03203125
0 0.5828125 0.784375 0.05234375 0.0328125
0 0.628125 0.8015625 0.05078125 0.0234375
0 0.55625 0.88125 0.0453125 0.01953125
0 0.5015625 0.87890625 0.05625 0.028125
0 0.59375 0.89296875 0.04765625 0.02265625
0 0.63984375 0.890625 0.04765625 0.034375
0 0.63828125 0.92578125 0.0625 0.0234375
0 0.73125 0.89296875 0.07265625 0.02578125
0 0.68984375 0.853125 0.05078125 0.03046875
0 0.74140625 0.84765625 0.02578125 0.040625
0 0.76640625 0.81796875 0.02890625 0.0296875
0 0.76328125 0.7328125 0.03125 0.0421875
0 0.78359375 0.7609375 0.03359375 0.02734375
0 0.7875 0.790625 0.02421875 0.0328125
0 0.81015625 0.82578125 0.021875 0.03671875
0 0.78515625 0.871875 0.03125 0.0390625
0 0.834375 0.86171875 0.01953125 0.04453125