0 0.1578125 0.12421875 0.034375 0.0421875
0 0.11953125 0.14921875 0.0375 0.028125
0 0.1203125 0.1328125 0.028125 0.015625
0 0.11953125 0.11171875 0.0453125 0.0203125
0 0.08515625 0.1421875 0.0234375 0.0375
0 0.26484375 0.12578125 0.0796875 0.028125
0 0.3171875 0.09765625 0.0734375 0.021875
0 0.33828125 0.12734375 0.0546875 0.03125
0 0.5203125 0.12421875 0.0625 0.0359375
0 0.63203125 0.096875 0.05 0.040625
0 0.69765625 0.10234375 0.05625 0.03125
0 0.64375 0.1375 0.06875 0.03125
0 0.728125 0.065625 0.0640625 0.0265625
0 0.753125 0.09296875 0.0703125 0.0171875
0 0.80703125 0.08359375 0.0484375 0.0421875
0 0.815625 0.15625 0.028125 0.0421875
0 0.73359375 0.165625 0.0703125 0.025
0 0.77109375 0.2015625 0.03125 0.015625
0 0.82578125 0.19921875 0.03125 0.040625
0 0.75703125 0.190625 0.03125 0.025
0 0.62734375 0.2328125 0.065625 0.0375
0 0.53828125 0.2609375 0.0375 0.0546875
0 0.49140625 0.31484375 0.0640625 0.025
0 0.3578125 0.20390625 0.065625 0.0203125
0 0.340625 0.2265625 0.0375 0.0375
0 0.3140625 0.18203125 0.021875 0.0296875
0 0.2984375 0.215625 0.0296875 0.0296875
0 0.14140625 0.23515625 0.015625 0.0453125
0 0.10234375 0.225 0.0234375 0.040625
0 0.121875 0.22109375 0.025 0.046875
0 0.1125 0.271875 0.0296875 0.046875
0 0.1453125 0.3046875 0.0234375 0.0328125
0 0.1578125 0.33046875 0.03125 0.0328125
0 0.1703125 0.3140625 0.0234375 0.0328125
0 0.14921875 0.3609375 0.0453125 0.0359375
0 0.3375 0.30546875 0.0703125 0.0328125
0 0.409375 0.315625 0.034375 0.053125
0 0.7125 0.3234375 0.059375 0.03125
0 0.60703125 0.36015625 0.0203125 0.040625
0 0.6171875 0.3953125 0.0234375 0.0421875
0 0.45390625 0.4125 0.046875 0.0515625
0 0.4234375 0.44921875 0.05 0.03125
0 0.2890625 0.425 0.06875 0.0359375
0 0.13359375 0.43203125 0.0203125 0.046875
0 0.1609375 0.415625 0.028125 0.046875
0 0.703125 0.4703125 0.034375 0.0296875
0 0.5671875 0.50546875 0.0625 0.040625
0 0.37109375 0.53359375 0.040625 0.046875
0 0.32109375 0.55390625 0.0515625 0.0328125
0 0.365625 0.57265625 0.06875 0.0296875
0 0.34375 0.6515625 0.0578125 0.034375
0 0.58046875 0.59609375 0.0234375 0.0453125
0 0.64375 0.56171875 0.059375 0.0328125
0 0.65078125 0.596875 0.040625 0.0375
0 0.8 0.53125 0.025 0.0484375
0 0.86484375 0.540625 0.0390625 0.059375
0 0.7609375 0.6046875 0.059375 0.0234375
0 0.84765625 0.6375 0.0359375 0.0484375
0 0.76015625 0.66171875 0.040625 0.0546875
0 0.54296875 0.67109375 0.0453125 0.0375
0 0.19453125 0.734375 0.0328125 0.053125
0 0.21015625 0.78515625 0.034375 0.04375
0 0.37734375 0.74296875 0.0484375 0.04375
0 0.28671875 0.825 0.0484375 0.046875
0 0.4 0.81953125 0.0375 0.0453125
0 0.621875 0.746875 0.05 0.0390625
0 0.74140625 0.7171875 0.0421875 0.0546875
0 0.7828125 0.70390625 0.0328125 0.0359375
0 0.7328125 0.7625 0.071875 0.034375
0 0.1671875 0.87734375 0.0671875 0.034375
0 0.23203125 0.8796875 0.0390625 0.0390625
0 0.171875 0.96640625 0.0296875 0.034375
0 0.19375 0.9421875 0.0234375 0.0421875
0 0.2234375 0.92578125 0.028125 0.05
0 0.296875 0.9546875 0.0578125 0.028125
0 0.296875 0.925 0.053125 0.0203125
0 0.31328125 0.89140625 0.021875 0.046875
0 0.3578125 0.91796875 0.0484375 0.0421875
0 0.34375 0.95859375 0.0375 0.015625
0 0.42890625 0.93046875 0.0640625 0.021875
0 0.434375 0.884375 0.046875 0.053125
0 0.52421875 0.91171875 0.0640625 0.021875
0 0.52265625 0.89296875 0.0625 0.0171875
0 0.51171875 0.93515625 0.0578125 0.0234375
0 0.7484375 0.8375 0.0265625 0.046875
0 0.79140625 0.80703125 0.034375 0.04375
0 0.8171875 0.74609375 0.028125 0.0546875
0 0.86875 0.73828125 0.040625 0.04375
0 0.8546875 0.79453125 0.03125 0.0421875
0 0.8765625 0.8125 0.0421875 0.0390625
0 0.80234375 0.85859375 0.0484375 0.0234375
0 0.7484375 0.89375 0.0671875 0.0234375
0 0.87421875 0.87421875 0.0765625 0.025
0 0.9 0.9140625 0.0375 0.0234375
0 0.84375 0.909375 0.0546875 0.03125
0 0.7734375 0.92109375 0.05625 0.0234375