0 0.1359375 0.1796875 0.078125 0.05625
0 0.17734375 0.265625 0.071875 0.0453125
0 0.34453125 0.234375 0.03125 0.0484375
0 0.31875 0.21953125 0.04375 0.01875
0 0.45390625 0.14453125 0.0609375 0.0421875
0 0.45 0.09375 0.034375 0.040625
0 0.4734375 0.07734375 0.0390625 0.0390625
0 0.58984375 0.08828125 0.0421875 0.046875
0 0.68359375 0.1 0.034375 0.0375
0 0.70390625 0.06953125 0.0265625 0.0375
0 0.7328125 0.06015625 0.0390625 0.025
0 0.63203125 0.1265625 0.075 0.028125
0 0.6671875 0.14140625 0.0234375 0.03125
0 0.6890625 0.18046875 0.021875 0.0375
0 0.809375 0.10078125 0.0515625 0.0375
0 0.84921875 0.23671875 0.03125 0.0421875
0 0.46015625 0.28203125 0.0609375 0.021875
0 0.42734375 0.2515625 0.0359375 0.0484375
0 0.4921875 0.325 0.03125 0.0375
0 0.60625 0.37265625 0.0265625 0.046875
0 0.8015625 0.3703125 0.0234375 0.0421875
0 0.52578125 0.4078125 0.034375 0.046875
0 0.38125 0.4328125 0.046875 0.0515625
0 0.1203125 0.48828125 0.0375 0.040625
0 0.13125 0.46015625 0.040625 0.0234375
0 0.13046875 0.4421875 0.0546875 0.0171875
0 0.1421875 0.421875 0.03125 0.034375
0 0.190625 0.4765625 0.0703125 0.0421875
0 0.21328125 0.59453125 0.0453125 0.0421875
0 0.25078125 0.5609375 0.0359375 0.04375
0 0.275 0.52109375 0.028125 0.04375
0 0.365625 0.509375 0.034375 0.0484375
0 0.15859375 0.5828125 0.0328125 0.05625
0 0.17109375 0.53359375 0.0609375 0.03125
0 0.440625 0.48046875 0.0390625 0.0484375
0 0.5078125 0.51015625 0.028125 0.0546875
0 0.55 0.4765625 0.053125 0.01875
0 0.61640625 0.50703125 0.0671875 0.040625
0 0.746875 0.5046875 0.05 0.0265625
0 0.8078125 0.4953125 0.0390625 0.0375
0 0.86875 0.48828125 0.03125 0.05
0 0.85234375 0.5484375 0.0265625 0.0484375
0 0.57890625 0.55859375 0.05 0.028125
0 0.51875 0.56484375 0.03125 0.0453125
0 0.41328125 0.59296875 0.03125 0.04375
0 0.44765625 0.5625 0.0328125 0.04375
0 0.30546875 0.63125 0.040625 0.0375
0 0.196875 0.7078125 0.0515625 0.053125
0 0.21796875 0.6671875 0.0375 0.0421875
0 0.26171875 0.66328125 0.0609375 0.034375
0 0.175 0.81328125 0.0234375 0.053125
0 0.15546875 0.79921875 0.0296875 0.05
0 0.2671875 0.81484375 0.0375 0.0359375
0 0.296875 0.78515625 0.0671875 0.0234375
0 0.3578125 0.7546875 0.0390625 0.04375
0 0.32421875 0.709375 0.0609375 0.0296875
0 0.378125 0.68125 0.071875 0.025
0 0.425 0.7453125 0.0640625 0.0296875
0 0.3765625 0.7921875 0.0578125 0.0234375
0 0.5265625 0.7359375 0.040625 0.0390625
0 0.58046875 0.6671875 0.065625 0.0234375
0 0.5484375 0.6109375 0.0734375 0.025
0 0.6703125 0.60234375 0.0375 0.0453125
0 0.74140625 0.61171875 0.0421875 0.040625
0 0.6703125 0.65703125 0.046875 0.028125
0 0.7015625 0.63671875 0.0609375 0.0265625
0 0.765625 0.64296875 0.05 0.0171875
0 0.81953125 0.615625 0.0265625 0.0234375
0 0.81875 0.58828125 0.0375 0.0265625
0 0.8515625 0.628125 0.0265625 0.0453125
0 0.81640625 0.6734375 0.025 0.0421875
0 0.834375 0.6703125 0.0265625 0.040625
0 0.646875 0.703125 0.0578125 0.0234375
0 0.846875 0.7078125 0.05625 0.0359375
0 0.55625 0.77421875 0.0515625 0.034375
0 0.6296875 0.8171875 0.0515625 0.01875
0 0.66875 0.8328125 0.04375 0.034375
0 0.65703125 0.79765625 0.0625 0.028125
0 0.6359375 0.7703125 0.059375 0.0265625
0 0.859375 0.7640625 0.0453125 0.0546875
0 0.88125 0.79921875 0.03125 0.034375
0 0.703125 0.86015625 0.0671875 0.025
0 0.7125 0.82734375 0.0578125 0.0234375
0 0.3484375 0.859375 0.0640625 0.025
0 0.3796875 0.84375 0.0453125 0.0234375
0 0.19296875 0.90234375 0.0375 0.0453125
0 0.24140625 0.8765625 0.0359375 0.0390625
0 0.33671875 0.90078125 0.0625 0.028125
0 0.43203125 0.86953125 0.0625 0.0375
0 0.48828125 0.8703125 0.0296875 0.05
0 0.56171875 0.89609375 0.0421875 0.0328125
0 0.56328125 0.87109375 0.0625 0.0234375
0 0.62421875 0.90078125 0.0625 0.0203125
0 0.62421875 0.8796875 0.0609375 0.028125
0 0.7734375 0.8765625 0.059375 0.0328125
0 0.821875 0.8796875 0.034375 0.01875
0 0.8515625 0.8734375 0.0375 0.01875
0 0.4640625 0.9234375 0.059375 0.034375
0 0.39765625 0.93515625 0.0390625 0.028125
0 0.3578125 0.928125 0.0578125 0.021875