0 0.25234375 0.08203125 0.08125 0.0625
0 0.265625 0.178125 0.075 0.0515625
0 0.434375 0.19921875 0.0359375 0.05
0 0.4140625 0.17734375 0.0453125 0.0234375
0 0.56640625 0.14765625 0.0640625 0.046875
0 0.578125 0.0984375 0.0375 0.04375
0 0.60546875 0.08984375 0.0421875 0.0421875
0 0.7125 0.1359375 0.0453125 0.05
0 0.7984375 0.17578125 0.0375 0.040625
0 0.8265625 0.153125 0.0296875 0.040625
0 0.85703125 0.153125 0.040625 0.0296875
0 0.740625 0.18515625 0.0765625 0.0359375
0 0.7703125 0.2109375 0.0265625 0.0328125
0 0.778125 0.25390625 0.0265625 0.0390625
0 0.9171875 0.215625 0.053125 0.0421875
0 0.91328125 0.3578125 0.034375 0.04375
0 0.52890625 0.28046875 0.0625 0.028125
0 0.5078125 0.24140625 0.040625 0.0515625
0 0.54609375 0.33125 0.034375 0.040625
0 0.63984375 0.41171875 0.03125 0.0484375
0 0.8265625 0.46953125 0.0265625 0.04375
0 0.553125 0.4203125 0.0390625 0.0484375
0 0.4078125 0.4 0.0515625 0.0546875
0 0.1421875 0.37109375 0.040625 0.04375
0 0.16171875 0.3484375 0.0421875 0.0265625
0 0.16640625 0.33046875 0.0546875 0.0234375
0 0.18359375 0.315625 0.034375 0.0359375
0 0.2125 0.38203125 0.0734375 0.0484375
0 0.19765625 0.5015625 0.0484375 0.0453125
0 0.24453125 0.48046875 0.0390625 0.0453125
0 0.2796875 0.45078125 0.0328125 0.046875
0 0.36953125 0.4671875 0.0390625 0.0515625
0 0.14921875 0.4734375 0.0375 0.0578125
0 0.1765625 0.43046875 0.0625 0.0375
0 0.44921875 0.46328125 0.04375 0.0515625
0 0.5046875 0.5125 0.0328125 0.05625
0 0.5546875 0.49296875 0.053125 0.0234375
0 0.60859375 0.5421875 0.0703125 0.046875
0 0.73359375 0.58046875 0.0515625 0.03125
0 0.79375 0.590625 0.0421875 0.040625
0 0.8546875 0.60234375 0.034375 0.0515625
0 0.8203125 0.65546875 0.03125 0.05
0 0.55703125 0.5796875 0.0515625 0.0328125
0 0.49765625 0.5671875 0.034375 0.046875
0 0.38828125 0.56171875 0.034375 0.0453125
0 0.43046875 0.54375 0.0375 0.046875
0 0.27421875 0.56484375 0.04375 0.0421875
0 0.146875 0.60390625 0.0546875 0.05625
0 0.18046875 0.571875 0.040625 0.04375
0 0.2234375 0.58203125 0.0625 0.0390625
0 0.09375 0.696875 0.028125 0.053125
0 0.0796875 0.678125 0.034375 0.0515625
0 0.18046875 0.72734375 0.040625 0.0390625
0 0.21875 0.70859375 0.0671875 0.0296875
0 0.2859375 0.6984375 0.0421875 0.046875
0 0.26796875 0.64453125 0.0625 0.0359375
0 0.328125 0.634375 0.071875 0.03125
0 0.353125 0.71015625 0.065625 0.034375
0 0.2921875 0.7390625 0.0578125 0.0296875
0 0.45234375 0.7328125 0.04375 0.0421875
0 0.525 0.684375 0.065625 0.0296875
0 0.51171875 0.62109375 0.075 0.03125
0 0.63046875 0.65 0.040625 0.046875
0 0.69453125 0.68046875 0.0453125 0.04375
0 0.61328125 0.70234375 0.0484375 0.0328125
0 0.64921875 0.6921875 0.0609375 0.0328125
0 0.70859375 0.71875 0.05 0.021875
0 0.76796875 0.70859375 0.028125 0.025
0 0.77578125 0.6828125 0.0390625 0.0296875
0 0.79453125 0.73046875 0.03125 0.046875
0 0.74765625 0.7625 0.0296875 0.04375
0 0.765625 0.765625 0.0296875 0.0421875
0 0.57734375 0.73828125 0.059375 0.028125
0 0.765625 0.8046875 0.059375 0.0421875
0 0.46875 0.778125 0.0546875 0.0390625
0 0.52578125 0.84140625 0.0515625 0.0234375
0 0.5578125 0.86875 0.046875 0.0390625
0 0.55703125 0.83203125 0.0640625 0.034375
0 0.54609375 0.79921875 0.0609375 0.0328125
0 0.76015625 0.86171875 0.05 0.0578125
0 0.76953125 0.90234375 0.034375 0.0359375
0 0.58125 0.90546875 0.06875 0.03125
0 0.6015625 0.8765625 0.059375 0.0296875
0 0.24453125 0.79453125 0.0640625 0.03125
0 0.2796875 0.78984375 0.0453125 0.0265625
0 0.08359375 0.7875 0.040625 0.046875
0 0.1375 0.778125 0.0390625 0.040625
0 0.22109375 0.83046875 0.0640625 0.034375
0 0.32109375 0.83046875 0.0640625 0.04375
0 0.375 0.8484375 0.034375 0.053125
0 0.43671875 0.89609375 0.0453125 0.0359375
0 0.4453125 0.87265625 0.0640625 0.0296875
0 0.49375 0.91953125 0.0640625 0.0265625
0 0.50078125 0.89921875 0.0625 0.034375
0 0.64375 0.94296875 0.0609375 0.0375
0 0.6890625 0.96015625 0.0359375 0.021875
0 0.71953125 0.96328125 0.0390625 0.021875
0 0.33515625 0.89140625 0.0609375 0.0390625
0 0.26875 0.88203125 0.040625 0.03125
0 0.2328125 0.86328125 0.059375 0.028125