0 0.5421875 0.89453125 0.0765625 0.03125
0 0.50859375 0.81328125 0.065625 0.053125
0 0.3796875 0.8140625 0.0546875 0.059375
0 0.553125 0.77890625 0.0375 0.0625
0 0.55078125 0.71875 0.046875 0.0609375
0 0.66015625 0.7171875 0.0453125 0.0578125
0 0.63203125 0.76484375 0.084375 0.040625
0 0.72890625 0.778125 0.0515625 0.05625
0 0.8125 0.796875 0.0734375 0.034375
0 0.72734375 0.82265625 0.0734375 0.03125
0 0.5984375 0.80546875 0.0265625 0.01875
0 0.59375 0.83359375 0.028125 0.0203125
0 0.8140625 0.70546875 0.034375 0.034375
0 0.85703125 0.68515625 0.065625 0.0203125
0 0.88046875 0.7078125 0.025 0.0375
0 0.8875 0.75390625 0.025 0.0328125
0 0.89453125 0.82109375 0.0375 0.05
0 0.8265625 0.8421875 0.025 0.0234375
0 0.8859375 0.865625 0.0578125 0.0390625
0 0.83046875 0.86015625 0.034375 0.0234375
0 0.75703125 0.8796875 0.03125 0.0234375
0 0.69453125 0.8765625 0.0296875 0.0359375
0 0.73046875 0.8625 0.0453125 0.025
0 0.6859375 0.8453125 0.059375 0.021875
0 0.221875 0.77421875 0.03125 0.0515625
0 0.22890625 0.72421875 0.0359375 0.053125
0 0.30703125 0.69140625 0.0453125 0.05625
0 0.35 0.71640625 0.040625 0.0609375
0 0.25078125 0.6328125 0.0390625 0.05
0 0.30390625 0.5625 0.040625 0.059375
0 0.421875 0.59765625 0.040625 0.046875
0 0.46796875 0.565625 0.0734375 0.0359375
0 0.49375 0.6546875 0.040625 0.05625
0 0.39140625 0.6296875 0.0234375 0.0265625
0 0.59453125 0.6109375 0.0765625 0.028125
0 0.63515625 0.65078125 0.0703125 0.03125
0 0.74765625 0.59453125 0.0578125 0.05625
0 0.640625 0.57265625 0.0453125 0.05
0 0.79453125 0.53828125 0.0796875 0.03125
0 0.6734375 0.53046875 0.0390625 0.0546875
0 0.51953125 0.509375 0.040625 0.0546875
0 0.6328125 0.49453125 0.0734375 0.0375
0 0.8265625 0.46796875 0.0390625 0.0421875
0 0.81171875 0.425 0.05 0.0484375
0 0.7453125 0.41640625 0.065625 0.03125
0 0.67890625 0.4234375 0.040625 0.06875
0 0.60859375 0.41953125 0.0828125 0.040625
0 0.75546875 0.38046875 0.0390625 0.0328125
0 0.80703125 0.38203125 0.0484375 0.0375
0 0.69375 0.32734375 0.0609375 0.05
0 0.56171875 0.33203125 0.0734375 0.0328125
0 0.4890625 0.31953125 0.0375 0.059375
0 0.41796875 0.321875 0.065625 0.0390625
0 0.609375 0.30234375 0.0328125 0.0359375
0 0.8078125 0.25390625 0.0375 0.0546875
0 0.63203125 0.2609375 0.0421875 0.05625
0 0.71015625 0.18671875 0.0328125 0.053125
0 0.66171875 0.18359375 0.034375 0.0609375
0 0.58203125 0.178125 0.075 0.0390625
0 0.7609375 0.1890625 0.0578125 0.05
0 0.74296875 0.13203125 0.059375 0.05625
0 0.79765625 0.0984375 0.0640625 0.0390625
0 0.828125 0.053125 0.0296875 0.0296875
0 0.80546875 0.04140625 0.0328125 0.025
0 0.78046875 0.06328125 0.0296875 0.0296875
0 0.74921875 0.04140625 0.028125 0.0578125
0 0.7046875 0.06875 0.0578125 0.0390625
0 0.6546875 0.03359375 0.0859375 0.034375
0 0.5515625 0.0546875 0.08125 0.034375
0 0.590625 0.090625 0.03125 0.0328125
0 0.56328125 0.0953125 0.0328125 0.0328125
0 0.63515625 0.08984375 0.0546875 0.034375
0 0.59921875 0.1265625 0.078125 0.0359375
0 0.5078125 0.1046875 0.046875 0.0296875
0 0.45234375 0.109375 0.0671875 0.0328125
0 0.41171875 0.15859375 0.05 0.0515625
0 0.4640625 0.13515625 0.0703125 0.0265625
0 0.43984375 0.090625 0.046875 0.0265625
0 0.40703125 0.08515625 0.04375 0.025
0 0.34140625 0.14296875 0.065625 0.0484375
0 0.29609375 0.165625 0.034375 0.0546875
0 0.359375 0.21640625 0.0671875 0.025
0 0.428125 0.240625 0.034375 0.0578125
0 0.475 0.21640625 0.075 0.0265625
0 0.49296875 0.25546875 0.0734375 0.034375
0 0.28203125 0.2734375 0.0453125 0.05625
0 0.31328125 0.3390625 0.046875 0.0609375
0 0.153125 0.11484375 0.04375 0.021875
0 0.12265625 0.1046875 0.034375 0.028125
0 0.353125 0.43515625 0.0421875 0.0578125
0 0.26328125 0.503125 0.0484375 0.0578125
0 0.425 0.42265625 0.0421875 0.053125
0 0.50703125 0.42109375 0.0578125 0.0546875
0 0.475 0.4671875 0.0484375 0.0421875