0 0.48125 0.2421875 0.05625 0.0515625
0 0.54921875 0.2265625 0.0453125 0.0484375
0 0.61328125 0.1671875 0.059375 0.04375
0 0.6140625 0.259375 0.0390625 0.053125
0 0.55078125 0.29765625 0.0671875 0.0265625
0 0.54921875 0.275 0.071875 0.0296875
0 0.671875 0.253125 0.0296875 0.01875
0 0.696875 0.21875 0.0421875 0.0421875
0 0.72734375 0.309375 0.0640625 0.03125
0 0.67109375 0.3203125 0.0546875 0.028125
0 0.75234375 0.35390625 0.046875 0.05
0 0.20546875 0.29921875 0.03125 0.0515625
0 0.21328125 0.26328125 0.028125 0.0296875
0 0.23359375 0.2359375 0.03125 0.0265625
0 0.1703125 0.253125 0.0296875 0.053125
0 0.2625 0.290625 0.04375 0.059375
0 0.14453125 0.30859375 0.0796875 0.0453125
0 0.09921875 0.2625 0.05 0.0625
0 0.315625 0.34296875 0.0828125 0.0359375
0 0.4375 0.3515625 0.04375 0.05625
0 0.5 0.375 0.03125 0.05
0 0.5234375 0.38515625 0.03125 0.05
0 0.56328125 0.36640625 0.04375 0.04375
0 0.66875 0.37890625 0.05 0.05625
0 0.7828125 0.3921875 0.04375 0.0328125
0 0.78828125 0.4265625 0.0421875 0.0359375
0 0.775 0.48359375 0.0546875 0.0484375
0 0.70625 0.43125 0.0375 0.053125
0 0.58203125 0.42265625 0.0484375 0.059375
0 0.5140625 0.43125 0.0578125 0.046875
0 0.4109375 0.41015625 0.0359375 0.0515625
0 0.34140625 0.415625 0.0203125 0.028125
0 0.36875 0.4015625 0.0390625 0.0296875
0 0.35 0.44375 0.0484375 0.034375
0 0.2578125 0.42734375 0.046875 0.0640625
0 0.14609375 0.41171875 0.0484375 0.053125
0 0.1984375 0.475 0.034375 0.0546875
0 0.18671875 0.53984375 0.0375 0.0328125
0 0.1921875 0.5140625 0.0328125 0.028125
0 0.13515625 0.4953125 0.0375 0.0515625
0 0.153125 0.5953125 0.040625 0.0578125
0 0.26953125 0.55234375 0.0578125 0.04375
0 0.31015625 0.5125 0.0421875 0.053125
0 0.353125 0.50546875 0.0453125 0.0453125
0 0.4546875 0.490625 0.028125 0.0203125
0 0.4625 0.47109375 0.028125 0.0265625
0 0.509375 0.53203125 0.05625 0.0453125
0 0.45703125 0.54140625 0.059375 0.0578125
0 0.33984375 0.55625 0.040625 0.05625
0 0.34453125 0.59765625 0.059375 0.040625
0 0.28046875 0.603125 0.0671875 0.053125
0 0.265625 0.6625 0.0328125 0.04375
0 0.2796875 0.69765625 0.028125 0.028125
0 0.31953125 0.68984375 0.0546875 0.053125
0 0.23671875 0.69140625 0.040625 0.04375
0 0.1921875 0.65703125 0.040625 0.059375
0 0.1484375 0.68203125 0.0453125 0.053125
0 0.1828125 0.721875 0.040625 0.05
0 0.1953125 0.79296875 0.03125 0.0578125
0 0.21171875 0.74921875 0.0328125 0.0296875
0 0.26171875 0.753125 0.0296875 0.046875
0 0.29453125 0.76953125 0.0359375 0.034375
0 0.31015625 0.73984375 0.0734375 0.0265625
0 0.2859375 0.80859375 0.04375 0.0375
0 0.23671875 0.8234375 0.0421875 0.034375
0 0.26171875 0.8546875 0.0265625 0.0515625
0 0.25703125 0.89921875 0.05 0.0375
0 0.29140625 0.934375 0.09375 0.040625
0 0.28125 0.97890625 0.0625 0.0421875
0 0.3546875 0.85 0.0671875 0.0375
0 0.415625 0.86796875 0.046875 0.03125
0 0.44140625 0.8890625 0.0546875 0.0265625
0 0.50859375 0.88515625 0.075 0.0328125
0 0.475 0.784375 0.084375 0.0390625
0 0.42265625 0.74453125 0.078125 0.0359375
0 0.49453125 0.7265625 0.025 0.05625
0 0.54296875 0.7109375 0.0734375 0.0359375
0 0.62734375 0.803125 0.071875 0.0328125
0 0.69453125 0.83046875 0.04375 0.046875
0 0.6390625 0.8390625 0.065625 0.0421875
0 0.5859375 0.86328125 0.0578125 0.03125
0 0.69921875 0.721875 0.0640625 0.046875
0 0.81484375 0.78828125 0.0390625 0.0609375
0 0.79609375 0.8484375 0.0921875 0.0390625
0 0.85625 0.73515625 0.0515625 0.059375
0 0.8109375 0.73203125 0.0515625 0.05
0 0.7859375 0.68671875 0.06875 0.0390625
0 0.775 0.6515625 0.0640625 0.04375
0 0.66640625 0.64453125 0.0390625 0.059375
0 0.61171875 0.67109375 0.059375 0.0359375
0 0.61171875 0.6265625 0.059375 0.053125
0 0.51484375 0.6375 0.03125 0.0421875
0 0.47890625 0.609375 0.0375 0.0390625
0 0.53515625 0.571875 0.0390625 0.05625
0 0.5953125 0.54921875 0.0765625 0.034375
0 0.65859375 0.54453125 0.046875 0.0421875
0 0.43359375 0.60546875 0.0375 0.034375
0 0.40234375 0.5671875 0.040625 0.0515625
0 0.653125 0.50234375 0.05 0.04375