0 0.83046875 0.87265625 0.0203125 0.021875
0 0.87109375 0.8703125 0.0171875 0.025
0 0.86875 0.9 0.01875 0.0234375
0 0.86640625 0.9171875 0.01875 0.0140625
0 0.809375 0.93125 0.0453125 0.0171875
0 0.746875 0.915625 0.075 0.021875
0 0.8015625 0.8125 0.040625 0.0515625
0 0.8578125 0.81015625 0.028125 0.05625
0 0.81875 0.76171875 0.0328125 0.059375
0 0.67890625 0.80625 0.05625 0.0484375
0 0.62734375 0.82265625 0.0296875 0.03125
0 0.5875 0.8078125 0.04375 0.0171875
0 0.53984375 0.7875 0.0765625 0.03125
0 0.58359375 0.91953125 0.0359375 0.03125
0 0.546875 0.9296875 0.0203125 0.01875
0 0.55625 0.89375 0.021875 0.0578125
0 0.5140625 0.9078125 0.0609375 0.0203125
0 0.43984375 0.9125 0.06875 0.040625
0 0.39140625 0.80390625 0.0625 0.0375
0 0.125 0.89921875 0.0265625 0.025
0 0.153125 0.89765625 0.0203125 0.0203125
0 0.1421875 0.81328125 0.0328125 0.0546875
0 0.37265625 0.69296875 0.0328125 0.05625
0 0.475 0.68515625 0.040625 0.053125
0 0.5234375 0.7015625 0.03125 0.0515625
0 0.62578125 0.73203125 0.040625 0.0484375
0 0.66484375 0.7046875 0.0453125 0.0421875
0 0.73515625 0.72734375 0.03125 0.0515625
0 0.68671875 0.6578125 0.03125 0.04375
0 0.703125 0.6171875 0.0796875 0.0328125
0 0.82421875 0.6546875 0.0359375 0.0484375
0 0.85546875 0.65390625 0.034375 0.0515625
0 0.834375 0.70859375 0.028125 0.0515625
0 0.86015625 0.72265625 0.03125 0.05625
0 0.5625 0.62734375 0.04375 0.0421875
0 0.56875 0.5890625 0.0625 0.040625
0 0.490625 0.5859375 0.0578125 0.0421875
0 0.7046875 0.546875 0.0453125 0.05
0 0.83515625 0.5796875 0.03125 0.034375
0 0.840625 0.53984375 0.03125 0.0484375
0 0.80625 0.4875 0.0375 0.0578125
0 0.56953125 0.4578125 0.075 0.0328125
0 0.38984375 0.48125 0.059375 0.0296875
0 0.7671875 0.3984375 0.0640625 0.0203125
0 0.83515625 0.40234375 0.034375 0.021875
0 0.82109375 0.365625 0.0265625 0.0515625
0 0.7578125 0.33984375 0.0453125 0.0515625
0 0.8703125 0.33671875 0.0328125 0.05
0 0.77109375 0.30390625 0.0640625 0.025
0 0.79375 0.271875 0.0515625 0.0453125
0 0.69140625 0.3375 0.0484375 0.0546875
0 0.63125 0.3640625 0.0296875 0.0453125
0 0.85703125 0.24296875 0.025 0.0515625
0 0.88125 0.20234375 0.0234375 0.0484375
0 0.828125 0.18203125 0.046875 0.0390625
0 0.76875 0.16953125 0.08125 0.028125
0 0.684375 0.19140625 0.0375 0.059375
0 0.8234375 0.1375 0.0578125 0.01875
0 0.88203125 0.14375 0.0484375 0.025
0 0.8875 0.10390625 0.01875 0.0109375
0 0.8828125 0.09453125 0.0296875 0.0125
0 0.859375 0.0828125 0.0640625 0.0171875
0 0.81015625 0.09609375 0.0578125 0.0171875
0 0.7546875 0.10390625 0.0515625 0.0265625
0 0.74375 0.0828125 0.0375 0.0171875
0 0.56953125 0.1375 0.0625 0.0375
0 0.56953125 0.084375 0.046875 0.01875
0 0.5234375 0.06328125 0.0421875 0.0328125
0 0.440625 0.0921875 0.075 0.0265625
0 0.4015625 0.06796875 0.065625 0.03125
0 0.359375 0.09921875 0.0765625 0.0234375
0 0.3515625 0.06796875 0.040625 0.040625
0 0.309375 0.0625 0.04375 0.0265625
0 0.25859375 0.09609375 0.0703125 0.025
0 0.253125 0.07109375 0.06875 0.015625
0 0.1796875 0.1 0.05 0.0203125
0 0.2359375 0.1578125 0.0375 0.0515625
0 0.28125 0.1578125 0.0375 0.053125
0 0.171875 0.11796875 0.0234375 0.0203125
0 0.18125 0.24609375 0.0390625 0.053125
0 0.23203125 0.228125 0.0375 0.053125
0 0.35703125 0.3 0.0625 0.0484375
0 0.46328125 0.28203125 0.0515625 0.059375
0 0.44765625 0.36328125 0.0453125 0.0515625
0 0.5671875 0.1875 0.078125 0.0296875
0 0.203125 0.39765625 0.06875 0.034375
0 0.2 0.54921875 0.046875 0.053125
0 0.28671875 0.6046875 0.046875 0.059375
0 0.403125 0.61171875 0.06875 0.0375
0 0.84609375 0.9125 0.0171875 0.0203125