0 0.1796875 0.8890625 0.0296875 0.053125
0 0.23984375 0.88046875 0.071875 0.0234375
0 0.42421875 0.8609375 0.0703125 0.025
0 0.428125 0.8875 0.0703125 0.0171875
0 0.5515625 0.840625 0.05 0.0390625
0 0.63359375 0.86171875 0.0328125 0.0140625
0 0.6625 0.85078125 0.0421875 0.01875
0 0.6484375 0.88984375 0.0421875 0.01875
0 0.6734375 0.8734375 0.040625 0.0171875
0 0.69765625 0.8984375 0.040625 0.015625
0 0.74921875 0.91484375 0.071875 0.0234375
0 0.7828125 0.8875 0.03125 0.009375
0 0.8015625 0.9015625 0.0546875 0.0171875
0 0.8375 0.86328125 0.05625 0.015625
0 0.8140625 0.884375 0.028125 0.0140625
0 0.78359375 0.8453125 0.034375 0.025
0 0.80390625 0.81640625 0.0234375 0.0421875
0 0.74140625 0.8609375 0.05625 0.0328125
0 0.73515625 0.80703125 0.059375 0.01875
0 0.871875 0.78046875 0.0296875 0.0515625
0 0.828125 0.75703125 0.028125 0.040625
0 0.7453125 0.73984375 0.040625 0.040625
0 0.815625 0.72421875 0.0640625 0.01875
0 0.59140625 0.7875 0.053125 0.0375
0 0.43125 0.79921875 0.071875 0.01875
0 0.35625 0.80546875 0.0609375 0.0390625
0 0.65390625 0.6875 0.0578125 0.0296875
0 0.83125 0.68671875 0.0375 0.040625
0 0.86875 0.6421875 0.0515625 0.0171875
0 0.69609375 0.62265625 0.0453125 0.03125
0 0.7859375 0.53984375 0.0328125 0.0453125
0 0.49921875 0.7078125 0.0546875 0.0359375
0 0.40546875 0.75546875 0.0671875 0.0265625
0 0.3453125 0.7453125 0.0421875 0.04375
0 0.29375 0.75703125 0.0625 0.0265625
0 0.18515625 0.7484375 0.04375 0.03125
0 0.14609375 0.7578125 0.03125 0.04375
0 0.1453125 0.68046875 0.04375 0.053125
0 0.190625 0.62109375 0.0265625 0.0421875
0 0.315625 0.66640625 0.0609375 0.0328125
0 0.3953125 0.671875 0.046875 0.040625
0 0.36953125 0.71640625 0.065625 0.0203125
0 0.453125 0.70390625 0.04375 0.0359375
0 0.48203125 0.66796875 0.0359375 0.01875
0 0.5109375 0.66875 0.0234375 0.0265625
0 0.31953125 0.5828125 0.05 0.028125
0 0.30859375 0.6140625 0.0625 0.0171875
0 0.34609375 0.55625 0.059375 0.0265625
0 0.48046875 0.515625 0.0296875 0.0265625
0 0.515625 0.5390625 0.059375 0.021875
0 0.5828125 0.51171875 0.059375 0.0234375
0 0.6421875 0.46875 0.028125 0.0390625
0 0.675 0.446875 0.0578125 0.03125
0 0.33828125 0.5171875 0.025 0.0453125
0 0.259375 0.50390625 0.0453125 0.0578125
0 0.1203125 0.5125 0.0265625 0.04375
0 0.15625 0.51875 0.0421875 0.05
0 0.1328125 0.4765625 0.021875 0.0296875
0 0.57265625 0.415625 0.0234375 0.04375
0 0.60390625 0.4203125 0.05 0.015625
0 0.58984375 0.37265625 0.028125 0.0453125
0 0.665625 0.3734375 0.0484375 0.0265625
0 0.7015625 0.3484375 0.0359375 0.0484375
0 0.7546875 0.37421875 0.046875 0.0375
0 0.5609375 0.31484375 0.034375 0.0390625
0 0.5109375 0.32734375 0.0265625 0.0390625
0 0.50078125 0.37109375 0.0578125 0.01875
0 0.3421875 0.36171875 0.053125 0.04375
0 0.2015625 0.35703125 0.06875 0.0171875
0 0.20234375 0.378125 0.0328125 0.03125
0 0.11171875 0.38125 0.03125 0.0515625
0 0.1453125 0.39765625 0.034375 0.0328125
0 0.17890625 0.40234375 0.021875 0.0265625
0 0.15859375 0.43125 0.04375 0.034375
0 0.303125 0.29453125 0.0421875 0.04375
0 0.7203125 0.25234375 0.053125 0.034375
0 0.640625 0.24140625 0.0609375 0.03125
0 0.42890625 0.2328125 0.0421875 0.0421875
0 0.39609375 0.209375 0.0546875 0.034375
0 0.4453125 0.15703125 0.04375 0.040625
0 0.15078125 0.17578125 0.034375 0.0515625
0 0.25625 0.13125 0.0578125 0.021875
0 0.21015625 0.08046875 0.0375 0.04375
0 0.228125 0.11171875 0.0625 0.015625
0 0.51875 0.096875 0.0640625 0.0328125
0 0.55390625 0.146875 0.053125 0.03125
0 0.5953125 0.13984375 0.034375 0.05
0 0.6125 0.1875 0.0328125 0.040625
0 0.68515625 0.14765625 0.046875 0.0375
0 0.67734375 0.11015625 0.0625 0.0375
0 0.775 0.209375 0.0375 0.0453125
0 0.82578125 0.2453125 0.04375 0.0390625
0 0.803125 0.17890625 0.034375 0.053125
0 0.81015625 0.12734375 0.025 0.0390625
0 0.75 0.1125 0.0484375 0.03125
0 0.73828125 0.06640625 0.0328125 0.046875
0 0.76875 0.0796875 0.059375 0.0171875
0 0.8125 0.08359375 0.0390625 0.04375