0 0.24609375 0.83359375 0.05625 0.04375
0 0.209375 0.8078125 0.0609375 0.03125
0 0.4578125 0.86953125 0.046875 0.04375
0 0.5046875 0.83671875 0.06875 0.040625
0 0.4078125 0.7984375 0.0640625 0.0421875
0 0.26953125 0.746875 0.0390625 0.0515625
0 0.27421875 0.7890625 0.059375 0.03125
0 0.61796875 0.834375 0.05 0.0484375
0 0.76015625 0.7828125 0.04375 0.0421875
0 0.60390625 0.7390625 0.0421875 0.053125
0 0.59296875 0.771875 0.0375 0.01875
0 0.6078125 0.78828125 0.0328125 0.0453125
0 0.55390625 0.725 0.05625 0.0421875
0 0.48984375 0.73828125 0.0625 0.0515625
0 0.3828125 0.70625 0.046875 0.04375
0 0.37578125 0.74609375 0.065625 0.028125
0 0.3953125 0.72421875 0.0265625 0.034375
0 0.1453125 0.68046875 0.0421875 0.0375
0 0.17734375 0.69375 0.0421875 0.0328125
0 0.1984375 0.7328125 0.0625 0.03125
0 0.13671875 0.73828125 0.05625 0.05
0 0.23515625 0.6734375 0.0625 0.0296875
0 0.2828125 0.7 0.0671875 0.0484375
0 0.09765625 0.62109375 0.0421875 0.0421875
0 0.25 0.6171875 0.0484375 0.0515625
0 0.39296875 0.62109375 0.0671875 0.0328125
0 0.47734375 0.68359375 0.059375 0.025
0 0.53671875 0.6796875 0.0609375 0.0328125
0 0.61953125 0.6625 0.0546875 0.0359375
0 0.6515625 0.7015625 0.0453125 0.0375
0 0.75703125 0.71875 0.0375 0.0515625
0 0.56328125 0.6421875 0.0375 0.0390625
0 0.7609375 0.66796875 0.046875 0.0390625
0 0.64453125 0.609375 0.0296875 0.0515625
0 0.6984375 0.60390625 0.0375 0.0171875
0 0.72734375 0.6125 0.0609375 0.025
0 0.61640625 0.55546875 0.03125 0.05
0 0.54453125 0.57578125 0.0484375 0.05
0 0.44609375 0.590625 0.0375 0.0484375
0 0.40859375 0.5390625 0.03125 0.040625
0 0.39453125 0.47734375 0.0390625 0.0515625
0 0.24453125 0.54765625 0.0328125 0.05625
0 0.1203125 0.56640625 0.0296875 0.0421875
0 0.13671875 0.51875 0.0359375 0.0515625
0 0.203125 0.484375 0.028125 0.0484375
0 0.2265625 0.44609375 0.0296875 0.0484375
0 0.29140625 0.4671875 0.0484375 0.040625
0 0.29296875 0.5046875 0.0375 0.0390625
0 0.31484375 0.42734375 0.0484375 0.04375
0 0.16875 0.40859375 0.0484375 0.04375
0 0.18515625 0.3328125 0.0421875 0.053125
0 0.1859375 0.378125 0.03125 0.0359375
0 0.2671875 0.3234375 0.0375 0.0453125
0 0.34765625 0.3765625 0.0546875 0.0484375
0 0.51171875 0.47578125 0.05 0.03125
0 0.559375 0.4890625 0.046875 0.0390625
0 0.64296875 0.5125 0.059375 0.0296875
0 0.65546875 0.45078125 0.04375 0.04375
0 0.58984375 0.428125 0.0578125 0.0375
0 0.690625 0.3640625 0.021875 0.0484375
0 0.72265625 0.409375 0.040625 0.0484375
0 0.78359375 0.43125 0.046875 0.053125
0 0.65859375 0.35625 0.0359375 0.0265625
0 0.59375 0.36953125 0.028125 0.0421875
0 0.6234375 0.36640625 0.03125 0.028125
0 0.68671875 0.30234375 0.034375 0.0328125
0 0.7375 0.334375 0.0265625 0.05
0 0.5125 0.31015625 0.0484375 0.0328125
0 0.52734375 0.34296875 0.05 0.0484375
0 0.33671875 0.26171875 0.0375 0.05
0 0.33828125 0.30703125 0.0625 0.034375
0 0.28046875 0.25625 0.046875 0.0625
0 0.19375 0.21171875 0.0453125 0.0359375
0 0.2015625 0.23359375 0.0296875 0.0453125
0 0.22109375 0.23984375 0.0375 0.05
0 0.25234375 0.2734375 0.0453125 0.040625
0 0.384375 0.16328125 0.034375 0.0515625
0 0.45625 0.246875 0.05 0.0453125
0 0.5125 0.2671875 0.0640625 0.04375
0 0.61328125 0.26640625 0.06875 0.0421875
0 0.703125 0.2765625 0.0328125 0.0265625
0 0.63984375 0.20546875 0.0734375 0.0328125
0 0.55390625 0.1984375 0.040625 0.0453125
0 0.24296875 0.11015625 0.0359375 0.04375
0 0.28671875 0.1140625 0.0671875 0.0328125
0 0.21875 0.12421875 0.03125 0.040625
0 0.290625 0.05 0.0765625 0.0328125
0 0.23984375 0.01328125 0.046875 0.021875
0 0.4328125 0.071875 0.0703125 0.0296875
0 0.4203125 0.10703125 0.0375 0.0421875
0 0.46171875 0.121875 0.0578125 0.0359375
0 0.5328125 0.1296875 0.0296875 0.0515625
0 0.503125 0.084375 0.0453125 0.03125
0 0.4546875 0.05234375 0.046875 0.03125
0 0.81640625 0.15625 0.0453125 0.0375
0 0.86875 0.16015625 0.0671875 0.0296875
0 0.89140625 0.18203125 0.0578125 0.028125
0 0.8265625 0.2140625 0.053125 0.053125
0 0.74765625 0.1890625 0.0671875 0.0546875