0 0.91953125 0.846875 0.028125 0.0375
0 0.91484375 0.8015625 0.0328125 0.040625
0 0.878125 0.8375 0.0234375 0.0359375
0 0.88984375 0.82890625 0.025 0.0296875
0 0.76640625 0.809375 0.0375 0.0484375
0 0.88359375 0.75546875 0.028125 0.0515625
0 0.87421875 0.7140625 0.059375 0.04375
0 0.790625 0.76015625 0.0515625 0.0453125
0 0.70859375 0.78515625 0.0484375 0.021875
0 0.6828125 0.8015625 0.053125 0.0234375
0 0.63046875 0.79140625 0.03125 0.0453125
0 0.55703125 0.77734375 0.025 0.0421875
0 0.56015625 0.80859375 0.03125 0.028125
0 0.31875 0.875 0.0765625 0.028125
0 0.375 0.7734375 0.0546875 0.0296875
0 0.48046875 0.7375 0.0421875 0.0515625
0 0.40234375 0.7078125 0.025 0.0453125
0 0.221875 0.71015625 0.053125 0.03125
0 0.16171875 0.6890625 0.0390625 0.04375
0 0.35 0.615625 0.0453125 0.046875
0 0.40390625 0.62265625 0.03125 0.0484375
0 0.3609375 0.66015625 0.0484375 0.021875
0 0.296875 0.61953125 0.0578125 0.0328125
0 0.2765625 0.584375 0.0375 0.0296875
0 0.25625 0.6171875 0.025 0.0375
0 0.32421875 0.57578125 0.0578125 0.0265625
0 0.465625 0.65390625 0.0390625 0.05
0 0.6046875 0.69921875 0.0515625 0.03125
0 0.5875 0.73046875 0.0296875 0.046875
0 0.67734375 0.73828125 0.0640625 0.0359375
0 0.6671875 0.69375 0.0359375 0.0546875
0 0.8796875 0.62734375 0.0359375 0.059375
0 0.86796875 0.6734375 0.0375 0.04375
0 0.83046875 0.6765625 0.04375 0.046875
0 0.81875 0.62109375 0.03125 0.040625
0 0.7375 0.6234375 0.034375 0.040625
0 0.734375 0.65546875 0.0609375 0.0390625
0 0.7109375 0.60546875 0.0359375 0.0609375
0 0.596875 0.61328125 0.0359375 0.046875
0 0.86953125 0.55703125 0.028125 0.046875
0 0.82578125 0.5359375 0.0546875 0.04375
0 0.69140625 0.53515625 0.040625 0.0515625
0 0.58125 0.5421875 0.046875 0.0453125
0 0.528125 0.5234375 0.0734375 0.0328125
0 0.46328125 0.47421875 0.0609375 0.0203125
0 0.4671875 0.5 0.03125 0.0328125
0 0.43203125 0.5171875 0.0390625 0.0453125
0 0.4265625 0.5671875 0.0484375 0.0625
0 0.28515625 0.4875 0.059375 0.0625
0 0.29453125 0.53671875 0.05 0.0234375
0 0.24609375 0.5296875 0.05 0.0453125
0 0.1984375 0.46171875 0.040625 0.05625
0 0.33046875 0.4109375 0.04375 0.034375
0 0.3640625 0.42578125 0.0546875 0.028125
0 0.440625 0.425 0.046875 0.0375
0 0.6265625 0.459375 0.0265625 0.0515625
0 0.5953125 0.48984375 0.0359375 0.05625
0 0.73984375 0.48203125 0.0515625 0.0421875
0 0.84765625 0.47265625 0.0375 0.04375
0 0.82421875 0.4140625 0.0359375 0.0453125
0 0.72109375 0.4109375 0.0421875 0.040625
0 0.5265625 0.396875 0.05625 0.0375
0 0.74140625 0.35625 0.0484375 0.053125
0 0.8078125 0.3421875 0.034375 0.04375
0 0.6828125 0.31875 0.028125 0.046875
0 0.63203125 0.33515625 0.0390625 0.05625
0 0.4578125 0.31640625 0.034375 0.028125
0 0.3421875 0.32421875 0.0375 0.05
0 0.28125 0.32734375 0.025 0.05
0 0.23515625 0.36015625 0.03125 0.0484375
0 0.2 0.325 0.059375 0.0375
0 0.14765625 0.37421875 0.0453125 0.053125
0 0.11484375 0.31640625 0.059375 0.0515625
0 0.74921875 0.28359375 0.05 0.05625
0 0.809375 0.25546875 0.0390625 0.0515625
0 0.71796875 0.23125 0.0421875 0.05
0 0.60390625 0.23515625 0.0734375 0.0265625
0 0.47734375 0.25234375 0.05625 0.0421875
0 0.4234375 0.271875 0.059375 0.0453125
0 0.3953125 0.24453125 0.04375 0.021875
0 0.353125 0.21484375 0.040625 0.053125
0 0.28984375 0.26171875 0.053125 0.0484375
0 0.2453125 0.23125 0.0390625 0.059375
0 0.25390625 0.17265625 0.0578125 0.0484375
0 0.21171875 0.19375 0.0296875 0.0484375
0 0.15078125 0.20234375 0.0375 0.0546875
0 0.5171875 0.1234375 0.0546875 0.0328125
0 0.496875 0.08984375 0.0453125 0.0390625
0 0.6203125 0.1609375 0.028125 0.05625
0 0.58359375 0.1671875 0.040625 0.046875
0 0.6703125 0.1703125 0.0375 0.0375
0 0.77890625 0.15078125 0.03125 0.0578125
0 0.6953125 0.1140625 0.06875 0.0390625
0 0.65234375 0.0609375 0.0828125 0.0296875
0 0.68203125 0.0375 0.078125 0.0296875
0 0.7484375 0.04609375 0.075 0.0296875