0 0.86171875 0.21484375 0.0296875 0.053125
0 0.78359375 0.18203125 0.025 0.059375
0 0.7921875 0.31640625 0.06640625 0.053125
0 0.69453125 0.23046875 0.0265625 0.0484375
0 0.715625 0.1984375 0.02734375 0.03515625
0 0.70234375 0.32109375 0.05703125 0.06171875
0 0.609375 0.2578125 0.03515625 0.0375
0 0.571875 0.24375 0.0453125 0.021875
0 0.5921875 0.18671875 0.05078125 0.04375
0 0.49765625 0.171875 0.03515625 0.05078125
0 0.48046875 0.2640625 0.05234375 0.0390625
0 0.7359375 0.1609375 0.02421875 0.0328125
0 0.759375 0.0859375 0.02890625 0.03125
0 0.71171875 0.12890625 0.03671875 0.02265625
0 0.6828125 0.096875 0.02265625 0.0375
0 0.76640625 0.13359375 0.03046875 0.0390625
0 0.48046875 0.08125 0.05625 0.05703125
0 0.54921875 0.07421875 0.0515625 0.028125
0 0.5984375 0.06796875 0.0375 0.01875
0 0.63828125 0.0765625 0.03359375 0.01953125
0 0.646875 0.11796875 0.05234375 0.0375
0 0.41875 0.134375 0.0296875 0.04375
0 0.3953125 0.1625 0.0328125 0.0171875
0 0.3734375 0.2 0.03125 0.05078125
0 0.328125 0.11171875 0.03828125 0.06484375
0 0.246875 0.06640625 0.03359375 0.03984375
0 0.22734375 0.09140625 0.02890625 0.015625
0 0.20390625 0.09296875 0.0265625 0.0515625
0 0.22109375 0.14609375 0.0421875 0.0375
0 0.18984375 0.14609375 0.01953125 0.05
0 0.16015625 0.13515625 0.040625 0.04375
0 0.22734375 0.17890625 0.06171875 0.0203125
0 0.29921875 0.22109375 0.03984375 0.05078125
0 0.31953125 0.27109375 0.0671875 0.028125
0 0.259375 0.2484375 0.03671875 0.02734375
0 0.2625 0.2203125 0.0265625 0.01796875
0 0.19921875 0.21796875 0.0234375 0.05
0 0.15 0.20546875 0.0328125 0.04921875
0 0.1671875 0.26171875 0.02578125 0.053125
0 0.203125 0.271875 0.0453125 0.03515625
0 0.22265625 0.31171875 0.03203125 0.0390625
0 0.16640625 0.31328125 0.040625 0.0515625
0 0.303125 0.37578125 0.02421875 0.02890625
0 0.3046875 0.415625 0.02578125 0.02734375
0 0.16953125 0.421875 0.06328125 0.021875
0 0.215625 0.453125 0.0703125 0.0296875
0 0.33203125 0.4625 0.05234375 0.0453125
0 0.17734375 0.48515625 0.02578125 0.03671875
0 0.18671875 0.51796875 0.0640625 0.02578125
0 0.13046875 0.5875 0.03359375 0.0578125
0 0.21875 0.63515625 0.05 0.04375
0 0.28359375 0.625 0.0359375 0.0390625
0 0.30703125 0.58046875 0.02890625 0.04921875
0 0.38359375 0.5734375 0.05078125 0.04375
0 0.4203125 0.590625 0.03359375 0.04296875
0 0.28671875 0.66953125 0.0671875 0.02421875
0 0.334375 0.6875 0.03828125 0.0453125
0 0.2046875 0.753125 0.046875 0.04609375
0 0.1890625 0.8 0.040625 0.0421875
0 0.1375 0.8 0.0375 0.059375
0 0.25625 0.83359375 0.04375 0.05625
0 0.18828125 0.8921875 0.0421875 0.02578125
0 0.1578125 0.875 0.03984375 0.03203125
0 0.45703125 0.840625 0.078125 0.02890625
0 0.53515625 0.90234375 0.07109375 0.0484375
0 0.6421875 0.89140625 0.04453125 0.02421875
0 0.64296875 0.921875 0.06640625 0.01875
0 0.7 0.92578125 0.0484375 0.0171875
0 0.70859375 0.8953125 0.04453125 0.0296875
0 0.775 0.89921875 0.06171875 0.025
0 0.55703125 0.7953125 0.053125 0.04140625
0 0.45390625 0.78671875 0.03203125 0.05625
0 0.48359375 0.7234375 0.0296875 0.04296875
0 0.515625 0.6765625 0.040625 0.04375
0 0.721875 0.6390625 0.0625 0.03515625
0 0.7625 0.578125 0.0453125 0.040625
0 0.82578125 0.5421875 0.03671875 0.04921875
0 0.61640625 0.59453125 0.02421875 0.04609375
0 0.5734375 0.6171875 0.04921875 0.03203125
0 0.50703125 0.61171875 0.05859375 0.0453125
0 0.57421875 0.57265625 0.05234375 0.04375
0 0.63359375 0.5265625 0.01875 0.05234375
0 0.703125 0.4875 0.0515625 0.046875
0 0.62578125 0.46640625 0.05234375 0.028125
0 0.584375 0.51484375 0.07109375 0.0265625
0 0.503125 0.49296875 0.0609375 0.01953125
0 0.46875 0.5171875 0.03359375 0.0296875
0 0.65703125 0.42265625 0.05703125 0.0359375
0 0.725 0.4296875 0.0234375 0.01796875
0 0.7625 0.43125 0.04921875 0.02109375
0 0.5921875 0.38828125 0.03671875 0.05078125
0 0.54453125 0.41953125 0.04375 0.02421875
0 0.5046875 0.4140625 0.0296875 0.04921875
0 0.409375 0.415625 0.0703125 0.02109375
0 0.40390625 0.38359375 0.021875 0.0234375
0 0.54453125 0.34765625 0.0359375 0.04296875